20400003
20400002
20400001
20400012
20400007
20400006
20400011
20400015
20400008
20400005
20400004
20400014
20400010
20400013
20400009
20400016
20400019
20400017
20400018
20400027
20400020
20400022
20400023
20400029
20400028
20400024
20400021
20400026
20400025
20400032
20400040
20400031
20400030
20400036
20400038
20400041
20400039
20400037
20400034
20400035
20400033
20400042
20400043
20400044
20400047
20400045
20400046
20400051
20400055
20400054
20400057
20400048
20400053
20400056
20400050
20400052
20400049
20400058
20400066
20400067
20400061
20400065
20400062
20400068
20400063
20400060
20400064
20400059
20400069
20400070
20400071
20400075
20400079
20400073
20400072
20400076
20400078
20400074
20400077
20400080
20400088
20400085
20400087
20400089
20400082
20400090
20400084
20400083
20400086
20400081
20400093
20400095
20400091
20400092
20400094
20400096
20400097
20400098
20400102
20400100
20400103
20400101
20400104
20400099
20400105
20400112
20400106
20400113
20400107
20400116
20400111
20400109
20400115
20400114
20400110
20400108
20400118
20400119
20400117
20400126
20400121
20400127
20400122
20400124
20400128
20400125
20400120
20400123
20400134
20400132
20400130
20400135
20400133
20400129
20400131
20400140
20400137
20400143
20400145
20400142
20400136
20400141
20400138
20400139
20400144
20400147
20400146
20400149
20400148
20400159
20400157
20400152
20400158
20400155
20400150
20400153
20400154
20400151
20400156
20400162
20400165
20400164
20400167
20400161
20400163
20400166
20400168
20400160
20400170
20400169
20400174
20400180
20400181
20400178
20400171
20400173
20400172
20400175
20400177
20400179
20400182
20400176
20400183
20400186
20400189
20400190
20400184
20400185
20400187
20400191
20400188
20400194
20400192
20400193
20400198
20400195
20400197
20400196
20400199
20400201
20400200
20400210
20400208
20400202
20400209
20400205
20400207
20400203
20400204
20400206
20400216
20400217
20400220
20400215
20400213
20400218
20400214
20400221
20400212
20400219
20400211
20400223
20400222
20400230
20400226
20400227
20400225
20400231
20400228
20400224
20400229
20400232
20400241
20400239
20400235
20400243
20400236
20400244
20400245
20400237
20400234
20400242
20400233
20400240
20400238
20400246
20400247
20400250
20400252
20400249
20400253
20400255
20400251
20400254
20400248
20400256
20400259
20400262
20400261
20400260
20400258
20400257
20400263
20400268
20400265
20400264
20400269
20400267
20400272
20400271
20400266
20400270
20400274
20400275
20400273
20400282
20400283
20400280
20400279
20400277
20400276
20400278
20400281
20400284
20400285
20400286
20400290
20400288
20400287
20400293
20400294
20400291
20400292
20400289
20400301
20400299
20400298
20400295
20400300
20400296
20400297
20400302
20400304
20400305
20400303
20400306
20400313
20400309
20400308
20400311
20400310
20400314
20400307
20400315
20400312
20400325
20400319
20400318
20400321
20400317
20400324
20400322
20400323
20400316
20400320
20400326
20400327
20400328
20400330
20400335
20400329
20400336
20400334
20400337
20400338
20400332
20400331
20400339
20400333
20400347
20400342
20400343
20400348
20400344
20400346
20400341
20400345
20400340
20400351
20400352
20400350
20400353
20400349
20400354
20400357
20400358
20400355
20400356
20400359
20400365
20400364
20400360
20400362
20400361
20400363
20400367
20400369
20400374
20400373
20400371
20400372
20400376
20400366
20400377
20400368
20400370
20400375
20400380
20400378
20400379
20400381
20400382
20400385
20400387
20400390
20400391
20400386
20400388
20400383
20400389
20400384
20400398
20400395
20400396
20400393
20400394
20400399
20400392
20400397
20400400
20400407
20400402
20400401
20400405
20400406
20400403
20400404
20400412
20400413
20400410
20400416
20400414
20400408
20400415
20400409
20400411
20400417
20400420
20400419
20400418
20400425
20400424
20400421
20400422
20400423
20400426
20400428
20400430
20400429
20400427
20400431
20400439
20400433
20400437
20400434
20400436
20400438
20400435
20400432
20400444
20400442
20400445
20400447
20400446
20400441
20400443
20400440
20400448
20400451
20400449
20400452
20400450
20400458
20400453
20400456
20400454
20400462
20400463
20400461
20400460
20400457
20400459
20400464
20400455
20400467
20400466
20400465
20400473
20400470
20400475
20400472
20400477
20400469
20400471
20400468
20400474
20400476
20400480
20400481
20400485
20400484
20400478
20400483
20400482
20400479
20400486
20400489
20400487
20400490
20400488
20400491
20400494
20400493
20400492
20400495
20400496
20400499
20400501
20400504
20400498
20400500
20400502
20400503
20400497
20400508
20400509
20400514
20400513
20400506
20400510
20400507
20400512
20400515
20400511
20400505
20400518
20400517
20400516
20400524
20400528
20400525
20400520
20400521
20400526
20400527
20400519
20400523
20400522
20400529
20400541
20400531
20400532
20400530
20400539
20400534
20400540
20400537
20400538
20400533
20400535
20400536
20400542
20400543
20400553
20400548
20400550
20400547
20400552
20400544
20400551
20400546
20400545
20400554
20400549
20400557
20400559
20400556
20400558
20400555
20400569
20400561
20400568
20400564
20400563
20400566
20400565
20400560
20400567
20400562
20400571
20400572
20400570
20400582
20400574
20400575
20400577
20400578
20400579
20400576
20400580
20400581
20400573
20400583
20400591
20400589
20400587
20400585
20400590
20400586
20400588
20400584
20400592
20400601
20400593
20400598
20400596
20400594
20400597
20400604
20400595
20400602
20400600
20400605
20400603
20400599
20400611
20400609
20400610
20400607
20400608
20400606
20400614
20400617
20400619
20400618
20400620
20400616
20400622
20400615
20400621
20400623
20400612
20400613
20400625
20400624
20400626
20400633
20400634
20400636
20400635
20400630
20400638
20400631
20400629
20400637
20400627
20400628
20400632
20400643
20400639
20400641
20400640
20400642
20400647
20400646
20400644
20400645
20400649
20400650
20400652
20400648
20400651
20400656
20400655
20400658
20400653
20400654
20400657
20400667
20400663
20400665
20400664
20400660
20400668
20400661
20400659
20400662
20400666
20400675
20400673
20400674
20400670
20400676
20400672
20400669
20400671
20400678
20400679
20400677
20400683
20400680
20400686
20400688
20400684
20400685
20400681
20400687
20400682
20400689
20400692
20400696
20400697
20400693
20400690
20400695
20400698
20400694
20400691
20400700
20400699
20400702
20400701
20400703
20400707
20400704
20400705
20400706
20400710
20400715
20400714
20400712
20400713
20400716
20400709
20400711
20400708
20400718
20400719
20400726
20400721
20400725
20400722
20400717
20400724
20400723
20400720
20400727
20400729
20400728
20400737
20400739
20400740
20400730
20400735
20400732
20400734
20400733
20400736
20400741
20400738
20400731
20400743
20400744
20400742
20400755
20400751
20400754
20400747
20400756
20400750
20400745
20400748
20400746
20400752
20400753
20400749
20400761
20400760
20400757
20400759
20400758
20400765
20400766
20400763
20400764
20400768
20400762
20400767
20400772
20400776
20400771
20400779
20400773
20400778
20400774
20400777
20400775
20400770
20400769
20400781
20400780
20400783
20400786
20400782
20400784
20400788
20400787
20400785
20400789
20400793
20400799
20400798
20400800
20400794
20400790
20400796
20400797
20400792
20400795
20400791
20400801
20400802
20400803
20400807
20400804
20400812
20400810
20400806
20400809
20400805
20400811
20400808
20400813
20400818
20400815
20400816
20400814
20400817
20400820
20400819
20400821
20400822
20400826
20400824
20400825
20400827
20400828
20400829
20400823
20400832
20400833
20400830
20400831
20400836
20400837
20400840
20400838
20400839
20400834
20400835
20400847
20400844
20400845
20400850
20400849
20400846
20400842
20400843
20400841
20400848
20400851
20400853
20400852
20400860
20400859
20400856
20400855
20400864
20400858
20400861
20400854
20400863
20400865
20400862
20400857
20400870
20400867
20400868
20400866
20400871
20400869
20400879
20400877
20400880
20400878
20400876
20400875
20400872
20400873
20400874
20400882
20400884
20400881
20400883
20400885
20400892
20400886
20400891
20400890
20400893
20400887
20400888
20400889
20400895
20400894
20400900
20400899
20400901
20400897
20400896
20400898
20400902
20400903
20400907
20400904
20400908
20400912
20400905
20400911
20400913
20400909
20400910
20400906
20400914
20400918
20400917
20400916
20400915
20400919
20400927
20400924
20400922
20400920
20400926
20400921
20400923
20400929
20400925
20400928
20400930
20400936
20400935
20400931
20400933
20400934
20400932
20400937
20400939
20400942
20400940
20400938
20400941
20400948
20400952
20400944
20400950
20400943
20400953
20400951
20400946
20400949
20400945
20400947
20400954
20400955
20400956
20400966
20400968
20400959
20400962
20400965
20400961
20400964
20400960
20400963
20400958
20400969
20400957
20400967
20400972
20400974
20400971
20400975
20400970
20400973
20400976
20400979
20400982
20400978
20400983
20400980
20400977
20400984
20400981
20400987
20400989
20400985
20400986
20400988
20400990
20400994
20400991
20400993
20400997
20400992
20400996
20400995
20401004
20400999
20400998
20401005
20401001
20401000
20401002
20401003
20401012
20401006
20401007
20401008
20401009
20401011
20401010
20401021
20401016
20401020
20401014
20401015
20401018
20401013
20401019
20401017
20401028
20401024
20401025
20401022
20401032
20401030
20401023
20401026
20401031
20401027
20401029
20401034
20401036
20401035
20401033
20401046
20401042
20401041
20401038
20401044
20401043
20401040
20401037
20401045
20401039
20401047
20401048
20401049
20401051
20401050
20401057
20401058
20401061
20401059
20401062
20401060
20401056
20401052
20401054
20401053
20401055
20401064
20401065
20401063
20401070
20401071
20401067
20401075
20401074
20401066
20401073
20401077
20401078
20401072
20401068
20401069
20401076
20401082
20401081
20401079
20401080
20401083
20401088
20401093
20401090
20401092
20401086
20401085
20401091
20401089
20401084
20401087
20401104
20401099
20401103
20401101
20401094
20401102
20401100
20401098
20401105
20401095
20401096
20401097
20401106
20401111
20401107
20401109
20401115
20401113
20401110
20401114
20401108
20401112
20401117
20401116
20401118
20401123
20401127
20401129
20401130
20401122
20401121
20401119
20401124
20401125
20401126
20401128
20401120
20401136
20401135
20401138
20401137
20401139
20401132
20401134
20401133
20401131
20401142
20401141
20401144
20401140
20401145
20401143
20401153
20401147
20401150
20401152
20401154
20401148
20401146
20401151
20401149
20401159
20401158
20401157
20401155
20401156
20401165
20401161
20401167
20401163
20401160
20401169
20401168
20401166
20401164
20401162
20401172
20401171
20401170
20401175
20401179
20401178
20401174
20401180
20401176
20401173
20401183
20401177
20401184
20401182
20401181
20401187
20401186
20401191
20401190
20401188
20401185
20401189
20401195
20401200
20401196
20401197
20401199
20401192
20401194
20401198
20401193
20401205
20401206
20401207
20401201
20401203
20401208
20401202
20401204
20401213
20401212
20401214
20401215
20401209
20401216
20401211
20401210
20401220
20401222
20401219
20401224
20401230
20401229
20401217
20401225
20401218
20401223
20401228
20401221
20401227
20401226
