20700002
20700001
20700003
20700006
20700010
20700009
20700004
20700007
20700008
20700011
20700005
20700013
20700014
20700012
20700024
20700025
20700021
20700022
20700027
20700026
20700023
20700016
20700020
20700019
20700018
20700017
20700015
20700030
20700033
20700031
20700028
20700034
20700029
20700032
20700037
20700040
20700038
20700042
20700036
20700039
20700035
20700041
20700043
20700045
20700052
20700048
20700051
20700046
20700044
20700053
20700047
20700049
20700050
20700055
20700059
20700058
20700062
20700061
20700054
20700057
20700060
20700056
20700064
20700063
20700065
20700071
20700067
20700069
20700075
20700072
20700070
20700076
20700066
20700074
20700073
20700077
20700078
20700068
20700079
20700083
20700082
20700085
20700084
20700081
20700080
20700087
20700086
20700089
20700091
20700092
20700088
20700090
20700093
20700095
20700094
20700097
20700101
20700099
20700103
20700100
20700096
20700098
20700102
20700112
20700113
20700114
20700105
20700107
20700106
20700108
20700116
20700111
20700115
20700109
20700104
20700110
20700118
20700117
20700120
20700123
20700130
20700129
20700122
20700128
20700126
20700121
20700125
20700124
20700127
20700119
20700138
20700134
20700131
20700137
20700132
20700136
20700139
20700140
20700133
20700135
20700142
20700143
20700144
20700141
20700145
20700147
20700146
20700148
20700155
20700153
20700149
20700150
20700151
20700156
20700154
20700152
20700160
20700162
20700161
20700166
20700157
20700169
20700168
20700159
20700164
20700163
20700167
20700165
20700158
20700181
20700173
20700172
20700180
20700179
20700174
20700170
20700171
20700176
20700177
20700175
20700178
20700185
20700188
20700184
20700187
20700191
20700189
20700183
20700190
20700182
20700186
20700193
20700195
20700192
20700194
20700196
20700199
20700198
20700197
20700202
20700201
20700203
20700200
20700207
20700205
20700210
20700209
20700206
20700208
20700204
20700211
20700217
20700219
20700213
20700215
20700218
20700220
20700216
20700214
20700212
20700223
20700222
20700221
20700229
20700227
20700231
20700225
20700230
20700233
20700226
20700234
20700224
20700232
20700228
20700236
20700241
20700238
20700239
20700235
20700237
20700240
20700245
20700247
20700243
20700248
20700244
20700249
20700246
20700242
20700254
20700251
20700253
20700250
20700255
20700252
20700257
20700256
20700260
20700259
20700258
20700261
20700270
20700272
20700271
20700268
20700269
20700267
20700266
20700263
20700265
20700262
20700264
20700274
20700273
20700275
20700284
20700281
20700277
20700276
20700280
20700279
20700285
20700283
20700282
20700278
20700286
20700287
20700288
20700291
20700292
20700293
20700290
20700289
20700297
20700298
20700294
20700299
20700300
20700296
20700295
20700301
20700302
20700303
20700304
20700305
20700312
20700308
20700309
20700310
20700311
20700306
20700307
20700313
20700321
20700315
20700317
20700316
20700320
20700318
20700322
20700314
20700324
20700319
20700323
20700325
20700326
20700337
20700331
20700336
20700335
20700327
20700338
20700333
20700330
20700334
20700329
20700332
20700328
20700341
20700347
20700345
20700343
20700348
20700346
20700349
20700339
20700342
20700340
20700344
20700350
20700351
20700352
20700353
20700360
20700359
20700354
20700361
20700358
20700356
20700355
20700357
20700364
20700362
20700363
20700374
20700368
20700367
20700376
20700365
20700375
20700369
20700366
20700370
20700373
20700371
20700377
20700372
20700380
20700379
20700378
20700384
20700385
20700387
20700381
20700386
20700390
20700389
20700382
20700383
20700388
20700393
20700399
20700395
20700392
20700391
20700396
20700397
20700394
20700398
20700403
20700400
20700401
20700404
20700402
20700407
20700406
20700405
20700415
20700417
20700408
20700416
20700410
20700412
20700414
20700409
20700411
20700413
20700418
20700419
20700421
20700420
20700424
20700433
20700425
20700428
20700422
20700427
20700430
20700431
20700423
20700432
20700426
20700429
20700438
20700442
20700441
20700435
20700439
20700437
20700434
20700440
20700436
20700447
20700448
20700445
20700444
20700446
20700443
20700451
20700456
20700455
20700449
20700453
20700454
20700450
20700452
20700467
20700468
20700466
20700457
20700462
20700463
20700460
20700458
20700461
20700465
20700464
20700459
20700471
20700470
20700469
20700476
20700477
20700473
20700475
20700472
20700474
20700480
20700482
20700483
20700479
20700481
20700478
20700486
20700489
20700484
20700485
20700488
20700487
20700493
20700494
20700490
20700491
20700495
20700496
20700497
20700492
20700498
20700499
20700506
20700505
20700504
20700501
20700503
20700500
20700507
20700502
20700508
20700510
20700509
20700511
20700514
20700517
20700519
20700515
20700516
20700512
20700513
20700518
20700522
20700521
20700520
20700531
20700533
20700526
20700529
20700528
20700524
20700523
20700532
20700525
20700530
20700527
20700534
20700536
20700537
20700540
20700538
20700539
20700535
20700545
20700541
20700544
20700542
20700546
20700543
20700548
20700553
20700549
20700547
20700550
20700551
20700552
20700554
20700560
20700558
20700561
20700557
20700555
20700559
20700556
20700568
20700567
20700562
20700564
20700566
20700565
20700563
20700569
20700571
20700572
20700570
20700581
20700573
20700574
20700578
20700576
20700577
20700575
20700582
20700579
20700580
20700587
20700591
20700590
20700593
20700585
20700588
20700584
20700592
20700583
20700586
20700589
20700594
20700601
20700605
20700599
20700595
20700602
20700597
20700607
20700606
20700600
20700598
20700604
20700596
20700603
20700609
20700608
20700621
20700618
20700613
20700611
20700614
20700617
20700620
20700610
20700616
20700615
20700612
20700619
20700624
20700622
20700623
20700627
20700629
20700637
20700626
20700625
20700631
20700636
20700632
20700635
20700634
20700633
20700630
20700628
20700638
20700640
20700641
20700639
20700651
20700644
20700645
20700648
20700647
20700642
20700649
20700650
20700646
20700643
20700653
20700652
20700654
20700655
20700660
20700662
20700657
20700658
20700661
20700659
20700656
20700663
20700664
20700674
20700670
20700665
20700671
20700669
20700672
20700668
20700667
20700673
20700666
20700675
20700678
20700677
20700676
20700682
20700685
20700683
20700687
20700686
20700681
20700680
20700679
20700684
20700691
20700688
20700695
20700693
20700690
20700694
20700692
20700689
20700696
20700697
20700706
20700704
20700698
20700705
20700699
20700703
20700700
20700701
20700702
20700707
20700710
20700709
20700708
20700711
20700717
20700716
20700713
20700719
20700715
20700718
20700712
20700720
20700721
20700722
20700714
20700724
20700723
20700725
20700728
20700729
20700735
20700727
20700732
20700731
20700726
20700736
20700734
20700730
20700733
20700742
20700737
20700740
20700741
20700738
20700739
20700743
20700746
20700744
20700747
20700745
20700748
20700750
20700749
20700756
20700753
20700752
20700757
20700754
20700751
20700755
20700760
20700761
20700758
20700759
20700763
20700762
20700772
20700774
20700767
20700769
20700764
20700777
20700771
20700775
20700768
20700766
20700770
20700776
20700765
20700773
20700779
20700778
20700780
20700785
20700787
20700783
20700781
20700789
20700782
20700786
20700784
20700788
20700793
20700790
20700798
20700795
20700794
20700799
20700791
20700797
20700792
20700796
20700802
20700801
20700800
20700812
20700803
20700804
20700809
20700807
20700815
20700806
20700808
20700811
20700810
20700813
20700805
20700814
20700821
20700816
20700817
20700819
20700818
20700822
20700820
20700827
20700829
20700825
20700823
20700826
20700828
20700824
20700830
20700836
20700834
20700835
20700831
20700833
20700832
20700840
20700837
20700844
20700842
20700843
20700841
20700839
20700838
20700851
20700849
20700846
20700845
20700848
20700847
20700850
20700852
20700853
20700854
20700856
20700857
20700855
20700860
20700867
20700859
20700868
20700864
20700869
20700862
20700863
20700858
20700861
20700866
20700865
20700871
20700872
20700874
20700873
20700870
20700881
20700884
20700876
20700883
20700882
20700877
20700875
20700880
20700878
20700879
20700885
20700888
20700887
20700886
20700891
20700889
20700892
20700893
20700890
20700895
20700894
20700896
20700906
20700897
20700901
20700907
20700903
20700908
20700900
20700899
20700902
20700904
20700905
20700898
20700911
20700910
20700909
20700915
20700918
20700921
20700917
20700920
20700916
20700923
20700914
20700912
20700919
20700922
20700913
20700928
20700932
20700924
20700931
20700925
20700926
20700930
20700933
20700927
20700929
20700934
20700936
20700935
20700938
20700937
20700942
20700939
20700940
20700941
20700943
20700944
20700945
20700950
20700949
20700948
20700951
20700947
20700946
20700957
20700960
20700953
20700954
20700952
20700955
20700956
20700958
20700959
20700962
20700961
20700963
20700965
20700964
20700970
20700968
20700973
20700967
20700972
20700969
20700971
20700975
20700966
20700974
20700976
20700983
20700979
20700978
20700977
20700980
20700981
20700982
20700986
20700985
20700984
20700988
20700990
20700989
20700987
20700998
20700991
20700997
20700994
20700996
20700995
20700993
20700992
20701001
20701002
20700999
20701004
20701000
20701005
20701003
20701007
20701015
20701012
20701011
20701006
20701009
20701008
20701013
20701014
20701010
20701018
20701017
20701016
20701022
20701025
20701021
20701023
20701019
20701026
20701024
20701027
20701028
20701020
20701034
20701038
20701033
20701037
20701029
20701039
20701032
20701035
20701030
20701031
20701036
20701042
20701041
20701040
20701043
20701045
20701051
20701049
20701047
20701050
20701046
20701044
20701048
20701057
20701052
20701054
20701053
20701056
20701055
20701062
20701058
20701063
20701067
20701060
20701069
20701059
20701065
20701066
20701064
20701061
20701068
20701070
20701071
20701072
20701077
20701079
20701078
20701083
20701076
20701081
20701074
20701080
20701075
20701082
20701073
20701088
20701089
20701087
20701086
20701085
20701084
20701094
20701090
20701091
20701095
20701093
20701092
20701097
20701098
20701096
20701103
20701100
20701102
20701099
20701101
20701104
20701109
20701110
20701111
20701105
20701108
20701112
20701107
20701106
20701122
20701113
20701115
20701120
20701118
20701119
20701114
20701116
20701121
20701117
20701123
20701125
20701124
20701129
20701128
20701127
20701135
20701134
20701132
20701133
20701131
20701126
20701130
20701136
20701141
20701138
20701142
20701137
20701140
20701139
20701150
20701151
20701143
20701152
20701149
20701146
20701144
20701147
20701148
20701145
20701162
20701156
20701163
20701157
20701159
20701155
20701154
20701158
20701153
20701160
20701161
20701169
20701166
20701167
20701172
20701171
20701170
20701164
20701165
20701168
20701174
20701175
20701173
20701176
20701182
20701184
20701186
20701187
20701179
20701178
20701177
20701180
20701181
20701185
20701183
20701196
20701193
20701192
20701189
20701195
20701194
20701190
20701191
20701188
20701202
20701197
20701201
20701198
20701200
20701199
20701205
20701206
20701209
20701203
20701207
20701208
20701210
20701204
20701212
20701215
20701214
20701211
20701216
20701213
20701221
20701218
20701224
20701223
20701220
20701217
20701228
20701226
20701222
20701219
20701225
20701229
20701227
20701230
