21500003
21500001
21500002
21500008
21500012
21500014
21500007
21500006
21500013
21500015
21500009
21500005
21500017
21500016
21500004
21500011
21500010
21500020
21500019
21500018
21500030
21500026
21500025
21500028
21500021
21500029
21500023
21500024
21500032
21500022
21500031
21500027
21500034
21500038
21500037
21500036
21500035
21500033
21500043
21500041
21500039
21500042
21500044
21500040
21500045
21500052
21500046
21500051
21500047
21500048
21500049
21500050
21500055
21500056
21500058
21500053
21500054
21500059
21500057
21500061
21500060
21500068
21500067
21500066
21500064
21500062
21500069
21500063
21500065
21500074
21500073
21500072
21500070
21500071
21500084
21500083
21500078
21500077
21500080
21500082
21500081
21500075
21500079
21500076
21500092
21500089
21500091
21500088
21500090
21500093
21500085
21500086
21500087
21500094
21500097
21500096
21500098
21500095
21500100
21500101
21500104
21500105
21500103
21500102
21500099
21500109
21500108
21500112
21500110
21500106
21500107
21500111
21500118
21500121
21500122
21500120
21500115
21500117
21500113
21500116
21500114
21500119
21500123
21500126
21500124
21500125
21500134
21500132
21500137
21500136
21500128
21500133
21500129
21500130
21500135
21500131
21500127
21500144
21500141
21500139
21500140
21500138
21500143
21500142
21500147
21500150
21500151
21500149
21500148
21500145
21500146
21500157
21500155
21500152
21500153
21500154
21500156
21500164
21500159
21500161
21500160
21500163
21500158
21500162
21500174
21500170
21500165
21500171
21500173
21500166
21500168
21500167
21500172
21500169
21500177
21500175
21500176
21500183
21500185
21500182
21500186
21500188
21500179
21500180
21500178
21500184
21500181
21500187
21500191
21500193
21500195
21500190
21500194
21500189
21500192
21500197
21500201
21500196
21500199
21500200
21500198
21500208
21500204
21500205
21500203
21500206
21500207
21500202
21500213
21500212
21500210
21500211
21500214
21500209
21500223
21500226
21500224
21500222
21500216
21500215
21500221
21500220
21500217
21500219
21500218
21500225
21500238
21500231
21500235
21500229
21500233
21500228
21500234
21500227
21500230
21500237
21500232
21500236
21500243
21500245
21500242
21500239
21500240
21500244
21500241
21500247
21500250
21500251
21500248
21500253
21500252
21500246
21500249
21500255
21500261
21500257
21500256
21500260
21500258
21500259
21500254
21500264
21500265
21500266
21500262
21500267
21500263
21500269
21500268
21500273
21500272
21500275
21500276
21500274
21500270
21500271
21500280
21500282
21500279
21500281
21500277
21500278
21500285
21500288
21500287
21500286
21500284
21500283
21500296
21500289
21500292
21500294
21500297
21500298
21500291
21500295
21500293
21500290
21500299
21500302
21500303
21500301
21500300
21500312
21500308
21500311
21500305
21500307
21500310
21500309
21500306
21500304
21500314
21500315
21500318
21500317
21500313
21500316
21500324
21500328
21500320
21500319
21500326
21500327
21500323
21500321
21500325
21500322
21500329
21500331
21500332
21500330
21500339
21500338
21500341
21500340
21500334
21500343
21500336
21500335
21500333
21500337
21500342
21500352
21500350
21500348
21500345
21500347
21500351
21500346
21500349
21500344
21500353
21500354
21500356
21500355
21500360
21500366
21500359
21500358
21500357
21500361
21500363
21500364
21500365
21500362
21500367
21500369
21500368
21500370
21500372
21500379
21500374
21500381
21500377
21500376
21500378
21500373
21500382
21500375
21500380
21500371
21500385
21500383
21500384
21500395
21500388
21500387
21500389
21500397
21500392
21500393
21500396
21500390
21500394
21500391
21500386
21500399
21500400
21500398
21500402
21500401
21500405
21500407
21500409
21500408
21500403
21500406
21500404
21500410
21500411
21500414
21500418
21500417
21500416
21500415
21500412
21500413
21500421
21500419
21500422
21500420
21500431
21500423
21500432
21500430
21500425
21500424
21500433
21500434
21500427
21500426
21500428
21500429
21500435
21500438
21500439
21500440
21500436
21500437
21500453
21500448
21500445
21500442
21500444
21500452
21500443
21500441
21500446
21500447
21500449
21500451
21500450
21500456
21500454
21500457
21500455
21500467
21500468
21500458
21500466
21500463
21500464
21500460
21500462
21500461
21500465
21500459
21500471
21500469
21500470
21500473
21500472
21500476
21500482
21500480
21500474
21500481
21500479
21500477
21500483
21500478
21500475
21500489
21500486
21500485
21500487
21500484
21500488
21500492
21500490
21500494
21500491
21500493
21500501
21500496
21500495
21500499
21500505
21500502
21500497
21500498
21500503
21500500
21500504
21500509
21500507
21500508
21500506
21500510
21500517
21500520
21500515
21500511
21500514
21500513
21500518
21500516
21500512
21500519
21500523
21500521
21500524
21500522
21500528
21500527
21500526
21500531
21500534
21500530
21500535
21500532
21500529
21500525
21500533
21500537
21500538
21500536
21500539
21500543
21500544
21500547
21500548
21500549
21500545
21500546
21500542
21500541
21500540
21500554
21500551
21500552
21500555
21500550
21500553
21500556
21500561
21500559
21500564
21500557
21500562
21500558
21500560
21500563
21500565
21500566
21500568
21500567
21500575
21500571
21500570
21500572
21500573
21500569
21500576
21500574
21500582
21500580
21500578
21500583
21500577
21500584
21500586
21500585
21500581
21500579
21500589
21500592
21500588
21500591
21500590
21500587
21500600
21500593
21500597
21500596
21500599
21500594
21500598
21500601
21500595
21500609
21500602
21500603
21500608
21500604
21500605
21500606
21500607
21500611
21500614
21500613
21500612
21500610
21500620
21500617
21500623
21500624
21500618
21500622
21500616
21500615
21500619
21500621
21500625
21500628
21500627
21500626
21500636
21500631
21500637
21500632
21500634
21500633
21500630
21500635
21500639
21500638
21500629
21500640
21500644
21500642
21500641
21500643
21500648
21500651
21500645
21500647
21500646
21500653
21500650
21500652
21500649
21500657
21500660
21500663
21500662
21500659
21500658
21500655
21500661
21500665
21500664
21500666
21500656
21500671
21500668
21500675
21500669
21500674
21500667
21500670
21500672
21500673
21500680
21500677
21500676
21500679
21500681
21500683
21500682
21500678
21500684
21500689
21500690
21500688
21500685
21500687
21500686
21500691
21500696
21500695
21500697
21500692
21500693
21500694
21500702
21500706
21500698
21500700
21500701
21500699
21500704
21500703
21500705
21500713
21500711
21500707
21500708
21500710
21500709
21500712
21500714
21500718
21500716
21500719
21500717
21500720
21500715
21500724
21500725
21500728
21500726
21500721
21500722
21500729
21500723
21500727
21500730
21500731
21500733
21500734
21500732
21500736
21500739
21500744
21500742
21500745
21500737
21500738
21500743
21500735
21500740
21500741
21500748
21500746
21500749
21500747
21500756
21500759
21500757
21500751
21500755
21500758
21500753
21500752
21500754
21500750
21500765
21500763
21500766
21500762
21500768
21500764
21500767
21500761
21500760
21500769
21500772
21500770
21500771
21500773
21500775
21500778
21500783
21500774
21500779
21500777
21500776
21500780
21500782
21500781
21500788
21500786
21500785
21500784
21500787
21500789
21500791
21500798
21500800
21500790
21500793
21500796
21500797
21500792
21500795
21500794
21500799
21500802
21500801
21500803
21500804
21500654
21500807
21500810
21500808
21500814
21500817
21500809
21500818
21500806
21500811
21500805
21500816
21500812
21500813
21500815
21500820
21500819
21500821
21500822
21500832
21500826
21500823
21500828
21500825
21500829
21500827
21500830
21500824
21500831
21500838
21500837
21500834
21500839
21500833
21500836
21500835
21500842
21500844
21500840
21500841
21500843
21500850
21500851
21500849
21500846
21500852
21500845
21500848
21500853
21500854
21500847
21500860
21500856
21500859
21500858
21500857
21500855
21500865
21500867
21500868
21500864
21500866
21500861
21500863
21500862
21500871
21500870
21500869
21500874
21500876
21500873
21500872
21500875
21500877
21500881
21500883
21500882
21500879
21500878
21500880
21500888
21500885
21500890
21500889
21500887
21500884
21500886
21500894
21500896
21500895
21500891
21500893
21500892
21500907
21500898
21500900
21500901
21500903
21500902
21500906
21500905
21500904
21500899
21500897
21500911
21500910
21500908
21500909
21500921
21500918
21500915
21500912
21500919
21500917
21500916
21500913
21500920
21500914
21500927
21500926
21500929
21500924
21500923
21500928
21500922
21500925
21500935
21500933
21500932
21500936
21500934
21500930
21500931
21500937
21500941
21500939
21500942
21500940
21500943
21500938
21500947
21500949
21500944
21500948
21500946
21500945
21500952
21500953
21500950
21500951
21500956
21500958
21500954
21500955
21500957
21500961
21500962
21500960
21500959
21500966
21500968
21500972
21500965
21500971
21500964
21500970
21500967
21500963
21500969
21500976
21500978
21500979
21500981
21500982
21500974
21500975
21500973
21500977
21500980
21500984
21500985
21500986
21500983
21500987
21500994
21500996
21500989
21500995
21500988
21500990
21500992
21500991
21500993
21500997
21500998
21501002
21500999
21501000
21501001
21501009
21501005
21501007
21501008
21501004
21501010
21501011
21501006
21501003
21501015
21501016
21501018
21501012
21501014
21501017
21501019
21501013
21501027
21501024
21501021
21501026
21501022
21501023
21501025
21501020
21501031
21501029
21501032
21501035
21501034
21501036
21501028
21501033
21501030
21501041
21501042
21501040
21501037
21501039
21501038
21501045
21501044
21501046
21501049
21501047
21501050
21501048
21501043
21501051
21501054
21501052
21501053
21501055
21501062
21501059
21501056
21501065
21501057
21501061
21501067
21501066
21501060
21501063
21501058
21501064
21501070
21501071
21501069
21501072
21501068
21501074
21501077
21501073
21501081
21501080
21501078
21501079
21501076
21501075
21501090
21501085
21501089
21501091
21501088
21501084
21501082
21501086
21501083
21501087
21501093
21501096
21501094
21501092
21501095
21501100
21501101
21501104
21501097
21501099
21501103
21501105
21501102
21501098
21501106
21501108
21501109
21501110
21501107
21501111
21501112
21501120
21501116
21501114
21501118
21501115
21501113
21501117
21501119
21501121
21501123
21501127
21501125
21501126
21501124
21501122
21501134
21501128
21501131
21501135
21501132
21501133
21501137
21501129
21501130
21501136
21501138
21501140
21501142
21501139
21501141
21501143
21501151
21501145
21501146
21501153
21501147
21501148
21501149
21501144
21501150
21501152
21501160
21501154
21501163
21501155
21501161
21501164
21501157
21501162
21501156
21501159
21501158
21501167
21501168
21501170
21501169
21501172
21501165
21501171
21501166
21501174
21501176
21501177
21501175
21501173
21501184
21501186
21501178
21501179
21501182
21501180
21501181
21501183
21501185
21501187
21501190
21501188
21501191
21501193
21501189
21501192
21501199
21501195
21501202
21501196
21501197
21501200
21501194
21501201
21501198
21501203
21501210
21501209
21501205
21501211
21501204
21501206
21501207
21501208
21501216
21501215
21501212
21501214
21501213
21501220
21501223
21501228
21501218
21501226
21501230
21501217
21501227
21501224
21501225
21501219
21501222
21501229
21501221
