21300001
21300003
21300002
21300013
21300007
21300012
21300015
21300004
21300010
21300005
21300011
21300009
21300014
21300006
21300016
21300008
21300017
21300018
21300019
21300029
21300020
21300032
21300028
21300031
21300023
21300030
21300022
21300027
21300021
21300026
21300024
21300025
21300038
21300036
21300035
21300037
21300040
21300039
21300034
21300033
21300043
21300045
21300046
21300041
21300044
21300042
21300049
21300047
21300050
21300048
21300051
21300057
21300052
21300056
21300053
21300054
21300059
21300058
21300055
21300068
21300066
21300065
21300062
21300061
21300067
21300069
21300063
21300060
21300064
21300072
21300070
21300071
21300082
21300074
21300076
21300077
21300075
21300084
21300080
21300078
21300081
21300073
21300083
21300079
21300085
21300088
21300087
21300089
21300093
21300092
21300086
21300090
21300091
21300095
21300094
21300096
21300097
21300101
21300098
21300102
21300106
21300103
21300104
21300099
21300105
21300100
21300107
21300109
21300110
21300108
21300117
21300121
21300118
21300115
21300112
21300113
21300111
21300119
21300116
21300120
21300114
21300122
21300123
21300124
21300125
21300128
21300130
21300133
21300134
21300131
21300135
21300129
21300127
21300132
21300126
21300137
21300138
21300142
21300146
21300136
21300140
21300141
21300143
21300144
21300145
21300139
21300149
21300147
21300148
21300153
21300151
21300154
21300152
21300150
21300155
21300158
21300156
21300159
21300157
21300160
21300163
21300162
21300170
21300166
21300167
21300161
21300165
21300173
21300169
21300171
21300172
21300168
21300164
21300175
21300174
21300183
21300181
21300182
21300186
21300184
21300185
21300180
21300179
21300178
21300176
21300177
21300195
21300194
21300187
21300188
21300193
21300189
21300191
21300192
21300190
21300196
21300198
21300199
21300200
21300197
21300201
21300203
21300208
21300205
21300210
21300202
21300204
21300209
21300206
21300207
21300211
21300213
21300214
21300212
21300227
21300225
21300217
21300215
21300216
21300219
21300222
21300224
21300226
21300223
21300220
21300221
21300218
21300229
21300234
21300228
21300238
21300236
21300237
21300235
21300239
21300232
21300231
21300233
21300230
21300240
21300241
21300242
21300246
21300245
21300247
21300243
21300244
21300248
21300254
21300249
21300252
21300250
21300253
21300251
21300255
21300256
21300257
21300259
21300258
21300260
21300267
21300264
21300265
21300268
21300261
21300263
21300262
21300266
21300271
21300272
21300276
21300269
21300273
21300274
21300270
21300277
21300278
21300279
21300282
21300285
21300280
21300287
21300288
21300283
21300289
21300284
21300281
21300286
21300295
21300290
21300297
21300292
21300298
21300296
21300291
21300294
21300293
21300299
21300302
21300303
21300300
21300301
21300308
21300305
21300307
21300304
21300309
21300306
21300311
21300317
21300316
21300312
21300315
21300313
21300314
21300310
21300325
21300326
21300322
21300320
21300319
21300323
21300318
21300324
21300321
21300327
21300328
21300334
21300335
21300330
21300336
21300340
21300341
21300333
21300339
21300337
21300331
21300329
21300332
21300338
21300347
21300343
21300344
21300349
21300346
21300345
21300348
21300342
21300354
21300353
21300351
21300355
21300352
21300350
21300363
21300359
21300357
21300361
21300362
21300356
21300358
21300360
21300368
21300367
21300365
21300366
21300364
21300370
21300380
21300371
21300378
21300379
21300377
21300374
21300375
21300373
21300376
21300372
21300369
21300381
21300382
21300391
21300383
21300389
21300390
21300385
21300386
21300384
21300387
21300388
21300397
21300399
21300398
21300400
21300395
21300393
21300402
21300401
21300403
21300396
21300394
21300392
21300404
21300406
21300405
21300407
21300410
21300413
21300414
21300409
21300415
21300408
21300416
21300411
21300417
21300412
21300419
21300420
21300422
21300418
21300421
21300425
21300423
21300426
21300424
21300427
21300431
21300435
21300429
21300433
21300430
21300434
21300428
21300432
21300446
21300447
21300438
21300441
21300444
21300440
21300443
21300436
21300442
21300437
21300445
21300439
21300452
21300450
21300448
21300451
21300449
21300456
21300454
21300453
21300458
21300457
21300455
21300459
21300467
21300461
21300463
21300462
21300460
21300465
21300466
21300464
21300468
21300471
21300469
21300472
21300470
21300477
21300474
21300480
21300481
21300479
21300476
21300473
21300478
21300475
21300486
21300487
21300488
21300484
21300482
21300483
21300485
21300490
21300491
21300497
21300493
21300494
21300495
21300492
21300496
21300489
21300501
21300499
21300500
21300502
21300503
21300498
21300504
21300506
21300505
21300507
21300516
21300509
21300513
21300510
21300518
21300508
21300519
21300511
21300514
21300517
21300515
21300512
21300521
21300526
21300520
21300527
21300528
21300523
21300525
21300522
21300524
21300530
21300529
21300537
21300536
21300534
21300542
21300532
21300531
21300533
21300538
21300535
21300539
21300541
21300540
21300550
21300546
21300545
21300547
21300544
21300548
21300551
21300543
21300549
21300553
21300554
21300552
21300556
21300561
21300559
21300557
21300558
21300560
21300555
21300562
21300564
21300563
21300565
21300570
21300577
21300572
21300567
21300571
21300568
21300574
21300575
21300569
21300573
21300566
21300576
21300579
21300578
21300580
21300592
21300585
21300583
21300590
21300587
21300591
21300589
21300588
21300582
21300581
21300584
21300586
21300596
21300599
21300593
21300598
21300600
21300597
21300594
21300595
21300602
21300605
21300603
21300604
21300601
21300610
21300612
21300615
21300614
21300609
21300611
21300608
21300613
21300607
21300606
21300617
21300618
21300616
21300619
21300620
21300625
21300627
21300628
21300624
21300621
21300622
21300630
21300623
21300626
21300629
21300631
21300632
21300636
21300639
21300634
21300638
21300643
21300640
21300642
21300635
21300637
21300645
21300633
21300644
21300641
21300647
21300648
21300650
21300652
21300646
21300653
21300651
21300649
21300661
21300657
21300654
21300655
21300660
21300659
21300658
21300656
21300664
21300666
21300662
21300665
21300667
21300663
21300668
21300670
21300669
21300672
21300674
21300673
21300671
21300683
21300676
21300678
21300684
21300682
21300685
21300681
21300675
21300680
21300679
21300688
21300686
21300687
21300694
21300691
21300692
21300693
21300696
21300695
21300689
21300690
21300703
21300701
21300707
21300702
21300699
21300697
21300708
21300706
21300705
21300698
21300704
21300700
21300709
21300717
21300716
21300718
21300715
21300712
21300714
21300711
21300710
21300719
21300713
21300720
21300722
21300723
21300721
21300724
21300726
21300736
21300725
21300729
21300735
21300734
21300733
21300732
21300730
21300727
21300728
21300731
21300738
21300737
21300747
21300742
21300748
21300745
21300744
21300741
21300743
21300746
21300739
21300740
21300750
21300753
21300755
21300754
21300752
21300749
21300751
21300759
21300756
21300762
21300763
21300760
21300761
21300757
21300758
21300767
21300766
21300768
21300769
21300764
21300765
21300772
21300770
21300776
21300774
21300775
21300771
21300773
21300777
21300784
21300778
21300789
21300782
21300780
21300786
21300788
21300785
21300787
21300783
21300781
21300779
21300791
21300790
21300799
21300794
21300795
21300798
21300797
21300800
21300796
21300792
21300793
21300804
21300811
21300810
21300801
21300808
21300806
21300802
21300807
21300805
21300803
21300809
21300814
21300812
21300813
21300824
21300817
21300821
21300823
21300822
21300820
21300819
21300815
21300818
21300816
21300832
21300831
21300827
21300829
21300825
21300826
21300828
21300830
21300833
21300840
21300838
21300835
21300836
21300837
21300834
21300839
21300841
21300844
21300845
21300842
21300843
21300848
21300852
21300850
21300851
21300849
21300846
21300847
21300857
21300861
21300862
21300860
21300859
21300858
21300856
21300854
21300855
21300853
21300865
21300866
21300863
21300864
21300868
21300872
21300870
21300867
21300873
21300869
21300871
21300881
21300877
21300875
21300876
21300878
21300874
21300882
21300880
21300879
21300886
21300884
21300883
21300889
21300887
21300885
21300888
21300891
21300890
21300892
21300896
21300893
21300895
21300894
21300897
21300902
21300903
21300899
21300901
21300898
21300900
21300905
21300908
21300913
21300907
21300906
21300909
21300904
21300911
21300912
21300910
21300915
21300916
21300914
21300919
21300920
21300923
21300924
21300921
21300925
21300917
21300922
21300918
21300927
21300926
21300932
21300931
21300933
21300930
21300929
21300928
21300940
21300935
21300934
21300939
21300938
21300941
21300942
21300937
21300936
21300949
21300947
21300946
21300948
21300945
21300944
21300943
21300951
21300955
21300954
21300953
21300950
21300956
21300952
21300965
21300963
21300964
21300962
21300958
21300957
21300961
21300960
21300966
21300967
21300959
21300968
21300970
21300969
21300975
21300980
21300979
21300974
21300973
21300977
21300972
21300976
21300978
21300971
21300985
21300984
21300983
21300982
21300986
21300981
21300994
21300993
21300989
21300992
21300988
21300990
21300991
21300995
21300987
21300997
21301000
21301002
21300996
21300999
21301001
21300998
21301005
21301007
21301006
21301004
21301003
21301009
21301011
21301012
21301010
21301014
21301015
21301008
21301017
21301013
21301016
21301018
21301020
21301021
21301019
21301031
21301029
21301025
21301028
21301023
21301030
21301026
21301027
21301024
21301022
21301035
21301033
21301039
21301036
21301034
21301038
21301032
21301037
21301041
21301046
21301045
21301043
21301040
21301042
21301044
21301050
21301052
21301053
21301056
21301051
21301049
21301048
21301047
21301054
21301055
21301057
21301060
21301059
21301058
21301062
21301066
21301070
21301065
21301067
21301063
21301061
21301068
21301069
21301064
21301073
21301071
21301072
21301074
21301086
21301083
21301078
21301076
21301084
21301079
21301075
21301082
21301080
21301085
21301077
21301081
21301092
21301091
21301090
21301087
21301088
21301089
21301096
21301093
21301095
21301094
21301099
21301097
21301100
21301098
21301107
21301102
21301105
21301109
21301103
21301108
21301104
21301110
21301101
21301106
21301112
21301111
21301113
21301126
21301118
21301115
21301116
21301117
21301122
21301114
21301119
21301124
21301121
21301123
21301120
21301125
21301127
21301128
21301132
21301142
21301134
21301129
21301133
21301135
21301139
21301137
21301141
21301136
21301131
21301138
21301140
21301130
21301144
21301148
21301145
21301146
21301147
21301143
21301155
21301151
21301153
21301152
21301154
21301150
21301156
21301157
21301149
21300275
21301160
21301159
21301158
21301161
21300677
21301172
21301163
21301162
21301164
21301169
21301171
21301168
21301173
21301166
21301165
21301167
21301170
21301174
21301175
21301178
21301179
21301187
21301183
21301188
21301186
21301185
21301182
21301180
21301176
21301184
21301177
21301181
21301189
21301194
21301195
21301193
21301190
21301196
21301192
21301191
21301202
21301199
21301201
21301198
21301197
21301200
21301203
21301212
21301208
21301210
21301207
21301209
21301206
21301211
21301204
21301205
21301213
21301215
21301214
21301218
21301219
21301217
21301224
21301229
21301230
21301216
21301223
21301221
21301220
21301225
21301226
21301222
21301227
21301228
