21800001
21800002
21800006
21800003
21800005
21800004
21800010
21800009
21800007
21800011
21800008
21800013
21800012
21800016
21800014
21800015
21800018
21800023
21800022
21800017
21800024
21800020
21800019
21800025
21800021
21800030
21800026
21800031
21800032
21800027
21800034
21800035
21800029
21800028
21800033
21800038
21800036
21800039
21800037
21800044
21800040
21800043
21800041
21800048
21800047
21800046
21800042
21800045
21800050
21800049
21800051
21800056
21800055
21800052
21800059
21800060
21800061
21800058
21800053
21800057
21800062
21800054
21800066
21800064
21800063
21800065
21800067
21800070
21800069
21800073
21800068
21800072
21800071
21800076
21800082
21800078
21800080
21800081
21800079
21800075
21800074
21800077
21800086
21800085
21800084
21800083
21800094
21800087
21800088
21800092
21800091
21800095
21800090
21800093
21800089
21800099
21800101
21800100
21800103
21800097
21800096
21800102
21800098
21800105
21800106
21800109
21800104
21800107
21800108
21800110
21800115
21800112
21800116
21800111
21800113
21800114
21800124
21800120
21800121
21800118
21800117
21800119
21800123
21800122
21800127
21800131
21800130
21800128
21800132
21800126
21800125
21800129
21800135
21800133
21800138
21800134
21800139
21800137
21800136
21800145
21800140
21800146
21800143
21800148
21800147
21800142
21800144
21800141
21800152
21800151
21800149
21800150
21800161
21800154
21800162
21800156
21800155
21800160
21800159
21800153
21800158
21800157
21800164
21800163
21800165
21800166
21800172
21800171
21800168
21800167
21800173
21800169
21800170
21800177
21800174
21800182
21800183
21800178
21800176
21800179
21800180
21800181
21800175
21800187
21800189
21800188
21800185
21800184
21800186
21800196
21800191
21800198
21800195
21800197
21800193
21800190
21800194
21800192
21800200
21800199
21800201
21800208
21800204
21800209
21800207
21800210
21800211
21800203
21800212
21800205
21800206
21800202
21800213
21800214
21800215
21800223
21800222
21800221
21800216
21800220
21800217
21800218
21800219
21800228
21800229
21800233
21800225
21800232
21800231
21800227
21800226
21800224
21800230
21800238
21800236
21800235
21800237
21800234
21800244
21800243
21800241
21800239
21800242
21800247
21800246
21800245
21800240
21800251
21800248
21800250
21800249
21800261
21800259
21800256
21800258
21800254
21800257
21800260
21800262
21800253
21800255
21800264
21800252
21800263
21800275
21800271
21800274
21800270
21800277
21800267
21800265
21800268
21800278
21800273
21800266
21800276
21800269
21800272
21800284
21800279
21800283
21800282
21800280
21800281
21800285
21800290
21800292
21800289
21800286
21800291
21800288
21800287
21800293
21800294
21800296
21800299
21800298
21800297
21800300
21800295
21800303
21800301
21800304
21800305
21800302
21800310
21800312
21800308
21800315
21800307
21800313
21800314
21800311
21800309
21800306
21800318
21800316
21800317
21800324
21800323
21800322
21800321
21800325
21800320
21800328
21800319
21800327
21800326
21800329
21800333
21800334
21800331
21800330
21800332
21800335
21800336
21800342
21800338
21800337
21800340
21800341
21800339
21800344
21800347
21800349
21800348
21800345
21800346
21800343
21800350
21800354
21800352
21800351
21800353
21800357
21800362
21800364
21800355
21800363
21800356
21800361
21800360
21800358
21800359
21800365
21800366
21800367
21800369
21800373
21800368
21800371
21800375
21800370
21800372
21800377
21800374
21800376
21800383
21800381
21800380
21800385
21800378
21800384
21800379
21800382
21800386
21800387
21800390
21800388
21800389
21800394
21800400
21800391
21800399
21800401
21800396
21800392
21800393
21800395
21800398
21800397
21800402
21800403
21800404
21800411
21800409
21800407
21800414
21800413
21800412
21800405
21800415
21800410
21800406
21800408
21800418
21800419
21800416
21800417
21800425
21800423
21800428
21800427
21800422
21800426
21800421
21800420
21800424
21800435
21800434
21800432
21800431
21800430
21800433
21800429
21800441
21800437
21800436
21800442
21800440
21800439
21800438
21800447
21800449
21800443
21800450
21800446
21800448
21800445
21800444
21800452
21800453
21800454
21800451
21800458
21800457
21800464
21800466
21800455
21800460
21800462
21800463
21800456
21800459
21800461
21800465
21800467
21800468
21800471
21800475
21800472
21800474
21800478
21800476
21800477
21800470
21800469
21800473
21800482
21800480
21800484
21800481
21800485
21800479
21800483
21800488
21800486
21800495
21800487
21800489
21800494
21800492
21800491
21800496
21800490
21800493
21800500
21800498
21800499
21800501
21800497
21800510
21800508
21800506
21800503
21800511
21800507
21800504
21800505
21800509
21800502
21800512
21800514
21800516
21800515
21800513
21800518
21800519
21800521
21800525
21800522
21800526
21800520
21800517
21800523
21800524
21800535
21800533
21800534
21800528
21800529
21800530
21800532
21800527
21800531
21800537
21800536
21800540
21800538
21800541
21800539
21800543
21800548
21800546
21800544
21800545
21800547
21800542
21800551
21800552
21800549
21800553
21800550
21800556
21800558
21800555
21800562
21800559
21800560
21800554
21800561
21800557
21800564
21800563
21800565
21800570
21800566
21800567
21800573
21800575
21800574
21800568
21800572
21800569
21800571
21800580
21800579
21800576
21800582
21800578
21800581
21800583
21800577
21800586
21800590
21800589
21800588
21800585
21800584
21800587
21800595
21800596
21800593
21800594
21800591
21800597
21800598
21800592
21800603
21800599
21800602
21800601
21800605
21800600
21800604
21800606
21800614
21800613
21800608
21800607
21800609
21800610
21800611
21800615
21800616
21800612
21800618
21800617
21800619
21800620
21800622
21800624
21800627
21800625
21800621
21800629
21800628
21800626
21800623
21800636
21800630
21800635
21800634
21800637
21800633
21800631
21800632
21800639
21800642
21800638
21800641
21800644
21800640
21800643
21800647
21800646
21800649
21800650
21800645
21800648
21800655
21800653
21800656
21800654
21800651
21800652
21800657
21800658
21800662
21800663
21800660
21800664
21800661
21800659
21800670
21800667
21800668
21800669
21800666
21800665
21800674
21800673
21800671
21800675
21800676
21800672
21800677
21800684
21800678
21800683
21800679
21800687
21800681
21800686
21800685
21800680
21800682
21800690
21800689
21800688
21800700
21800701
21800694
21800691
21800698
21800695
21800696
21800693
21800699
21800692
21800697
21800703
21800702
21800705
21800704
21800709
21800715
21800706
21800711
21800712
21800710
21800708
21800707
21800714
21800713
21800717
21800716
21800718
21800719
21800729
21800720
21800724
21800725
21800721
21800728
21800722
21800723
21800726
21800727
21800730
21800734
21800731
21800732
21800733
21800735
21800740
21800743
21800742
21800738
21800737
21800741
21800739
21800736
21800746
21800744
21800748
21800745
21800747
21800752
21800753
21800755
21800750
21800754
21800749
21800751
21800757
21800760
21800758
21800761
21800756
21800763
21800759
21800762
21800767
21800765
21800768
21800764
21800766
21800769
21800771
21800774
21800773
21800772
21800770
21800786
21800780
21800782
21800776
21800783
21800784
21800779
21800781
21800778
21800785
21800775
21800777
21800789
21800788
21800787
21800791
21800790
21800795
21800792
21800793
21800794
21800797
21800796
21800799
21800800
21800802
21800801
21800803
21800798
21800809
21800805
21800806
21800804
21800808
21800807
21800810
21800816
21800811
21800812
21800815
21800814
21800813
21800819
21800818
21800822
21800824
21800820
21800823
21800821
21800817
21800832
21800828
21800827
21800830
21800826
21800831
21800829
21800825
21800833
21800835
21800834
21800836
21800838
21800837
21800845
21800839
21800841
21800844
21800846
21800842
21800847
21800840
21800843
21800848
21800849
21800850
21800851
21800852
21800863
21800856
21800861
21800857
21800853
21800855
21800862
21800860
21800859
21800858
21800854
21800865
21800864
21800866
21800867
21800870
21800868
21800869
21800872
21800871
21800881
21800878
21800875
21800876
21800873
21800880
21800879
21800874
21800877
21800889
21800882
21800887
21800893
21800888
21800890
21800891
21800885
21800884
21800892
21800886
21800883
21800895
21800894
21800896
21800906
21800898
21800904
21800899
21800897
21800903
21800905
21800901
21800902
21800900
21800907
21800908
21800909
21800910
21800919
21800918
21800913
21800911
21800920
21800915
21800914
21800912
21800916
21800921
21800917
21800925
21800927
21800922
21800926
21800923
21800924
21800929
21800934
21800933
21800930
21800932
21800931
21800928
21800939
21800943
21800938
21800941
21800936
21800935
21800937
21800940
21800942
21800951
21800949
21800950
21800946
21800944
21800947
21800948
21800945
21800953
21800952
21800955
21800954
21800956
21800957
21800958
21800963
21800962
21800959
21800961
21800964
21800960
21800974
21800968
21800969
21800970
21800966
21800971
21800972
21800965
21800973
21800967
21800976
21800975
21800985
21800978
21800980
21800981
21800977
21800984
21800979
21800983
21800982
21800991
21800990
21800986
21800989
21800987
21800988
21800998
21800997
21800995
21800993
21800992
21800994
21801000
21800996
21800999
21801002
21801001
21801004
21801006
21801003
21801005
21801011
21801013
21801007
21801008
21801012
21801009
21801010
21801017
21801015
21801019
21801014
21801016
21801018
21801021
21801025
21801020
21801022
21801023
21801024
21801026
21801031
21801033
21801029
21801027
21801032
21801030
21801028
21801041
21801034
21801039
21801037
21801036
21801038
21801040
21801035
21801047
21801045
21801048
21801043
21801042
21801044
21801049
21801046
21801052
21801050
21801057
21801058
21801055
21801054
21801053
21801056
21801051
21801059
21801062
21801063
21801060
21801064
21801061
21801065
21801067
21801072
21801070
21801073
21801071
21801068
21801066
21801069
21801075
21801074
21801076
21801078
21801077
21801079
21801085
21801080
21801084
21801082
21801086
21801081
21801083
21801090
21801087
21801094
21801089
21801093
21801092
21801088
21801091
21801100
21801101
21801098
21801102
21801097
21801095
21801096
21801099
21801106
21801104
21801105
21801103
21801109
21801110
21801116
21801115
21801112
21801113
21801108
21801111
21801107
21801114
21801121
21801118
21801117
21801119
21801120
21801127
21801129
21801122
21801126
21801125
21801124
21801123
21801128
21801132
21801130
21801135
21801131
21801133
21801134
21801138
21801136
21801140
21801141
21801143
21801144
21801137
21801139
21801142
21801151
21801150
21801146
21801149
21801148
21801147
21801145
21801152
21801158
21801159
21801157
21801154
21801156
21801160
21801155
21801153
21801162
21801163
21801161
21801164
21801167
21801165
21801172
21801173
21801174
21801169
21801168
21801171
21801170
21801176
21801166
21801175
21801177
21801178
21801179
21801185
21801184
21801181
21801192
21801188
21801190
21801180
21801189
21801183
21801191
21801182
21801187
21801186
21801193
21801194
21801199
21801201
21801207
21801205
21801203
21801200
21801197
21801196
21801204
21801206
21801202
21801195
21801198
21801208
21801217
21801211
21801210
21801218
21801216
21801219
21801215
21801214
21801213
21801209
21801212
21801227
21801228
21801229
21801225
21801223
21801224
21801230
21801221
21801220
21801226
21801222
