22100001
22100002
22100009
22100003
22100004
22100007
22100006
22100005
22100012
22100008
22100010
22100011
22100013
22100014
22100015
22100016
22100022
22100017
22100020
22100025
22100019
22100021
22100024
22100026
22100023
22100018
22100027
22100032
22100029
22100031
22100030
22100034
22100028
22100033
22100037
22100038
22100040
22100035
22100039
22100036
22100047
22100043
22100042
22100048
22100046
22100044
22100041
22100045
22100049
22100050
22100054
22100051
22100053
22100052
22100056
22100062
22100063
22100059
22100061
22100064
22100058
22100060
22100057
22100055
22100070
22100065
22100066
22100069
22100067
22100068
22100073
22100071
22100077
22100075
22100074
22100076
22100072
22100087
22100082
22100086
22100085
22100079
22100081
22100083
22100088
22100080
22100084
22100078
22100093
22100092
22100091
22100090
22100089
22100098
22100101
22100100
22100097
22100095
22100099
22100094
22100102
22100096
22100106
22100107
22100103
22100104
22100105
22100111
22100110
22100115
22100109
22100113
22100112
22100117
22100116
22100108
22100114
22100118
22100122
22100123
22100119
22100121
22100120
22100128
22100124
22100126
22100125
22100129
22100131
22100127
22100130
22100132
22100133
22100136
22100137
22100138
22100135
22100134
22100145
22100140
22100139
22100146
22100144
22100141
22100142
22100143
22100151
22100150
22100154
22100152
22100149
22100148
22100153
22100147
22100156
22100155
22100157
22100167
22100161
22100159
22100170
22100164
22100166
22100163
22100165
22100160
22100168
22100169
22100158
22100162
22100172
22100171
22100173
22100178
22100180
22100181
22100182
22100174
22100175
22100176
22100183
22100177
22100184
22100179
22100189
22100188
22100185
22100187
22100190
22100191
22100186
22100194
22100198
22100192
22100195
22100193
22100197
22100196
22100199
22100203
22100201
22100202
22100204
22100207
22100205
22100206
22100209
22100208
22100200
22100210
22100211
22100212
22100221
22100219
22100214
22100220
22100213
22100218
22100216
22100223
22100215
22100217
22100222
22100227
22100225
22100224
22100229
22100226
22100228
22100231
22100234
22100233
22100238
22100236
22100235
22100230
22100237
22100232
22100244
22100239
22100245
22100241
22100243
22100242
22100246
22100247
22100240
22100251
22100252
22100249
22100250
22100248
22100259
22100256
22100262
22100254
22100258
22100260
22100253
22100255
22100257
22100261
22100264
22100265
22100266
22100263
22100276
22100272
22100273
22100270
22100268
22100278
22100274
22100267
22100277
22100271
22100279
22100269
22100275
22100281
22100280
22100284
22100288
22100282
22100286
22100291
22100285
22100283
22100290
22100287
22100289
22100295
22100297
22100298
22100299
22100293
22100294
22100292
22100296
22100300
22100303
22100302
22100301
22100304
22100310
22100312
22100311
22100306
22100307
22100309
22100305
22100308
22100313
22100316
22100314
22100315
22100318
22100317
22100322
22100325
22100327
22100319
22100323
22100324
22100326
22100320
22100321
22100332
22100331
22100329
22100328
22100330
22100338
22100335
22100340
22100333
22100336
22100341
22100337
22100339
22100334
22100343
22100342
22100344
22100346
22100347
22100348
22100345
22100352
22100350
22100349
22100351
22100361
22100354
22100360
22100353
22100358
22100359
22100357
22100356
22100362
22100355
22100365
22100363
22100364
22100370
22100377
22100369
22100375
22100372
22100378
22100376
22100371
22100366
22100367
22100374
22100373
22100368
22100381
22100380
22100379
22100386
22100383
22100389
22100385
22100384
22100382
22100387
22100388
22100390
22100396
22100391
22100392
22100395
22100393
22100394
22100397
22100402
22100399
22100401
22100403
22100400
22100398
22100411
22100410
22100404
22100407
22100408
22100405
22100412
22100409
22100406
22100414
22100413
22100416
22100427
22100424
22100422
22100421
22100426
22100423
22100417
22100418
22100420
22100419
22100425
22100428
22100431
22100432
22100429
22100437
22100434
22100435
22100439
22100436
22100438
22100440
22100433
22100444
22100447
22100446
22100445
22100443
22100442
22100441
22100450
22100448
22100449
22100456
22100455
22100451
22100462
22100460
22100463
22100459
22100457
22100461
22100465
22100469
22100468
22100467
22100466
22100470
22100475
22100471
22100473
22100474
22100480
22100484
22100482
22100478
22100479
22100487
22100483
22100476
22100477
22100481
22100485
22100491
22100489
22100488
22100492
22100490
22100494
22100495
22100499
22100498
22100493
22100497
22100496
22100500
22100504
22100506
22100505
22100507
22100501
22100503
22100502
22100512
22100511
22100515
22100514
22100510
22100508
22100513
22100509
22100516
22100517
22100518
22100524
22100522
22100520
22100523
22100519
22100525
22100526
22100527
22100534
22100531
22100529
22100530
22100532
22100535
22100536
22100533
22100537
22100538
22100540
22100539
22100542
22100541
22100544
22100543
22100551
22100549
22100550
22100547
22100545
22100546
22100548
22100552
22100553
22100555
22100557
22100554
22100559
22100556
22100561
22100560
22100558
22100566
22100564
22100562
22100563
22100565
22100573
22100574
22100569
22100575
22100576
22100571
22100567
22100568
22100570
22100577
22100572
22100578
22100580
22100579
22100581
22100583
22100589
22100586
22100584
22100587
22100582
22100588
22100590
22100585
22100594
22100595
22100596
22100591
22100592
22100593
22100603
22100597
22100605
22100604
22100602
22100600
22100606
22100601
22100598
22100599
22100608
22100711
22100609
22100607
22100486
22100610
22100611
22100415
22100612
22100615
22100613
22100614
22100616
22100625
22100620
22100619
22100624
22100626
22100622
22100618
22100621
22100623
22100627
22100631
22100629
22100630
22100628
22100635
22100637
22100633
22100636
22100639
22100640
22100638
22100634
22100632
22100642
22100641
22100647
22100643
22100644
22100645
22100649
22100650
22100646
22100648
22100653
22100617
22100651
22100652
22100655
22100663
22100662
22100659
22100664
22100665
22100657
22100660
22100654
22100661
22100658
22100656
22100666
22100667
22100673
22100672
22100679
22100680
22100674
22100676
22100678
22100669
22100675
22100671
22100670
22100668
22100677
22100681
22100683
22100682
22100687
22100689
22100693
22100685
22100690
22100692
22100694
22100686
22100688
22100691
22100684
22100695
22100696
22100697
22100707
22100705
22100704
22100708
22100701
22100706
22100699
22100698
22100700
22100703
22100702
22100730
22100709
22100712
22100713
22100719
22100714
22100718
22100454
22100716
22100715
22100720
22100717
22100721
22100723
22100732
22100728
22100724
22100727
22100453
22100725
22100472
22100731
22100722
22100734
22100733
22100742
22100741
22100740
22100736
22100737
22100739
22100743
22100735
22100738
22100729
22100744
22100748
22100746
22100747
22100745
22100749
22100750
22100754
22100751
22100756
22100753
22100757
22100755
22100752
22100758
22100759
22100764
22100760
22100763
22100762
22100767
22100765
22100761
22100771
22100768
22100766
22100772
22100770
22100784
22100769
22100778
22100780
22100774
22100775
22100781
22100779
22100773
22100777
22100776
22100786
22100783
22100430
22100785
22100782
22100521
22100787
22100791
22100789
22100795
22100792
22100793
22100790
22100794
22100788
22100801
22100797
22100800
22100799
22100796
22100798
22100803
22100804
22100802
22100807
22100809
22100806
22100808
22100805
22100811
22100813
22100814
22100810
22100812
22100817
22100824
22100819
22100816
22100818
22100823
22100821
22100820
22100815
22100822
22100828
22100826
22100830
22100827
22100829
22100825
22100837
22100836
22100833
22100834
22100835
22100832
22100831
22100839
22100840
22100841
22100843
22100844
22100842
22100838
22100847
22100849
22100850
22100851
22100845
22100854
22100848
22100846
22100855
22100853
22100852
22100856
22100857
22100864
22100865
22100863
22100860
22100859
22100862
22100861
22100858
22100866
22100869
22100870
22100873
22100868
22100867
22100871
22100872
22100878
22100879
22100880
22100882
22100874
22100875
22100881
22100877
22100884
22100876
22100883
22100885
22100887
22100886
22100888
22100464
22100893
22100889
22100892
22100895
22100891
22100890
22100894
22100899
22100903
22100904
22100898
22100896
22100901
22100900
22100902
22100897
22100906
22100909
22100911
22100907
22100905
22100908
22100910
22100917
22100912
22100916
22100919
22100915
22100914
22100913
22100918
22100924
22100922
22100925
22100920
22100726
22100921
22100923
22100930
22100927
22100926
22100928
22100931
22100929
22100932
22100934
22100936
22100937
22100933
22100939
22100935
22100938
22100944
22100943
22100710
22100941
22100940
22100942
22100945
22100946
22100947
22100953
22100949
22100458
22100951
22100950
22100948
22100952
22100959
22100958
22100957
22100954
22100955
22100956
22100963
22100961
22100966
22100965
22100962
22100964
22100960
22100967
22100972
22100528
22100969
22100974
22100971
22100970
22100973
22100968
22100975
22100980
22100978
22100976
22100979
22100977
22100991
22100985
22100990
22100984
22100981
22100986
22100982
22100988
22100989
22100992
22100987
22100983
22100993
22100994
22101001
22101000
22100999
22101002
22100996
22101004
22100995
22101003
22100997
22100998
22101008
22101005
22101006
22101007
22101010
22101011
22101009
22101013
22101016
22101017
22101014
22101015
22101018
22101019
22101012
22101020
22101021
22101028
22101027
22101025
22101022
22101024
22101026
22101023
22101031
22101030
22101029
22101032
22101033
22101035
22101042
22101039
22101036
22101040
22101037
22101043
22101041
22101034
22101044
22101038
22101045
22101056
22101050
22101049
22101046
22101047
22101054
22101053
22101055
22101052
22101057
22101051
22101048
22101059
22101058
22101060
22101061
22101069
22101066
22101063
22101068
22101062
22101065
22101067
22101064
22101070
22101079
22101074
22101076
22101078
22101077
22101073
22101071
22101075
22101072
22101082
22101080
22101083
22101081
22101087
22101091
22101088
22101090
22101084
22101089
22101085
22101094
22101092
22101086
22101093
22101096
22101095
22101099
22101098
22101097
22101105
22101101
22101103
22101100
22101102
22101106
22101104
22101113
22101107
22101109
22101114
22101111
22101112
22101108
22101110
22101118
22101116
22101119
22101121
22101120
22101117
22101115
22101128
22101127
22101122
22101129
22101124
22101126
22101125
22101130
22101123
22101134
22101135
22101132
22101133
22101131
22101142
22101140
22101139
22101141
22101143
22101136
22101144
22101145
22101137
22101146
22101138
22100452
22101149
22101148
22101147
22101150
22101159
22101154
22101153
22101155
22101156
22101160
22101151
22101152
22101158
22101157
22101164
22101163
22101162
22101165
22101161
22101172
22101170
22101175
22101167
22101168
22101174
22101177
22101166
22101169
22101176
22101171
22101173
22101182
22101183
22101186
22101178
22101185
22101181
22101180
22101188
22101189
22101187
22101179
22101184
22101190
22101193
22101195
22101192
22101191
22101194
22101196
22101201
22101197
22101199
22101198
22101202
22101200
22101209
22101211
22101210
22101204
22101203
22101206
22101205
22101208
22101207
22101215
22101214
22101213
22101212
22101226
22101224
22101219
22101220
22101227
22101222
22101225
22101228
22101221
22101230
22101217
22101223
22101229
22101216
22101218
