20600001
20600002
20600005
20600004
20600009
20600010
20600008
20600006
20600012
20600007
20600003
20600013
20600015
20600011
20600014
20600017
20600016
20600025
20600018
20600022
20600020
20600019
20600024
20600026
20600029
20600027
20600028
20600021
20600023
20600030
20600031
20600035
20600038
20600034
20600039
20600037
20600033
20600032
20600036
20600042
20600041
20600040
20600043
20600044
20600048
20600047
20600051
20600045
20600046
20600049
20600050
20600057
20600052
20600056
20600054
20600055
20600053
20600059
20600067
20600066
20600068
20600060
20600064
20600063
20600065
20600058
20600062
20600061
20600070
20600069
20600071
20600074
20600073
20600081
20600078
20600079
20600080
20600075
20600072
20600077
20600076
20600083
20600082
20600088
20600089
20600086
20600085
20600087
20600084
20600092
20600091
20600094
20600093
20600096
20600095
20600090
20600099
20600097
20600098
20600106
20600105
20600100
20600103
20600107
20600101
20600104
20600102
20600109
20600111
20600108
20600113
20600115
20600114
20600110
20600112
20600116
20600118
20600117
20600124
20600119
20600120
20600125
20600126
20600128
20600122
20600127
20600123
20600121
20600140
20600132
20600133
20600136
20600131
20600137
20600141
20600138
20600139
20600135
20600130
20600129
20600134
20600143
20600142
20600144
20600149
20600146
20600148
20600150
20600145
20600147
20600154
20600151
20600157
20600155
20600152
20600153
20600156
20600166
20600170
20600168
20600161
20600167
20600159
20600162
20600169
20600160
20600158
20600163
20600164
20600165
20600173
20600181
20600179
20600183
20600174
20600177
20600176
20600182
20600180
20600175
20600171
20600178
20600172
20600191
20600187
20600185
20600184
20600188
20600186
20600189
20600192
20600193
20600194
20600190
20600195
20600196
20600199
20600198
20600197
20600201
20600202
20600203
20600200
20600208
20600206
20600210
20600204
20600211
20600205
20600212
20600209
20600207
20600221
20600213
20600216
20600219
20600220
20600215
20600218
20600214
20600217
20600223
20600222
20600225
20600233
20600227
20600224
20600230
20600231
20600226
20600229
20600228
20600232
20600238
20600242
20600234
20600241
20600243
20600237
20600235
20600240
20600236
20600239
20600247
20600245
20600246
20600244
20600250
20600254
20600251
20600252
20600248
20600253
20600249
20600256
20600259
20600260
20600255
20600258
20600257
20600266
20600270
20600268
20600262
20600269
20600265
20600263
20600264
20600261
20600267
20600273
20600271
20600272
20600275
20600280
20600281
20600284
20600276
20600285
20600277
20600279
20600278
20600274
20600282
20600283
20600291
20600288
20600287
20600286
20600292
20600293
20600290
20600294
20600289
20600297
20600298
20600299
20600295
20600296
20600305
20600300
20600302
20600304
20600306
20600303
20600301
20600308
20600307
20600311
20600310
20600309
20600312
20600324
20600323
20600322
20600314
20600321
20600318
20600319
20600320
20600315
20600316
20600313
20600325
20600317
20600328
20600326
20600327
20600338
20600331
20600329
20600337
20600335
20600330
20600334
20600340
20600339
20600333
20600332
20600336
20600344
20600341
20600345
20600347
20600350
20600343
20600348
20600346
20600342
20600349
20600354
20600355
20600353
20600351
20600352
20600359
20600356
20600360
20600361
20600357
20600358
20600363
20600362
20600366
20600370
20600368
20600376
20600372
20600374
20600375
20600369
20600367
20600371
20600364
20600365
20600377
20600378
20600379
20600386
20600383
20600384
20600390
20600389
20600382
20600380
20600388
20600385
20600391
20600381
20600387
20600393
20600395
20600396
20600397
20600402
20600398
20600399
20600394
20600401
20600400
20600392
20600403
20600409
20600413
20600412
20600405
20600411
20600404
20600414
20600408
20600406
20600407
20600410
20600420
20600422
20600421
20600423
20600424
20600416
20600417
20600415
20600419
20600425
20600418
20600427
20600426
20600428
20600432
20600429
20600437
20600438
20600435
20600440
20600434
20600441
20600433
20600436
20600431
20600439
20600430
20600448
20600449
20600444
20600447
20600446
20600442
20600445
20600443
20600450
20600455
20600453
20600456
20600457
20600451
20600454
20600452
20600459
20600458
20600461
20600464
20600465
20600466
20600463
20600460
20600462
20600470
20600473
20600471
20600468
20600469
20600467
20600475
20600472
20600474
20600476
20600478
20600477
20600485
20600483
20600479
20600486
20600490
20600484
20600480
20600482
20600488
20600481
20600489
20600487
20600496
20600493
20600494
20600497
20600491
20600495
20600492
20600501
20600504
20600499
20600498
20600502
20600503
20600500
20600507
20600505
20600506
20600511
20600512
20600514
20600515
20600510
20600509
20600513
20600508
20600517
20600526
20600522
20600520
20600524
20600525
20600527
20600518
20600516
20600523
20600519
20600521
20600529
20600528
20600534
20600535
20600541
20600538
20600540
20600537
20600539
20600533
20600536
20600530
20600532
20600531
20600543
20600551
20600545
20600549
20600544
20600546
20600548
20600550
20600542
20600552
20600553
20600558
20600559
20600555
20600560
20600561
20600564
20600557
20600563
20600554
20600562
20600556
20600565
20600567
20600566
20600572
20600571
20600573
20600577
20600574
20600576
20600570
20600578
20600569
20600575
20600568
20600580
20600579
20600584
20600590
20600582
20600586
20600587
20600581
20600591
20600583
20600588
20600585
20600589
20600599
20600601
20600595
20600597
20600592
20600600
20600596
20600598
20600593
20600594
20600602
20600604
20600603
20600605
20600607
20600614
20600613
20600611
20600610
20600608
20600612
20600609
20600606
20600617
20600618
20600616
20600615
20600619
20600620
20600625
20600629
20600630
20600622
20600627
20600621
20600624
20600623
20600626
20600631
20600628
20600632
20600633
20600634
20600641
20600638
20600639
20600637
20600644
20600645
20600635
20600640
20600642
20600643
20600636
20600654
20600647
20600652
20600651
20600649
20600646
20600648
20600650
20600653
20600656
20600660
20600655
20600657
20600658
20600659
20600667
20600663
20600665
20600661
20600664
20600662
20600666
20600669
20600672
20600670
20600673
20600668
20600671
20600685
20600674
20600676
20600683
20600675
20600679
20600680
20600678
20600681
20600677
20600684
20600686
20600682
20600687
20600688
20600696
20600698
20600689
20600697
20600694
20600690
20600693
20600695
20600691
20600692
20600705
20600702
20600700
20600706
20600704
20600708
20600707
20600703
20600701
20600699
20600709
20600711
20600710
20600717
20600713
20600719
20600714
20600715
20600373
20600716
20600712
20600718
20600723
20600724
20600722
20600721
20600720
20600727
20600734
20600733
20600731
20600730
20600725
20600726
20600728
20600729
20600732
20600736
20600737
20600735
20600745
20600742
20600740
20600743
20600738
20600744
20600747
20600739
20600746
20600741
20600748
20600752
20600749
20600751
20600753
20600755
20600754
20600750
20600758
20600757
20600764
20600756
20600763
20600759
20600762
20600761
20600760
20600767
20600766
20600765
20600769
20600772
20600773
20600770
20600774
20600771
20600768
20600781
20600779
20600783
20600784
20600775
20600782
20600776
20600778
20600787
20600780
20600786
20600777
20600785
20600788
20600789
20600790
20600794
20600791
20600796
20600792
20600793
20600799
20600795
20600798
20600797
20600804
20600805
20600800
20600809
20600808
20600810
20600803
20600807
20600806
20600801
20600802
20600812
20600813
20600811
20600825
20600817
20600823
20600820
20600824
20600814
20600819
20600821
20600818
20600815
20600822
20600816
20600827
20600830
20600828
20600831
20600826
20600829
20600832
20600837
20600835
20600839
20600838
20600834
20600833
20600836
20600844
20600845
20600843
20600849
20600847
20600846
20600841
20600840
20600848
20600842
20600854
20600852
20600850
20600853
20600851
20600859
20600864
20600857
20600861
20600863
20600856
20600855
20600862
20600858
20600860
20600865
20600866
20600867
20600871
20600870
20600868
20600878
20600875
20600876
20600869
20600877
20600872
20600874
20600873
20600886
20600881
20600880
20600884
20600882
20600879
20600885
20600883
20600887
20600892
20600893
20600890
20600889
20600888
20600891
20600894
20600899
20600897
20600898
20600896
20600895
20600906
20600902
20600900
20600903
20600904
20600901
20600905
20600912
20600907
20600914
20600913
20600910
20600911
20600915
20600909
20600908
20600916
20600918
20600917
20600926
20600921
20600924
20600925
20600922
20600919
20600923
20600920
20600933
20600932
20600928
20600929
20600930
20600927
20600931
20600934
20600938
20600942
20600937
20600941
20600936
20600939
20600940
20600935
20600945
20600947
20600944
20600946
20600943
20600950
20600954
20600955
20600952
20600956
20600951
20600948
20600953
20600949
20600957
20600966
20600958
20600961
20600960
20600964
20600959
20600965
20600963
20600962
20600968
20600969
20600967
20600973
20600972
20600971
20600974
20600977
20600975
20600976
20600978
20600970
20600986
20600985
20600980
20600987
20600983
20600979
20600982
20600981
20600984
20600994
20600988
20600990
20600989
20600992
20600991
20600993
20600995
20600996
20600998
20600999
20601006
20600997
20601005
20601003
20601002
20601000
20601004
20601001
20601013
20601011
20601008
20601009
20601007
20601012
20601010
20601014
20601018
20601016
20601015
20601019
20601017
20601031
20601026
20601029
20601021
20601023
20601024
20601028
20601027
20601025
20601022
20601030
20601020
20601033
20601032
20601034
20601035
20601038
20601041
20601042
20601043
20601036
20601037
20601040
20601039
20601044
20601048
20601045
20601049
20601053
20601046
20601052
20601051
20601050
20601047
20601056
20601055
20601054
20601057
20601060
20601065
20601066
20601068
20601059
20601062
20601061
20601064
20601058
20601063
20601067
20601071
20601070
20601069
20601083
20601082
20601074
20601080
20601075
20601081
20601079
20601077
20601078
20601073
20601072
20601076
20601087
20601085
20601086
20601084
20601097
20601093
20601090
20601088
20601094
20601099
20601091
20601089
20601096
20601092
20601095
20601098
20601106
20601105
20601101
20601104
20601103
20601107
20601102
20600547
20601100
20601112
20601108
20601110
20601111
20601118
20601115
20601109
20601113
20601114
20601116
20601117
20601119
20601120
20601132
20601129
20601122
20601128
20601125
20601130
20601121
20601133
20601123
20601124
20601127
20601131
20601126
20601137
20601142
20601134
20601135
20601140
20601141
20601138
20601136
20601139
20601144
20601145
20601148
20601147
20601143
20601146
20601152
20601155
20601156
20601150
20601154
20601149
20601151
20601153
20601159
20601160
20601158
20601163
20601162
20601157
20601161
20601167
20601165
20601172
20601171
20601164
20601168
20601169
20601166
20601170
20601173
20601174
20601185
20601177
20601176
20601179
20601178
20601182
20601180
20601184
20601175
20601186
20601181
20601183
20601190
20601188
20601187
20601189
20601192
20601191
20601193
20601197
20601199
20601201
20601200
20601194
20601195
20601196
20601202
20601198
20601203
20601205
20601209
20601206
20601207
20601208
20601204
20601210
20601215
20601214
20601212
20601213
20601211
20601216
20601226
20601227
20601229
20601222
20601225
20601220
20601219
20601228
20601221
20601218
20601230
20601224
20601217
20601223
