21900001
21900002
21900006
21900012
21900003
21900011
21900008
21900004
21900013
21900005
21900010
21900009
21900007
21900015
21900016
21900014
21900023
21900025
21900024
21900019
21900022
21900018
21900017
21900021
21900020
21900033
21900026
21900031
21900032
21900028
21900035
21900029
21900030
21900027
21900034
21900037
21900040
21900039
21900036
21900038
21900051
21900046
21900041
21900048
21900049
21900042
21900050
21900043
21900045
21900047
21900044
21900052
21900053
21900054
21900057
21900062
21900065
21900056
21900060
21900058
21900059
21900061
21900064
21900063
21900055
21900066
21900068
21900067
21900076
21900072
21900073
21900070
21900069
21900074
21900075
21900071
21900079
21900078
21900080
21900082
21900084
21900081
21900083
21900077
21900088
21900087
21900086
21900089
21900090
21900085
21900095
21900093
21900094
21900091
21900092
21900096
21900101
21900102
21900100
21900098
21900097
21900099
21900109
21900106
21900108
21900110
21900103
21900107
21900105
21900104
21900111
21900115
21900114
21900113
21900112
21900120
21900121
21900119
21900126
21900123
21900122
21900117
21900116
21900118
21900124
21900125
21900131
21900128
21900130
21900129
21900127
21900139
21900134
21900137
21900133
21900132
21900136
21900138
21900135
21900143
21900142
21900141
21900145
21900144
21900140
21900152
21900151
21900150
21900153
21900146
21900147
21900148
21900149
21900157
21900154
21900155
21900159
21900160
21900158
21900156
21900166
21900163
21900161
21900162
21900165
21900164
21900172
21900168
21900170
21900174
21900171
21900167
21900173
21900169
21900177
21900175
21900180
21900176
21900179
21900182
21900181
21900178
21900184
21900187
21900183
21900188
21900186
21900185
21900189
21900195
21900197
21900190
21900192
21900193
21900196
21900191
21900194
21900199
21900200
21900201
21900198
21900203
21900212
21900205
21900204
21900211
21900207
21900210
21900209
21900206
21900208
21900202
21900213
21900214
21900215
21900217
21900219
21900216
21900220
21900224
21900218
21900223
21900222
21900221
21900226
21900229
21900232
21900230
21900231
21900227
21900234
21900225
21900228
21900233
21900236
21900235
21900239
21900238
21900237
21900242
21900244
21900249
21900250
21900240
21900246
21900248
21900241
21900247
21900243
21900245
21900252
21900251
21900257
21900260
21900262
21900266
21900265
21900263
21900253
21900261
21900255
21900258
21900254
21900259
21900256
21900264
21900275
21900277
21900278
21900274
21900279
21900273
21900269
21900270
21900276
21900267
21900268
21900271
21900272
21900281
21900283
21900280
21900282
21900288
21900290
21900286
21900291
21900284
21900289
21900287
21900285
21900292
21900297
21900295
21900294
21900296
21900293
21900298
21900301
21900302
21900299
21900300
21900303
21900304
21900305
21900311
21900312
21900309
21900315
21900314
21900310
21900308
21900307
21900306
21900313
21900316
21900317
21900318
21900319
21900321
21900324
21900322
21900325
21900326
21900323
21900327
21900328
21900320
21900329
21900333
21900330
21900331
21900334
21900332
21900339
21900342
21900335
21900337
21900341
21900338
21900336
21900340
21900351
21900347
21900343
21900349
21900346
21900348
21900344
21900345
21900350
21900352
21900353
21900355
21900354
21900366
21900362
21900358
21900359
21900361
21900360
21900364
21900356
21900363
21900357
21900365
21900367
21900369
21900368
21900370
21900375
21900372
21900374
21900371
21900377
21900373
21900376
21900378
21900379
21900380
21900383
21900384
21900386
21900381
21900382
21900385
21900387
21900391
21900389
21900392
21900390
21900388
21900393
21900394
21900399
21900400
21900398
21900395
21900397
21900396
21900404
21900402
21900406
21900401
21900403
21900405
21900414
21900415
21900412
21900407
21900409
21900413
21900408
21900411
21900410
21900419
21900416
21900418
21900417
21900427
21900423
21900420
21900421
21900424
21900426
21900429
21900428
21900422
21900425
21900437
21900434
21900435
21900431
21900430
21900433
21900436
21900438
21900432
21900442
21900440
21900441
21900439
21900443
21900451
21900445
21900449
21900454
21900448
21900446
21900450
21900453
21900444
21900452
21900447
21900458
21900457
21900459
21900455
21900456
21900464
21900465
21900462
21900461
21900460
21900463
21900467
21900470
21900468
21900466
21900469
21900471
21900477
21900479
21900480
21900473
21900478
21900481
21900483
21900482
21900476
21900484
21900472
21900475
21900474
21900485
21900487
21900488
21900490
21900486
21900489
21900491
21900496
21900492
21900494
21900493
21900495
21900502
21900500
21900498
21900499
21900501
21900497
21900503
21900506
21900507
21900505
21900504
21900510
21900513
21900511
21900515
21900508
21900514
21900512
21900516
21900509
21900517
21900518
21900521
21900522
21900520
21900519
21900529
21900528
21900530
21900524
21900527
21900525
21900531
21900532
21900523
21900533
21900526
21900536
21900535
21900538
21900534
21900537
21900547
21900543
21900542
21900540
21900546
21900539
21900544
21900545
21900541
21900548
21900552
21900551
21900553
21900550
21900549
21900556
21900559
21900558
21900562
21900560
21900554
21900561
21900557
21900555
21900563
21900565
21900564
21900566
21900575
21900573
21900570
21900567
21900571
21900572
21900576
21900574
21900568
21900569
21900578
21900577
21900582
21900579
21900580
21900583
21900581
21900584
21900588
21900585
21900589
21900586
21900590
21900587
21900591
21900592
21900595
21900594
21900597
21900596
21900593
21900599
21900602
21900603
21900598
21900600
21900601
21900604
21900610
21900609
21900605
21900608
21900607
21900606
21900611
21900613
21900612
21900616
21900618
21900614
21900615
21900617
21900624
21900620
21900625
21900622
21900623
21900621
21900619
21900626
21900628
21900634
21900631
21900627
21900633
21900636
21900635
21900630
21900629
21900632
21900638
21900637
21900645
21900640
21900650
21900648
21900652
21900642
21900644
21900646
21900639
21900651
21900649
21900647
21900641
21900643
21900653
21900655
21900661
21900657
21900659
21900654
21900665
21900660
21900663
21900656
21900662
21900658
21900664
21900667
21900666
21900668
21900672
21900675
21900670
21900678
21900669
21900671
21900674
21900673
21900679
21900677
21900676
21900681
21900680
21900684
21900682
21900683
21900687
21900690
21900691
21900689
21900686
21900685
21900688
21900692
21900696
21900697
21900698
21900693
21900695
21900694
21900705
21900702
21900700
21900701
21900706
21900699
21900704
21900703
21900711
21900713
21900708
21900709
21900710
21900712
21900714
21900718
21900716
21900715
21900717
21900719
21900722
21900725
21900720
21900724
21900723
21900721
21900726
21900734
21900731
21900728
21900733
21900730
21900732
21900727
21900735
21900729
21900736
21900738
21900740
21900739
21900737
21900744
21900750
21900741
21900749
21900742
21900747
21900743
21900745
21900748
21900746
21900751
21900752
21900754
21900753
21900759
21900755
21900763
21900758
21900761
21900756
21900760
21900762
21900757
21900767
21900766
21900768
21900765
21900764
21900771
21900774
21900776
21900772
21900770
21900775
21900773
21900769
21900782
21900778
21900784
21900781
21900777
21900785
21900783
21900780
21900779
21900789
21900788
21900791
21900790
21900786
21900787
21900792
21900795
21900800
21900794
21900793
21900801
21900799
21900798
21900797
21900796
21900803
21900802
21900805
21900804
21900806
21900814
21900809
21900816
21900817
21900815
21900807
21900811
21900810
21900808
21900813
21900812
21900818
21900819
21900825
21900820
21900821
21900823
21900824
21900822
21900830
21900834
21900828
21900832
21900827
21900826
21900833
21900829
21900831
21900840
21900837
21900835
21900836
21900841
21900839
21900838
21900845
21900847
21900846
21900842
21900848
21900843
21900844
21900851
21900854
21900855
21900853
21900852
21900850
21900856
21900849
21900857
21900860
21900863
21900861
21900859
21900862
21900858
21900870
21900871
21900865
21900866
21900872
21900868
21900867
21900864
21900869
21900876
21900874
21900875
21900873
21900886
21900878
21900881
21900879
21900877
21900883
21900882
21900884
21900885
21900880
21900894
21900890
21900888
21900892
21900891
21900889
21900893
21900887
21900896
21900895
21900897
21900900
21900899
21900898
21900901
21900908
21900905
21900904
21900902
21900906
21900907
21900903
21900912
21900916
21900915
21900914
21900910
21900913
21900909
21900911
21900924
21900920
21900923
21900921
21900925
21900917
21900922
21900919
21900918
21900928
21900929
21900927
21900926
21900936
21900932
21900930
21900937
21900931
21900934
21900938
21900939
21900935
21900933
21900943
21900940
21900942
21900945
21900941
21900944
21900956
21900947
21900946
21900952
21900953
21900955
21900949
21900948
21900950
21900954
21900951
21900957
21900958
21900959
21900966
21900968
21900967
21900960
21900963
21900964
21900961
21900965
21900962
21900969
21900970
21900973
21900971
21901231
21901232
21901238
21901237
21901235
21901234
21901233
21901236
21901242
21901240
21901239
21901241
21901243
21901245
21901248
21901244
21901246
21901249
21901247
21901255
21901254
21901250
21901253
21901252
21901251
21901261
21901256
21901260
21901258
21901257
21901259
21901267
21901262
21901266
21901264
21901265
21901263
21901269
21901271
21901272
21901270
21901273
21901268
21901275
21901278
21901279
21901274
21901277
21901276
21901281
21901282
21901284
21901280
21901283
21901290
21901291
21901287
21901288
21901289
21901285
21901286
21901295
21901292
21901296
21901293
21901294
21901303
21901298
21901299
21901302
21901300
21901301
21901297
21901307
21901304
21901305
21901306
21901309
21901312
21901311
21901313
21901308
21901314
21901310
21901317
21901316
21901318
21901315
