20100010
20100001
20100006
20100007
20100004
20100005
20100011
20100008
20100009
20100012
20100003
20100002
20100013
20100015
20100014
20100017
20100016
20100024
20100021
20100022
20100023
20100018
20100020
20100025
20100019
20100031
20100027
20100028
20100033
20100032
20100026
20100029
20100030
20100036
20100039
20100040
20100038
20100043
20100037
20100034
20100042
20100044
20100035
20100041
20100046
20100050
20100047
20100051
20100048
20100049
20100045
20100053
20100052
20100055
20100054
20100056
20100058
20100060
20100057
20100061
20100062
20100059
20100066
20100064
20100063
20100069
20100068
20100065
20100067
20100076
20100070
20100077
20100073
20100071
20100072
20100075
20100074
20100082
20100078
20100083
20100081
20100079
20100080
20100084
20100087
20100088
20100090
20100089
20100091
20100093
20100092
20100086
20100085
20100097
20100096
20100095
20100094
20100098
20100099
20100100
20100104
20100102
20100106
20100101
20100107
20100105
20100103
20100115
20100110
20100111
20100114
20100112
20100113
20100108
20100109
20100116
20100120
20100119
20100117
20100118
20100123
20100127
20100130
20100125
20100121
20100128
20100129
20100126
20100122
20100124
20100139
20100138
20100133
20100135
20100131
20100132
20100137
20100140
20100136
20100134
20100141
20100142
20100143
20100144
20100145
20100150
20100152
20100149
20100147
20100148
20100151
20100153
20100146
20100158
20100164
20100162
20100159
20100161
20100157
20100155
20100160
20100163
20100154
20100156
20100167
20100166
20100165
20100178
20100176
20100168
20100175
20100169
20100173
20100172
20100177
20100171
20100170
20100174
20100185
20100181
20100183
20100187
20100179
20100184
20100180
20100182
20100186
20100192
20100188
20100191
20100190
20100189
20100196
20100195
20100194
20100193
20100202
20100197
20100203
20100204
20100198
20100201
20100199
20100200
20100205
20100207
20100209
20100212
20100206
20100211
20100208
20100210
20100217
20100215
20100214
20100213
20100216
20100220
20100224
20100221
20100219
20100223
20100225
20100218
20100222
20100233
20100234
20100232
20100229
20100235
20100226
20100231
20100230
20100228
20100236
20100227
20100237
20100240
20100238
20100241
20100239
20100243
20100244
20100242
20100253
20100251
20100249
20100247
20100246
20100252
20100248
20100250
20100245
20100257
20100258
20100260
20100254
20100256
20100255
20100259
20100262
20100263
20100261
20100264
20100267
20100266
20100268
20100269
20100273
20100270
20100274
20100271
20100272
20100265
20100280
20100281
20100283
20100275
20100278
20100279
20100276
20100282
20100277
20100284
20100287
20100286
20100288
20100285
20100289
20100290
20100292
20100293
20100300
20100299
20100295
20100298
20100301
20100297
20100296
20100294
20100291
20100303
20100306
20100304
20100302
20100305
20100312
20100307
20100308
20100309
20100310
20100311
20100315
20100314
20100318
20100319
20100313
20100320
20100317
20100316
20100326
20100329
20100327
20100324
20100328
20100321
20100323
20100325
20100330
20100322
20100332
20100333
20100335
20100334
20100336
20100331
20100337
20100342
20100339
20100344
20100341
20100340
20100338
20100346
20100345
20100347
20100343
20100352
20100348
20100351
20100354
20100356
20100349
20100350
20100353
20100355
20100360
20100358
20100357
20100359
20100365
20100364
20100361
20100363
20100370
20100362
20100366
20100368
20100367
20100369
20100373
20100377
20100381
20100376
20100378
20100372
20100374
20100375
20100371
20100380
20100379
20100385
20100383
20100382
20100384
20100386
20100387
20100389
20100391
20100390
20100396
20100397
20100388
20100394
20100395
20100399
20100392
20100393
20100398
20100401
20100402
20100405
20100400
20100404
20100406
20100403
20100412
20100411
20100407
20100414
20100409
20100408
20100413
20100410
20100423
20100415
20100420
20100422
20100421
20100416
20100418
20100419
20100417
20100425
20100429
20100427
20100424
20100428
20100426
20100430
20100432
20100431
20100433
20100437
20100441
20100436
20100438
20100435
20100442
20100434
20100440
20100439
20100443
20100444
20100445
20100446
20100450
20100451
20100454
20100456
20100447
20100449
20100455
20100452
20100453
20100448
20100457
20100463
20100460
20100462
20100467
20100458
20100465
20100466
20100464
20100459
20100461
20100470
20100469
20100471
20100468
20100476
20100473
20100475
20100478
20100477
20100472
20100474
20100486
20100482
20100487
20100481
20100484
20100479
20100480
20100483
20100485
20100490
20100492
20100489
20100493
20100491
20100488
20100494
20100499
20100498
20100497
20100495
20100496
20100501
20100506
20100500
20100507
20100503
20100504
20100508
20100505
20100502
20100513
20100514
20100512
20100516
20100515
20100511
20100518
20100509
20100517
20100510
20100519
20100520
20100521
20100523
20100525
20100524
20100522
20100526
20100534
20100528
20100532
20100530
20100529
20100533
20100527
20100531
20100542
20100536
20100541
20100540
20100543
20100539
20100538
20100535
20100537
20100546
20100548
20100544
20100547
20100545
20100553
20100551
20100552
20100555
20100554
20100549
20100550
20100556
20100569
20100566
20100568
20100559
20100563
20100564
20100561
20100557
20100560
20100567
20100562
20100565
20100558
20100575
20100570
20100580
20100578
20100581
20100574
20100573
20100579
20100572
20100576
20100571
20100577
20100585
20100584
20100589
20100583
20100586
20100587
20100588
20100582
20100596
20100594
20100591
20100592
20100593
20100595
20100590
20100600
20100602
20100599
20100601
20100603
20100597
20100598
20100604
20100607
20100608
20100609
20100606
20100605
20100615
20100620
20100614
20100619
20100610
20100612
20100613
20100611
20100618
20100617
20100616
20100621
20100622
20100623
20100624
20100632
20100628
20100631
20100634
20100626
20100630
20100635
20100629
20100627
20100625
20100633
20100636
20100640
20100638
20100639
20100637
20100643
20100647
20100646
20100645
20100644
20100641
20100642
20100650
20100649
20100651
20100654
20100648
20100656
20100655
20100652
20100653
20100662
20100661
20100658
20100657
20100660
20100659
20100667
20100668
20100671
20100664
20100665
20100669
20100672
20100666
20100663
20100675
20100673
20100674
20100670
20100684
20100683
20100677
20100678
20100685
20100681
20100676
20100682
20100679
20100680
20100688
20100686
20100689
20100691
20100687
20100690
20100697
20100694
20100696
20100693
20100695
20100692
20100702
20100704
20100698
20100706
20100707
20100705
20100701
20100700
20100703
20100708
20100699
20100714
20100709
20100715
20100710
20100711
20100712
20100713
20100716
20100720
20100717
20100719
20100718
20100721
20100730
20100729
20100726
20100728
20100724
20100725
20100727
20100723
20100731
20100722
20100735
20100732
20100733
20100734
20100745
20100744
20100738
20100737
20100736
20100740
20100743
20100742
20100739
20100741
20100749
20100746
20100748
20100747
20100752
20100751
20100750
20100758
20100753
20100757
20100755
20100756
20100754
20100763
20100761
20100762
20100765
20100759
20100766
20100760
20100764
20100768
20100772
20100770
20100767
20100774
20100773
20100769
20100771
20100780
20100775
20100776
20100779
20100777
20100781
20100778
20100785
20100786
20100783
20100789
20100784
20100787
20100782
20100788
20100793
20100791
20100790
20100792
20100795
20100796
20100797
20100794
20100798
20100799
20100800
20100801
20100808
20100802
20100803
20100805
20100806
20100804
20100807
20100814
20100815
20100817
20100812
20100809
20100813
20100811
20100810
20100816
20100821
20100819
20100818
20100820
20100828
20100826
20100825
20100822
20100831
20100823
20100830
20100829
20100824
20100827
20100833
20100834
20100835
20100836
20100832
20100837
20100847
20100839
20100846
20100841
20100840
20100844
20100843
20100845
20100842
20100838
20100849
20100851
20100850
20100848
20100852
20100856
20100855
20100858
20100859
20100857
20100861
20100860
20100853
20100854
20100865
20100864
20100867
20100862
20100866
20100868
20100863
20100870
20100873
20100872
20100869
20100874
20100871
20100880
20100878
20100876
20100879
20100884
20100883
20100882
20100885
20100875
20100877
20100881
20100888
20100890
20100887
20100889
20100886
20100891
20100892
20100893
20100898
20100897
20100899
20100896
20100894
20100895
20100904
20100905
20100903
20100900
20100906
20100902
20100901
20100914
20100907
20100908
20100912
20100913
20100909
20100911
20100910
20100916
20100920
20100921
20100917
20100915
20100918
20100919
20100925
20100922
20100926
20100924
20100923
20100927
20100932
20100931
20100930
20100928
20100933
20100929
20100934
20100941
20100935
20100936
20100943
20100937
20100938
20100942
20100939
20100940
20100944
20100950
20100947
20100949
20100945
20100948
20100946
20100951
20100953
20100955
20100952
20100954
20100964
20100958
20100956
20100959
20100957
20100962
20100965
20100963
20100961
20100960
20100969
20100968
20100967
20100970
20100966
20100971
20100978
20100973
20100974
20100972
20100975
20100976
20100977
20100986
20100981
20100979
20100983
20100984
20100982
20100980
20100985
20100991
20100987
20100990
20100988
20100992
20100993
20100989
20100997
20100996
20100998
20100995
20101001
20100994
20101000
20100999
20101005
20101006
20101002
20101003
20101004
20101007
20101009
20101011
20101016
20101012
20101008
20101013
20101014
20101015
20101010
20101019
20101022
20101024
20101020
20101023
20101021
20101018
20101017
20101027
20101030
20101028
20101025
20101026
20101029
20101031
20101034
20101037
20101038
20101036
20101032
20101035
20101039
20101040
20101033
20101045
20101046
20101043
20101041
20101047
20101042
20101044
20101052
20101055
20101050
20101051
20101049
20101048
20101053
20101056
20101054
20101060
20101064
20101063
20101059
20101062
20101066
20101065
20101057
20101061
20101058
20101068
20101071
20101070
20101067
20101069
20101074
20101072
20101075
20101073
20101080
20101076
20101078
20101079
20101081
20101077
20101088
20101083
20101092
20101086
20101087
20101085
20101090
20101082
20101089
20101084
20101091
20101097
20101096
20101094
20101095
20101098
20101093
20101103
20101102
20101100
20101104
20101099
20101101
20101112
20101110
20101107
20101108
20101105
20101111
20101109
20101106
20101122
20101114
20101121
20101120
20101116
20101113
20101117
20101115
20101118
20101119
20101126
20101129
20101130
20101127
20101125
20101124
20101128
20101123
20101134
20101135
20101132
20101133
20101136
20101131
20101143
20101144
20101137
20101145
20101139
20101140
20101138
20101142
20101141
20101146
20101150
20101147
20101151
20101152
20101148
20101149
20101153
20101154
20101155
20101156
20101157
20101158
20101161
20101159
20101160
20101164
20101163
20101162
20101172
20101175
20101173
20101174
20101165
20101167
20101171
20101169
20101170
20101166
20101168
20101177
20101186
20101178
20101183
20101180
20101176
20101179
20101187
20101189
20101181
20101188
20101185
20101184
20101182
