21400001
21400002
21400003
21400010
21400015
21400006
21400009
21400008
21400005
21400013
21400011
21400007
21400012
21400014
21400004
21400016
21400018
21400020
21400019
21400017
21400025
21400023
21400024
21400021
21400022
21400026
21400038
21400027
21400034
21400036
21400033
21400029
21400035
21400028
21400037
21400032
21400030
21400031
21400042
21400041
21400040
21400039
21400044
21400045
21400046
21400048
21400043
21400047
21400050
21400051
21400054
21400049
21400055
21400053
21400052
21400056
21400068
21400062
21400066
21400063
21400060
21400058
21400067
21400064
21400065
21400059
21400061
21400057
21400069
21400070
21400074
21400077
21400072
21400076
21400073
21400075
21400080
21400079
21400081
21400071
21400078
21400085
21400087
21400084
21400083
21400089
21400086
21400082
21400088
21400096
21400093
21400091
21400092
21400090
21400095
21400097
21400094
21400101
21400100
21400102
21400099
21400098
21400107
21400105
21400103
21400108
21400104
21400106
21400112
21400114
21400109
21400113
21400110
21400117
21400116
21400111
21400115
21400119
21400120
21400118
21400121
21400122
21400127
21400128
21400125
21400131
21400124
21400130
21400123
21400129
21400126
21400132
21400141
21400135
21400136
21400137
21400134
21400140
21400138
21400133
21400139
21400145
21400142
21400144
21400143
21400147
21400151
21400150
21400148
21400152
21400154
21400149
21400146
21400153
21400157
21400155
21400158
21400156
21400165
21400167
21400160
21400162
21400163
21400164
21400161
21400166
21400168
21400159
21400169
21400171
21400170
21400172
21400180
21400174
21400177
21400178
21400176
21400182
21400173
21400183
21400175
21400179
21400181
21400189
21400186
21400184
21400187
21400188
21400190
21400192
21400185
21400191
21400194
21400197
21400195
21400196
21400193
21400198
21400201
21400204
21400199
21400203
21400200
21400202
21400206
21400207
21400208
21400209
21400205
21400221
21400217
21400218
21400213
21400212
21400215
21400211
21400216
21400222
21400210
21400220
21400219
21400214
21400225
21400233
21400227
21400228
21400231
21400232
21400224
21400223
21400230
21400226
21400229
21400234
21400237
21400239
21400240
21400235
21400238
21400236
21400245
21400246
21400248
21400243
21400242
21400247
21400241
21400244
21400252
21400251
21400249
21400250
21400258
21400261
21400254
21400253
21400257
21400256
21400260
21400255
21400259
21400262
21400269
21400264
21400265
21400272
21400266
21400270
21400271
21400267
21400268
21400263
21400273
21400275
21400274
21400285
21400280
21400287
21400283
21400277
21400279
21400276
21400284
21400286
21400278
21400282
21400281
21400291
21400292
21400289
21400288
21400290
21400293
21400296
21400295
21400300
21400294
21400297
21400299
21400298
21400305
21400303
21400302
21400307
21400306
21400304
21400301
21400312
21400311
21400310
21400308
21400314
21400315
21400309
21400313
21400324
21400321
21400319
21400320
21400322
21400317
21400318
21400316
21400323
21400325
21400326
21400327
21400337
21400335
21400328
21400336
21400333
21400339
21400332
21400330
21400329
21400338
21400334
21400331
21400345
21400347
21400340
21400344
21400346
21400341
21400343
21400342
21400351
21400350
21400354
21400352
21400348
21400353
21400349
21400358
21400355
21400362
21400360
21400357
21400361
21400359
21400356
21400365
21400364
21400368
21400367
21400363
21400366
21400376
21400369
21400372
21400374
21400373
21400377
21400375
21400371
21400370
21400378
21400381
21400382
21400379
21400380
21400390
21400386
21400387
21400383
21400384
21400388
21400391
21400389
21400392
21400385
21400393
21400396
21400394
21400397
21400398
21400395
21400399
21400408
21400400
21400404
21400405
21400402
21400406
21400403
21400401
21400407
21400409
21400410
21400411
21400414
21400413
21400415
21400412
21400418
21400425
21400419
21400426
21400424
21400421
21400417
21400416
21400422
21400423
21400420
21400427
21400430
21400429
21400428
21400431
21400432
21400441
21400439
21400433
21400442
21400437
21400434
21400436
21400435
21400440
21400438
21400445
21400449
21400451
21400447
21400452
21400446
21400450
21400448
21400443
21400444
21400457
21400458
21400454
21400455
21400453
21400456
21400459
21400461
21400460
21400463
21400462
21400464
21400474
21400467
21400471
21400470
21400466
21400473
21400472
21400468
21400465
21400469
21400478
21400480
21400481
21400476
21400477
21400479
21400475
21400482
21400483
21400485
21400487
21400486
21400488
21400484
21400491
21400494
21400490
21400492
21400489
21400493
21400498
21400502
21400496
21400499
21400495
21400501
21400500
21400497
21400507
21400503
21400505
21400506
21400504
21400508
21400518
21400510
21400512
21400513
21400519
21400514
21400511
21400515
21400516
21400517
21400509
21400520
21400521
21400525
21400524
21400531
21400533
21400523
21400530
21400529
21400522
21400527
21400528
21400526
21400534
21400532
21400535
21400536
21400537
21400540
21400546
21400538
21400545
21400542
21400547
21400548
21400539
21400543
21400544
21400541
21400552
21400549
21400557
21400554
21400551
21400553
21400555
21400550
21400556
21400559
21400561
21400562
21400558
21400560
21400566
21400563
21400565
21400564
21400567
21400573
21400572
21400568
21400570
21400569
21400571
21400581
21400577
21400582
21400578
21400580
21400579
21400574
21400575
21400576
21400583
21400584
21400586
21400585
21400596
21400590
21400592
21400595
21400591
21400598
21400597
21400587
21400589
21400588
21400594
21400599
21400593
21400601
21400607
21400603
21400605
21400604
21400600
21400602
21400606
21400608
21400610
21400609
21400622
21400612
21400619
21400618
21400613
21400616
21400617
21400621
21400615
21400614
21400611
21400620
21400624
21400623
21400629
21400627
21400632
21400635
21400636
21400625
21400628
21400630
21400634
21400633
21400626
21400631
21400640
21400637
21400638
21400639
21400645
21400646
21400642
21400644
21400643
21400641
21400647
21400651
21400650
21400649
21400648
21400653
21400656
21400655
21400652
21400654
21400657
21400665
21400661
21400660
21400664
21400667
21400662
21400659
21400666
21400663
21400658
21400671
21400673
21400672
21400670
21400674
21400680
21400677
21400678
21400676
21400679
21400675
21400687
21400681
21400690
21400689
21400686
21400683
21400688
21400684
21400691
21400685
21400682
21400695
21400693
21400692
21400694
21400700
21400701
21400698
21400704
21400697
21400696
21400702
21400699
21400703
21400715
21400708
21400712
21400709
21400713
21400711
21400714
21400706
21400707
21400705
21400710
21400717
21400716
21400721
21400720
21400725
21400719
21400718
21400722
21400723
21400724
21400728
21400729
21400726
21400730
21400727
21400736
21400733
21400731
21400735
21400740
21400738
21400741
21400739
21400732
21400734
21400737
21400745
21400743
21400742
21400744
21400754
21400755
21400746
21400750
21400748
21400747
21400751
21400749
21400752
21400756
21400753
21400757
21400758
21400763
21400764
21400762
21400760
21400761
21400759
21400767
21400768
21400769
21400765
21400766
21400771
21400770
21400772
21400773
21400779
21400782
21400778
21400780
21400781
21400774
21400777
21400776
21400775
21400784
21400783
21400785
21400787
21400786
21400788
21400799
21400790
21400795
21400798
21400794
21400797
21400793
21400789
21400792
21400791
21400796
21400800
21400801
21400802
21400803
21400811
21400813
21400814
21400809
21400806
21400807
21400815
21400805
21400808
21400812
21400810
21400804
21400818
21400816
21400820
21400817
21400819
21400827
21400823
21400829
21400826
21400824
21400822
21400828
21400825
21400821
21400832
21400830
21400834
21400835
21400837
21400836
21400831
21400833
21400838
21400839
21400840
21400841
21400849
21400844
21400842
21400847
21400848
21400845
21400846
21400851
21400853
21400852
21400850
21400843
21400855
21400854
21400862
21400857
21400865
21400869
21400856
21400860
21400863
21400866
21400867
21400858
21400864
21400859
21400868
21400861
21400876
21400871
21400874
21400873
21400870
21400875
21400872
21400881
21400878
21400880
21400882
21400884
21400877
21400879
21400883
21400886
21400887
21400888
21400885
21400889
21400891
21400893
21400890
21400894
21400892
21400669
21400895
21400908
21400898
21400907
21400904
21400896
21400900
21400905
21400906
21400901
21400897
21400903
21400902
21400899
21400909
21400910
21400912
21400911
21400918
21400919
21400913
21400914
21400921
21400922
21400916
21400917
21400915
21400920
21400925
21400923
21400927
21400924
21400930
21400928
21400926
21400929
21400931
21400937
21400932
21400936
21400933
21400935
21400934
21400939
21400944
21400938
21400940
21400943
21400942
21400941
21400945
21400947
21400950
21400951
21400946
21400949
21400948
21400954
21400953
21400955
21400961
21400956
21400960
21400958
21400952
21400959
21400957
21400963
21400962
21400966
21400964
21400965
21400972
21400969
21400970
21400973
21400967
21400971
21400974
21400975
21400976
21400979
21400978
21400980
21400981
21400977
21400983
21400982
21400984
21400986
21400988
21400989
21400985
21400987
21400997
21400991
21400998
21400994
21400999
21400992
21400993
21400996
21400990
21400995
21401001
21401002
21401003
21401000
21401004
21401009
21401010
21401014
21401012
21401007
21401006
21401013
21401005
21401011
21401015
21401008
21401016
21401019
21401018
21401017
21401031
21401021
21401024
21401030
21401020
21401027
21401029
21401022
21401028
21401023
21401026
21401025
21401035
21401036
21401033
21401032
21401034
21401044
21401041
21401039
21401037
21401047
21401046
21401042
21401038
21401040
21401043
21401045
21401051
21401052
21401049
21401053
21401048
21401050
21401058
21401054
21401055
21401056
21401059
21401057
21401072
21401060
21401064
21401063
21401067
21401068
21401066
21401061
21401065
21401070
21401069
21401071
21401062
21401073
21401083
21401079
21401084
21401074
21401085
21401086
21401081
21401076
21401077
21401082
21401078
21401080
21401075
21401089
21401088
21401090
21401091
21401087
21401094
21401098
21401095
21401096
21401097
21401092
21401093
21401100
21401099
21401102
21401107
21401103
21401101
21401106
21401105
21401104
21401108
21401109
21401111
21401110
21401121
21401122
21401113
21401115
21401112
21401118
21401123
21401116
21401119
21401120
21401117
21401114
21401124
21401126
21401125
21401128
21401133
21401135
21401130
21401129
21401136
21401131
21401134
21401127
21401132
21401138
21401142
21401141
21401143
21401137
21401144
21401145
21401140
21401139
21401146
21401153
21401152
21401149
21401151
21401148
21401147
21401150
21400668
21401158
21401157
21401156
21401155
21401154
21401159
21401167
21401161
21401162
21401168
21401171
21401164
21401170
21401172
21401163
21401169
21401166
21401165
21401160
21401173
21401174
21401178
21401181
21401180
21401183
21401182
21401176
21401184
21401177
21401186
21401175
21401179
21401185
21401190
21401187
21401189
21401191
21401192
21401188
21401198
21401196
21401200
21401197
21401199
21401201
21401195
21401194
21401193
21401203
21401207
21401206
21401212
21401210
21401211
21401209
21401208
21401204
21401213
21401202
21401205
21401215
21401214
21401216
21401227
21401220
21401224
21401226
21401230
21401218
21401221
21401223
21401222
21401229
21401219
21401217
21401225
21401228
