22200002
22200001
22200008
22200011
22200010
22200009
22200014
22200006
22200012
22200013
22200007
22200005
22200004
22200003
22200016
22200015
22200020
22200018
22200021
22200026
22200027
22200017
22200022
22200025
22200023
22200024
22200019
22200031
22200028
22200032
22200033
22200036
22200034
22200030
22200035
22200029
22200041
22200040
22200038
22200037
22200042
22200043
22200039
22200044
22200050
22200046
22200047
22200045
22200048
22200049
22200051
22200053
22200052
22200054
22200055
22200064
22200065
22200063
22200060
22200059
22200061
22200056
22200062
22200058
22200057
22200066
22200067
22200069
22200068
22200079
22200074
22200076
22200071
22200073
22200080
22200078
22200075
22200077
22200072
22200070
22200082
22200085
22200081
22200086
22200084
22200083
22200087
22200094
22200089
22200092
22200093
22200088
22200095
22200091
22200090
22200099
22200096
22200097
22200102
22200100
22200098
22200101
22200104
22200105
22200103
22200106
22200116
22200107
22200112
22200114
22200108
22200113
22200110
22200111
22200117
22200109
22200115
22200119
22200118
22200120
22200130
22200127
22200121
22200129
22200123
22200131
22200126
22200122
22200124
22200125
22200128
22200138
22200135
22200139
22200133
22200137
22200136
22200134
22200132
22200142
22200140
22200141
22200143
22200155
22200154
22200157
22200147
22200152
22200149
22200146
22200153
22200144
22200150
22200158
22200148
22200151
22200145
22200156
22200168
22200163
22200162
22200165
22200167
22200160
22200159
22200166
22200170
22200171
22200164
22200169
22200161
22200172
22200173
22200175
22200174
22200182
22200178
22200181
22200176
22200177
22200179
22200180
22200183
22200189
22200187
22200185
22200186
22200188
22200191
22200184
22200190
22200194
22200195
22200193
22200196
22200198
22200192
22200197
22200199
22200202
22200201
22200200
22200204
22200203
22200205
22200208
22200209
22200210
22200206
22200207
22200212
22200211
22200215
22200218
22200220
22200219
22200213
22200217
22200214
22200216
22200221
22200223
22200222
22200229
22200232
22200227
22200234
22200224
22200231
22200225
22200226
22200228
22200230
22200233
22200235
22200239
22200238
22200236
22200237
22200245
22200246
22200244
22200243
22200247
22200242
22200240
22200241
22200251
22200252
22200250
22200249
22200254
22200255
22200248
22200253
22200256
22200258
22200259
22200257
22200261
22200262
22200268
22200263
22200260
22200267
22200270
22200271
22200265
22200264
22200266
22200269
22200278
22200283
22200281
22200279
22200284
22200275
22200272
22200282
22200273
22200277
22200274
22200280
22200285
22200276
22200286
22200287
22200288
22200289
22200293
22200290
22200294
22200297
22200291
22200296
22200298
22200292
22200295
22200303
22200302
22200306
22200300
22200305
22200308
22200304
22200307
22200299
22200301
22200311
22200309
22200310
22200312
22200322
22200317
22200323
22200315
22200314
22200318
22200320
22200316
22200313
22200324
22200321
22200319
22200325
22200329
22200336
22200333
22200330
22200328
22200334
22200332
22200326
22200327
22200331
22200335
22200339
22200337
22200338
22200342
22200343
22200341
22200340
22200350
22200346
22200344
22200351
22200349
22200345
22200348
22200347
22200358
22200352
22200353
22200357
22200355
22200356
22200354
22200359
22200361
22200360
22200362
22200373
22200371
22200372
22200369
22200370
22200366
22200367
22200368
22200365
22200363
22200364
22200374
22200376
22200375
22200381
22200378
22200386
22200384
22200383
22200385
22200377
22200380
22200382
22200379
22200388
22200393
22200392
22200389
22200391
22200390
22200387
22200394
22200399
22200396
22200395
22200400
22200397
22200398
22200401
22200405
22200404
22200408
22200406
22200407
22200402
22200403
22200409
22200410
22200413
22200411
22200412
22200418
22200414
22200415
22200419
22200423
22200416
22200422
22200421
22200417
22200420
22200424
22200427
22200425
22200426
22200437
22200428
22200432
22200435
22200434
22200430
22200433
22200436
22200429
22200431
22200443
22200442
22200441
22200444
22200439
22200438
22200440
22200447
22200448
22200449
22200445
22200451
22200450
22200446
22200457
22200454
22200460
22200458
22200455
22200459
22200456
22200452
22200453
22200465
22200463
22200462
22200464
22200461
22200476
22200467
22200470
22200472
22200474
22200473
22200468
22200466
22200469
22200475
22200471
22200478
22200477
22200489
22200485
22200484
22200490
22200480
22200481
22200479
22200488
22200482
22200486
22200487
22200492
22200491
22200483
22200496
22200493
22200495
22200497
22200494
22200503
22200502
22200499
22200500
22200504
22200498
22200501
22200512
22200505
22200506
22200510
22200514
22200509
22200507
22200511
22200508
22200513
22200522
22200520
22200518
22200521
22200516
22200519
22200517
22200515
22200527
22200524
22200528
22200526
22200523
22200525
22200534
22200529
22200530
22200535
22200536
22200531
22200537
22200533
22200532
22200541
22200540
22200539
22200538
22200544
22200542
22200543
22200545
22200546
22200549
22200547
22200548
22200560
22200559
22200557
22200556
22200554
22200553
22200550
22200558
22200555
22200551
22200552
22200561
22200562
22200563
22200572
22200574
22200573
22200570
22200567
22200571
22200565
22200566
22200568
22200564
22200575
22200569
22200578
22200576
22200577
22200579
22200589
22200587
22200585
22200586
22200581
22200580
22200590
22200583
22200584
22200582
22200588
22200593
22200592
22200595
22200594
22200591
22200604
22200601
22200602
22200600
22200596
22200597
22200599
22200603
22200598
22200605
22200608
22200609
22200607
22200606
22200610
22200612
22200613
22200615
22200614
22200616
22200611
22200617
22200620
22200619
22200621
22200624
22200625
22200622
22200623
22200618
22200631
22200626
22200628
22200629
22200627
22200630
22200636
22200635
22200637
22200639
22200632
22200638
22200634
22200633
22200640
22200642
22200644
22200643
22200645
22200641
22200647
22200646
22200649
22200652
22200650
22200648
22200651
22200653
22200655
22200654
22200659
22200658
22200660
22200657
22200656
22200661
22200664
22200662
22200663
22200666
22200665
22200667
22200668
22200669
22200673
22200672
22200675
22200676
22200674
22200671
22200677
22200670
22200682
22200680
22200679
22200681
22200678
22200690
22200689
22200691
22200683
22200684
22200687
22200688
22200686
22200685
22200697
22200693
22200692
22200694
22200698
22200696
22200695
22200701
22200704
22200703
22200699
22200700
22200702
22200705
22200712
22200707
22200708
22200706
22200711
22200710
22200709
22200719
22200715
22200713
22200714
22200716
22200718
22200717
22200721
22200723
22200726
22200729
22200725
22200722
22200727
22200724
22200720
22200728
22200732
22200730
22200734
22200733
22200735
22200731
22200738
22200736
22200739
22200737
22200740
22200748
22200745
22200749
22200743
22200751
22200747
22200742
22200741
22200744
22200750
22200746
22200755
22200752
22200753
22200754
22200762
22200763
22200758
22200761
22200760
22200757
22200756
22200759
22200767
22200768
22200765
22200764
22200766
22200771
22200773
22200777
22200772
22200774
22200775
22200776
22200770
22200783
22200780
22200779
22200782
22200781
22200784
22200778
22200788
22200790
22200789
22200792
22200785
22200787
22200786
22200791
22200798
22200799
22200796
22200793
22200801
22200797
22200795
22200800
22200794
22200802
22200804
22200805
22200806
22200807
22200803
22200814
22200815
22200809
22200808
22200811
22200810
22200812
22200813
22200816
22200817
22200819
22200821
22200818
22200820
22200828
22200829
22200826
22200825
22200827
22200830
22200823
22200822
22200824
22200834
22200833
22200831
22200832
22200842
22200845
22200843
22200836
22200844
22200835
22200840
22200837
22200841
22200839
22200838
22200847
22200853
22200851
22200852
22200850
22200846
22200848
22200854
22200849
22200855
22200856
22200864
22200858
22200867
22200857
22200860
22200862
22200866
22200859
22200861
22200863
22200865
22200871
22200869
22200872
22200868
22200870
22200882
22200881
22200877
22200874
22200875
22200880
22200876
22200873
22200879
22200878
22200883
22200885
22200884
22200887
22200888
22200894
22200892
22200893
22200890
22200891
22200889
22200886
22200896
22200899
22200901
22200895
22200898
22200900
22200902
22200897
22200905
22200903
22200907
22200909
22200906
22200904
22200908
22200915
22200910
22200917
22200911
22200916
22200913
22200912
22200914
22200918
22200922
22200920
22200919
22200921
22200924
22200928
22200927
22200925
22200930
22200929
22200926
22200923
22200932
22200931
22200938
22200936
22200935
22200934
22200933
22200937
22200941
22200939
22200940
22200942
22200944
22200945
22200943
22200947
22200950
22200951
22200955
22200949
22200946
22200952
22200953
22200954
22200948
22200961
22200960
22200958
22200957
22200959
22200956
22200970
22200964
22200965
22200973
22200962
22200966
22200967
22200969
22200963
22200968
22200977
22200975
22200976
22200974
22200971
22200972
22200980
22200984
22200983
22200981
22200982
22200769
22200979
22200978
22200985
22200988
22200989
22200987
22200990
22200986
22200991
22200993
22200992
22200997
22200995
22200994
22200996
22201000
22200999
22201002
22201001
22200998
22201003
22201012
22201010
22201004
22201007
22201008
22201009
22201005
22201011
22201006
22201013
22201014
22201019
22201016
22201015
22201017
22201018
22201022
22201020
22201024
22201023
22201021
22201026
22201025
22201030
22201034
22201027
22201032
22201031
22201033
22201029
22201028
22201040
22201035
22201041
22201036
22201038
22201039
22201037
22201045
22201042
22201044
22201046
22201043
22201052
22201054
22201049
22201053
22201048
22201050
22201047
22201051
22201059
22201060
22201055
22201056
22201062
22201058
22201057
22201061
22201070
22201064
22201069
22201063
22201067
22201066
22201068
22201065
22201072
22201073
22201075
22201071
22201074
22201076
22201079
22201080
22201082
22201077
22201078
22201081
22201083
22201092
22201085
22201087
22201091
22201088
22201089
22201084
22201086
22201090
22201094
22201096
22201095
22201093
22201106
22201100
22201098
22201103
22201102
22201101
22201097
22201104
22201105
22201099
22201111
22201107
22201110
22201109
22201112
22201108
22201114
22201121
22201118
22201117
22201115
22201119
22201116
22201120
22201113
22201123
22201126
22201122
22201128
22201125
22201129
22201127
22201124
22201132
22201134
22201135
22201131
22201130
22201133
22201136
22201140
22201139
22201143
22201138
22201137
22201141
22201145
22201144
22201142
22201147
22201146
22201160
22201159
22201155
22201151
22201158
22201150
22201153
22201157
22201149
22201156
22201152
22201154
22201148
22201161
22201162
22201172
22201170
22201173
22201168
22201169
22201171
22201175
22201164
22201167
22201174
22201166
22201163
22201165
22201176
22201188
22201180
22201187
22201178
22201186
22201179
22201183
22201177
22201181
22201182
22201184
22201185
22201190
22201193
22201191
22201189
22201194
22201195
22201192
22201196
22201198
22201200
22201197
22201199
22201201
22201205
22201209
22201206
22201208
22201211
22201207
22201212
22201210
22201202
22201203
22201204
22201213
22201215
22201214
22201223
22201221
22201222
22201227
22201228
22201217
22201229
22201226
22201225
22201218
22201219
22201220
22201224
22201216
22201230
