20800002
20800003
20800001
20800014
20800007
20800005
20800004
20800008
20800011
20800012
20800006
20800013
20800010
20800015
20800009
20800017
20800018
20800016
20800019
20800023
20800022
20800020
20800021
20800025
20800024
20800034
20800039
20800035
20800038
20800031
20800036
20800027
20800029
20800032
20800037
20800033
20800026
20800028
20800030
20800040
20800041
20800047
20800046
20800043
20800044
20800042
20800045
20800048
20800050
20800049
20800051
20800062
20800056
20800058
20800060
20800052
20800063
20800053
20800059
20800054
20800061
20800055
20800057
20800064
20800065
20800066
20800069
20800073
20800068
20800076
20800074
20800071
20800072
20800077
20800078
20800067
20800075
20800070
20800081
20800080
20800079
20800083
20800082
20800084
20800090
20800088
20800087
20800086
20800085
20800089
20800091
20800092
20800095
20800093
20800097
20800094
20800096
20800104
20800103
20800105
20800099
20800102
20800101
20800100
20800098
20800113
20800109
20800116
20800107
20800110
20800111
20800106
20800115
20800114
20800112
20800108
20800118
20800117
20800119
20800126
20800123
20800121
20800127
20800120
20800124
20800130
20800128
20800129
20800122
20800125
20800131
20800137
20800136
20800135
20800139
20800138
20800132
20800133
20800134
20800143
20800141
20800140
20800144
20800145
20800142
20800146
20800147
20800148
20800158
20800153
20800154
20800155
20800150
20800151
20800149
20800157
20800152
20800156
20800162
20800159
20800161
20800160
20800163
20800168
20800166
20800165
20800167
20800164
20800169
20800170
20800180
20800177
20800178
20800176
20800173
20800174
20800181
20800183
20800175
20800172
20800171
20800182
20800179
20800184
20800186
20800192
20800190
20800187
20800191
20800185
20800189
20800188
20800194
20800197
20800193
20800195
20800196
20800199
20800198
20800202
20800201
20800200
20800203
20800204
20800208
20800206
20800209
20800207
20800205
20800218
20800219
20800222
20800215
20800220
20800216
20800214
20800210
20800211
20800212
20800213
20800217
20800221
20800223
20800224
20800226
20800225
20800235
20800234
20800227
20800230
20800228
20800229
20800233
20800232
20800231
20800246
20800245
20800240
20800236
20800242
20800244
20800237
20800238
20800239
20800241
20800243
20800250
20800247
20800251
20800248
20800249
20800254
20800252
20800253
20800255
20800261
20800260
20800262
20800257
20800259
20800256
20800258
20800265
20800266
20800272
20800267
20800271
20800268
20800273
20800270
20800269
20800263
20800264
20800275
20800274
20800277
20800278
20800279
20800280
20800283
20800286
20800282
20800284
20800276
20800285
20800281
20800295
20800296
20800293
20800288
20800289
20800291
20800287
20800290
20800292
20800294
20800297
20800298
20800300
20800299
20800303
20800302
20800304
20800301
20800313
20800305
20800309
20800310
20800311
20800308
20800312
20800306
20800307
20800318
20800316
20800314
20800315
20800319
20800317
20800322
20800320
20800321
20800324
20800325
20800323
20800333
20800336
20800331
20800329
20800332
20800326
20800335
20800334
20800330
20800327
20800328
20800337
20800340
20800338
20800343
20800345
20800346
20800339
20800341
20800344
20800342
20800350
20800349
20800348
20800347
20800352
20800358
20800354
20800351
20800359
20800356
20800355
20800357
20800353
20800365
20800361
20800362
20800360
20800363
20800364
20800370
20800374
20800372
20800368
20800366
20800369
20800367
20800371
20800373
20800375
20800376
20800378
20800387
20800383
20800379
20800386
20800377
20800382
20800385
20800384
20800381
20800388
20800380
20800392
20800389
20800391
20800390
20800395
20800396
20800394
20800398
20800397
20800393
20800402
20800400
20800401
20800399
20800407
20800406
20800403
20800404
20800408
20800405
20800420
20800415
20800419
20800411
20800409
20800412
20800417
20800416
20800414
20800418
20800410
20800413
20800422
20800423
20800424
20800421
20800425
20800429
20800426
20800435
20800430
20800431
20800434
20800428
20800433
20800427
20800432
20800442
20800437
20800439
20800438
20800440
20800441
20800436
20800443
20800446
20800448
20800447
20800444
20800445
20800449
20800457
20800452
20800453
20800456
20800451
20800450
20800454
20800455
20800459
20800464
20800466
20800458
20800461
20800460
20800465
20800463
20800462
20800467
20800468
20800470
20800469
20800471
20800472
20800474
20800484
20800481
20800487
20800480
20800482
20800483
20800478
20800475
20800473
20800477
20800486
20800476
20800479
20800485
20800490
20800493
20800492
20800494
20800488
20800491
20800489
20800500
20800496
20800498
20800497
20800495
20800499
20800505
20800504
20800502
20800501
20800503
20800508
20800512
20800506
20800511
20800513
20800510
20800507
20800509
20800522
20800519
20800517
20800515
20800516
20800525
20800518
20800514
20800521
20800520
20800523
20800524
20800527
20800526
20800536
20800538
20800531
20800530
20800529
20800535
20800537
20800532
20800539
20800534
20800528
20800533
20800541
20800540
20800545
20800542
20800544
20800543
20800547
20800552
20800549
20800550
20800548
20800551
20800546
20800555
20800558
20800557
20800553
20800556
20800554
20800559
20800561
20800560
20800563
20800565
20800564
20800562
20800566
20800576
20800571
20800568
20800569
20800574
20800570
20800573
20800572
20800567
20800575
20800579
20800578
20800577
20800583
20800580
20800581
20800585
20800582
20800589
20800587
20800588
20800586
20800584
20800595
20800596
20800590
20800597
20800592
20800594
20800593
20800591
20800598
20800599
20800600
20800605
20800603
20800606
20800609
20800612
20800611
20800610
20800608
20800604
20800607
20800601
20800602
20800614
20800615
20800616
20800613
20800624
20800617
20800620
20800623
20800619
20800626
20800621
20800622
20800627
20800618
20800625
20800629
20800628
20800630
20800632
20800633
20800634
20800635
20800631
20800636
20800638
20800639
20800637
20800645
20800640
20800642
20800641
20800644
20800643
20800648
20800650
20800647
20800652
20800653
20800654
20800646
20800651
20800649
20800658
20800656
20800659
20800657
20800655
20800660
20800661
20800665
20800664
20800663
20800662
20800666
20800677
20800673
20800676
20800672
20800675
20800678
20800667
20800668
20800669
20800671
20800670
20800674
20800679
20800680
20800682
20800689
20800691
20800687
20800685
20800690
20800681
20800683
20800686
20800684
20800688
20800692
20800697
20800693
20800701
20800699
20800700
20800695
20800694
20800696
20800698
20800704
20800703
20800702
20800705
20800710
20800707
20800706
20800708
20800709
20800712
20800713
20800711
20800715
20800717
20800719
20800718
20800716
20800714
20800726
20800725
20800727
20800722
20800724
20800730
20800721
20800728
20800729
20800723
20800720
20800733
20800731
20800732
20800735
20800734
20800737
20800739
20800738
20800741
20800736
20800742
20800740
20800749
20800743
20800747
20800748
20800744
20800745
20800746
20800751
20800754
20800755
20800753
20800759
20800757
20800756
20800752
20800750
20800758
20800763
20800760
20800762
20800761
20800766
20800767
20800765
20800768
20800769
20800772
20800771
20800770
20800764
20800780
20800782
20800777
20800776
20800781
20800783
20800778
20800775
20800779
20800774
20800784
20800773
20800787
20800786
20800785
20800788
20800793
20800796
20800791
20800794
20800797
20800789
20800792
20800795
20800790
20800801
20800806
20800798
20800807
20800803
20800808
20800802
20800800
20800805
20800799
20800804
20800810
20800809
20800814
20800817
20800816
20800812
20800820
20800821
20800811
20800818
20800815
20800819
20800813
20800826
20800824
20800825
20800822
20800823
20800828
20800833
20800827
20800832
20800834
20800835
20800829
20800830
20800831
20800840
20800841
20800839
20800838
20800837
20800836
20800844
20800842
20800848
20800843
20800847
20800846
20800845
20800849
20800850
20800857
20800855
20800860
20800858
20800851
20800856
20800852
20800853
20800859
20800854
20800862
20800861
20800873
20800874
20800866
20800864
20800870
20800871
20800865
20800863
20800868
20800869
20800867
20800872
20800875
20800879
20800881
20800878
20800877
20800882
20800876
20800880
20800889
20800890
20800886
20800885
20800891
20800887
20800888
20800883
20800884
20800896
20800892
20800893
20800894
20800895
20800902
20800903
20800899
20800898
20800901
20800904
20800900
20800897
20800908
20800906
20800911
20800907
20800910
20800912
20800909
20800905
20800913
20800914
20800915
20800916
20800925
20800919
20800918
20800923
20800921
20800922
20800917
20800920
20800926
20800924
20800928
20800929
20800932
20800934
20800935
20800933
20800930
20800927
20800931
20800942
20800936
20800938
20800937
20800941
20800939
20800940
20800948
20800947
20800944
20800945
20800943
20800946
20800952
20800953
20800951
20800950
20800954
20800949
20800964
20800959
20800958
20800955
20800961
20800962
20800963
20800957
20800965
20800960
20800956
20800966
20800967
20800977
20800971
20800970
20800973
20800968
20800972
20800975
20800978
20800976
20800974
20800969
20800984
20800982
20800979
20800980
20800981
20800983
20800985
20800989
20800991
20800990
20800988
20800994
20800992
20800986
20800995
20800993
20800987
20800997
20800996
20800999
20801000
20800998
20801001
20801004
20801005
20801002
20801008
20801003
20801006
20801007
20801012
20801010
20801018
20801009
20801014
20801019
20801011
20801017
20801016
20801013
20801015
20801022
20801020
20801021
20801032
20801028
20801024
20801025
20801031
20801027
20801026
20801030
20801023
20801029
20801033
20801037
20801035
20801040
20801034
20801038
20801036
20801039
20801042
20801045
20801046
20801047
20801041
20801044
20801043
20801049
20801050
20801054
20801051
20801052
20801048
20801053
20801057
20801058
20801056
20801055
20801066
20801069
20801063
20801062
20801060
20801059
20801068
20801067
20801064
20801065
20801061
20801071
20801072
20801070
20801080
20801076
20801074
20801078
20801079
20801082
20801081
20801075
20801073
20801077
20801083
20801085
20801087
20801090
20801084
20801086
20801088
20801089
20801093
20801094
20801091
20801098
20801095
20801099
20801092
20801097
20801096
20801101
20801103
20801100
20801102
20801112
20801110
20801106
20801108
20801111
20801109
20801105
20801104
20801107
20801115
20801116
20801117
20801118
20801121
20801120
20801113
20801119
20801114
20801122
20801124
20801123
20801134
20801128
20801132
20801126
20801133
20801129
20801130
20801127
20801125
20801131
20801138
20801136
20801137
20801140
20801139
20801141
20801135
20801151
20801143
20801142
20801145
20801148
20801150
20801146
20801144
20801147
20801152
20801149
20801156
20801154
20801157
20801158
20801160
20801153
20801161
20801159
20801155
20801167
20801166
20801171
20801162
20801165
20801169
20801172
20801164
20801168
20801163
20801170
20801175
20801174
20801173
20801188
20801176
20801179
20801184
20801182
20801187
20801186
20801178
20801180
20801177
20801183
20801185
20801181
20801191
20801193
20801195
20801194
20801192
20801189
20801190
20801198
20801196
20801199
20801201
20801197
20801200
20801204
20801207
20801210
20801212
20801209
20801211
20801213
20801202
20801205
20801208
20801206
20801203
20801215
20801214
20801216
20801220
20801223
20801221
20801219
20801224
20801225
20801226
20801227
20801218
20801229
20801230
20801228
20801222
20801217
