20900002
20900003
20900004
20900001
20900006
20900015
20900016
20900013
20900007
20900009
20900011
20900008
20900005
20900010
20900012
20900014
20900017
20900018
20900019
20900030
20900020
20900028
20900021
20900029
20900031
20900026
20900024
20900022
20900023
20900027
20900025
20900033
20900032
20900037
20900035
20900034
20900038
20900036
20900043
20900041
20900044
20900040
20900042
20900045
20900039
20900048
20900046
20900050
20900047
20900049
20900053
20900058
20900057
20900056
20900054
20900055
20900059
20900051
20900052
20900061
20900068
20900063
20900064
20900066
20900065
20900060
20900062
20900067
20900069
20900071
20900070
20900082
20900078
20900079
20900084
20900081
20900077
20900074
20900073
20900075
20900083
20900072
20900076
20900080
20900091
20900087
20900085
20900089
20900088
20900090
20900086
20900095
20900097
20900094
20900092
20900096
20900093
20900102
20900100
20900098
20900101
20900099
20900103
20900108
20900104
20900106
20900107
20900105
20900113
20900116
20900115
20900111
20900119
20900118
20900112
20900120
20900114
20900109
20900121
20900110
20900117
20900122
20900123
20900130
20900125
20900131
20900132
20900124
20900128
20900129
20900126
20900127
20900137
20900133
20900139
20900134
20900135
20900141
20900136
20900142
20900138
20900140
20900145
20900146
20900144
20900143
20900149
20900148
20900147
20900151
20900152
20900157
20900154
20900155
20900156
20900150
20900153
20900161
20900164
20900158
20900162
20900168
20900165
20900167
20900160
20900169
20900166
20900159
20900163
20900172
20900170
20900171
20900173
20900177
20900179
20900181
20900174
20900176
20900182
20900180
20900175
20900178
20900183
20900185
20900191
20900188
20900187
20900190
20900184
20900186
20900189
20900192
20900194
20900197
20900196
20900195
20900193
20900198
20900199
20900200
20900201
20900205
20900203
20900202
20900206
20900204
20900207
20900212
20900215
20900210
20900217
20900219
20900218
20900213
20900214
20900211
20900216
20900209
20900208
20900221
20900220
20900230
20900224
20900225
20900229
20900226
20900228
20900222
20900227
20900231
20900232
20900233
20900223
20900234
20900236
20900235
20900238
20900237
20900241
20900244
20900240
20900239
20900243
20900248
20900245
20900247
20900246
20900242
20900250
20900251
20900252
20900249
20900253
20900257
20900255
20900258
20900254
20900256
20900266
20900268
20900263
20900259
20900261
20900264
20900260
20900265
20900262
20900267
20900269
20900271
20900270
20900278
20900279
20900276
20900272
20900275
20900281
20900273
20900274
20900277
20900280
20900287
20900288
20900289
20900283
20900286
20900290
20900285
20900282
20900284
20900293
20900294
20900291
20900292
20900295
20900296
20900299
20900298
20900297
20900307
20900306
20900301
20900303
20900304
20900305
20900302
20900300
20900314
20900311
20900315
20900310
20900313
20900309
20900308
20900312
20900316
20900318
20900319
20900317
20900320
20900329
20900322
20900330
20900323
20900326
20900324
20900325
20900328
20900327
20900321
20900338
20900335
20900334
20900337
20900336
20900332
20900331
20900333
20900342
20900341
20900340
20900339
20900343
20900350
20900344
20900349
20900347
20900348
20900346
20900345
20900351
20900353
20900354
20900356
20900355
20900357
20900352
20900358
20900361
20900359
20900365
20900369
20900362
20900367
20900366
20900364
20900360
20900368
20900363
20900372
20900370
20900371
20900381
20900376
20900380
20900379
20900375
20900374
20900378
20900382
20900377
20900373
20900383
20900392
20900391
20900388
20900386
20900387
20900389
20900385
20900390
20900384
20900394
20900398
20900393
20900399
20900396
20900395
20900397
20900402
20900403
20900404
20900401
20900400
20900407
20900412
20900405
20900409
20900406
20900410
20900413
20900411
20900408
20900421
20900420
20900418
20900419
20900423
20900422
20900417
20900415
20900414
20900416
20900424
20900425
20900427
20900428
20900426
20900438
20900435
20900432
20900436
20900433
20900431
20900430
20900434
20900429
20900437
20900441
20900443
20900444
20900439
20900442
20900440
20900447
20900448
20900446
20900449
20900451
20900445
20900450
20900453
20900455
20900454
20900458
20900456
20900457
20900452
20900466
20900460
20900464
20900462
20900465
20900459
20900463
20900468
20900467
20900461
20900473
20900471
20900472
20900470
20900469
20900474
20900476
20900475
20900487
20900488
20900484
20900483
20900481
20900486
20900479
20900477
20900485
20900482
20900480
20900478
20900493
20900492
20900490
20900491
20900489
20900497
20900495
20900494
20900496
20900502
20900501
20900505
20900499
20900503
20900504
20900500
20900506
20900498
20900509
20900508
20900515
20900516
20900511
20900510
20900513
20900512
20900507
20900514
20900517
20900526
20900529
20900528
20900527
20900518
20900520
20900519
20900522
20900523
20900525
20900524
20900521
20900530
20900534
20900537
20900535
20900531
20900533
20900532
20900536
20900543
20900542
20900541
20900539
20900540
20900538
20900552
20900545
20900548
20900551
20900544
20900550
20900547
20900546
20900549
20900557
20900554
20900555
20900553
20900556
20900566
20900563
20900567
20900558
20900568
20900561
20900559
20900562
20900564
20900565
20900560
20900570
20900569
20900583
20900572
20900579
20900578
20900582
20900571
20900580
20900577
20900576
20900581
20900574
20900575
20900573
20900589
20900588
20900590
20900587
20900586
20900585
20900591
20900584
20900592
20900593
20900598
20900605
20900597
20900595
20900599
20900596
20900600
20900604
20900603
20900602
20900594
20900601
20900606
20900607
20900617
20900614
20900610
20900611
20900620
20900613
20900616
20900618
20900612
20900619
20900609
20900615
20900608
20900621
20900622
20900632
20900627
20900629
20900626
20900633
20900635
20900624
20900630
20900623
20900631
20900628
20900634
20900625
20900642
20900637
20900644
20900636
20900641
20900638
20900645
20900643
20900640
20900639
20900646
20900647
20900648
20900656
20900657
20900653
20900652
20900654
20900649
20900655
20900650
20900651
20900661
20900659
20900662
20900660
20900658
20900666
20900672
20900668
20900665
20900667
20900670
20900671
20900663
20900673
20900664
20900669
20900675
20900676
20900674
20900680
20900681
20900684
20900685
20900688
20900678
20900687
20900683
20900682
20900679
20900686
20900677
20900694
20900692
20900690
20900693
20900691
20900689
20900696
20900699
20900697
20900701
20900695
20900702
20900698
20900703
20900700
20900708
20900705
20900707
20900710
20900709
20900704
20900706
20900717
20900716
20900714
20900712
20900713
20900711
20900715
20900721
20900720
20900723
20900724
20900718
20900727
20900726
20900719
20900728
20900725
20900722
20900730
20900729
20900737
20900733
20900740
20900738
20900739
20900732
20900735
20900734
20900736
20900731
20900749
20900748
20900747
20900741
20900750
20900745
20900743
20900744
20900751
20900752
20900746
20900754
20900753
20900757
20900755
20900756
20900764
20900759
20900760
20900761
20900763
20900758
20900768
20900762
20900766
20900767
20900765
20900770
20900774
20900777
20900772
20900778
20900773
20900771
20900775
20900776
20900769
20900779
20900780
20900785
20900783
20900788
20900786
20900787
20900784
20900789
20900790
20900781
20900782
20900796
20900801
20900795
20900797
20900798
20900792
20900793
20900794
20900791
20900799
20900800
20900803
20900802
20900808
20900812
20900811
20900813
20900810
20900804
20900805
20900809
20900807
20900814
20900806
20900815
20900817
20900816
20900818
20900820
20900819
20900822
20900821
20900824
20900830
20900831
20900823
20900828
20900827
20900825
20900826
20900829
20900834
20900836
20900835
20900833
20900832
20900838
20900841
20900842
20900843
20900837
20900840
20900844
20900839
20900851
20900855
20900847
20900853
20900852
20900845
20900850
20900846
20900849
20900848
20900854
20900858
20900857
20900856
20900868
20900866
20900860
20900870
20900864
20900859
20900863
20900869
20900862
20900861
20900865
20900867
20900871
20900873
20900875
20900874
20900877
20900876
20900872
20900884
20900883
20900882
20900880
20900881
20900879
20900878
20900885
20900894
20900886
20900888
20900890
20900889
20900892
20900891
20900887
20900893
20900898
20900896
20900895
20900897
20900902
20900906
20900899
20900910
20900905
20900909
20900900
20900901
20900907
20900903
20900904
20900908
20900913
20900911
20900912
20900918
20900916
20900924
20900919
20900923
20900915
20900917
20900920
20900914
20900922
20900921
20900926
20900930
20900928
20900927
20900931
20900929
20900932
20900925
20900933
20900934
20900939
20900937
20900935
20900936
20900938
20900944
20900940
20900943
20900941
20900942
20900952
20900945
20900947
20900951
20900950
20900948
20900949
20900946
20900959
20900957
20900954
20900960
20900961
20900958
20900956
20900953
20900955
20900962
20900963
20900742
20900967
20900972
20900973
20900971
20900969
20900968
20900965
20900975
20900974
20900966
20900964
20900970
20900982
20900977
20900980
20900976
20900978
20900981
20900979
20900988
20900990
20900986
20900985
20900984
20900983
20900987
20900989
20900996
20900991
20900995
20900992
20900994
20900993
20900998
20901003
20901004
20901002
20901001
20900999
20901000
20900997
20901007
20901009
20901015
20901010
20901014
20901011
20901008
20901006
20901005
20901013
20901012
20901016
20901017
20901023
20901024
20901022
20901019
20901025
20901026
20901027
20901021
20901020
20901018
20901028
20901032
20901029
20901031
20901033
20901030
20901035
20901034
20901037
20901036
20901038
20901040
20901042
20901041
20901039
20901045
20901044
20901047
20901049
20901050
20901046
20901052
20901051
20901048
20901043
20901054
20901053
20901055
20901056
20901063
20901065
20901062
20901061
20901057
20901059
20901064
20901058
20901067
20901066
20901060
20901068
20901069
20901070
20901076
20901079
20901080
20901074
20901078
20901075
20901071
20901073
20901077
20901072
20901081
20901086
20901085
20901084
20901083
20901082
20901094
20901095
20901090
20901089
20901091
20901088
20901096
20901092
20901093
20901087
20901101
20901100
20901099
20901097
20901098
20901106
20901104
20901103
20901105
20901102
20901108
20901119
20901116
20901114
20901112
20901110
20901115
20901109
20901118
20901117
20901111
20901113
20901107
20901120
20901121
20901126
20901128
20901123
20901124
20901130
20901122
20901131
20901129
20901125
20901127
20901139
20901134
20901137
20901136
20901140
20901135
20901132
20901138
20901133
20901142
20901143
20901145
20901148
20901146
20901147
20901144
20901141
20901151
20901149
20901152
20901156
20901154
20901155
20901153
20901150
20901157
20901164
20901161
20901158
20901165
20901168
20901159
20901166
20901163
20901162
20901167
20901169
20901170
20901160
20901171
20901172
20901173
20901184
20901176
20901183
20901175
20901178
20901186
20901180
20901179
20901181
20901177
20901174
20901185
20901182
20901192
20901190
20901193
20901191
20901187
20901194
20901189
20901188
20901199
20901197
20901196
20901201
20901195
20901200
20901198
20901203
20901209
20901210
20901206
20901211
20901202
20901212
20901208
20901207
20901205
20901204
20901215
20901213
20901214
20901216
20901228
20901223
20901226
20901221
20901217
20901225
20901230
20901229
20901222
20901220
20901227
20901219
20901224
20901218
