20200003
20200002
20200001
20200017
20200008
20200015
20200010
20200006
20200007
20200004
20200005
20200016
20200012
20200013
20200014
20200011
20200009
20200018
20200020
20200019
20200030
20200023
20200029
20200028
20200024
20200027
20200022
20200025
20200021
20200026
20200032
20200040
20200033
20200035
20200041
20200036
20200031
20200034
20200038
20200039
20200037
20200043
20200042
20200044
20200045
20200048
20200050
20200047
20200046
20200051
20200049
20200055
20200053
20200054
20200052
20200057
20200058
20200056
20200068
20200059
20200062
20200064
20200063
20200065
20200067
20200061
20200060
20200066
20200070
20200069
20200071
20200079
20200076
20200081
20200078
20200072
20200075
20200080
20200074
20200077
20200073
20200085
20200087
20200082
20200091
20200088
20200089
20200086
20200083
20200090
20200084
20200092
20200093
20200094
20200097
20200095
20200098
20200096
20200103
20200100
20200102
20200104
20200106
20200099
20200101
20200105
20200113
20200111
20200112
20200108
20200107
20200109
20200110
20200116
20200115
20200114
20200125
20200124
20200123
20200120
20200121
20200127
20200118
20200126
20200119
20200117
20200122
20200132
20200130
20200135
20200134
20200129
20200136
20200133
20200128
20200137
20200131
20200141
20200139
20200138
20200140
20200142
20200146
20200147
20200145
20200144
20200143
20200154
20200149
20200150
20200153
20200148
20200155
20200151
20200152
20200160
20200163
20200157
20200159
20200156
20200162
20200165
20200158
20200161
20200164
20200167
20200166
20200171
20200173
20200177
20200175
20200178
20200176
20200169
20200174
20200170
20200172
20200168
20200179
20200183
20200184
20200187
20200182
20200188
20200185
20200180
20200181
20200186
20200193
20200191
20200194
20200190
20200192
20200189
20200196
20200195
20200197
20200200
20200198
20200199
20200201
20200202
20200203
20200210
20200215
20200207
20200204
20200206
20200214
20200209
20200205
20200211
20200213
20200208
20200212
20200216
20200217
20200223
20200222
20200221
20200226
20200219
20200228
20200220
20200225
20200227
20200218
20200224
20200237
20200230
20200231
20200234
20200233
20200232
20200229
20200235
20200236
20200241
20200240
20200243
20200238
20200239
20200242
20200246
20200244
20200248
20200245
20200247
20200249
20200255
20200253
20200254
20200251
20200250
20200252
20200259
20200262
20200257
20200264
20200256
20200265
20200266
20200263
20200258
20200260
20200261
20200268
20200267
20200269
20200272
20200271
20200276
20200274
20200270
20200278
20200275
20200277
20200273
20200287
20200284
20200286
20200288
20200282
20200280
20200285
20200283
20200281
20200279
20200292
20200290
20200291
20200289
20200296
20200295
20200293
20200294
20200297
20200303
20200305
20200298
20200301
20200302
20200304
20200300
20200308
20200310
20200309
20200306
20200311
20200313
20200312
20200307
20200457
20200315
20200314
20200323
20200317
20200321
20200320
20200322
20200326
20200325
20200324
20200316
20200319
20200318
20200334
20200336
20200328
20200327
20200331
20200330
20200332
20200329
20200333
20200335
20200340
20200337
20200341
20200339
20200338
20200343
20200344
20200346
20200347
20200345
20200342
20200348
20200351
20200355
20200354
20200350
20200353
20200352
20200349
20200358
20200364
20200360
20200363
20200361
20200362
20200365
20200356
20200359
20200366
20200357
20200367
20200368
20200369
20200375
20200371
20200370
20200379
20200377
20200378
20200372
20200380
20200376
20200373
20200374
20200389
20200383
20200381
20200387
20200386
20200388
20200382
20200385
20200390
20200384
20200391
20200393
20200394
20200392
20200401
20200397
20200400
20200399
20200398
20200299
20200396
20200395
20200403
20200402
20200404
20200406
20200407
20200405
20200411
20200412
20200408
20200413
20200410
20200409
20200415
20200414
20200416
20200417
20200422
20200428
20200426
20200423
20200419
20200424
20200425
20200421
20200420
20200418
20200427
20200431
20200430
20200429
20200441
20200433
20200440
20200438
20200432
20200435
20200436
20200437
20200434
20200439
20200443
20200442
20200445
20200447
20200446
20200444
20200448
20200449
20200450
20200451
20200452
20200460
20200455
20200454
20200461
20200453
20200462
20200459
20200456
20200458
20200463
20200471
20200467
20200469
20200465
20200464
20200466
20200468
20200470
20200474
20200476
20200475
20200472
20200473
20200481
20200485
20200484
20200482
20200480
20200479
20200486
20200477
20200478
20200483
20200488
20200487
20200489
20200490
20200496
20200491
20200494
20200498
20200501
20200495
20200497
20200492
20200500
20200493
20200499
20200502
20200503
20200517
20200508
20200505
20200509
20200515
20200504
20200512
20200507
20200514
20200506
20200513
20200516
20200511
20200510
20200522
20200521
20200520
20200519
20200518
20200526
20200527
20200524
20200530
20200525
20200528
20200529
20200523
20200532
20200534
20200535
20200533
20200536
20200531
20200541
20200537
20200539
20200540
20200538
20200542
20200544
20200552
20200546
20200545
20200547
20200550
20200543
20200548
20200549
20200551
20200553
20200554
20200560
20200556
20200559
20200557
20200558
20200561
20200555
20200562
20200565
20200564
20200563
20200569
20200570
20200566
20200571
20200573
20200572
20200568
20200567
20200575
20200574
20200579
20200581
20200580
20200587
20200585
20200583
20200577
20200578
20200584
20200576
20200582
20200586
20200589
20200588
20200590
20200592
20200596
20200598
20200594
20200595
20200602
20200599
20200593
20200601
20200600
20200597
20200591
20200605
20200604
20200603
20200608
20200607
20200609
20200610
20200613
20200616
20200614
20200606
20200615
20200612
20200611
20200619
20200622
20200618
20200621
20200620
20200617
20200623
20200627
20200629
20200624
20200628
20200626
20200625
20200633
20200631
20200636
20200632
20200634
20200635
20200630
20200642
20200639
20200640
20200637
20200638
20200641
20200649
20200647
20200651
20200648
20200644
20200650
20200643
20200652
20200645
20200646
20200654
20200653
20200655
20200666
20200663
20200662
20200656
20200658
20200667
20200664
20200659
20200661
20200665
20200657
20200660
20200669
20200674
20200668
20200671
20200676
20200672
20200673
20200675
20200670
20200679
20200681
20200682
20200678
20200680
20200677
20200685
20200688
20200687
20200686
20200684
20200683
20200693
20200694
20200695
20200691
20200696
20200692
20200689
20200690
20200701
20200704
20200700
20200698
20200699
20200702
20200697
20200703
20200706
20200707
20200705
20200714
20200712
20200708
20200718
20200709
20200717
20200713
20200719
20200711
20200716
20200710
20200715
20200722
20200727
20200726
20200725
20200723
20200724
20200729
20200728
20200720
20200721
20200731
20200730
20200735
20200742
20200740
20200736
20200732
20200734
20200743
20200741
20200739
20200737
20200733
20200738
20200745
20200744
20200747
20200746
20200755
20200750
20200757
20200754
20200748
20200753
20200752
20200749
20200756
20200751
20200761
20200759
20200760
20200762
20200768
20200763
20200766
20200767
20200765
20200769
20200770
20200764
20200774
20200772
20200773
20200777
20200776
20200771
20200775
20200778
20200779
20200780
20200781
20200782
20200789
20200785
20200791
20200792
20200788
20200787
20200786
20200790
20200783
20200784
20200794
20200799
20200798
20200793
20200796
20200797
20200795
20200800
20200801
20200805
20200803
20200802
20200804
20200806
20200812
20200811
20200810
20200809
20200807
20200808
20200819
20200814
20200815
20200813
20200820
20200818
20200817
20200816
20200828
20200826
20200823
20200821
20200824
20200827
20200829
20200825
20200822
20200830
20200833
20200831
20200832
20200834
20200837
20200836
20200840
20200839
20200838
20200841
20200842
20200835
20200843
20200845
20200849
20200847
20200848
20200844
20200846
20200853
20200855
20200854
20200852
20200850
20200858
20200851
20200856
20200857
20200862
20200859
20200860
20200861
20200867
20200866
20200868
20200864
20200758
20200863
20200870
20200869
20200865
20200876
20200878
20200875
20200877
20200874
20200871
20200873
20200872
20200879
20200880
20200883
20200881
20200882
20200887
20200890
20200891
20200886
20200884
20200889
20200888
20200885
20200892
20200899
20200893
20200897
20200898
20200896
20200895
20200894
20200906
20200905
20200900
20200904
20200903
20200901
20200907
20200902
20200908
20200911
20200910
20200909
20200915
20200913
20200916
20200912
20200917
20200919
20200918
20200920
20200914
20200923
20200927
20200928
20200929
20200926
20200924
20200925
20200922
20200921
20200930
20200931
20200932
20200940
20200939
20200938
20200936
20200934
20200941
20200933
20200942
20200937
20200935
20200945
20200943
20200946
20200944
20200947
20200953
20200948
20200951
20200950
20200955
20200954
20200949
20200956
20200957
20200952
20200958
20200960
20200959
20200968
20200966
20200969
20200961
20200962
20200965
20200963
20200970
20200964
20200967
20200979
20200973
20200980
20200971
20200972
20200978
20200976
20200975
20200974
20200977
20200982
20200983
20200981
20200984
20200989
20200985
20200991
20200988
20200994
20200987
20200986
20200993
20200990
20200992
20201002
20201000
20200998
20200996
20201001
20200995
20200999
20200997
20201003
20201004
20201006
20201008
20201007
20201005
20201009
20201011
20201014
20201013
20201012
20201015
20201010
20201016
20201019
20201020
20201018
20201017
20201024
20201021
20201033
20201031
20201025
20201023
20201029
20201028
20201026
20201022
20201027
20201030
20201032
20201034
20201036
20201035
20201045
20201039
20201042
20201047
20201046
20201038
20201040
20201044
20201037
20201041
20201043
20201052
20201050
20201051
20201049
20201048
20201053
20201054
20201061
20201055
20201056
20201057
20201059
20201060
20201058
20201062
20201063
20201065
20201066
20201064
20201071
20201068
20201070
20201072
20201069
20201073
20201067
20201074
20201082
20201079
20201077
20201081
20201080
20201084
20201083
20201075
20201076
20201078
20201085
20201087
20201086
20201097
20201088
20201093
20201092
20201095
20201089
20201090
20201094
20201091
20201096
20201102
20201103
20201099
20201098
20201100
20201101
20201104
20201109
20201107
20201105
20201106
20201108
20201113
20201111
20201112
20201110
20201118
20201120
20201117
20201122
20201116
20201119
20201123
20201121
20201115
20201114
20201124
20201129
20201131
20201126
20201127
20201130
20201132
20201125
20201128
20201134
20201133
20201135
20201136
20201137
20201144
20201143
20201148
20201138
20201142
20201149
20201140
20201146
20201141
20201139
20201147
20201145
20201152
20201155
20201153
20201151
20201150
20201156
20201154
20201157
20201160
20201161
20201159
20201162
20201163
20201158
20201167
20201169
20201168
20201165
20201166
20201170
20201164
20201175
20201171
20201172
20201173
20201174
20201176
20201180
20201183
20201186
20201179
20201184
20201187
20201177
20201178
20201181
20201189
20201185
20201188
20201182
