20000007
20000012
20000010
20000013
20000011
20000006
20000009
20000004
20000003
20000002
20000008
20000005
20000001
20000014
20000017
20000016
20000019
20000020
20000018
20000015
20000023
20000025
20000027
20000024
20000022
20000021
20000026
20000030
20000028
20000032
20000029
20000031
20000033
20000045
20000034
20000044
20000041
20000038
20000047
20000042
20000036
20000040
20000037
20000046
20000039
20000043
20000035
20000049
20000048
20000050
20000051
20000053
20000052
20000054
20000058
20000056
20000060
20000055
20000059
20000057
20000071
20000063
20000062
20000064
20000066
20000065
20000068
20000067
20000070
20000069
20000061
20000073
20000078
20000077
20000072
20000076
20000074
20000075
20000084
20000082
20000083
20000085
20000081
20000080
20000079
20000092
20000093
20000094
20000087
20000086
20000090
20000095
20000091
20000088
20000089
20000098
20000097
20000100
20000099
20000096
20000101
20000102
20000108
20000106
20000109
20000105
20000103
20000104
20000107
20000110
20000112
20000114
20000115
20000113
20000118
20000117
20000111
20000116
20000124
20000123
20000122
20000119
20000120
20000121
20000125
20000133
20000132
20000127
20000129
20000130
20000131
20000126
20000128
20000140
20000141
20000139
20000143
20000137
20000142
20000138
20000135
20000134
20000136
20000145
20000147
20000146
20000144
20000150
20000151
20000149
20000148
20000152
20000154
20000157
20000156
20000153
20000158
20000155
20000163
20000159
20000160
20000162
20000169
20000165
20000168
20000161
20000164
20000167
20000166
20000170
20000180
20000179
20000175
20000174
20000177
20000171
20000172
20000178
20000181
20000173
20000176
20000186
20000190
20000188
20000184
20000182
20000192
20000189
20000185
20000187
20000191
20000183
20000195
20000194
20000193
20000197
20000198
20000196
20000207
20000202
20000200
20000204
20000201
20000206
20000203
20000205
20000199
20000208
20000209
20000211
20000215
20000214
20000210
20000212
20000216
20000213
20000221
20000219
20000217
20000218
20000220
20000222
20000223
20000232
20000228
20000230
20000225
20000231
20000229
20000227
20000224
20000226
20000237
20000238
20000241
20000240
20000239
20000236
20000235
20000233
20000234
20000245
20000248
20000244
20000246
20000243
20000247
20000242
20000250
20000249
20000255
20000257
20000254
20000253
20000258
20000259
20000256
20000251
20000260
20000252
20000261
20000269
20000266
20000264
20000262
20000267
20000263
20000268
20000265
20000273
20000270
20000274
20000271
20000272
20000275
20000283
20000279
20000278
20000281
20000280
20000277
20000282
20000276
20000290
20000291
20000285
20000287
20000288
20000289
20000293
20000286
20000284
20000292
20000297
20000295
20000296
20000298
20000294
20000302
20000299
20000303
20000300
20000301
20000309
20000307
20000305
20000311
20000308
20000304
20000310
20000306
20000321
20000315
20000312
20000316
20000319
20000313
20000318
20000314
20000320
20000317
20000322
20000324
20000323
20000333
20000336
20000328
20000335
20000331
20000325
20000330
20000327
20000329
20000334
20000326
20000332
20000339
20000340
20000341
20000337
20000342
20000344
20000338
20000343
20000348
20000347
20000350
20000349
20000346
20000345
20000351
20000353
20000359
20000356
20000355
20000358
20000357
20000354
20000352
20000364
20000366
20000365
20000367
20000360
20000362
20000363
20000369
20000368
20000361
20000373
20000372
20000370
20000371
20000382
20000375
20000374
20000381
20000380
20000377
20000379
20000376
20000383
20000378
20000384
20000394
20000391
20000395
20000390
20000389
20000388
20000387
20000385
20000392
20000393
20000386
20000397
20000396
20000399
20000404
20000407
20000403
20000406
20000402
20000405
20000401
20000398
20000400
20000411
20000410
20000408
20000409
20000412
20000416
20000421
20000415
20000414
20000418
20000413
20000419
20000420
20000417
20000425
20000426
20000424
20000422
20000423
20000435
20000432
20000436
20000434
20000427
20000430
20000428
20000433
20000437
20000431
20000429
20000438
20000439
20000441
20000440
20000442
20000443
20000449
20000448
20000444
20000445
20000447
20000446
20000450
20000452
20000456
20000455
20000453
20000454
20000459
20000458
20000457
20000451
20000461
20000460
20000462
20000464
20000463
20000471
20000470
20000468
20000465
20000467
20000472
20000469
20000466
20000475
20000479
20000473
20000476
20000478
20000477
20000474
20000484
20000482
20000483
20000480
20000485
20000481
20000487
20000491
20000488
20000490
20000489
20000486
20000494
20000497
20000499
20000496
20000493
20000498
20000495
20000492
20000506
20000504
20000500
20000503
20000505
20000501
20000502
20000510
20000509
20000507
20000512
20000508
20000511
20000514
20000520
20000513
20000515
20000519
20000517
20000516
20000518
20000523
20000522
20000525
20000521
20000527
20000529
20000530
20000526
20000524
20000528
20000533
20000534
20000531
20000532
20000539
20000541
20000540
20000538
20000535
20000544
20000545
20000546
20000537
20000543
20000536
20000542
20000547
20000548
20000550
20000549
20000554
20000551
20000557
20000558
20000552
20000553
20000555
20000556
20000564
20000561
20000560
20000562
20000563
20000559
20000567
20000570
20000573
20000572
20000568
20000566
20000565
20000569
20000571
20000574
20000577
20000576
20000575
20000586
20000585
20000581
20000583
20000582
20000578
20000580
20000579
20000584
20000587
20000599
20000592
20000590
20000594
20000595
20000597
20000598
20000589
20000596
20000593
20000588
20000591
20000602
20000604
20000603
20000600
20000601
20000606
20000605
20000609
20000610
20000608
20000607
20000611
20000613
20000614
20000615
20000612
20000617
20000616
20000624
20000625
20000622
20000627
20000619
20000618
20000621
20000623
20000626
20000628
20000620
20000629
20000630
20000638
20000633
20000637
20000635
20000636
20000632
20000631
20000634
20000640
20000641
20000644
20000643
20000639
20000645
20000642
20000649
20000648
20000650
20000647
20000646
20000652
20000651
20000653
20000659
20000660
20000654
20000656
20000657
20000658
20000655
20000662
20000667
20000663
20000665
20000661
20000666
20000664
20000669
20000668
20000673
20000670
20000674
20000671
20000677
20000675
20000672
20000676
20000681
20000678
20000679
20000682
20000680
20000689
20000688
20000684
20000686
20000685
20000687
20000683
20000692
20000691
20000690
20000695
20000693
20000694
20000703
20000700
20000696
20000704
20000697
20000702
20000698
20000701
20000705
20000699
20000706
20000709
20000708
20000707
20000715
20000714
20000711
20000719
20000718
20000710
20000716
20000722
20000717
20000721
20000720
20000713
20000712
20000727
20000724
20000728
20000725
20000726
20000723
20000729
20000733
20000731
20000734
20000735
20000732
20000730
20000741
20000739
20000736
20000737
20000742
20000740
20000738
20000745
20000746
20000748
20000744
20000743
20000747
20000749
20000753
20000751
20000750
20000756
20000754
20000757
20000752
20000755
20000759
20000758
20000760
20000761
20000763
20000767
20000762
20000768
20000769
20000765
20000764
20000766
20000770
20000776
20000775
20000772
20000774
20000778
20000777
20000773
20000771
20000781
20000780
20000783
20000779
20000782
20000790
20000792
20000789
20000791
20000785
20000793
20000784
20000787
20000788
20000786
20000800
20000797
20000795
20000794
20000799
20000796
20000798
20000804
20000801
20000802
20000807
20000806
20000803
20000805
20000813
20000808
20000811
20000814
20000810
20000809
20000812
20000815
20000819
20000820
20000817
20000816
20000818
20000821
20000827
20000826
20000825
20000829
20000824
20000822
20000831
20000828
20000823
20000830
20000835
20000834
20000832
20000836
20000833
20000846
20000839
20000842
20000845
20000838
20000837
20000844
20000840
20000843
20000841
20000848
20000852
20000849
20000847
20000850
20000851
20000859
20000857
20000855
20000860
20000858
20000853
20000856
20000854
20000863
20000864
20000866
20000861
20000862
20000865
20000870
20000874
20000868
20000869
20000873
20000871
20000872
20000867
20000877
20000876
20000880
20000875
20000881
20000883
20000878
20000882
20000879
20000884
20000887
20000886
20000885
20000892
20000895
20000899
20000891
20000893
20000898
20000896
20000889
20000890
20000894
20000888
20000897
20000902
20000904
20000901
20000900
20000903
20000911
20000908
20000905
20000906
20000913
20000909
20000907
20000910
20000912
20000915
20000914
20000917
20000916
20000922
20000925
20000919
20000921
20000924
20000923
20000918
20000920
20000932
20000931
20000926
20000930
20000934
20000933
20000929
20000927
20000928
20000940
20000938
20000939
20000937
20000935
20000936
20000944
20000948
20000949
20000941
20000946
20000942
20000943
20000945
20000950
20000947
20000956
20000951
20000954
20000957
20000955
20000953
20000952
20000961
20000960
20000964
20000962
20000959
20000958
20000963
20000966
20000965
20000967
20000969
20000968
20000975
20000973
20000972
20000970
20000974
20000971
20000976
20000983
20000978
20000977
20000979
20000982
20000981
20000980
20000986
20000989
20000984
20000988
20000985
20000987
20000990
20000993
20000997
20000995
20000998
20000996
20000991
20000994
20000992
20001001
20001000
20001003
20001002
20000999
20001008
20001004
20001009
20001007
20001010
20001006
20001005
20001015
20001011
20001017
20001012
20001014
20001013
20001016
20001023
20001018
20001020
20001022
20001019
20001021
20001024
20001025
20001027
20001029
20001026
20001030
20001028
20001035
20001037
20001036
20001032
20001031
20001033
20001034
20001038
20001041
20001044
20001046
20001042
20001045
20001040
20001039
20001043
20001047
20001050
20001048
20001052
20001049
20001051
20001061
20001059
20001057
20001056
20001053
20001058
20001055
20001060
20001062
20001054
20001070
20001065
20001069
20001071
20001067
20001063
20001068
20001073
20001064
20001066
20001072
20001078
20001074
20001075
20001080
20001081
20001077
20001076
20001079
20001086
20001084
20001085
20001082
20001087
20001083
20001088
20001095
20001096
20001093
20001094
20001091
20001092
20001090
20001089
20001101
20001103
20001099
20001100
20001097
20001098
20001102
20001104
20001108
20001105
20001109
20001106
20001107
20001110
20001115
20001112
20001113
20001114
20001111
20001121
20001122
20001123
20001119
20001116
20001120
20001118
20001124
20001117
20001130
20001125
20001127
20001128
20001131
20001129
20001126
20001132
20001135
20001134
20001136
20001133
20001137
20001148
20001145
20001146
20001147
20001140
20001143
20001141
20001144
20001139
20001142
20001138
20001149
20001151
20001150
20001153
20001152
20001155
20001163
20001158
20001162
20001160
20001154
20001156
20001157
20001159
20001161
20001167
20001166
20001169
20001165
20001168
20001164
20001170
20001178
20001177
20001174
20001173
20001171
20001175
20001176
20001172
20001182
20001189
20001183
20001179
20001185
20001186
20001184
20001181
20001187
20001180
20001188
