22400062
22400061
22400065
22400066
22400071
22400067
22400069
22400063
22400068
22400064
22400070
22400072
22400073
22400076
22400075
22400074
22400082
22400085
22400083
22400081
22400086
22400079
22400084
22400077
22400080
22400078
22400088
22400089
22400092
22400096
22400094
22400091
22400087
22400095
22400090
22400093
22400099
22400100
22400097
22400098
22400101
22400112
22400109
22400108
22400110
22400105
22400111
22400107
22400103
22400102
22400104
22400106
22400115
22400114
22400116
22400113
22400118
22400117
22400122
22400123
22400126
22400127
22400120
22400121
22400119
22400124
22400125
22400131
22400130
22400128
22400129
22400132
22400138
22400139
22400134
22400137
22400133
22400135
22400136
22400140
22400143
22400142
22400145
22400144
22400148
22400147
22400149
22400146
22400150
22400141
22400153
22400151
22400152
22400166
22400158
22400164
22400162
22400167
22400165
22400157
22400168
22400161
22400160
22400159
22400154
22400155
22400163
22400156
22400170
22400171
22400175
22400179
22400178
22400173
22400169
22400177
22400180
22400176
22400172
22400174
22400183
22400182
22400181
22400193
22400190
22400196
22400184
22400185
22400186
22400192
22400189
22400191
22400188
22400187
22400194
22400195
22400197
22400198
22400200
22400199
22400203
22400201
22400208
22400209
22400205
22400207
22400204
22400211
22400210
22400202
22400206
22400215
22400216
22400213
22400212
22400214
22400002
22400004
22400006
22400001
22400007
22400008
22400005
22400003
22400221
22400217
22400222
22400219
22400223
22400225
22400224
22400218
22400226
22400220
22400227
22400228
22400012
22400018
22400010
22400015
22400017
22400014
22400020
22400011
22400016
22400019
22400013
22400009
22400231
22400232
22400229
22400233
22400230
22400242
22400240
22400243
22400237
22400241
22400235
22400236
22400239
22400234
22400238
22400250
22400249
22400247
22400246
22400245
22400244
22400251
22400248
22400025
22400022
22400023
22400021
22400026
22400024
22400257
22400252
22400254
22400255
22400258
22400253
22400256
22400259
22400263
22400260
22400261
22400262
22400034
22400033
22400032
22400029
22400027
22400030
22400031
22400028
22400264
22400266
22400269
22400268
22400265
22400270
22400267
22400273
22400274
22400275
22400271
22400272
22400276
22400278
22400285
22400284
22400280
22400281
22400279
22400277
22400283
22400282
22400039
22400037
22400035
22400038
22400036
22400287
22400289
22400292
22400295
22400286
22400294
22400296
22400297
22400288
22400290
22400299
22400293
22400291
22400298
22400045
22400042
22400041
22400049
22400040
22400046
22400043
22400047
22400048
22400044
22400302
22400304
22400301
22400300
22400303
22400306
22400310
22400307
22400313
22400309
22400314
22400312
22400311
22400305
22400308
22400315
22400316
22400317
22400318
22400054
22400059
22400060
22400055
22400051
22400056
22400058
22400053
22400057
22400052
22400050
22400322
22400324
22400320
22400323
22400319
22400321
22400330
22400326
22400329
22400332
22400328
22400327
22400331
22400325
22400333
22400336
22400338
22400337
22400334
22400339
22400335
22400342
22400341
22400344
22400345
22400340
22400343
22400346
22400351
22400358
22400356
22400349
22400347
22400357
22400350
22400352
22400353
22400354
22400355
22400348
22400359
22401201
22401203
22401202
22401204
22401206
22401205
22401207
22401213
22401209
22401212
22401211
22401214
22401208
22401210
22401215
22401230
22401229
22401228
22401216
22401220
22401219
22401218
22401217
22401227
22401224
22401223
22401225
22401221
22401226
22401222
22400368
22400367
22400365
22400371
22400366
22400362
22400370
22400372
22400361
22400369
22400364
22400363
22400360
22400374
22400375
22400373
22400383
22400379
22400378
22400377
22400387
22400381
22400380
22400385
22400382
22400376
22400384
22400386
22400389
22400390
22400388
22400395
22400401
22400404
22400402
22400391
22400393
22400397
22400392
22400394
22400396
22400399
22400398
22400403
22400400
22400405
22400409
22400407
22400408
22400406
22400415
22400418
22400411
22400417
22400413
22400416
22400410
22400414
22400412
22400423
22400426
22400419
22400424
22400421
22400420
22400425
22400422
22400427
22400429
22400435
22400431
22400434
22400432
22400430
22400428
22400433
22400436
22400437
22400441
22400438
22400439
22400440
22400448
22400443
22400446
22400442
22400445
22400444
22400447
22400453
22400451
22400449
22400450
22400454
22400452
22400460
22400459
22400462
22400458
22400457
22400461
22400455
22400456
22400464
22400468
22400463
22400467
22400465
22400466
22400475
22400470
22400477
22400474
22400476
22400473
22400469
22400472
22400471
22400479
22400480
22400481
22400484
22400478
22400485
22400482
22400486
22400483
22400487
22400492
22400488
22400489
22400491
22400490
22400493
22400501
22400497
22400496
22400499
22400495
22400500
22400494
22400498
22400507
22400505
22400508
22400503
22400502
22400504
22400506
22400511
22400513
22400514
22400515
22400510
22400516
22400509
22400512
22400519
22400517
22400518
22400521
22400520
22400522
22400523
22400525
22400528
22400531
22400529
22400530
22400526
22400527
22400536
22400535
22400534
22400533
22400546
22400547
22400544
22400539
22400543
22400540
22400542
22400545
22400541
22400552
22400550
22400549
22400551
22400548
22400553
22400555
22400558
22400557
22400559
22400560
22400556
22400554
22400564
22400566
22400561
22400571
22400568
22400562
22400563
22400567
22400569
22400570
22400565
22400574
22400573
22400576
22400575
22400572
22400585
22400581
22400583
22400584
22400577
22400578
22400579
22400580
22400582
22400589
22400587
22400588
22400591
22400586
22400590
22400593
22400598
22400597
22400592
22400596
22400595
22400594
22400599
22400611
22400601
22400603
22400600
22400604
22400602
22400605
22400610
22400609
22400608
22400607
22400606
22400619
22400618
22400620
22400616
22400614
22400613
22400615
22400612
22400621
22400622
22400625
22400629
22400626
22400624
22400628
22400983
22400623
22400632
22400631
22400630
22400637
22400644
22400638
22400643
22400639
22400635
22400642
22400634
22400633
22400646
22400636
22400645
22400640
22400641
22400647
22400657
22400654
22400651
22400652
22400648
22400658
22400659
22400655
22400656
22400649
22400653
22400650
22400532
22400660
22400662
22400661
22400665
22400663
22400666
22400673
22400669
22400672
22400668
22400664
22400670
22400671
22400667
22400676
22400677
22400674
22400675
22400678
22400682
22400685
22400684
22400680
22400679
22400683
22400681
22400687
22400689
22400693
22400694
22400688
22400690
22400691
22400692
22400686
22400699
22400698
22400696
22400695
22400697
22400702
22400704
22400700
22400703
22400705
22400708
22400706
22400707
22400709
22400701
22400716
22400713
22400715
22400711
22400714
22400712
22400710
22400727
22400725
22400719
22400721
22400717
22400724
22400718
22400723
22400726
22400722
22400720
22400729
22400728
22400731
22400732
22400730
22400733
22400737
22400740
22400734
22400738
22400736
22400735
22400739
22400743
22400745
22400748
22400751
22400749
22400741
22400744
22400750
22400742
22400746
22400747
22400752
22400753
22400754
22400756
22400758
22400768
22400755
22400762
22400761
22400763
22400759
22400757
22400760
22400766
22400765
22400767
22400764
22400770
22400781
22400779
22400778
22400773
22400783
22400776
22400777
22400775
22400769
22400772
22400774
22400771
22400782
22400780
22401004
22400785
22400787
22400784
22400786
22400524
22400795
22400790
22400791
22400788
22400796
22400794
22400789
22400792
22400793
22400800
22400798
22400802
22400797
22400805
22400804
22400803
22400801
22400799
22400808
22400807
22400810
22400806
22400809
22400811
22400817
22400819
22400820
22400815
22400814
22400812
22400813
22400818
22400816
22400825
22400823
22400826
22400821
22400827
22400822
22400824
22400828
22400830
22400829
22400833
22400831
22400834
22400835
22400832
22400836
22400838
22400843
22400844
22400839
22400840
22400842
22400841
22400837
22400846
22400845
22400847
22400849
22400848
22400858
22400853
22400852
22400859
22400856
22400855
22400854
22400857
22400851
22400850
22400865
22400861
22400863
22400862
22400860
22400864
22400869
22400870
22400867
22400868
22400873
22400871
22400874
22400872
22400866
22400875
22400876
22400881
22400880
22400878
22400879
22400877
22400887
22400890
22400886
22400885
22400884
22400889
22400882
22400883
22400888
22400897
22400893
22400898
22400896
22400891
22400892
22400895
22400894
22400902
22400944
22400901
22400900
22400903
22400899
22400907
22400908
22400905
22400904
22400906
22400911
22400910
22400909
22400918
22400914
22400917
22400919
22400913
22400916
22400915
22400912
22400922
22400924
22400925
22400926
22400923
22400920
22400921
22400927
22400938
22400935
22400930
22400936
22400928
22400932
22400931
22400933
22400939
22400929
22400937
22400934
22400941
22400943
22400940
22400942
22400952
22400948
22400945
22400951
22400953
22400947
22400950
22400946
22400949
22400954
22401141
22400955
22400957
22400956
22400966
22400962
22400965
22400964
22400958
22400960
22400961
22400963
22400967
22400959
22400972
22400974
22400970
22400975
22400968
22400973
22400969
22400971
22400980
22400982
22400976
22400979
22400538
22400977
22400981
22400978
22400986
22400985
22400987
22400989
22400992
22400995
22400984
22400537
22400991
22400990
22400993
22400994
22401012
22400997
22401007
22401000
22400999
22401001
22401009
22401008
22401003
22401006
22400627
22400998
22401002
22401013
22400996
22401011
22401005
22401010
22401016
22401020
22401023
22401014
22401019
22401015
22401022
22401021
22401017
22401018
22401024
22401028
22401025
22401027
22401026
22401035
22401034
22401030
22401033
22401036
22401031
22401029
22401032
22401038
22401041
22401044
22401043
22401039
22401037
22401042
22401040
22401052
22401046
22401045
22401048
22401049
22401051
22401047
22401050
22401057
22401055
22401058
22401056
22401053
22401054
22401059
22401066
22401061
22401064
22401063
22401060
22401062
22401065
22401069
22401068
22401067
22401071
22401070
22401072
22401073
22401076
22401080
22401074
22401078
22401079
22401077
22401075
22401082
22401086
22401087
22401085
22401081
22401083
22401084
22401088
22401094
22401090
22401093
22401091
22401096
22401092
22401089
22401095
22401098
22401102
22400988
22401101
22401099
22401100
22401097
22401107
22401108
22401103
22401109
22401110
22401111
22401106
22401104
22401105
22401115
22401116
22401114
22401113
22401112
22401117
22401121
22401125
22401126
22401120
22401119
22401124
22401122
22401127
22401118
22401123
22401128
22401131
22401132
22401129
22401130
22400617
22401139
22401140
22401143
22401135
22401137
22401138
22401133
22401136
22401142
22401134
22401145
22401144
22401149
22401155
22401153
22401152
22401147
22401148
22401154
22401151
22401146
22401150
22401157
22401166
22401158
22401165
22401160
22401164
22401156
22401163
22401162
22401159
22401170
22401168
22401167
22401169
22401161
22401181
22401173
22401185
22401184
22401180
22401171
22401178
22401179
22401183
22401182
22401174
22401175
22401172
22401177
22401176
22401191
22401193
22401195
22401188
22401189
22401197
22401198
22401186
22401192
22401199
22401190
22401196
22401200
22401194
22401187
