20500003
20500001
20500025
20500002
20500005
20500016
20500013
20500014
20500011
20500017
20500007
20500008
20500010
20500012
20500009
20500006
20500004
20500015
20500019
20500018
20500029
20500023
20500021
20500027
20500030
20500028
20500022
20500020
20500024
20500026
20500042
20500034
20500031
20500035
20500033
20500040
20500039
20500041
20500038
20500032
20500036
20500037
20500045
20500044
20500043
20500048
20500049
20500047
20500050
20500046
20500054
20500052
20500051
20500055
20500053
20500060
20500058
20500056
20500067
20500057
20500064
20500063
20500065
20500059
20500066
20500062
20500061
20500069
20500070
20500068
20500077
20500071
20500074
20500072
20500080
20500076
20500078
20500075
20500073
20500079
20500087
20500083
20500082
20500085
20500088
20500086
20500081
20500084
20500093
20500089
20500092
20500091
20500090
20500094
20500097
20500095
20500096
20500102
20500103
20500104
20500108
20500099
20500105
20500106
20500098
20500107
20500100
20500101
20500112
20500115
20500116
20500113
20500109
20500110
20500114
20500111
20500118
20500119
20500117
20500120
20500127
20500126
20500121
20500130
20500122
20500123
20500129
20500124
20500125
20500128
20500131
20500136
20500135
20500138
20500134
20500133
20500137
20500132
20500141
20500144
20500139
20500142
20500145
20500143
20500140
20500146
20500149
20500148
20500147
20500151
20500154
20500152
20500155
20500153
20500150
20500159
20500157
20500164
20500161
20500165
20500163
20500166
20500160
20500156
20500158
20500162
20500168
20500167
20500173
20500177
20500180
20500178
20500179
20500175
20500174
20500169
20500170
20500172
20500171
20500176
20500186
20500185
20500189
20500187
20500181
20500183
20500182
20500184
20500188
20500190
20500191
20500192
20500196
20500194
20500195
20500193
20500197
20500198
20500201
20500205
20500202
20500203
20500199
20500200
20500204
20500212
20500216
20500215
20500209
20500213
20500207
20500206
20500210
20500208
20500211
20500214
20500218
20500217
20500222
20500223
20500227
20500228
20500230
20500221
20500224
20500225
20500220
20500226
20500219
20500229
20500232
20500237
20500238
20500231
20500235
20500234
20500233
20500236
20500241
20500243
20500239
20500240
20500242
20500244
20500247
20500245
20500246
20500248
20500252
20500250
20500249
20500253
20500254
20500255
20500251
20500257
20500256
20500267
20500266
20500265
20500262
20500260
20500264
20500258
20500263
20500261
20500259
20500269
20500268
20500276
20500271
20500278
20500274
20500270
20500277
20500273
20500275
20500279
20500272
20500283
20500285
20500289
20500282
20500288
20500287
20500280
20500290
20500281
20500286
20500284
20500292
20500293
20500294
20500291
20500296
20500299
20500295
20500298
20500297
20500301
20500303
20500306
20500300
20500304
20500305
20500302
20500318
20500314
20500316
20500312
20500317
20500311
20500309
20500307
20500315
20500308
20500313
20500310
20500320
20500319
20500321
20500322
20500330
20500329
20500332
20500323
20500331
20500328
20500325
20500327
20500324
20500326
20500337
20500338
20500339
20500333
20500335
20500336
20500340
20500334
20500795
20500342
20500345
20500344
20500343
20500346
20500341
20500351
20500350
20500348
20500349
20500347
20500358
20500354
20500359
20500357
20500355
20500356
20500352
20500353
20500360
20500365
20500364
20500368
20500361
20500366
20500362
20500367
20500363
20500369
20500370
20500378
20500381
20500384
20500377
20500379
20500374
20500376
20500372
20500373
20500383
20500380
20500375
20500382
20500371
20500386
20500385
20500391
20500392
20500394
20500396
20500393
20500387
20500390
20500395
20500388
20500389
20500397
20500400
20500399
20500402
20500401
20500398
20500403
20500404
20500405
20500406
20500413
20500409
20500411
20500410
20500412
20500407
20500408
20500414
20500415
20500416
20500418
20500424
20500421
20500419
20500425
20500420
20500423
20500422
20500417
20500427
20500432
20500433
20500430
20500431
20500428
20500426
20500429
20500434
20500436
20500435
20500439
20500869
20500438
20500440
20500437
20500446
20500447
20500441
20500443
20500445
20500442
20500444
20500452
20500456
20500449
20500453
20500451
20500450
20500448
20500455
20500454
20500458
20500457
20500465
20500466
20500462
20500470
20500464
20500471
20500459
20500461
20500463
20500468
20500469
20500460
20500467
20500472
20500476
20500480
20500477
20500473
20500479
20500475
20500478
20500474
20500482
20500481
20500485
20500484
20500483
20500489
20500486
20500487
20500488
20500490
20500496
20500498
20500494
20500491
20500497
20500499
20500495
20500492
20500493
20500502
20500504
20500507
20500509
20500505
20500503
20500500
20500508
20500501
20500506
20500510
20500511
20500512
20500519
20500515
20500517
20500520
20500518
20500516
20500514
20500521
20500513
20500525
20500531
20500526
20500523
20500524
20500530
20500528
20500532
20500522
20500527
20500529
20500533
20500534
20500535
20500538
20500542
20500547
20500536
20500543
20500546
20500544
20500539
20500540
20500541
20500537
20500545
20500549
20500548
20500552
20500561
20500559
20500554
20500553
20500560
20500555
20500557
20500556
20500550
20500551
20500558
20500563
20500562
20500566
20500569
20500568
20500567
20500564
20500571
20500570
20500574
20500575
20500572
20500573
20500565
20500576
20500580
20500581
20500577
20500582
20500578
20500579
20500588
20500590
20500586
20500591
20500585
20500584
20500589
20500587
20500583
20500596
20500597
20500593
20500594
20500592
20500595
20500602
20500603
20500601
20500598
20500599
20500600
20500609
20500608
20500605
20500613
20500611
20500614
20500610
20500612
20500607
20500604
20500615
20500606
20500616
20500617
20500618
20500620
20500628
20500621
20500631
20500627
20500629
20500619
20500626
20500622
20500623
20500624
20500630
20500639
20500634
20500632
20500636
20500633
20500640
20500637
20500635
20500638
20500642
20500645
20500641
20500644
20500643
20500646
20500649
20500650
20500647
20500648
20500652
20500654
20500653
20500651
20500657
20500660
20500656
20500658
20500655
20500659
20500667
20500671
20500662
20500670
20500669
20500666
20500664
20500661
20500673
20500665
20500663
20500672
20500668
20500674
20500675
20500679
20500677
20500683
20500682
20500678
20500680
20500676
20500681
20500692
20500686
20500687
20500693
20500690
20500689
20500694
20500685
20500684
20500688
20500691
20500696
20500697
20500695
20500701
20500702
20500705
20500700
20500704
20500703
20500707
20500698
20500699
20500706
20500710
20500708
20500709
20500721
20500713
20500719
20500711
20500720
20500716
20500715
20500718
20500722
20500717
20500712
20500714
20500723
20500724
20500728
20500730
20500735
20500732
20500731
20500726
20500733
20500736
20500727
20500729
20500725
20500734
20500740
20500737
20500738
20500741
20500739
20500747
20500744
20500745
20500742
20500751
20500746
20500748
20500743
20500750
20500749
20500753
20500758
20500754
20500755
20500752
20500757
20500756
20500762
20500763
20500759
20500760
20500761
20500773
20500768
20500771
20500776
20500774
20500775
20500767
20500772
20500764
20500766
20500765
20500770
20500769
20500777
20500778
20500787
20500785
20500780
20500783
20500779
20500790
20500786
20500789
20500788
20500782
20500781
20500784
20500794
20500792
20500625
20500793
20500798
20500797
20500796
20500791
20500799
20500802
20500801
20500800
20500808
20500811
20500809
20500804
20500803
20500813
20500806
20500812
20500807
20500805
20500810
20500817
20500818
20500814
20500816
20500820
20500821
20500815
20500819
20500822
20500825
20500823
20500827
20500824
20500826
20500829
20500830
20500832
20500828
20500837
20500831
20500838
20500836
20500833
20500834
20500835
20500839
20500840
20500841
20500850
20500843
20500848
20500854
20500853
20500847
20500849
20500851
20500845
20500846
20500842
20500852
20500844
20500855
20500856
20500864
20500863
20500857
20500865
20500858
20500866
20500861
20500859
20500860
20500862
20500871
20500872
20500873
20500867
20500870
20500868
20500879
20500880
20500874
20500876
20500877
20500882
20500875
20500878
20500881
20500886
20500888
20500885
20500884
20500883
20500887
20500890
20500889
20500896
20500894
20500893
20500892
20500895
20500891
20500901
20500906
20500898
20500902
20500899
20500903
20500900
20500904
20500897
20500905
20500909
20500908
20500907
20500915
20500911
20500914
20500910
20500912
20500913
20500917
20500918
20500916
20500923
20500924
20500925
20500921
20500922
20500920
20500919
20500927
20500926
20500934
20500935
20500931
20500928
20500933
20500930
20500932
20500929
20500937
20500938
20500936
20500940
20500939
20500945
20500943
20500946
20500947
20500944
20500941
20500948
20500949
20500942
20500951
20500950
20500957
20500954
20500955
20500959
20500953
20500952
20500956
20500958
20500960
20500961
20500962
20500971
20500973
20500972
20500968
20500965
20500966
20500970
20500967
20500963
20500964
20500969
20500974
20500978
20500975
20500977
20500976
20500985
20500987
20500979
20500980
20500981
20500983
20500982
20500984
20500986
20500988
20500989
20500990
20500991
20500997
20501001
20500992
20500995
20500996
20500994
20500998
20500999
20500993
20501000
20501002
20501007
20501008
20501004
20501009
20501005
20501010
20501006
20501003
20501013
20501011
20501016
20501015
20501012
20501014
20501026
20501024
20501025
20501023
20501017
20501020
20501018
20501019
20501021
20501022
20501029
20501028
20501030
20501027
20501042
20501039
20501032
20501038
20501040
20501035
20501033
20501036
20501037
20501034
20501041
20501031
20501044
20501045
20501043
20501046
20501048
20501050
20501049
20501047
20501051
20501053
20501052
20501055
20501054
20501063
20501062
20501059
20501060
20501057
20501064
20501058
20501056
20501061
20501066
20501065
20501068
20501078
20501073
20501077
20501074
20501071
20501070
20501076
20501069
20501072
20501067
20501075
20501080
20501081
20501083
20501082
20501079
20501092
20501090
20501091
20501089
20501084
20501093
20501088
20501087
20501086
20501094
20501085
20501102
20501100
20501106
20501105
20501097
20501103
20501095
20501098
20501096
20501101
20501099
20501104
20501107
20501116
20501114
20501109
20501110
20501111
20501117
20501108
20501112
20501113
20501115
20501120
20501119
20501118
20501123
20501130
20501128
20501127
20501126
20501129
20501124
20501132
20501131
20501125
20501121
20501122
20501136
20501134
20501135
20501133
20501138
20501137
20501142
20501139
20501146
20501141
20501144
20501143
20501148
20501145
20501140
20501147
20501153
20501151
20501154
20501149
20501152
20501150
20501155
20501161
20501159
20501158
20501160
20501157
20501156
20501173
20501166
20501171
20501163
20501165
20501162
20501169
20501167
20501168
20501172
20501170
20501164
20501174
20501175
20501176
20501179
20501178
20501181
20501187
20501184
20501185
20501186
20501183
20501182
20501177
20501180
20501189
20501190
20501193
20501191
20501188
20501192
20501202
20501197
20501194
20501199
20501200
20501195
20501198
20501196
20501201
20501205
20501211
20501208
20501203
20501209
20501204
20501210
20501206
20501207
20501213
20501212
20501216
20501214
20501215
20501218
20501221
20501224
20501219
20501220
20501227
20501226
20501225
20501223
20501229
20501222
20501228
20501217
20501230
