20300003
20300002
20300001
20300013
20300004
20300014
20300007
20300008
20300012
20300011
20300009
20300006
20300010
20300005
20300017
20300016
20300018
20300015
20300025
20300020
20300021
20300026
20300023
20300022
20300019
20300024
20300033
20300032
20300027
20300036
20300028
20300030
20300037
20300038
20300035
20300034
20300039
20300031
20300029
20300040
20300047
20300044
20300041
20300042
20300045
20300043
20300046
20300051
20300048
20300050
20300049
20300056
20300061
20300053
20300057
20300055
20300058
20300052
20300059
20300060
20300054
20300062
20300064
20300063
20300072
20300069
20300074
20300068
20300066
20300070
20300067
20300075
20300076
20300073
20300071
20300065
20300082
20300081
20300077
20300083
20300079
20300078
20300084
20300080
20300088
20300085
20300087
20300086
20300089
20300090
20300092
20300093
20300094
20300091
20300097
20300101
20300099
20300095
20300100
20300102
20300098
20300096
20300106
20300111
20300103
20300110
20300105
20300107
20300104
20300109
20300108
20300114
20300113
20300112
20300117
20300119
20300121
20300122
20300116
20300123
20300118
20300124
20300115
20300120
20300125
20300133
20300128
20300131
20300129
20300135
20300132
20300130
20300134
20300127
20300126
20300136
20300137
20300138
20300140
20300139
20300142
20300143
20300141
20300147
20300146
20300145
20300144
20300148
20300151
20300150
20300149
20300159
20300153
20300160
20300161
20300157
20300158
20300156
20300154
20300152
20300155
20300162
20300163
20300173
20300169
20300170
20300174
20300175
20300165
20300166
20300171
20300168
20300164
20300172
20300167
20300181
20300177
20300176
20300178
20300180
20300179
20300184
20300186
20300182
20300185
20300187
20300183
20300189
20300190
20300188
20300191
20300195
20300198
20300194
20300197
20300199
20300196
20300193
20300192
20300206
20300208
20300203
20300207
20300204
20300200
20300205
20300202
20300201
20300210
20300209
20300211
20300214
20300217
20300215
20300219
20300216
20300213
20300221
20300212
20300218
20300222
20300220
20300232
20300230
20300223
20300226
20300229
20300228
20300224
20300227
20300231
20300225
20300234
20300233
20300238
20300239
20300236
20300235
20300240
20300237
20300243
20300242
20300241
20300244
20300245
20300247
20300250
20300255
20300251
20300252
20300253
20300248
20300249
20300254
20300256
20300246
20300257
20300258
20300263
20300265
20300267
20300266
20300261
20300269
20300270
20300262
20300268
20300259
20300260
20300264
20300278
20300274
20300275
20300272
20300276
20300273
20300271
20300277
20300279
20300282
20300284
20300281
20300280
20300283
20300285
20300287
20300286
20300288
20300295
20300292
20300296
20300293
20300290
20300294
20300297
20300291
20300298
20300289
20300304
20300300
20300303
20300301
20300305
20300299
20300302
20300308
20300306
20300307
20300315
20300318
20300313
20300314
20300316
20300319
20300312
20300309
20300317
20300311
20300310
20300324
20300320
20300326
20300325
20300327
20300322
20300321
20300323
20300330
20300331
20300329
20300328
20300332
20300337
20300335
20300336
20300334
20300333
20300341
20300340
20300344
20300339
20300345
20300338
20300346
20300342
20300343
20300348
20300351
20300353
20300347
20300350
20300352
20300356
20300355
20300354
20300349
20300358
20300359
20300357
20300364
20300369
20300363
20300360
20300365
20300368
20300362
20300366
20300367
20300361
20300370
20300375
20300374
20300377
20300371
20300378
20300379
20300372
20300376
20300373
20300383
20300380
20300382
20300385
20300381
20300384
20300386
20300388
20300387
20300399
20300398
20300393
20300391
20300396
20300400
20300389
20300390
20300397
20300394
20300392
20300395
20300403
20300402
20300401
20300412
20300415
20300409
20300408
20300413
20300410
20300404
20300416
20300405
20300407
20300406
20300411
20300414
20300420
20300417
20300419
20300422
20300418
20300421
20300425
20300426
20300424
20300429
20300423
20300427
20300428
20300435
20300436
20300433
20300438
20300434
20300437
20300430
20300432
20300431
20300441
20300445
20300444
20300443
20300439
20300440
20300442
20300447
20300450
20300449
20300448
20300446
20300459
20300454
20300457
20300451
20300453
20300460
20300452
20300461
20300458
20300456
20300462
20300455
20300466
20300468
20300471
20300470
20300469
20300463
20300467
20300464
20300465
20300473
20300472
20300475
20300474
20300476
20300482
20300478
20300484
20300479
20300481
20300477
20300483
20300480
20300489
20300490
20300485
20300487
20300488
20300486
20300502
20300497
20300493
20300500
20300494
20300496
20300492
20300498
20300495
20300499
20300504
20300503
20300513
20300516
20300510
20300507
20300506
20300515
20300505
20300511
20300508
20300509
20300512
20300514
20300520
20300519
20300522
20300517
20300523
20300521
20300518
20300527
20300525
20300528
20300526
20300524
20300530
20300532
20300529
20300531
20300542
20300534
20300533
20300536
20300537
20300541
20300535
20300539
20300538
20300540
20300543
20300550
20300544
20300548
20300547
20300546
20300545
20300549
20300552
20300556
20300555
20300554
20300551
20300553
20300559
20300558
20300562
20300563
20300557
20300560
20300561
20300564
20300568
20300570
20300575
20300573
20300565
20300567
20300571
20300572
20300566
20300569
20300574
20300577
20300578
20300576
20300584
20300589
20300583
20300585
20300586
20300579
20300587
20300582
20300581
20300580
20300588
20300592
20300590
20300593
20300594
20300595
20300591
20300602
20300598
20300601
20300597
20300599
20300596
20300603
20300604
20300600
20300605
20300607
20300606
20300614
20300616
20300610
20300617
20300619
20300608
20300618
20300613
20300612
20300615
20300611
20300609
20300622
20300620
20300624
20300625
20300623
20300626
20300621
20300628
20300633
20300632
20300630
20300631
20300629
20300627
20300634
20300639
20300636
20300637
20300638
20300635
20300642
20300644
20300641
20300643
20300640
20300655
20300645
20300650
20300649
20300647
20300653
20300646
20300654
20300652
20300648
20300651
20300656
20300659
20300657
20300658
20300666
20300665
20300660
20300667
20300664
20300662
20300668
20300661
20300663
20300669
20300675
20300676
20300677
20300674
20300673
20300672
20300679
20300671
20300678
20300670
20300680
20300682
20300681
20300685
20300683
20300686
20300691
20300687
20300689
20300688
20300684
20300690
20300694
20300696
20300697
20300695
20300692
20300693
20300698
20300703
20300706
20300701
20300699
20300705
20300700
20300707
20300704
20300702
20300708
20300709
20300716
20300713
20300717
20300719
20300714
20300718
20300710
20300711
20300712
20300721
20300720
20300715
20300725
20300724
20300722
20300727
20300726
20300728
20300723
20300731
20300730
20300732
20300729
20300733
20300736
20300735
20300734
20300740
20300737
20300738
20300739
20300742
20300743
20300744
20300747
20300749
20300746
20300745
20300748
20300741
20300758
20300752
20300756
20300755
20300757
20300750
20300754
20300751
20300753
20300761
20300759
20300760
20300766
20300768
20300765
20300772
20300769
20300770
20300767
20300763
20300764
20300762
20300771
20300774
20300776
20300773
20300777
20300780
20300779
20300775
20300778
20300783
20300781
20300782
20300792
20300791
20300789
20300794
20300788
20300790
20300787
20300786
20300793
20300785
20300784
20300799
20300797
20300798
20300801
20300800
20300796
20300795
20300808
20300806
20300805
20300810
20300804
20300803
20300807
20300809
20300802
20300812
20300814
20300811
20300813
20300815
20300821
20300820
20300822
20300816
20300823
20300818
20300819
20300817
20300828
20300825
20300829
20300824
20300830
20300833
20300827
20300832
20300826
20300831
20300834
20300836
20300835
20300838
20300846
20300841
20300837
20300844
20300843
20300840
20300842
20300839
20300845
20300854
20300849
20300850
20300853
20300847
20300852
20300851
20300848
20300856
20300862
20300860
20300858
20300861
20300857
20300859
20300855
20300867
20300866
20300864
20300863
20300865
20300869
20300872
20300871
20300868
20300873
20300870
20300877
20300878
20300491
20300879
20300883
20300875
20300874
20300881
20300880
20300882
20300876
20300885
20300886
20300884
20300895
20300894
20300893
20300887
20300891
20300892
20300889
20300888
20300890
20300902
20300900
20300901
20300896
20300898
20300897
20300899
20300910
20300912
20300905
20300909
20300907
20300911
20300906
20300904
20300908
20300903
20300916
20300914
20300913
20300915
20300918
20300921
20300924
20300925
20300917
20300920
20300923
20300922
20300919
20300928
20300927
20300933
20300934
20300931
20300932
20300929
20300935
20300926
20300930
20300936
20300937
20300945
20300939
20300941
20300948
20300947
20300942
20300938
20300944
20300940
20300946
20300943
20300952
20300950
20300954
20300949
20300951
20300953
20300955
20300959
20300963
20300956
20300962
20300960
20300957
20300961
20300958
20300966
20300965
20300964
20300973
20300967
20300972
20300971
20300970
20300974
20300968
20300969
20300978
20300976
20300977
20300981
20300980
20300975
20300979
20300982
20300983
20300984
20300985
20300991
20300992
20300995
20300988
20300996
20300989
20300986
20300993
20300994
20300990
20300987
20301000
20301002
20300997
20300999
20301001
20300998
20301003
20301004
20301007
20301011
20301008
20301006
20301010
20301009
20301012
20301005
20301013
20301015
20301014
20301016
20301017
20301022
20301020
20301018
20301023
20301024
20301021
20301019
20301031
20301033
20301026
20301029
20301034
20301028
20301030
20301027
20301032
20301025
20301035
20301036
20301037
20301042
20301038
20301040
20301047
20301044
20301039
20301041
20301045
20301046
20301043
20301048
20301055
20301053
20301051
20301054
20301052
20301049
20301050
20301056
20301059
20301060
20301057
20301063
20301062
20301061
20301058
20301066
20301070
20301068
20301065
20301069
20301064
20301067
20301073
20301072
20301074
20301075
20301071
20301079
20301076
20301077
20301078
20301085
20301084
20301080
20301081
20301083
20301082
20301088
20301086
20301087
20301099
20301098
20301100
20301092
20301093
20301096
20301097
20301089
20301095
20301090
20301091
20301094
20301101
20301103
20301104
20301105
20301102
20301111
20301112
20301106
20301114
20301113
20301110
20301108
20301109
20301107
20300501
20301121
20301119
20301123
20301117
20301118
20301115
20301122
20301116
20301120
20301132
20301127
20301129
20301131
20301128
20301126
20301124
20301125
20301130
20301135
20301134
20301133
20301142
20301138
20301144
20301141
20301145
20301140
20301143
20301137
20301146
20301139
20301136
20301154
20301149
20301151
20301150
20301153
20301147
20301148
20301152
20301160
20301158
20301155
20301156
20301159
20301157
20301163
20301162
20301164
20301169
20301170
20301167
20301165
20301161
20301171
20301166
20301168
20301172
20301174
20301173
20301175
20301178
20301181
20301185
20301179
20301189
20301187
20301180
20301177
20301176
20301188
20301182
20301186
20301183
20301184
