period,clock,clock_display,game_clock,minutes_left_in_game,actionNumber,actionType,description,qualifier,playerName,scoreHome,scoreAway,shotResult,isFieldGoal,assisted,person_id,assister_id,previous_action,next_action,foulDrawnPersonId,stealPersonId,blockPersonId,players_on,off_players_on,def_players_on,xLegacy,yLegacy,teamId,game_id,poc_ok
1,PT12M00.00S,12:00,Q1 12:00,48.0,0,period,Start of 1st Period (8:10 PM EST),[],,0,0,,False,False,0.0,,,2pt missed,,,,101141|202696|202699|203114|203473|203487|203506|203507|203901|2585,101141|203114|203487|203507|2585,202696|202699|203473|203506|203901,,,1610612749.0,21400956,True
1,PT11M41.00S,11:41,Q1 11:41,47.68333333333334,2,2pt,MISS Payton Layup,['pointsinthepaint'],Payton,0,0,Missed,True,False,203901.0,,period,rebound,,,,101141|202696|202699|203114|203473|203487|203506|203507|203901|2585,202696|202699|203473|203506|203901,101141|203114|203487|203507|2585,1.0,-2.0,1610612753.0,21400956,True
1,PT11M41.00S,11:41,Q1 11:41,47.68333333333334,3,rebound,TEAM defensive REBOUND,['team'],,0,0,,False,False,0.0,,2pt missed,2pt made,,,,101141|202696|202699|203114|203473|203487|203506|203507|203901|2585,101141|203114|203487|203507|2585,202696|202699|203473|203506|203901,,,1610612749.0,21400956,True
1,PT11M25.00S,11:25,Q1 11:25,47.416666666666664,4,2pt,Middleton 16' Jump Shot (2 PTS) (Pachulia 1 AST),[],Middleton,2,0,Made,True,True,203114.0,2585.0,rebound,2pt made,,,,101141|202696|202699|203114|203473|203487|203506|203507|203901|2585,101141|203114|203487|203507|2585,202696|202699|203473|203506|203901,72.0,143.0,1610612749.0,21400956,True
1,PT11M03.00S,11:03,Q1 11:03,47.05,5,2pt,Harris 5' Jump Shot (2 PTS),['pointsinthepaint'],Harris,2,2,Made,True,False,202699.0,,2pt made,2pt made,,,,101141|202696|202699|203114|203473|203487|203506|203507|203901|2585,202696|202699|203473|203506|203901,101141|203114|203487|203507|2585,4.0,50.0,1610612753.0,21400956,True
1,PT10M51.00S,10:51,Q1 10:51,46.85,6,2pt,Middleton 18' Jump Shot (4 PTS) (Antetokounmpo 1 AST),[],Middleton,4,2,Made,True,True,203114.0,203507.0,2pt made,2pt made,,,,101141|202696|202699|203114|203473|203487|203506|203507|203901|2585,101141|203114|203487|203507|2585,202696|202699|203473|203506|203901,-141.0,107.0,1610612749.0,21400956,True
1,PT10M35.00S,10:35,Q1 10:35,46.583333333333336,7,2pt,Vucevic 18' Jump Shot (2 PTS) (Oladipo 1 AST),[],Vucevic,4,4,Made,True,True,202696.0,203506.0,2pt made,2pt missed,,,,101141|202696|202699|203114|203473|203487|203506|203507|203901|2585,202696|202699|203473|203506|203901,101141|203114|203487|203507|2585,-122.0,127.0,1610612753.0,21400956,True
1,PT10M13.00S,10:13,Q1 10:13,46.21666666666667,8,2pt,MISS Carter-Williams 2' Layup,['pointsinthepaint'],Carter-Williams,4,4,Missed,True,False,203487.0,,2pt made,rebound,,,,101141|202696|202699|203114|203473|203487|203506|203507|203901|2585,101141|203114|203487|203507|2585,202696|202699|203473|203506|203901,1.0,17.0,1610612749.0,21400956,True
1,PT10M11.00S,10:11,Q1 10:11,46.18333333333334,9,rebound,Vucevic REBOUND (Off:0 Def:1),[],Vucevic,4,4,,False,False,202696.0,,2pt missed,2pt missed,,,,101141|202696|202699|203114|203473|203487|203506|203507|203901|2585,202696|202699|203473|203506|203901,101141|203114|203487|203507|2585,,,1610612753.0,21400956,True
1,PT10M05.00S,10:05,Q1 10:05,46.083333333333336,10,2pt,MISS Vucevic 7' Hook Shot,['pointsinthepaint'],Vucevic,4,4,Missed,True,False,202696.0,,rebound,rebound,,,,101141|202696|202699|203114|203473|203487|203506|203507|203901|2585,202696|202699|203473|203506|203901,101141|203114|203487|203507|2585,-13.0,64.0,1610612753.0,21400956,True
1,PT10M04.00S,10:04,Q1 10:04,46.06666666666666,11,rebound,Antetokounmpo REBOUND (Off:0 Def:1),[],Antetokounmpo,4,4,,False,False,203507.0,,2pt missed,foul,,,,101141|202696|202699|203114|203473|203487|203506|203507|203901|2585,101141|203114|203487|203507|2585,202696|202699|203473|203506|203901,,,1610612749.0,21400956,True
1,PT09M59.00S,09:59,Q1 09:59,45.983333333333334,12,foul,Harris S.FOUL (P1.T1),[],Harris,4,4,,False,False,202699.0,,rebound,freethrow,203507.0,,,101141|202696|202699|203114|203473|203487|203506|203507|203901|2585,202696|202699|203473|203506|203901,101141|203114|203487|203507|2585,,,1610612753.0,21400956,True
1,PT09M59.00S,09:59,Q1 09:59,45.983333333333334,14,freethrow,Antetokounmpo Free Throw 1 of 2 (1 PTS),[],Antetokounmpo,5,4,Made,False,False,203507.0,,foul,freethrow,,,,101141|202696|202699|203114|203473|203487|203506|203507|203901|2585,101141|203114|203487|203507|2585,202696|202699|203473|203506|203901,,,1610612749.0,21400956,True
1,PT09M59.00S,09:59,Q1 09:59,45.983333333333334,16,freethrow,MISS Antetokounmpo Free Throw 2 of 2,[],Antetokounmpo,5,4,Missed,False,False,203507.0,,freethrow,rebound,,,,101141|202696|202699|203114|203473|203487|203506|203507|203901|2585,101141|203114|203487|203507|2585,202696|202699|203473|203506|203901,,,1610612749.0,21400956,True
1,PT09M59.00S,09:59,Q1 09:59,45.983333333333334,18,rebound,Vucevic REBOUND (Off:0 Def:2),[],Vucevic,5,4,,False,False,202696.0,,freethrow,turnover,,,,101141|202696|202699|203114|203473|203487|203506|203507|203901|2585,202696|202699|203473|203506|203901,101141|203114|203487|203507|2585,,,1610612753.0,21400956,True
1,PT09M42.00S,09:42,Q1 09:42,45.7,19,turnover,Dedmon Lost Ball Turnover (P1.T1),[],Dedmon,5,4,,False,False,203473.0,,rebound,steal,,,,101141|202696|202699|203114|203473|203487|203506|203507|203901|2585,202696|202699|203473|203506|203901,101141|203114|203487|203507|2585,,,1610612753.0,21400956,True
1,PT09M42.00S,09:42,Q1 09:42,45.7,19,steal,Middleton STEAL (1 STL),[],Middleton,5,4,,False,False,203114.0,,turnover,2pt made,,203114.0,,101141|202696|202699|203114|203473|203487|203506|203507|203901|2585,101141|203114|203487|203507|2585,202696|202699|203473|203506|203901,,,1610612749.0,21400956,True
1,PT09M36.00S,09:36,Q1 09:36,45.6,20,2pt,Carter-Williams 14' Jump Shot (2 PTS),[],Carter-Williams,7,4,Made,True,False,203487.0,,steal,2pt made,,,,101141|202696|202699|203114|203473|203487|203506|203507|203901|2585,101141|203114|203487|203507|2585,202696|202699|203473|203506|203901,-43.0,138.0,1610612749.0,21400956,True
1,PT09M23.00S,09:23,Q1 09:23,45.38333333333333,21,2pt,Vucevic 14' Jump Shot (4 PTS) (Oladipo 2 AST),[],Vucevic,7,6,Made,True,True,202696.0,203506.0,2pt made,2pt missed,,,,101141|202696|202699|203114|203473|203487|203506|203507|203901|2585,202696|202699|203473|203506|203901,101141|203114|203487|203507|2585,-139.0,0.0,1610612753.0,21400956,True
1,PT09M05.00S,09:05,Q1 09:05,45.083333333333336,23,2pt,MISS Antetokounmpo 3' Hook Shot,['pointsinthepaint'],Antetokounmpo,7,6,Missed,True,False,203507.0,,2pt made,rebound,,,,101141|202696|202699|203114|203473|203487|203506|203507|203901|2585,101141|203114|203487|203507|2585,202696|202699|203473|203506|203901,29.0,4.0,1610612749.0,21400956,True
1,PT09M04.00S,09:04,Q1 09:04,45.06666666666666,24,rebound,Vucevic REBOUND (Off:0 Def:3),[],Vucevic,7,6,,False,False,202696.0,,2pt missed,turnover,,,,101141|202696|202699|203114|203473|203487|203506|203507|203901|2585,202696|202699|203473|203506|203901,101141|203114|203487|203507|2585,,,1610612753.0,21400956,True
1,PT08M53.00S,08:53,Q1 08:53,44.88333333333333,25,turnover,Oladipo Lost Ball Turnover (P1.T2),[],Oladipo,7,6,,False,False,203506.0,,rebound,steal,,,,101141|202696|202699|203114|203473|203487|203506|203507|203901|2585,202696|202699|203473|203506|203901,101141|203114|203487|203507|2585,,,1610612753.0,21400956,True
1,PT08M53.00S,08:53,Q1 08:53,44.88333333333333,25,steal,Middleton STEAL (2 STL),[],Middleton,7,6,,False,False,203114.0,,turnover,turnover,,203114.0,,101141|202696|202699|203114|203473|203487|203506|203507|203901|2585,101141|203114|203487|203507|2585,202696|202699|203473|203506|203901,,,1610612749.0,21400956,True
1,PT08M53.00S,08:53,Q1 08:53,44.88333333333333,26,turnover,Antetokounmpo Traveling Turnover (P1.T1),[],Antetokounmpo,7,6,,False,False,203507.0,,steal,2pt missed,,,,101141|202696|202699|203114|203473|203487|203506|203507|203901|2585,101141|203114|203487|203507|2585,202696|202699|203473|203506|203901,,,1610612749.0,21400956,True
1,PT08M41.00S,08:41,Q1 08:41,44.68333333333334,27,2pt,MISS Vucevic 17' Jump Shot,[],Vucevic,7,6,Missed,True,False,202696.0,,turnover,rebound,,,,101141|202696|202699|203114|203473|203487|203506|203507|203901|2585,202696|202699|203473|203506|203901,101141|203114|203487|203507|2585,146.0,89.0,1610612753.0,21400956,True
1,PT08M40.00S,08:40,Q1 08:40,44.666666666666664,28,rebound,Carter-Williams REBOUND (Off:0 Def:1),[],Carter-Williams,7,6,,False,False,203487.0,,2pt missed,2pt missed,,,,101141|202696|202699|203114|203473|203487|203506|203507|203901|2585,101141|203114|203487|203507|2585,202696|202699|203473|203506|203901,,,1610612749.0,21400956,True
1,PT08M28.00S,08:28,Q1 08:28,44.46666666666667,29,2pt,MISS Ilyasova 1' Layup,['pointsinthepaint'],Ilyasova,7,6,Missed,True,False,101141.0,,rebound,block,,,,101141|202696|202699|203114|203473|203487|203506|203507|203901|2585,101141|203114|203487|203507|2585,202696|202699|203473|203506|203901,-2.0,-10.0,1610612749.0,21400956,True
1,PT08M28.00S,08:28,Q1 08:28,44.46666666666667,29,block,Dedmon BLOCK (1 BLK),[],Dedmon,7,6,,False,False,203473.0,,2pt missed,rebound,,,203473.0,101141|202696|202699|203114|203473|203487|203506|203507|203901|2585,202696|202699|203473|203506|203901,101141|203114|203487|203507|2585,,,1610612753.0,21400956,True
1,PT08M24.00S,08:24,Q1 08:24,44.4,30,rebound,Harris REBOUND (Off:0 Def:1),[],Harris,7,6,,False,False,202699.0,,block,foul,,,,101141|202696|202699|203114|203473|203487|203506|203507|203901|2585,202696|202699|203473|203506|203901,101141|203114|203487|203507|2585,,,1610612753.0,21400956,True
1,PT08M19.00S,08:19,Q1 08:19,44.31666666666666,31,foul,Ilyasova Personal Block Foul (P1.T1),[],Ilyasova,7,6,,False,False,101141.0,,rebound,foul,202696.0,,,101141|202696|202699|203114|203473|203487|203506|203507|203901|2585,101141|203114|203487|203507|2585,202696|202699|203473|203506|203901,,,1610612749.0,21400956,True
1,PT08M13.00S,08:13,Q1 08:13,44.21666666666667,32,foul,Vucevic OFF.Foul (P1),[],Vucevic,7,6,,False,False,202696.0,,foul,turnover,203487.0,,,101141|202696|202699|203114|203473|203487|203506|203507|203901|2585,202696|202699|203473|203506|203901,101141|203114|203487|203507|2585,,,1610612753.0,21400956,True
1,PT08M13.00S,08:13,Q1 08:13,44.21666666666667,33,turnover,Vucevic Foul Turnover (P1.T3),[],Vucevic,7,6,,False,False,202696.0,,foul,2pt missed,,,,101141|202696|202699|203114|203473|203487|203506|203507|203901|2585,202696|202699|203473|203506|203901,101141|203114|203487|203507|2585,,,1610612753.0,21400956,True
1,PT08M03.00S,08:03,Q1 08:03,44.05,34,2pt,MISS Carter-Williams 16' Jump Shot,[],Carter-Williams,7,6,Missed,True,False,203487.0,,turnover,rebound,,,,101141|202696|202699|203114|203473|203487|203506|203507|203901|2585,101141|203114|203487|203507|2585,202696|202699|203473|203506|203901,40.0,159.0,1610612749.0,21400956,True
1,PT08M01.00S,08:01,Q1 08:01,44.016666666666666,35,rebound,Vucevic REBOUND (Off:0 Def:4),[],Vucevic,7,6,,False,False,202696.0,,2pt missed,2pt made,,,,101141|202696|202699|203114|203473|203487|203506|203507|203901|2585,202696|202699|203473|203506|203901,101141|203114|203487|203507|2585,,,1610612753.0,21400956,True
1,PT07M44.00S,07:44,Q1 07:44,43.733333333333334,36,2pt,Payton 10' Jump Shot (2 PTS) (Harris 1 AST),[],Payton,7,8,Made,True,True,203901.0,202699.0,rebound,2pt missed,,,,101141|202696|202699|203114|203473|203487|203506|203507|203901|2585,202696|202699|203473|203506|203901,101141|203114|203487|203507|2585,-84.0,47.0,1610612753.0,21400956,True
1,PT07M31.00S,07:31,Q1 07:31,43.516666666666666,37,2pt,MISS Pachulia 15' Jump Shot,[],Pachulia,7,8,Missed,True,False,2585.0,,2pt made,rebound,,,,101141|202696|202699|203114|203473|203487|203506|203507|203901|2585,101141|203114|203487|203507|2585,202696|202699|203473|203506|203901,39.0,146.0,1610612749.0,21400956,True
1,PT07M30.00S,07:30,Q1 07:30,43.5,38,rebound,Vucevic REBOUND (Off:0 Def:5),[],Vucevic,7,8,,False,False,202696.0,,2pt missed,2pt missed,,,,101141|202696|202699|203114|203473|203487|203506|203507|203901|2585,202696|202699|203473|203506|203901,101141|203114|203487|203507|2585,,,1610612753.0,21400956,True
1,PT07M24.00S,07:24,Q1 07:24,43.4,39,2pt,MISS Payton 2' Layup,['pointsinthepaint'],Payton,7,8,Missed,True,False,203901.0,,rebound,rebound,,,,101141|202696|202699|203114|203473|203487|203506|203507|203901|2585,202696|202699|203473|203506|203901,101141|203114|203487|203507|2585,0.0,22.0,1610612753.0,21400956,True
1,PT07M23.00S,07:23,Q1 07:23,43.38333333333333,40,rebound,Dedmon REBOUND (Off:1 Def:0),[],Dedmon,7,8,,False,False,203473.0,,2pt missed,2pt missed,,,,101141|202696|202699|203114|203473|203487|203506|203507|203901|2585,202696|202699|203473|203506|203901,101141|203114|203487|203507|2585,,,1610612753.0,21400956,True
1,PT07M21.00S,07:21,Q1 07:21,43.35,41,2pt,MISS Dedmon 3' Hook Shot,['pointsinthepaint'],Dedmon,7,8,Missed,True,False,203473.0,,rebound,rebound,,,,101141|202696|202699|203114|203473|203487|203506|203507|203901|2585,202696|202699|203473|203506|203901,101141|203114|203487|203507|2585,17.0,27.0,1610612753.0,21400956,True
1,PT07M19.00S,07:19,Q1 07:19,43.31666666666666,44,rebound,Vucevic REBOUND (Off:1 Def:5),[],Vucevic,7,8,,False,False,202696.0,,2pt missed,2pt missed,,,,101141|202696|202699|203114|203473|203487|203506|203507|203901|2585,202696|202699|203473|203506|203901,101141|203114|203487|203507|2585,,,1610612753.0,21400956,True
1,PT07M18.00S,07:18,Q1 07:18,43.3,45,2pt,MISS Vucevic 1' Layup,['pointsinthepaint'],Vucevic,7,8,Missed,True,False,202696.0,,rebound,rebound,,,,101141|202696|202699|203114|203473|203487|203506|203507|203901|2585,202696|202699|203473|203506|203901,101141|203114|203487|203507|2585,-8.0,3.0,1610612753.0,21400956,True
1,PT07M17.00S,07:17,Q1 07:17,43.28333333333333,46,rebound,Pachulia REBOUND (Off:0 Def:1),[],Pachulia,7,8,,False,False,2585.0,,2pt missed,2pt missed,,,,101141|202696|202699|203114|203473|203487|203506|203507|203901|2585,101141|203114|203487|203507|2585,202696|202699|203473|203506|203901,,,1610612749.0,21400956,True
1,PT07M08.00S,07:08,Q1 07:08,43.13333333333333,47,2pt,MISS Antetokounmpo Layup,['pointsinthepaint'],Antetokounmpo,7,8,Missed,True,False,203507.0,,rebound,block,,,,101141|202696|202699|203114|203473|203487|203506|203507|203901|2585,101141|203114|203487|203507|2585,202696|202699|203473|203506|203901,-4.0,1.0,1610612749.0,21400956,True
1,PT07M08.00S,07:08,Q1 07:08,43.13333333333333,47,block,Dedmon BLOCK (2 BLK),[],Dedmon,7,8,,False,False,203473.0,,2pt missed,rebound,,,203473.0,101141|202696|202699|203114|203473|203487|203506|203507|203901|2585,202696|202699|203473|203506|203901,101141|203114|203487|203507|2585,,,1610612753.0,21400956,True
1,PT07M08.00S,07:08,Q1 07:08,43.13333333333333,48,rebound,TEAM offensive REBOUND,['team'],,7,8,,False,False,0.0,,block,turnover,,,,101141|202696|202699|203114|203473|203487|203506|203507|203901|2585,101141|203114|203487|203507|2585,202696|202699|203473|203506|203901,,,1610612749.0,21400956,True
1,PT06M54.00S,06:54,Q1 06:54,42.9,49,turnover,BUCKS Turnover: Shot Clock (T#2),[],,7,8,,False,False,1610612749.0,,rebound,2pt missed,,,,101141|202696|202699|203114|203473|203487|203506|203507|203901|2585,101141|203114|203487|203507|2585,202696|202699|203473|203506|203901,,,0.0,21400956,True
1,PT06M35.00S,06:35,Q1 06:35,42.583333333333336,50,2pt,MISS Dedmon 6' Jump Hook Shot,['pointsinthepaint'],Dedmon,7,8,Missed,True,False,203473.0,,turnover,rebound,,,,101141|202696|202699|203114|203473|203487|203506|203507|203901|2585,202696|202699|203473|203506|203901,101141|203114|203487|203507|2585,-4.0,55.0,1610612753.0,21400956,True
1,PT06M34.00S,06:34,Q1 06:34,42.56666666666666,51,rebound,Antetokounmpo REBOUND (Off:0 Def:2),[],Antetokounmpo,7,8,,False,False,203507.0,,2pt missed,foul,,,,101141|202696|202699|203114|203473|203487|203506|203507|203901|2585,101141|203114|203487|203507|2585,202696|202699|203473|203506|203901,,,1610612749.0,21400956,True
1,PT06M26.00S,06:26,Q1 06:26,42.43333333333334,52,foul,Dedmon Shooting Block Foul (P1.T2),[],Dedmon,7,8,,False,False,203473.0,,rebound,freethrow,2585.0,,,101141|202696|202699|203114|203473|203487|203506|203507|203901|2585,202696|202699|203473|203506|203901,101141|203114|203487|203507|2585,,,1610612753.0,21400956,True
1,PT06M26.00S,06:26,Q1 06:26,42.43333333333334,53,freethrow,Pachulia Free Throw 1 of 2 (1 PTS),[],Pachulia,8,8,Made,False,False,2585.0,,foul,freethrow,,,,101141|202696|202699|203114|203473|203487|203506|203507|203901|2585,101141|203114|203487|203507|2585,202696|202699|203473|203506|203901,,,1610612749.0,21400956,True
1,PT06M26.00S,06:26,Q1 06:26,42.43333333333334,56,freethrow,Pachulia Free Throw 2 of 2 (2 PTS),[],Pachulia,9,8,Made,False,False,2585.0,,freethrow,substitution,,,,101141|202696|202699|203114|203473|203487|203506|203507|203901|2585,101141|203114|203487|203507|2585,202696|202699|203473|203506|203901,,,1610612749.0,21400956,True
1,PT06M26.00S,06:26,Q1 06:26,42.43333333333334,55,substitution,SUB out: K. Middleton,[],Middleton,8,8,,False,False,203114.0,,freethrow,substitution,,,,101141|202696|202699|203473|203487|203506|203507|203901|2585,101141|203487|203507|2585,202696|202699|203473|203506|203901,,,1610612749.0,21400956,False
1,PT06M26.00S,06:26,Q1 06:26,42.43333333333334,56,substitution,SUB in: O. Mayo,[],Mayo,8,8,,False,False,201564.0,,substitution,2pt missed,,,,101141|201564|202696|202699|203473|203487|203506|203507|203901|2585,101141|201564|203487|203507|2585,202696|202699|203473|203506|203901,,,1610612749.0,21400956,True
1,PT06M12.00S,06:12,Q1 06:12,42.2,58,2pt,MISS Oladipo 5' Jump Shot,['pointsinthepaint'],Oladipo,9,8,Missed,True,False,203506.0,,substitution,rebound,,,,101141|201564|202696|202699|203473|203487|203506|203507|203901|2585,202696|202699|203473|203506|203901,101141|201564|203487|203507|2585,42.0,25.0,1610612753.0,21400956,True
1,PT06M11.00S,06:11,Q1 06:11,42.18333333333334,60,rebound,Ilyasova REBOUND (Off:0 Def:1),[],Ilyasova,9,8,,False,False,101141.0,,2pt missed,2pt made,,,,101141|201564|202696|202699|203473|203487|203506|203507|203901|2585,101141|201564|203487|203507|2585,202696|202699|203473|203506|203901,,,1610612749.0,21400956,True
1,PT06M04.00S,06:04,Q1 06:04,42.06666666666666,61,2pt,Ilyasova Alley Oop Layup (2 PTS) (Mayo 1 AST),['pointsinthepaint'],Ilyasova,11,8,Made,True,True,101141.0,201564.0,rebound,timeout,,,,101141|201564|202696|202699|203473|203487|203506|203507|203901|2585,101141|201564|203487|203507|2585,202696|202699|203473|203506|203901,0.0,-3.0,1610612749.0,21400956,True
1,PT06M02.00S,06:02,Q1 06:02,42.03333333333333,62,timeout,Magic Timeout: Regular (Reg.1 Short 0),[],,11,8,,False,False,0.0,,2pt made,substitution,,,,101141|201564|202696|202699|203473|203487|203506|203507|203901|2585,202696|202699|203473|203506|203901,101141|201564|203487|203507|2585,,,1610612753.0,21400956,True
1,PT06M02.00S,06:02,Q1 06:02,42.03333333333333,64,substitution,SUB out: Z. Pachulia,[],Pachulia,11,8,,False,False,2585.0,,timeout,substitution,,,,101141|201564|202696|202699|203473|203487|203506|203507|203901,101141|201564|203487|203507,202696|202699|203473|203506|203901,,,1610612749.0,21400956,False
1,PT06M02.00S,06:02,Q1 06:02,42.03333333333333,65,substitution,SUB out: N. Vucevic,[],Vucevic,11,8,,False,False,202696.0,,substitution,substitution,,,,101141|201564|202699|203473|203487|203506|203507|203901,202699|203473|203506|203901,101141|201564|203487|203507,,,1610612753.0,21400956,False
1,PT06M02.00S,06:02,Q1 06:02,42.03333333333333,66,substitution,SUB in: M. Plumlee,[],Plumlee,11,8,,False,False,203101.0,,substitution,substitution,,,,101141|201564|202699|203101|203473|203487|203506|203507|203901,101141|201564|203101|203487|203507,202699|203473|203506|203901,,,1610612749.0,21400956,False
1,PT06M02.00S,06:02,Q1 06:02,42.03333333333333,67,substitution,SUB in: A. Gordon,[],Gordon,11,8,,False,False,203932.0,,substitution,3pt made,,,,101141|201564|202699|203101|203473|203487|203506|203507|203901|203932,202699|203473|203506|203901|203932,101141|201564|203101|203487|203507,,,1610612753.0,21400956,True
1,PT05M42.00S,05:42,Q1 05:42,41.7,66,3pt,Harris 26' 3PT Jump Shot (5 PTS) (A. Gordon 1 AST),[],Harris,11,11,Made,True,True,202699.0,203932.0,substitution,turnover,,,,101141|201564|202699|203101|203473|203487|203506|203507|203901|203932,202699|203473|203506|203901|203932,101141|201564|203101|203487|203507,184.0,179.0,1610612753.0,21400956,True
1,PT05M29.00S,05:29,Q1 05:29,41.483333333333334,67,turnover,Mayo Bad Pass Turnover (P1.T3),[],Mayo,11,11,,False,False,201564.0,,3pt made,steal,,,,101141|201564|202699|203101|203473|203487|203506|203507|203901|203932,101141|201564|203101|203487|203507,202699|203473|203506|203901|203932,,,1610612749.0,21400956,True
1,PT05M29.00S,05:29,Q1 05:29,41.483333333333334,67,steal,Payton STEAL (1 STL),[],Payton,11,11,,False,False,203901.0,,turnover,2pt made,,203901.0,,101141|201564|202699|203101|203473|203487|203506|203507|203901|203932,202699|203473|203506|203901|203932,101141|201564|203101|203487|203507,,,1610612753.0,21400956,True
1,PT05M25.00S,05:25,Q1 05:25,41.416666666666664,68,2pt,Harris Dunk (7 PTS) (Payton 1 AST),['pointsinthepaint'],Harris,11,13,Made,True,True,202699.0,203901.0,steal,2pt made,,,,101141|201564|202699|203101|203473|203487|203506|203507|203901|203932,202699|203473|203506|203901|203932,101141|201564|203101|203487|203507,0.0,1.0,1610612753.0,21400956,True
1,PT05M10.00S,05:10,Q1 05:10,41.166666666666664,69,2pt,Ilyasova 20' Jump Shot (4 PTS) (Carter-Williams 1 AST),[],Ilyasova,13,13,Made,True,True,101141.0,203487.0,2pt made,2pt missed,,,,101141|201564|202699|203101|203473|203487|203506|203507|203901|203932,101141|201564|203101|203487|203507,202699|203473|203506|203901|203932,-62.0,194.0,1610612749.0,21400956,True
1,PT04M45.00S,04:45,Q1 04:45,40.75,70,2pt,MISS Oladipo 19' Jump Shot,[],Oladipo,13,13,Missed,True,False,203506.0,,2pt made,rebound,,,,101141|201564|202699|203101|203473|203487|203506|203507|203901|203932,202699|203473|203506|203901|203932,101141|201564|203101|203487|203507,32.0,183.0,1610612753.0,21400956,True
1,PT04M43.00S,04:43,Q1 04:43,40.71666666666667,71,rebound,Antetokounmpo REBOUND (Off:0 Def:3),[],Antetokounmpo,13,13,,False,False,203507.0,,2pt missed,3pt made,,,,101141|201564|202699|203101|203473|203487|203506|203507|203901|203932,101141|201564|203101|203487|203507,202699|203473|203506|203901|203932,,,1610612749.0,21400956,True
1,PT04M24.00S,04:24,Q1 04:24,40.4,72,3pt,Antetokounmpo 27' 3PT Jump Shot (4 PTS) (Ilyasova 1 AST),[],Antetokounmpo,16,13,Made,True,True,203507.0,101141.0,rebound,foul,,,,101141|201564|202699|203101|203473|203487|203506|203507|203901|203932,101141|201564|203101|203487|203507,202699|203473|203506|203901|203932,-199.0,179.0,1610612749.0,21400956,True
1,PT04M09.00S,04:09,Q1 04:09,40.15,73,foul,Harris OFF.Foul (P2),[],Harris,16,13,,False,False,202699.0,,3pt made,turnover,203487.0,,,101141|201564|202699|203101|203473|203487|203506|203507|203901|203932,202699|203473|203506|203901|203932,101141|201564|203101|203487|203507,,,1610612753.0,21400956,True
1,PT04M09.00S,04:09,Q1 04:09,40.15,74,turnover,Harris Foul Turnover (P1.T4),[],Harris,16,13,,False,False,202699.0,,foul,2pt made,,,,101141|201564|202699|203101|203473|203487|203506|203507|203901|203932,202699|203473|203506|203901|203932,101141|201564|203101|203487|203507,,,1610612753.0,21400956,True
1,PT03M59.00S,03:59,Q1 03:59,39.983333333333334,75,2pt,Carter-Williams Driving Layup (4 PTS),['pointsinthepaint'],Carter-Williams,18,13,Made,True,False,203487.0,,turnover,foul,,,,101141|201564|202699|203101|203473|203487|203506|203507|203901|203932,101141|201564|203101|203487|203507,202699|203473|203506|203901|203932,-2.0,4.0,1610612749.0,21400956,True
1,PT03M53.00S,03:53,Q1 03:53,39.88333333333333,76,foul,Mayo S.FOUL (P1.T2),[],Mayo,18,13,,False,False,201564.0,,2pt made,freethrow,203506.0,,,101141|201564|202699|203101|203473|203487|203506|203507|203901|203932,101141|201564|203101|203487|203507,202699|203473|203506|203901|203932,,,1610612749.0,21400956,True
1,PT03M53.00S,03:53,Q1 03:53,39.88333333333333,77,freethrow,Oladipo Free Throw 1 of 2 (1 PTS),[],Oladipo,18,14,Made,False,False,203506.0,,foul,freethrow,,,,101141|201564|202699|203101|203473|203487|203506|203507|203901|203932,202699|203473|203506|203901|203932,101141|201564|203101|203487|203507,,,1610612753.0,21400956,True
1,PT03M53.00S,03:53,Q1 03:53,39.88333333333333,79,freethrow,Oladipo Free Throw 2 of 2 (2 PTS),[],Oladipo,18,15,Made,False,False,203506.0,,freethrow,2pt missed,,,,101141|201564|202699|203101|203473|203487|203506|203507|203901|203932,202699|203473|203506|203901|203932,101141|201564|203101|203487|203507,,,1610612753.0,21400956,True
1,PT03M40.00S,03:40,Q1 03:40,39.666666666666664,81,2pt,MISS Ilyasova 21' Jump Shot,[],Ilyasova,18,15,Missed,True,False,101141.0,,freethrow,rebound,,,,101141|201564|202699|203101|203473|203487|203506|203507|203901|203932,101141|201564|203101|203487|203507,202699|203473|203506|203901|203932,-164.0,132.0,1610612749.0,21400956,True
1,PT03M39.00S,03:39,Q1 03:39,39.65,82,rebound,Dedmon REBOUND (Off:1 Def:1),[],Dedmon,18,15,,False,False,203473.0,,2pt missed,3pt made,,,,101141|201564|202699|203101|203473|203487|203506|203507|203901|203932,202699|203473|203506|203901|203932,101141|201564|203101|203487|203507,,,1610612753.0,21400956,True
1,PT03M31.00S,03:31,Q1 03:31,39.516666666666666,83,3pt,A. Gordon 3PT Jump Shot (3 PTS) (Payton 2 AST),[],Gordon,18,18,Made,True,True,203932.0,203901.0,rebound,2pt missed,,,,101141|201564|202699|203101|203473|203487|203506|203507|203901|203932,202699|203473|203506|203901|203932,101141|201564|203101|203487|203507,-228.0,-10.0,1610612753.0,21400956,True
1,PT03M14.00S,03:14,Q1 03:14,39.233333333333334,84,2pt,MISS Carter-Williams 5' Jump Shot,['pointsinthepaint'],Carter-Williams,18,18,Missed,True,False,203487.0,,3pt made,rebound,,,,101141|201564|202699|203101|203473|203487|203506|203507|203901|203932,101141|201564|203101|203487|203507,202699|203473|203506|203901|203932,0.0,50.0,1610612749.0,21400956,True
1,PT03M13.00S,03:13,Q1 03:13,39.21666666666667,85,rebound,A. Gordon REBOUND (Off:0 Def:1),[],Gordon,18,18,,False,False,203932.0,,2pt missed,2pt made,,,,101141|201564|202699|203101|203473|203487|203506|203507|203901|203932,202699|203473|203506|203901|203932,101141|201564|203101|203487|203507,,,1610612753.0,21400956,True
1,PT03M03.00S,03:03,Q1 03:03,39.05,86,2pt,Dedmon Layup (2 PTS) (Oladipo 3 AST),['pointsinthepaint'],Dedmon,18,20,Made,True,True,203473.0,203506.0,rebound,2pt missed,,,,101141|201564|202699|203101|203473|203487|203506|203507|203901|203932,202699|203473|203506|203901|203932,101141|201564|203101|203487|203507,-4.0,0.0,1610612753.0,21400956,True
1,PT02M43.00S,02:43,Q1 02:43,38.71666666666667,87,2pt,MISS Antetokounmpo 1' Layup,['pointsinthepaint'],Antetokounmpo,18,20,Missed,True,False,203507.0,,2pt made,2pt made,,,,101141|201564|202699|203101|203473|203487|203506|203507|203901|203932,101141|201564|203101|203487|203507,202699|203473|203506|203901|203932,-10.0,3.0,1610612749.0,21400956,True
1,PT02M41.00S,02:41,Q1 02:41,38.68333333333334,88,2pt,Ilyasova 1' Tip Shot (6 PTS),['pointsinthepaint'],Ilyasova,20,20,Made,True,False,101141.0,,2pt missed,rebound,,,,101141|201564|202699|203101|203473|203487|203506|203507|203901|203932,101141|201564|203101|203487|203507,202699|203473|203506|203901|203932,-5.0,4.0,1610612749.0,21400956,True
1,PT02M41.00S,02:41,Q1 02:41,38.68333333333334,89,rebound,Ilyasova REBOUND (Off:1 Def:1),[],Ilyasova,18,20,,False,False,101141.0,,2pt made,3pt missed,,,,101141|201564|202699|203101|203473|203487|203506|203507|203901|203932,101141|201564|203101|203487|203507,202699|203473|203506|203901|203932,,,1610612749.0,21400956,True
1,PT02M33.00S,02:33,Q1 02:33,38.55,90,3pt,MISS A. Gordon 25' 3PT Jump Shot,[],Gordon,20,20,Missed,True,False,203932.0,,rebound,rebound,,,,101141|201564|202699|203101|203473|203487|203506|203507|203901|203932,202699|203473|203506|203901|203932,101141|201564|203101|203487|203507,141.0,206.0,1610612753.0,21400956,True
1,PT02M32.00S,02:32,Q1 02:32,38.53333333333333,91,rebound,Plumlee REBOUND (Off:0 Def:1),[],Plumlee,20,20,,False,False,203101.0,,3pt missed,2pt made,,,,101141|201564|202699|203101|203473|203487|203506|203507|203901|203932,101141|201564|203101|203487|203507,202699|203473|203506|203901|203932,,,1610612749.0,21400956,True
1,PT02M23.00S,02:23,Q1 02:23,38.38333333333333,92,2pt,Plumlee 1' Layup (2 PTS) (Antetokounmpo 2 AST),['pointsinthepaint'],Plumlee,22,20,Made,True,True,203101.0,203507.0,rebound,2pt made,,,,101141|201564|202699|203101|203473|203487|203506|203507|203901|203932,101141|201564|203101|203487|203507,202699|203473|203506|203901|203932,4.0,-6.0,1610612749.0,21400956,True
1,PT02M07.00S,02:07,Q1 02:07,38.11666666666667,93,2pt,Payton Running Dunk (4 PTS) (Oladipo 4 AST),['pointsinthepaint'],Payton,22,22,Made,True,True,203901.0,203506.0,2pt made,timeout,,,,101141|201564|202699|203101|203473|203487|203506|203507|203901|203932,202699|203473|203506|203901|203932,101141|201564|203101|203487|203507,0.0,1.0,1610612753.0,21400956,True
1,PT02M05.00S,02:05,Q1 02:05,38.083333333333336,94,timeout,BUCKS Timeout: Regular (Full 1 Short 0),[],,22,22,,False,False,0.0,,2pt made,substitution,,,,101141|201564|202699|203101|203473|203487|203506|203507|203901|203932,101141|201564|203101|203487|203507,202699|203473|203506|203901|203932,,,1610612749.0,21400956,True
1,PT02M05.00S,02:05,Q1 02:05,38.083333333333336,96,substitution,SUB out: G. Antetokounmpo,[],Antetokounmpo,22,22,,False,False,203507.0,,timeout,substitution,,,,101141|201564|202699|203101|203473|203487|203506|203901|203932,101141|201564|203101|203487,202699|203473|203506|203901|203932,,,1610612749.0,21400956,False
1,PT02M05.00S,02:05,Q1 02:05,38.083333333333336,97,substitution,SUB out: E. Ilyasova,[],Ilyasova,22,22,,False,False,101141.0,,substitution,substitution,,,,201564|202699|203101|203473|203487|203506|203901|203932,201564|203101|203487,202699|203473|203506|203901|203932,,,1610612749.0,21400956,False
1,PT02M05.00S,02:05,Q1 02:05,38.083333333333336,98,substitution,SUB out: M. Carter-Williams,[],Carter-Williams,22,22,,False,False,203487.0,,substitution,substitution,,,,201564|202699|203101|203473|203506|203901|203932,201564|203101,202699|203473|203506|203901|203932,,,1610612749.0,21400956,False
1,PT02M05.00S,02:05,Q1 02:05,38.083333333333336,99,substitution,SUB in: J. Dudley,[],Dudley,22,22,,False,False,201162.0,,substitution,substitution,,,,201162|201564|202699|203101|203473|203506|203901|203932,201162|201564|203101,202699|203473|203506|203901|203932,,,1610612749.0,21400956,False
1,PT02M05.00S,02:05,Q1 02:05,38.083333333333336,100,substitution,SUB in: T. Ennis,[],Ennis,22,22,,False,False,203898.0,,substitution,substitution,,,,201162|201564|202699|203101|203473|203506|203898|203901|203932,201162|201564|203101|203898,202699|203473|203506|203901|203932,,,1610612749.0,21400956,False
1,PT02M05.00S,02:05,Q1 02:05,38.083333333333336,101,substitution,SUB in: K. Middleton,[],Middleton,22,22,,False,False,203114.0,,substitution,2pt made,,,,201162|201564|202699|203101|203114|203473|203506|203898|203901|203932,201162|201564|203101|203114|203898,202699|203473|203506|203901|203932,,,1610612749.0,21400956,True
1,PT01M53.00S,01:53,Q1 01:53,37.88333333333333,99,2pt,Mayo 20' Jump Shot (2 PTS) (Ennis 1 AST),[],Mayo,24,22,Made,True,True,201564.0,203898.0,substitution,foul,,,,201162|201564|202699|203101|203114|203473|203506|203898|203901|203932,201162|201564|203101|203114|203898,202699|203473|203506|203901|203932,-188.0,58.0,1610612749.0,21400956,True
1,PT01M40.00S,01:40,Q1 01:40,37.666666666666664,100,foul,Dudley P.FOUL (P1.T3),[],Dudley,24,22,,False,False,201162.0,,2pt made,foul,203901.0,,,201162|201564|202699|203101|203114|203473|203506|203898|203901|203932,201162|201564|203101|203114|203898,202699|203473|203506|203901|203932,,,1610612749.0,21400956,True
1,PT01M33.00S,01:33,Q1 01:33,37.55,101,foul,Plumlee S.FOUL (P1.PN),[],Plumlee,24,22,,False,False,203101.0,,foul,freethrow,203901.0,,,201162|201564|202699|203101|203114|203473|203506|203898|203901|203932,201162|201564|203101|203114|203898,202699|203473|203506|203901|203932,,,1610612749.0,21400956,True
1,PT01M33.00S,01:33,Q1 01:33,37.55,102,freethrow,Payton Free Throw 1 of 2 (5 PTS),[],Payton,24,23,Made,False,False,203901.0,,foul,freethrow,,,,201162|201564|202699|203101|203114|203473|203506|203898|203901|203932,202699|203473|203506|203901|203932,201162|201564|203101|203114|203898,,,1610612753.0,21400956,True
1,PT01M33.00S,01:33,Q1 01:33,37.55,104,freethrow,Payton Free Throw 2 of 2 (6 PTS),[],Payton,24,24,Made,False,False,203901.0,,freethrow,3pt made,,,,201162|201564|202699|203101|203114|203473|203506|203898|203901|203932,202699|203473|203506|203901|203932,201162|201564|203101|203114|203898,,,1610612753.0,21400956,True
1,PT01M22.00S,01:22,Q1 01:22,37.36666666666667,106,3pt,Ennis 25' 3PT Jump Shot (3 PTS) (Middleton 1 AST),[],Ennis,27,24,Made,True,True,203898.0,203114.0,freethrow,3pt made,,,,201162|201564|202699|203101|203114|203473|203506|203898|203901|203932,201162|201564|203101|203114|203898,202699|203473|203506|203901|203932,124.0,219.0,1610612749.0,21400956,True
1,PT01M02.00S,01:02,Q1 01:02,37.03333333333333,107,3pt,Oladipo 26' 3PT Jump Shot (5 PTS),[],Oladipo,27,27,Made,True,False,203506.0,,3pt made,2pt made,,,,201162|201564|202699|203101|203114|203473|203506|203898|203901|203932,202699|203473|203506|203901|203932,201162|201564|203101|203114|203898,171.0,201.0,1610612753.0,21400956,True
1,PT00M50.90S,00:50,Q1 00:50,36.848333333333336,108,2pt,Dudley 18' Jump Shot (2 PTS) (Mayo 2 AST),[],Dudley,29,27,Made,True,True,201162.0,201564.0,3pt made,2pt made,,,,201162|201564|202699|203101|203114|203473|203506|203898|203901|203932,201162|201564|203101|203114|203898,202699|203473|203506|203901|203932,124.0,134.0,1610612749.0,21400956,True
1,PT00M34.40S,00:34,Q1 00:34,36.57333333333333,109,2pt,Payton 5' Jump Shot (8 PTS),['pointsinthepaint'],Payton,29,29,Made,True,False,203901.0,,2pt made,foul,,,,201162|201564|202699|203101|203114|203473|203506|203898|203901|203932,202699|203473|203506|203901|203932,201162|201564|203101|203114|203898,-5.0,53.0,1610612753.0,21400956,True
1,PT00M26.20S,00:26,Q1 00:26,36.43666666666667,110,foul,Payton P.FOUL (P1.T3),['inpenalty'],Payton,29,29,,False,False,203901.0,,2pt made,2pt missed,203101.0,,,201162|201564|202699|203101|203114|203473|203506|203898|203901|203932,202699|203473|203506|203901|203932,201162|201564|203101|203114|203898,,,1610612753.0,21400956,True
1,PT00M11.90S,00:11,Q1 00:11,36.19833333333333,111,2pt,MISS Plumlee 6' Hook Shot,['pointsinthepaint'],Plumlee,29,29,Missed,True,False,203101.0,,foul,rebound,,,,201162|201564|202699|203101|203114|203473|203506|203898|203901|203932,201162|201564|203101|203114|203898,202699|203473|203506|203901|203932,-35.0,48.0,1610612749.0,21400956,True
1,PT00M10.90S,00:10,Q1 00:10,36.181666666666665,112,rebound,Payton REBOUND (Off:0 Def:1),[],Payton,29,29,,False,False,203901.0,,2pt missed,2pt made,,,,201162|201564|202699|203101|203114|203473|203506|203898|203901|203932,202699|203473|203506|203901|203932,201162|201564|203101|203114|203898,,,1610612753.0,21400956,True
1,PT00M02.90S,00:02,Q1 00:02,36.04833333333333,113,2pt,Oladipo Driving Layup (7 PTS),['pointsinthepaint'],Oladipo,29,31,Made,True,False,203506.0,,rebound,3pt missed,,,,201162|201564|202699|203101|203114|203473|203506|203898|203901|203932,202699|203473|203506|203901|203932,201162|201564|203101|203114|203898,-2.0,3.0,1610612753.0,21400956,True
1,PT00M00.20S,00:00,Q1 00:00,36.00333333333333,114,3pt,MISS Ennis 42' 3PT Jump Shot,[],Ennis,29,31,Missed,True,False,203898.0,,2pt made,rebound,,,,201162|201564|202699|203101|203114|203473|203506|203898|203901|203932,201162|201564|203101|203114|203898,202699|203473|203506|203901|203932,-174.0,377.0,1610612749.0,21400956,True
1,PT00M00.00S,00:00,Q1 00:00,36.0,115,rebound,TEAM offensive REBOUND,['team'],,29,31,,False,False,0.0,,3pt missed,period,,,,201162|201564|202699|203101|203114|203473|203506|203898|203901|203932,201162|201564|203101|203114|203898,202699|203473|203506|203901|203932,,,1610612749.0,21400956,True
1,PT00M00.00S,00:00,Q1 00:00,36.0,116,period,End of 1st Period (8:34 PM EST),[],,29,31,,False,False,0.0,,rebound,period,,,,201162|201564|202699|203101|203114|203473|203506|203898|203901|203932,201162|201564|203101|203114|203898,202699|203473|203506|203901|203932,,,1610612749.0,21400956,True
2,PT12M00.00S,12:00,Q2 12:00,36.0,118,period,Start of 2nd Period (8:37 PM EST),[],,29,31,,False,False,0.0,,period,substitution,,,,201162|201564|202699|203101|203114|203473|203506|203898|203901|203932,201162|201564|203101|203114|203898,202699|203473|203506|203901|203932,,,1610612749.0,21400956,True
2,PT11M48.00S,11:48,Q2 11:48,35.8,120,2pt,Middleton 18' Jump Shot (6 PTS) (Johnson 1 AST),[],Middleton,31,31,Made,True,True,203114.0,203187.0,substitution,2pt missed,,,,101112|201162|202696|203089|203090|203114|203187|203898|203932|2557,201162|203089|203114|203187|203898,101112|202696|203090|203932|2557,-180.0,-3.0,1610612749.0,21400956,True
2,PT11M25.00S,11:25,Q2 11:25,35.416666666666664,121,2pt,MISS Vucevic 6' Hook Shot,['pointsinthepaint'],Vucevic,31,31,Missed,True,False,202696.0,,2pt made,rebound,,,,101112|201162|202696|203089|203090|203114|203187|203898|203932|2557,101112|202696|203090|203932|2557,201162|203089|203114|203187|203898,51.0,23.0,1610612753.0,21400956,True
2,PT11M24.00S,11:24,Q2 11:24,35.4,122,rebound,Dudley REBOUND (Off:0 Def:1),[],Dudley,31,31,,False,False,201162.0,,2pt missed,foul,,,,101112|201162|202696|203089|203090|203114|203187|203898|203932|2557,201162|203089|203114|203187|203898,101112|202696|203090|203932|2557,,,1610612749.0,21400956,True
2,PT11M12.00S,11:12,Q2 11:12,35.2,123,foul,Harkless S.FOUL (P1.T1),[],Harkless,31,31,,False,False,203090.0,,rebound,freethrow,203089.0,,,101112|201162|202696|203089|203090|203114|203187|203898|203932|2557,101112|202696|203090|203932|2557,201162|203089|203114|203187|203898,,,1610612753.0,21400956,True
2,PT11M12.00S,11:12,Q2 11:12,35.2,124,freethrow,MISS Henson Free Throw 1 of 2,[],Henson,31,31,Missed,False,False,203089.0,,foul,rebound,,,,101112|201162|202696|203089|203090|203114|203187|203898|203932|2557,201162|203089|203114|203187|203898,101112|202696|203090|203932|2557,,,1610612749.0,21400956,True
2,PT11M12.00S,11:12,Q2 11:12,35.2,125,rebound,TEAM offensive REBOUND,['team'],,31,31,,False,False,0.0,,freethrow,freethrow,,,,101112|201162|202696|203089|203090|203114|203187|203898|203932|2557,201162|203089|203114|203187|203898,101112|202696|203090|203932|2557,,,1610612749.0,21400956,True
2,PT11M12.00S,11:12,Q2 11:12,35.2,126,freethrow,Henson Free Throw 2 of 2 (1 PTS),['2ndchance'],Henson,32,31,Made,False,False,203089.0,,rebound,2pt missed,,,,101112|201162|202696|203089|203090|203114|203187|203898|203932|2557,201162|203089|203114|203187|203898,101112|202696|203090|203932|2557,,,1610612749.0,21400956,True
2,PT10M48.00S,10:48,Q2 10:48,34.8,129,2pt,MISS Vucevic 18' Jump Shot,[],Vucevic,32,31,Missed,True,False,202696.0,,freethrow,rebound,,,,101112|201162|202696|203089|203090|203114|203187|203898|203932|2557,101112|202696|203090|203932|2557,201162|203089|203114|203187|203898,-93.0,149.0,1610612753.0,21400956,True
2,PT10M43.00S,10:43,Q2 10:43,34.71666666666667,130,rebound,Middleton REBOUND (Off:0 Def:1),[],Middleton,32,31,,False,False,203114.0,,2pt missed,turnover,,,,101112|201162|202696|203089|203090|203114|203187|203898|203932|2557,201162|203089|203114|203187|203898,101112|202696|203090|203932|2557,,,1610612749.0,21400956,True
2,PT10M26.00S,10:26,Q2 10:26,34.43333333333334,131,turnover,Ennis Bad Pass Turnover (P1.T4),[],Ennis,32,31,,False,False,203898.0,,rebound,steal,,,,101112|201162|202696|203089|203090|203114|203187|203898|203932|2557,201162|203089|203114|203187|203898,101112|202696|203090|203932|2557,,,1610612749.0,21400956,True
2,PT10M26.00S,10:26,Q2 10:26,34.43333333333334,131,steal,Harkless STEAL (1 STL),[],Harkless,32,31,,False,False,203090.0,,turnover,foul,,203090.0,,101112|201162|202696|203089|203090|203114|203187|203898|203932|2557,101112|202696|203090|203932|2557,201162|203089|203114|203187|203898,,,1610612753.0,21400956,True
2,PT10M19.00S,10:19,Q2 10:19,34.31666666666666,132,foul,Vucevic OFF.Foul (P2),[],Vucevic,32,31,,False,False,202696.0,,steal,turnover,203114.0,,,101112|201162|202696|203089|203090|203114|203187|203898|203932|2557,101112|202696|203090|203932|2557,201162|203089|203114|203187|203898,,,1610612753.0,21400956,True
2,PT10M19.00S,10:19,Q2 10:19,34.31666666666666,133,turnover,Vucevic Foul Turnover (P2.T5),[],Vucevic,32,31,,False,False,202696.0,,foul,2pt missed,,,,101112|201162|202696|203089|203090|203114|203187|203898|203932|2557,101112|202696|203090|203932|2557,201162|203089|203114|203187|203898,,,1610612753.0,21400956,True
2,PT10M07.00S,10:07,Q2 10:07,34.11666666666667,134,2pt,MISS Middleton 17' Jump Shot,[],Middleton,32,31,Missed,True,False,203114.0,,turnover,rebound,,,,101112|201162|202696|203089|203090|203114|203187|203898|203932|2557,201162|203089|203114|203187|203898,101112|202696|203090|203932|2557,-172.0,22.0,1610612749.0,21400956,True
2,PT10M06.00S,10:06,Q2 10:06,34.1,135,rebound,Vucevic REBOUND (Off:1 Def:6),[],Vucevic,32,31,,False,False,202696.0,,2pt missed,turnover,,,,101112|201162|202696|203089|203090|203114|203187|203898|203932|2557,101112|202696|203090|203932|2557,201162|203089|203114|203187|203898,,,1610612753.0,21400956,True
2,PT09M58.00S,09:58,Q2 09:58,33.96666666666667,136,turnover,Ridnour Bad Pass Turnover (P1.T6),[],Ridnour,32,31,,False,False,2557.0,,rebound,steal,,,,101112|201162|202696|203089|203090|203114|203187|203898|203932|2557,101112|202696|203090|203932|2557,201162|203089|203114|203187|203898,,,1610612753.0,21400956,True
2,PT09M58.00S,09:58,Q2 09:58,33.96666666666667,136,steal,Ennis STEAL (1 STL),[],Ennis,32,31,,False,False,203898.0,,turnover,3pt missed,,203898.0,,101112|201162|202696|203089|203090|203114|203187|203898|203932|2557,201162|203089|203114|203187|203898,101112|202696|203090|203932|2557,,,1610612749.0,21400956,True
2,PT09M49.00S,09:49,Q2 09:49,33.81666666666666,137,3pt,MISS Dudley 25' 3PT Jump Shot,[],Dudley,32,31,Missed,True,False,201162.0,,steal,rebound,,,,101112|201162|202696|203089|203090|203114|203187|203898|203932|2557,201162|203089|203114|203187|203898,101112|202696|203090|203932|2557,245.0,-6.0,1610612749.0,21400956,True
2,PT09M48.00S,09:48,Q2 09:48,33.8,138,rebound,Henson REBOUND (Off:1 Def:0),[],Henson,32,31,,False,False,203089.0,,3pt missed,2pt missed,,,,101112|201162|202696|203089|203090|203114|203187|203898|203932|2557,201162|203089|203114|203187|203898,101112|202696|203090|203932|2557,,,1610612749.0,21400956,True
2,PT09M43.00S,09:43,Q2 09:43,33.71666666666667,139,2pt,MISS Middleton 8' Jump Shot,['pointsinthepaint'],Middleton,32,31,Missed,True,False,203114.0,,rebound,block,,,,101112|201162|202696|203089|203090|203114|203187|203898|203932|2557,201162|203089|203114|203187|203898,101112|202696|203090|203932|2557,70.0,41.0,1610612749.0,21400956,True
2,PT09M43.00S,09:43,Q2 09:43,33.71666666666667,139,block,A. Gordon BLOCK (1 BLK),[],Gordon,32,31,,False,False,203932.0,,2pt missed,rebound,,,203932.0,101112|201162|202696|203089|203090|203114|203187|203898|203932|2557,101112|202696|203090|203932|2557,201162|203089|203114|203187|203898,,,1610612753.0,21400956,True
2,PT09M42.00S,09:42,Q2 09:42,33.7,140,rebound,A. Gordon REBOUND (Off:0 Def:2),[],Gordon,32,31,,False,False,203932.0,,block,foul,,,,101112|201162|202696|203089|203090|203114|203187|203898|203932|2557,101112|202696|203090|203932|2557,201162|203089|203114|203187|203898,,,1610612753.0,21400956,True
2,PT09M35.00S,09:35,Q2 09:35,33.583333333333336,141,foul,Henson P.FOUL (P1.T1),[],Henson,32,31,,False,False,203089.0,,rebound,foul,203932.0,,,101112|201162|202696|203089|203090|203114|203187|203898|203932|2557,201162|203089|203114|203187|203898,101112|202696|203090|203932|2557,,,1610612749.0,21400956,True
2,PT09M21.00S,09:21,Q2 09:21,33.35,142,foul,A. Gordon OFF.Foul (P1),[],Gordon,32,31,,False,False,203932.0,,foul,turnover,203898.0,,,101112|201162|202696|203089|203090|203114|203187|203898|203932|2557,101112|202696|203090|203932|2557,201162|203089|203114|203187|203898,,,1610612753.0,21400956,True
2,PT09M21.00S,09:21,Q2 09:21,33.35,143,turnover,A. Gordon Foul Turnover (P1.T7),[],Gordon,32,31,,False,False,203932.0,,foul,3pt missed,,,,101112|201162|202696|203089|203090|203114|203187|203898|203932|2557,101112|202696|203090|203932|2557,201162|203089|203114|203187|203898,,,1610612753.0,21400956,True
2,PT09M11.00S,09:11,Q2 09:11,33.18333333333334,144,3pt,MISS Ennis 25' 3PT Jump Shot,[],Ennis,32,31,Missed,True,False,203898.0,,turnover,rebound,,,,101112|201162|202696|203089|203090|203114|203187|203898|203932|2557,201162|203089|203114|203187|203898,101112|202696|203090|203932|2557,-215.0,135.0,1610612749.0,21400956,True
2,PT09M10.00S,09:10,Q2 09:10,33.166666666666664,145,rebound,A. Gordon REBOUND (Off:0 Def:3),[],Gordon,32,31,,False,False,203932.0,,3pt missed,2pt missed,,,,101112|201162|202696|203089|203090|203114|203187|203898|203932|2557,101112|202696|203090|203932|2557,201162|203089|203114|203187|203898,,,1610612753.0,21400956,True
2,PT08M59.00S,08:59,Q2 08:59,32.983333333333334,146,2pt,MISS Ridnour 19' Jump Shot,[],Ridnour,32,31,Missed,True,False,2557.0,,rebound,rebound,,,,101112|201162|202696|203089|203090|203114|203187|203898|203932|2557,101112|202696|203090|203932|2557,201162|203089|203114|203187|203898,187.0,-8.0,1610612753.0,21400956,True
2,PT08M58.00S,08:58,Q2 08:58,32.96666666666667,147,rebound,Vucevic REBOUND (Off:2 Def:6),[],Vucevic,32,31,,False,False,202696.0,,2pt missed,2pt made,,,,101112|201162|202696|203089|203090|203114|203187|203898|203932|2557,101112|202696|203090|203932|2557,201162|203089|203114|203187|203898,,,1610612753.0,21400956,True
2,PT08M57.00S,08:57,Q2 08:57,32.95,148,2pt,Vucevic Layup (6 PTS),['pointsinthepaint'],Vucevic,32,33,Made,True,False,202696.0,,rebound,turnover,,,,101112|201162|202696|203089|203090|203114|203187|203898|203932|2557,101112|202696|203090|203932|2557,201162|203089|203114|203187|203898,-2.0,-2.0,1610612753.0,21400956,True
2,PT08M42.00S,08:42,Q2 08:42,32.7,149,turnover,Henson Traveling Turnover (P1.T5),[],Henson,32,33,,False,False,203089.0,,2pt made,timeout,,,,101112|201162|202696|203089|203090|203114|203187|203898|203932|2557,201162|203089|203114|203187|203898,101112|202696|203090|203932|2557,,,1610612749.0,21400956,True
2,PT08M42.00S,08:42,Q2 08:42,32.7,150,timeout,Timeout: Official,[],,32,33,,False,False,0.0,,turnover,3pt made,,,,101112|201162|202696|203089|203090|203114|203187|203898|203932|2557,201162|203089|203114|203187|203898,101112|202696|203090|203932|2557,,,0.0,21400956,True
2,PT08M31.00S,08:31,Q2 08:31,32.516666666666666,152,3pt,Frye 26' 3PT Jump Shot (3 PTS) (Vucevic 1 AST),[],Frye,32,36,Made,True,True,101112.0,202696.0,timeout,2pt missed,,,,101112|201162|202696|203089|203090|203114|203187|203898|203932|2557,101112|202696|203090|203932|2557,201162|203089|203114|203187|203898,171.0,194.0,1610612753.0,21400956,True
2,PT08M11.00S,08:11,Q2 08:11,32.18333333333334,153,2pt,MISS Ennis 3' Layup,['pointsinthepaint'],Ennis,32,36,Missed,True,False,203898.0,,3pt made,2pt missed,,,,101112|201162|202696|203089|203090|203114|203187|203898|203932|2557,201162|203089|203114|203187|203898,101112|202696|203090|203932|2557,-16.0,20.0,1610612749.0,21400956,True
2,PT08M09.00S,08:09,Q2 08:09,32.15,154,2pt,MISS Henson Tip Shot,['pointsinthepaint'],Henson,32,36,Missed,True,False,203089.0,,2pt missed,rebound,,,,101112|201162|202696|203089|203090|203114|203187|203898|203932|2557,201162|203089|203114|203187|203898,101112|202696|203090|203932|2557,0.0,3.0,1610612749.0,21400956,True
2,PT08M09.00S,08:09,Q2 08:09,32.15,155,rebound,Henson REBOUND (Off:2 Def:0),[],Henson,32,36,,False,False,203089.0,,2pt missed,rebound,,,,101112|201162|202696|203089|203090|203114|203187|203898|203932|2557,201162|203089|203114|203187|203898,101112|202696|203090|203932|2557,,,1610612749.0,21400956,True
2,PT08M08.00S,08:08,Q2 08:08,32.13333333333333,156,rebound,A. Gordon REBOUND (Off:0 Def:4),[],Gordon,32,36,,False,False,203932.0,,rebound,turnover,,,,101112|201162|202696|203089|203090|203114|203187|203898|203932|2557,101112|202696|203090|203932|2557,201162|203089|203114|203187|203898,,,1610612753.0,21400956,True
2,PT08M02.00S,08:02,Q2 08:02,32.03333333333333,157,turnover,Vucevic Bad Pass Turnover (P3.T8),[],Vucevic,32,36,,False,False,202696.0,,rebound,steal,,,,101112|201162|202696|203089|203090|203114|203187|203898|203932|2557,101112|202696|203090|203932|2557,201162|203089|203114|203187|203898,,,1610612753.0,21400956,True
2,PT08M02.00S,08:02,Q2 08:02,32.03333333333333,157,steal,Dudley STEAL (1 STL),[],Dudley,32,36,,False,False,201162.0,,turnover,foul,,201162.0,,101112|201162|202696|203089|203090|203114|203187|203898|203932|2557,201162|203089|203114|203187|203898,101112|202696|203090|203932|2557,,,1610612749.0,21400956,True
2,PT08M00.00S,08:00,Q2 08:00,32.0,158,foul,Ridnour Personal Take Foul (P1.T2),[],Ridnour,32,36,,False,False,2557.0,,steal,3pt made,203114.0,,,101112|201162|202696|203089|203090|203114|203187|203898|203932|2557,101112|202696|203090|203932|2557,201162|203089|203114|203187|203898,,,1610612753.0,21400956,True
2,PT07M55.00S,07:55,Q2 07:55,31.916666666666668,159,3pt,Middleton 25' 3PT Jump Shot (9 PTS) (Henson 1 AST),[],Middleton,35,36,Made,True,True,203114.0,203089.0,foul,2pt missed,,,,101112|201162|202696|203089|203090|203114|203187|203898|203932|2557,201162|203089|203114|203187|203898,101112|202696|203090|203932|2557,59.0,247.0,1610612749.0,21400956,True
2,PT07M40.00S,07:40,Q2 07:40,31.666666666666668,160,2pt,MISS Harkless 2' Layup,['pointsinthepaint'],Harkless,35,36,Missed,True,False,203090.0,,3pt made,block,,,,101112|201162|202696|203089|203090|203114|203187|203898|203932|2557,101112|202696|203090|203932|2557,201162|203089|203114|203187|203898,-10.0,12.0,1610612753.0,21400956,True
2,PT07M40.00S,07:40,Q2 07:40,31.666666666666668,160,block,Henson BLOCK (1 BLK),[],Henson,35,36,,False,False,203089.0,,2pt missed,2pt missed,,,203089.0,101112|201162|202696|203089|203090|203114|203187|203898|203932|2557,201162|203089|203114|203187|203898,101112|202696|203090|203932|2557,,,1610612749.0,21400956,True
2,PT07M36.00S,07:36,Q2 07:36,31.6,161,2pt,MISS Harkless 2' Tip Shot,['pointsinthepaint'],Harkless,35,36,Missed,True,False,203090.0,,block,rebound,,,,101112|201162|202696|203089|203090|203114|203187|203898|203932|2557,101112|202696|203090|203932|2557,201162|203089|203114|203187|203898,-10.0,19.0,1610612753.0,21400956,True
2,PT07M36.00S,07:36,Q2 07:36,31.6,162,rebound,Harkless REBOUND (Off:1 Def:0),[],Harkless,35,36,,False,False,203090.0,,2pt missed,rebound,,,,101112|201162|202696|203089|203090|203114|203187|203898|203932|2557,101112|202696|203090|203932|2557,201162|203089|203114|203187|203898,,,1610612753.0,21400956,True
2,PT07M35.00S,07:35,Q2 07:35,31.583333333333332,163,rebound,Dudley REBOUND (Off:0 Def:2),[],Dudley,35,36,,False,False,201162.0,,rebound,turnover,,,,101112|201162|202696|203089|203090|203114|203187|203898|203932|2557,201162|203089|203114|203187|203898,101112|202696|203090|203932|2557,,,1610612749.0,21400956,True
2,PT07M30.00S,07:30,Q2 07:30,31.5,164,turnover,Dudley Bad Pass Turnover (P1.T6),[],Dudley,35,36,,False,False,201162.0,,rebound,steal,,,,101112|201162|202696|203089|203090|203114|203187|203898|203932|2557,201162|203089|203114|203187|203898,101112|202696|203090|203932|2557,,,1610612749.0,21400956,True
2,PT07M30.00S,07:30,Q2 07:30,31.5,164,steal,Harkless STEAL (2 STL),[],Harkless,35,36,,False,False,203090.0,,turnover,foul,,203090.0,,101112|201162|202696|203089|203090|203114|203187|203898|203932|2557,101112|202696|203090|203932|2557,201162|203089|203114|203187|203898,,,1610612753.0,21400956,True
2,PT07M17.00S,07:17,Q2 07:17,31.28333333333333,165,foul,Middleton Shooting Block Foul (P1.T2),[],Middleton,35,36,,False,False,203114.0,,steal,freethrow,203932.0,,,101112|201162|202696|203089|203090|203114|203187|203898|203932|2557,201162|203089|203114|203187|203898,101112|202696|203090|203932|2557,,,1610612749.0,21400956,True
2,PT07M17.00S,07:17,Q2 07:17,31.28333333333333,166,freethrow,A. Gordon Free Throw 1 of 2 (4 PTS),[],Gordon,35,37,Made,False,False,203932.0,,foul,freethrow,,,,101112|201162|202696|203089|203090|203114|203187|203898|203932|2557,101112|202696|203090|203932|2557,201162|203089|203114|203187|203898,,,1610612753.0,21400956,True
2,PT07M17.00S,07:17,Q2 07:17,31.28333333333333,168,freethrow,A. Gordon Free Throw 2 of 2 (5 PTS),[],Gordon,35,38,Made,False,False,203932.0,,freethrow,foul,,,,101112|201162|202696|203089|203090|203114|203187|203898|203932|2557,101112|202696|203090|203932|2557,201162|203089|203114|203187|203898,,,1610612753.0,21400956,True
2,PT07M06.00S,07:06,Q2 07:06,31.1,170,foul,Ridnour P.FOUL (P2.T3),['inpenalty'],Ridnour,35,38,,False,False,2557.0,,freethrow,2pt made,203114.0,,,101112|201162|202696|203089|203090|203114|203187|203898|203932|2557,101112|202696|203090|203932|2557,201162|203089|203114|203187|203898,,,1610612753.0,21400956,True
2,PT06M52.00S,06:52,Q2 06:52,30.866666666666667,171,2pt,Middleton 18' Jump Shot (11 PTS) (Ennis 2 AST),[],Middleton,37,38,Made,True,True,203114.0,203898.0,foul,foul,,,,101112|201162|202696|203089|203090|203114|203187|203898|203932|2557,201162|203089|203114|203187|203898,101112|202696|203090|203932|2557,-157.0,80.0,1610612749.0,21400956,True
2,PT06M47.00S,06:47,Q2 06:47,30.78333333333333,172,foul,Ennis S.FOUL (P1.T3),[],Ennis,37,38,,False,False,203898.0,,2pt made,freethrow,2557.0,,,101112|201162|202696|203089|203090|203114|203187|203898|203932|2557,201162|203089|203114|203187|203898,101112|202696|203090|203932|2557,,,1610612749.0,21400956,True
2,PT06M47.00S,06:47,Q2 06:47,30.78333333333333,173,freethrow,Ridnour Free Throw 1 of 2 (1 PTS),[],Ridnour,37,39,Made,False,False,2557.0,,foul,freethrow,,,,101112|201162|202696|203089|203090|203114|203187|203898|203932|2557,101112|202696|203090|203932|2557,201162|203089|203114|203187|203898,,,1610612753.0,21400956,True
2,PT06M47.00S,06:47,Q2 06:47,30.78333333333333,177,freethrow,Ridnour Free Throw 2 of 2 (2 PTS),[],Ridnour,37,40,Made,False,False,2557.0,,freethrow,substitution,,,,101112|201162|202696|203089|203090|203114|203187|203898|203932|2557,101112|202696|203090|203932|2557,201162|203089|203114|203187|203898,,,1610612753.0,21400956,True
2,PT06M47.00S,06:47,Q2 06:47,30.78333333333333,175,substitution,SUB out: T. Ennis,[],Ennis,37,39,,False,False,203898.0,,freethrow,substitution,,,,101112|201162|202696|203089|203090|203114|203187|203932|2557,201162|203089|203114|203187,101112|202696|203090|203932|2557,,,1610612749.0,21400956,False
2,PT06M47.00S,06:47,Q2 06:47,30.78333333333333,176,substitution,SUB out: J. Henson,[],Henson,37,39,,False,False,203089.0,,substitution,substitution,,,,101112|201162|202696|203090|203114|203187|203932|2557,201162|203114|203187,101112|202696|203090|203932|2557,,,1610612749.0,21400956,False
2,PT06M47.00S,06:47,Q2 06:47,30.78333333333333,177,substitution,SUB in: M. Carter-Williams,[],Carter-Williams,37,39,,False,False,203487.0,,substitution,substitution,,,,101112|201162|202696|203090|203114|203187|203487|203932|2557,201162|203114|203187|203487,101112|202696|203090|203932|2557,,,1610612749.0,21400956,False
2,PT06M47.00S,06:47,Q2 06:47,30.78333333333333,178,substitution,SUB in: Z. Pachulia,[],Pachulia,37,39,,False,False,2585.0,,substitution,2pt made,,,,101112|201162|202696|203090|203114|203187|203487|203932|2557|2585,201162|203114|203187|203487|2585,101112|202696|203090|203932|2557,,,1610612749.0,21400956,True
2,PT06M36.00S,06:36,Q2 06:36,30.6,179,2pt,Pachulia 1' Layup (4 PTS) (Middleton 2 AST),['pointsinthepaint'],Pachulia,39,40,Made,True,True,2585.0,203114.0,substitution,2pt made,,,,101112|201162|202696|203090|203114|203187|203487|203932|2557|2585,201162|203114|203187|203487|2585,101112|202696|203090|203932|2557,9.0,0.0,1610612749.0,21400956,True
2,PT06M08.00S,06:08,Q2 06:08,30.133333333333333,180,2pt,Frye 5' Hook Shot (5 PTS),['pointsinthepaint'],Frye,39,42,Made,True,False,101112.0,,2pt made,2pt missed,,,,101112|201162|202696|203090|203114|203187|203487|203932|2557|2585,101112|202696|203090|203932|2557,201162|203114|203187|203487|2585,50.0,19.0,1610612753.0,21400956,True
2,PT05M53.00S,05:53,Q2 05:53,29.883333333333333,181,2pt,MISS Middleton 19' Jump Shot,[],Middleton,39,42,Missed,True,False,203114.0,,2pt made,rebound,,,,101112|201162|202696|203090|203114|203187|203487|203932|2557|2585,201162|203114|203187|203487|2585,101112|202696|203090|203932|2557,-190.0,0.0,1610612749.0,21400956,True
2,PT05M52.00S,05:52,Q2 05:52,29.866666666666667,182,rebound,Pachulia REBOUND (Off:1 Def:1),[],Pachulia,39,42,,False,False,2585.0,,2pt missed,timeout,,,,101112|201162|202696|203090|203114|203187|203487|203932|2557|2585,201162|203114|203187|203487|2585,101112|202696|203090|203932|2557,,,1610612749.0,21400956,True
2,PT05M45.00S,05:45,Q2 05:45,29.75,184,timeout,BUCKS Timeout: Regular (Full 2 Short 0),[],,39,42,,False,False,0.0,,rebound,substitution,,,,101112|201162|202696|203090|203114|203187|203487|203932|2557|2585,201162|203114|203187|203487|2585,101112|202696|203090|203932|2557,,,1610612749.0,21400956,True
2,PT05M45.00S,05:45,Q2 05:45,29.75,186,substitution,SUB out: A. Gordon,[],Gordon,39,42,,False,False,203932.0,,timeout,substitution,,,,101112|201162|202696|203090|203114|203187|203487|2557|2585,101112|202696|203090|2557,201162|203114|203187|203487|2585,,,1610612753.0,21400956,False
2,PT05M45.00S,05:45,Q2 05:45,29.75,187,substitution,SUB out: L. Ridnour,[],Ridnour,39,42,,False,False,2557.0,,substitution,substitution,,,,101112|201162|202696|203090|203114|203187|203487|2585,101112|202696|203090,201162|203114|203187|203487|2585,,,1610612753.0,21400956,False
2,PT05M45.00S,05:45,Q2 05:45,29.75,188,substitution,SUB out: M. Harkless,[],Harkless,39,42,,False,False,203090.0,,substitution,substitution,,,,101112|201162|202696|203114|203187|203487|2585,101112|202696,201162|203114|203187|203487|2585,,,1610612753.0,21400956,False
2,PT05M45.00S,05:45,Q2 05:45,29.75,189,substitution,SUB out: J. Dudley,[],Dudley,39,42,,False,False,201162.0,,substitution,substitution,,,,101112|202696|203114|203187|203487|2585,203114|203187|203487|2585,101112|202696,,,1610612749.0,21400956,False
2,PT05M45.00S,05:45,Q2 05:45,29.75,190,substitution,SUB out: C. Johnson,[],Johnson,39,42,,False,False,203187.0,,substitution,substitution,,,,101112|202696|203114|203487|2585,203114|203487|2585,101112|202696,,,1610612749.0,21400956,False
2,PT05M45.00S,05:45,Q2 05:45,29.75,191,substitution,SUB in: E. Payton,[],Payton,39,42,,False,False,203901.0,,substitution,substitution,,,,101112|202696|203114|203487|203901|2585,101112|202696|203901,203114|203487|2585,,,1610612753.0,21400956,False
2,PT05M45.00S,05:45,Q2 05:45,29.75,192,substitution,SUB in: V. Oladipo,[],Oladipo,39,42,,False,False,203506.0,,substitution,substitution,,,,101112|202696|203114|203487|203506|203901|2585,101112|202696|203506|203901,203114|203487|2585,,,1610612753.0,21400956,False
2,PT05M45.00S,05:45,Q2 05:45,29.75,193,substitution,SUB in: T. Harris,[],Harris,39,42,,False,False,202699.0,,substitution,substitution,,,,101112|202696|202699|203114|203487|203506|203901|2585,101112|202696|202699|203506|203901,203114|203487|2585,,,1610612753.0,21400956,False
2,PT05M45.00S,05:45,Q2 05:45,29.75,194,substitution,SUB in: O. Mayo,[],Mayo,39,42,,False,False,201564.0,,substitution,substitution,,,,101112|201564|202696|202699|203114|203487|203506|203901|2585,201564|203114|203487|2585,101112|202696|202699|203506|203901,,,1610612749.0,21400956,False
2,PT05M45.00S,05:45,Q2 05:45,29.75,195,substitution,SUB in: E. Ilyasova,[],Ilyasova,39,42,,False,False,101141.0,,substitution,turnover,,,,101112|101141|201564|202696|202699|203114|203487|203506|203901|2585,101141|201564|203114|203487|2585,101112|202696|202699|203506|203901,,,1610612749.0,21400956,True
2,PT05M38.00S,05:38,Q2 05:38,29.633333333333333,191,turnover,Carter-Williams Bad Pass Turnover (P1.T7),[],Carter-Williams,39,42,,False,False,203487.0,,substitution,steal,,,,101112|101141|201564|202696|202699|203114|203487|203506|203901|2585,101141|201564|203114|203487|2585,101112|202696|202699|203506|203901,,,1610612749.0,21400956,True
2,PT05M38.00S,05:38,Q2 05:38,29.633333333333333,191,steal,Harris STEAL (1 STL),[],Harris,39,42,,False,False,202699.0,,turnover,2pt missed,,202699.0,,101112|101141|201564|202696|202699|203114|203487|203506|203901|2585,101112|202696|202699|203506|203901,101141|201564|203114|203487|2585,,,1610612753.0,21400956,True
2,PT05M33.00S,05:33,Q2 05:33,29.55,192,2pt,MISS Oladipo 2' Layup,['pointsinthepaint'],Oladipo,39,42,Missed,True,False,203506.0,,steal,rebound,,,,101112|101141|201564|202696|202699|203114|203487|203506|203901|2585,101112|202696|202699|203506|203901,101141|201564|203114|203487|2585,-11.0,20.0,1610612753.0,21400956,True
2,PT05M31.00S,05:31,Q2 05:31,29.516666666666666,193,rebound,Pachulia REBOUND (Off:1 Def:2),[],Pachulia,39,42,,False,False,2585.0,,2pt missed,2pt made,,,,101112|101141|201564|202696|202699|203114|203487|203506|203901|2585,101141|201564|203114|203487|2585,101112|202696|202699|203506|203901,,,1610612749.0,21400956,True
2,PT05M27.00S,05:27,Q2 05:27,29.45,194,2pt,Carter-Williams 1' Layup (6 PTS),['pointsinthepaint'],Carter-Williams,41,42,Made,True,False,203487.0,,rebound,turnover,,,,101112|101141|201564|202696|202699|203114|203487|203506|203901|2585,101141|201564|203114|203487|2585,101112|202696|202699|203506|203901,0.0,6.0,1610612749.0,21400956,True
2,PT05M14.00S,05:14,Q2 05:14,29.233333333333334,195,turnover,Vucevic Offensive Goaltending Turnover (P4.T9),[],Vucevic,41,42,,False,False,202696.0,,2pt made,2pt made,,,,101112|101141|201564|202696|202699|203114|203487|203506|203901|2585,101112|202696|202699|203506|203901,101141|201564|203114|203487|2585,,,1610612753.0,21400956,True
2,PT05M02.00S,05:02,Q2 05:02,29.03333333333333,196,2pt,Pachulia 15' Jump Shot (6 PTS) (Middleton 3 AST),[],Pachulia,43,42,Made,True,True,2585.0,203114.0,turnover,3pt missed,,,,101112|101141|201564|202696|202699|203114|203487|203506|203901|2585,101141|201564|203114|203487|2585,101112|202696|202699|203506|203901,-144.0,-19.0,1610612749.0,21400956,True
2,PT04M46.00S,04:46,Q2 04:46,28.766666666666666,197,3pt,MISS Oladipo 27' 3PT Jump Shot,[],Oladipo,43,42,Missed,True,False,203506.0,,2pt made,rebound,,,,101112|101141|201564|202696|202699|203114|203487|203506|203901|2585,101112|202696|202699|203506|203901,101141|201564|203114|203487|2585,-188.0,189.0,1610612753.0,21400956,True
2,PT04M45.00S,04:45,Q2 04:45,28.75,198,rebound,Carter-Williams REBOUND (Off:0 Def:2),[],Carter-Williams,43,42,,False,False,203487.0,,3pt missed,2pt made,,,,101112|101141|201564|202696|202699|203114|203487|203506|203901|2585,101141|201564|203114|203487|2585,101112|202696|202699|203506|203901,,,1610612749.0,21400956,True
2,PT04M36.00S,04:36,Q2 04:36,28.6,199,2pt,Pachulia 15' Jump Shot (8 PTS) (Middleton 4 AST),[],Pachulia,45,42,Made,True,True,2585.0,203114.0,rebound,2pt missed,,,,101112|101141|201564|202696|202699|203114|203487|203506|203901|2585,101141|201564|203114|203487|2585,101112|202696|202699|203506|203901,-89.0,124.0,1610612749.0,21400956,True
2,PT04M12.00S,04:12,Q2 04:12,28.2,200,2pt,MISS Payton 1' Layup,['pointsinthepaint'],Payton,45,42,Missed,True,False,203901.0,,2pt made,rebound,,,,101112|101141|201564|202696|202699|203114|203487|203506|203901|2585,101112|202696|202699|203506|203901,101141|201564|203114|203487|2585,4.0,-6.0,1610612753.0,21400956,True
2,PT04M10.00S,04:10,Q2 04:10,28.166666666666668,201,rebound,Pachulia REBOUND (Off:1 Def:3),[],Pachulia,45,42,,False,False,2585.0,,2pt missed,2pt missed,,,,101112|101141|201564|202696|202699|203114|203487|203506|203901|2585,101141|201564|203114|203487|2585,101112|202696|202699|203506|203901,,,1610612749.0,21400956,True
2,PT04M05.00S,04:05,Q2 04:05,28.083333333333332,202,2pt,MISS Carter-Williams 17' Jump Shot,[],Carter-Williams,45,42,Missed,True,False,203487.0,,rebound,rebound,,,,101112|101141|201564|202696|202699|203114|203487|203506|203901|2585,101141|201564|203114|203487|2585,101112|202696|202699|203506|203901,-105.0,132.0,1610612749.0,21400956,True
2,PT04M03.00S,04:03,Q2 04:03,28.05,203,rebound,Frye REBOUND (Off:0 Def:1),[],Frye,45,42,,False,False,101112.0,,2pt missed,2pt made,,,,101112|101141|201564|202696|202699|203114|203487|203506|203901|2585,101112|202696|202699|203506|203901,101141|201564|203114|203487|2585,,,1610612753.0,21400956,True
2,PT03M58.00S,03:58,Q2 03:58,27.96666666666667,204,2pt,Payton 1' Layup (10 PTS),['pointsinthepaint'],Payton,45,44,Made,True,False,203901.0,,rebound,2pt made,,,,101112|101141|201564|202696|202699|203114|203487|203506|203901|2585,101112|202696|202699|203506|203901,101141|201564|203114|203487|2585,4.0,4.0,1610612753.0,21400956,True
2,PT03M42.00S,03:42,Q2 03:42,27.7,205,2pt,Ilyasova 18' Jump Shot (8 PTS) (Middleton 5 AST),[],Ilyasova,47,44,Made,True,True,101141.0,203114.0,2pt made,2pt made,,,,101112|101141|201564|202696|202699|203114|203487|203506|203901|2585,101141|201564|203114|203487|2585,101112|202696|202699|203506|203901,176.0,-17.0,1610612749.0,21400956,True
2,PT03M23.00S,03:23,Q2 03:23,27.383333333333333,206,2pt,Vucevic 1' Hook Shot (8 PTS),['pointsinthepaint'],Vucevic,47,46,Made,True,False,202696.0,,2pt made,foul,,,,101112|101141|201564|202696|202699|203114|203487|203506|203901|2585,101112|202696|202699|203506|203901,101141|201564|203114|203487|2585,-2.0,11.0,1610612753.0,21400956,True
2,PT03M23.00S,03:23,Q2 03:23,27.383333333333333,207,foul,Pachulia S.FOUL (P1.T4),[],Pachulia,47,46,,False,False,2585.0,,2pt made,freethrow,202696.0,,,101112|101141|201564|202696|202699|203114|203487|203506|203901|2585,101141|201564|203114|203487|2585,101112|202696|202699|203506|203901,,,1610612749.0,21400956,True
2,PT03M23.00S,03:23,Q2 03:23,27.383333333333333,208,freethrow,Vucevic Free Throw 1 of 1 (9 PTS),[],Vucevic,47,47,Made,False,False,202696.0,,foul,turnover,,,,101112|101141|201564|202696|202699|203114|203487|203506|203901|2585,101112|202696|202699|203506|203901,101141|201564|203114|203487|2585,,,1610612753.0,21400956,True
2,PT03M04.00S,03:04,Q2 03:04,27.066666666666666,211,turnover,Mayo Bad Pass Turnover (P2.T8),[],Mayo,47,47,,False,False,201564.0,,freethrow,steal,,,,101112|101141|201564|202696|202699|203114|203487|203506|203901|2585,101141|201564|203114|203487|2585,101112|202696|202699|203506|203901,,,1610612749.0,21400956,True
2,PT03M04.00S,03:04,Q2 03:04,27.066666666666666,211,steal,Vucevic STEAL (1 STL),[],Vucevic,47,47,,False,False,202696.0,,turnover,turnover,,202696.0,,101112|101141|201564|202696|202699|203114|203487|203506|203901|2585,101112|202696|202699|203506|203901,101141|201564|203114|203487|2585,,,1610612753.0,21400956,True
2,PT03M02.00S,03:02,Q2 03:02,27.03333333333333,217,turnover,Vucevic Bad Pass Turnover (P5.T10),[],Vucevic,47,47,,False,False,202696.0,,steal,steal,,,,101112|101141|201564|202696|202699|203114|203487|203506|203901|2585,101112|202696|202699|203506|203901,101141|201564|203114|203487|2585,,,1610612753.0,21400956,True
2,PT03M02.00S,03:02,Q2 03:02,27.03333333333333,217,steal,Mayo STEAL (1 STL),[],Mayo,47,47,,False,False,201564.0,,turnover,3pt missed,,201564.0,,101112|101141|201564|202696|202699|203114|203487|203506|203901|2585,101141|201564|203114|203487|2585,101112|202696|202699|203506|203901,,,1610612749.0,21400956,True
2,PT02M57.00S,02:57,Q2 02:57,26.95,212,3pt,MISS Mayo 27' 3PT Jump Shot,[],Mayo,47,47,Missed,True,False,201564.0,,steal,rebound,,,,101112|101141|201564|202696|202699|203114|203487|203506|203901|2585,101141|201564|203114|203487|2585,101112|202696|202699|203506|203901,-198.0,184.0,1610612749.0,21400956,True
2,PT02M54.00S,02:54,Q2 02:54,26.9,213,rebound,Pachulia REBOUND (Off:2 Def:3),[],Pachulia,47,47,,False,False,2585.0,,3pt missed,turnover,,,,101112|101141|201564|202696|202699|203114|203487|203506|203901|2585,101141|201564|203114|203487|2585,101112|202696|202699|203506|203901,,,1610612749.0,21400956,True
2,PT02M51.00S,02:51,Q2 02:51,26.85,214,turnover,Mayo Bad Pass Turnover (P3.T9),[],Mayo,47,47,,False,False,201564.0,,rebound,steal,,,,101112|101141|201564|202696|202699|203114|203487|203506|203901|2585,101141|201564|203114|203487|2585,101112|202696|202699|203506|203901,,,1610612749.0,21400956,True
2,PT02M51.00S,02:51,Q2 02:51,26.85,214,steal,Oladipo STEAL (1 STL),[],Oladipo,47,47,,False,False,203506.0,,turnover,2pt made,,203506.0,,101112|101141|201564|202696|202699|203114|203487|203506|203901|2585,101112|202696|202699|203506|203901,101141|201564|203114|203487|2585,,,1610612753.0,21400956,True
2,PT02M43.00S,02:43,Q2 02:43,26.71666666666667,215,2pt,Oladipo 1' Layup (9 PTS),['pointsinthepaint'],Oladipo,47,49,Made,True,False,203506.0,,steal,2pt made,,,,101112|101141|201564|202696|202699|203114|203487|203506|203901|2585,101112|202696|202699|203506|203901,101141|201564|203114|203487|2585,2.0,7.0,1610612753.0,21400956,True
2,PT02M28.00S,02:28,Q2 02:28,26.46666666666667,216,2pt,Mayo Layup (4 PTS) (Carter-Williams 2 AST),['pointsinthepaint'],Mayo,49,49,Made,True,True,201564.0,203487.0,2pt made,substitution,,,,101112|101141|201564|202696|202699|203114|203487|203506|203901|2585,101141|201564|203114|203487|2585,101112|202696|202699|203506|203901,-4.0,1.0,1610612749.0,21400956,True
2,PT02M26.00S,02:26,Q2 02:26,26.433333333333334,218,substitution,SUB out: O. Mayo,[],Mayo,49,49,,False,False,201564.0,,2pt made,substitution,,,,101112|101141|202696|202699|203114|203487|203506|203901|2585,101141|203114|203487|2585,101112|202696|202699|203506|203901,,,1610612749.0,21400956,False
2,PT02M26.00S,02:26,Q2 02:26,26.433333333333334,219,substitution,SUB in: G. Antetokounmpo,[],Antetokounmpo,49,49,,False,False,203507.0,,substitution,2pt missed,,,,101112|101141|202696|202699|203114|203487|203506|203507|203901|2585,101141|203114|203487|203507|2585,101112|202696|202699|203506|203901,,,1610612749.0,21400956,True
2,PT02M10.00S,02:10,Q2 02:10,26.166666666666668,220,2pt,MISS Oladipo 19' Jump Shot,[],Oladipo,49,49,Missed,True,False,203506.0,,substitution,rebound,,,,101112|101141|202696|202699|203114|203487|203506|203507|203901|2585,101112|202696|202699|203506|203901,101141|203114|203487|203507|2585,-78.0,172.0,1610612753.0,21400956,True
2,PT02M09.00S,02:09,Q2 02:09,26.15,221,rebound,Pachulia REBOUND (Off:2 Def:4),[],Pachulia,49,49,,False,False,2585.0,,2pt missed,2pt made,,,,101112|101141|202696|202699|203114|203487|203506|203507|203901|2585,101141|203114|203487|203507|2585,101112|202696|202699|203506|203901,,,1610612749.0,21400956,True
2,PT01M56.00S,01:56,Q2 01:56,25.933333333333334,222,2pt,Middleton 2' Alley Oop Layup (13 PTS) (Pachulia 2 AST),['pointsinthepaint'],Middleton,51,49,Made,True,True,203114.0,2585.0,rebound,3pt made,,,,101112|101141|202696|202699|203114|203487|203506|203507|203901|2585,101141|203114|203487|203507|2585,101112|202696|202699|203506|203901,-11.0,11.0,1610612749.0,21400956,True
2,PT01M42.00S,01:42,Q2 01:42,25.7,223,3pt,Frye 25' 3PT Jump Shot (8 PTS) (Payton 3 AST),[],Frye,51,52,Made,True,True,101112.0,203901.0,2pt made,turnover,,,,101112|101141|202696|202699|203114|203487|203506|203507|203901|2585,101112|202696|202699|203506|203901,101141|203114|203487|203507|2585,174.0,179.0,1610612753.0,21400956,True
2,PT01M30.00S,01:30,Q2 01:30,25.5,224,turnover,Carter-Williams Bad Pass Turnover (P2.T10),[],Carter-Williams,51,52,,False,False,203487.0,,3pt made,steal,,,,101112|101141|202696|202699|203114|203487|203506|203507|203901|2585,101141|203114|203487|203507|2585,101112|202696|202699|203506|203901,,,1610612749.0,21400956,True
2,PT01M30.00S,01:30,Q2 01:30,25.5,224,steal,Vucevic STEAL (2 STL),[],Vucevic,51,52,,False,False,202696.0,,turnover,2pt missed,,202696.0,,101112|101141|202696|202699|203114|203487|203506|203507|203901|2585,101112|202696|202699|203506|203901,101141|203114|203487|203507|2585,,,1610612753.0,21400956,True
2,PT01M26.00S,01:26,Q2 01:26,25.433333333333334,225,2pt,MISS Oladipo Layup,['pointsinthepaint'],Oladipo,51,52,Missed,True,False,203506.0,,steal,rebound,,,,101112|101141|202696|202699|203114|203487|203506|203507|203901|2585,101112|202696|202699|203506|203901,101141|203114|203487|203507|2585,0.0,4.0,1610612753.0,21400956,True
2,PT01M23.00S,01:23,Q2 01:23,25.383333333333333,226,rebound,Carter-Williams REBOUND (Off:0 Def:3),[],Carter-Williams,51,52,,False,False,203487.0,,2pt missed,3pt made,,,,101112|101141|202696|202699|203114|203487|203506|203507|203901|2585,101141|203114|203487|203507|2585,101112|202696|202699|203506|203901,,,1610612749.0,21400956,True
2,PT01M18.00S,01:18,Q2 01:18,25.3,227,3pt,Middleton 26' 3PT Jump Shot (16 PTS) (Carter-Williams 3 AST),[],Middleton,54,52,Made,True,True,203114.0,203487.0,rebound,2pt made,,,,101112|101141|202696|202699|203114|203487|203506|203507|203901|2585,101141|203114|203487|203507|2585,101112|202696|202699|203506|203901,133.0,225.0,1610612749.0,21400956,True
2,PT01M00.00S,01:00,Q2 01:00,25.0,228,2pt,Payton 8' Jump Shot (12 PTS),[],Payton,54,54,Made,True,False,203901.0,,3pt made,turnover,,,,101112|101141|202696|202699|203114|203487|203506|203507|203901|2585,101112|202696|202699|203506|203901,101141|203114|203487|203507|2585,-81.0,23.0,1610612753.0,21400956,True
2,PT00M51.00S,00:51,Q2 00:51,24.85,229,turnover,Pachulia Bad Pass Turnover (P1.T11),[],Pachulia,54,54,,False,False,2585.0,,2pt made,steal,,,,101112|101141|202696|202699|203114|203487|203506|203507|203901|2585,101141|203114|203487|203507|2585,101112|202696|202699|203506|203901,,,1610612749.0,21400956,True
2,PT00M51.00S,00:51,Q2 00:51,24.85,229,steal,Vucevic STEAL (3 STL),[],Vucevic,54,54,,False,False,202696.0,,turnover,3pt made,,202696.0,,101112|101141|202696|202699|203114|203487|203506|203507|203901|2585,101112|202696|202699|203506|203901,101141|203114|203487|203507|2585,,,1610612753.0,21400956,True
2,PT00M29.90S,00:29,Q2 00:29,24.498333333333335,231,3pt,Harris 3PT Jump Shot (10 PTS) (Frye 1 AST),[],Harris,54,57,Made,True,True,202699.0,101112.0,steal,turnover,,,,101112|101141|202696|202699|203114|203487|203506|203507|203901|2585,101112|202696|202699|203506|203901,101141|203114|203487|203507|2585,233.0,-10.0,1610612753.0,21400956,True
2,PT00M15.50S,00:15,Q2 00:15,24.258333333333333,232,turnover,Pachulia Poss Lost Ball Turnover (P2.T12),[],Pachulia,54,57,,False,False,2585.0,,3pt made,3pt missed,,,,101112|101141|202696|202699|203114|203487|203506|203507|203901|2585,101141|203114|203487|203507|2585,101112|202696|202699|203506|203901,,,1610612749.0,21400956,True
2,PT00M01.00S,00:01,Q2 00:01,24.016666666666666,233,3pt,MISS Frye 27' 3PT Jump Shot,[],Frye,54,57,Missed,True,False,101112.0,,turnover,rebound,,,,101112|101141|202696|202699|203114|203487|203506|203507|203901|2585,101112|202696|202699|203506|203901,101141|203114|203487|203507|2585,181.0,200.0,1610612753.0,21400956,True
2,PT00M00.20S,00:00,Q2 00:00,24.003333333333334,234,rebound,Pachulia REBOUND (Off:2 Def:5),[],Pachulia,54,57,,False,False,2585.0,,3pt missed,period,,,,101112|101141|202696|202699|203114|203487|203506|203507|203901|2585,101141|203114|203487|203507|2585,101112|202696|202699|203506|203901,,,1610612749.0,21400956,True
2,PT00M00.00S,00:00,Q2 00:00,24.0,235,period,End of 2nd Period (9:03 PM EST),[],,54,57,,False,False,0.0,,rebound,period,,,,101112|101141|202696|202699|203114|203487|203506|203507|203901|2585,101141|203114|203487|203507|2585,101112|202696|202699|203506|203901,,,1610612749.0,21400956,True
3,PT12M00.00S,12:00,Q3 12:00,24.0,237,period,Start of 3rd Period (9:20 PM EST),[],,54,57,,False,False,0.0,,period,substitution,,,,101112|101141|202696|202699|203114|203487|203506|203507|203901|2585,101141|203114|203487|203507|2585,101112|202696|202699|203506|203901,,,1610612749.0,21400956,True
3,PT11M33.00S,11:33,Q3 11:33,23.55,241,2pt,MISS Ilyasova 1' Layup,['pointsinthepaint'],Ilyasova,54,57,Missed,True,False,101141.0,,substitution,2pt missed,,,,101141|202696|202699|203114|203473|203487|203506|203507|203901|2585,101141|203114|203487|203507|2585,202696|202699|203473|203506|203901,0.0,14.0,1610612749.0,21400956,True
3,PT11M33.00S,11:33,Q3 11:33,23.55,242,2pt,MISS Pachulia 1' Tip Shot,['pointsinthepaint'],Pachulia,54,57,Missed,True,False,2585.0,,2pt missed,rebound,,,,101141|202696|202699|203114|203473|203487|203506|203507|203901|2585,101141|203114|203487|203507|2585,202696|202699|203473|203506|203901,-2.0,14.0,1610612749.0,21400956,True
3,PT11M33.00S,11:33,Q3 11:33,23.55,243,rebound,Pachulia REBOUND (Off:3 Def:5),[],Pachulia,54,57,,False,False,2585.0,,2pt missed,rebound,,,,101141|202696|202699|203114|203473|203487|203506|203507|203901|2585,101141|203114|203487|203507|2585,202696|202699|203473|203506|203901,,,1610612749.0,21400956,True
3,PT11M33.00S,11:33,Q3 11:33,23.55,244,rebound,TEAM defensive REBOUND,['team'],,54,57,,False,False,0.0,,rebound,3pt made,,,,101141|202696|202699|203114|203473|203487|203506|203507|203901|2585,202696|202699|203473|203506|203901,101141|203114|203487|203507|2585,,,1610612753.0,21400956,True
3,PT11M11.00S,11:11,Q3 11:11,23.183333333333334,245,3pt,Harris 29' 3PT Jump Shot (13 PTS) (Oladipo 5 AST),[],Harris,54,60,Made,True,True,202699.0,203506.0,rebound,3pt missed,,,,101141|202696|202699|203114|203473|203487|203506|203507|203901|2585,202696|202699|203473|203506|203901,101141|203114|203487|203507|2585,-75.0,282.0,1610612753.0,21400956,True
3,PT10M54.00S,10:54,Q3 10:54,22.9,246,3pt,MISS Ilyasova 25' 3PT Jump Shot,[],Ilyasova,54,60,Missed,True,False,101141.0,,3pt made,rebound,,,,101141|202696|202699|203114|203473|203487|203506|203507|203901|2585,101141|203114|203487|203507|2585,202696|202699|203473|203506|203901,206.0,149.0,1610612749.0,21400956,True
3,PT10M53.00S,10:53,Q3 10:53,22.883333333333333,247,rebound,Carter-Williams REBOUND (Off:1 Def:3),[],Carter-Williams,54,60,,False,False,203487.0,,3pt missed,2pt missed,,,,101141|202696|202699|203114|203473|203487|203506|203507|203901|2585,101141|203114|203487|203507|2585,202696|202699|203473|203506|203901,,,1610612749.0,21400956,True
3,PT10M40.00S,10:40,Q3 10:40,22.666666666666664,248,2pt,MISS Antetokounmpo 8' Fadeaway Jumper,['pointsinthepaint'],Antetokounmpo,54,60,Missed,True,False,203507.0,,rebound,rebound,,,,101141|202696|202699|203114|203473|203487|203506|203507|203901|2585,101141|203114|203487|203507|2585,202696|202699|203473|203506|203901,75.0,11.0,1610612749.0,21400956,True
3,PT10M39.00S,10:39,Q3 10:39,22.65,249,rebound,Vucevic REBOUND (Off:2 Def:7),[],Vucevic,54,60,,False,False,202696.0,,2pt missed,foul,,,,101141|202696|202699|203114|203473|203487|203506|203507|203901|2585,202696|202699|203473|203506|203901,101141|203114|203487|203507|2585,,,1610612753.0,21400956,True
3,PT10M29.00S,10:29,Q3 10:29,22.483333333333334,250,foul,Antetokounmpo P.FOUL (P1.T1),[],Antetokounmpo,54,60,,False,False,203507.0,,rebound,2pt missed,202699.0,,,101141|202696|202699|203114|203473|203487|203506|203507|203901|2585,101141|203114|203487|203507|2585,202696|202699|203473|203506|203901,,,1610612749.0,21400956,True
3,PT10M18.00S,10:18,Q3 10:18,22.3,251,2pt,MISS Harris 2' Layup,['pointsinthepaint'],Harris,54,60,Missed,True,False,202699.0,,foul,rebound,,,,101141|202696|202699|203114|203473|203487|203506|203507|203901|2585,202696|202699|203473|203506|203901,101141|203114|203487|203507|2585,10.0,14.0,1610612753.0,21400956,True
3,PT10M16.00S,10:16,Q3 10:16,22.266666666666666,252,rebound,Pachulia REBOUND (Off:3 Def:6),[],Pachulia,54,60,,False,False,2585.0,,2pt missed,2pt missed,,,,101141|202696|202699|203114|203473|203487|203506|203507|203901|2585,101141|203114|203487|203507|2585,202696|202699|203473|203506|203901,,,1610612749.0,21400956,True
3,PT10M08.00S,10:08,Q3 10:08,22.133333333333333,253,2pt,MISS Carter-Williams 19' Jump Shot,[],Carter-Williams,54,60,Missed,True,False,203487.0,,rebound,rebound,,,,101141|202696|202699|203114|203473|203487|203506|203507|203901|2585,101141|203114|203487|203507|2585,202696|202699|203473|203506|203901,-79.0,170.0,1610612749.0,21400956,True
3,PT10M06.00S,10:06,Q3 10:06,22.1,254,rebound,Ilyasova REBOUND (Off:2 Def:1),[],Ilyasova,54,60,,False,False,101141.0,,2pt missed,2pt made,,,,101141|202696|202699|203114|203473|203487|203506|203507|203901|2585,101141|203114|203487|203507|2585,202696|202699|203473|203506|203901,,,1610612749.0,21400956,True
3,PT09M56.00S,09:56,Q3 09:56,21.933333333333334,255,2pt,Pachulia 14' Jump Shot (10 PTS) (Carter-Williams 4 AST),[],Pachulia,56,60,Made,True,True,2585.0,203487.0,rebound,2pt made,,,,101141|202696|202699|203114|203473|203487|203506|203507|203901|2585,101141|203114|203487|203507|2585,202696|202699|203473|203506|203901,-136.0,4.0,1610612749.0,21400956,True
3,PT09M38.00S,09:38,Q3 09:38,21.633333333333333,256,2pt,Vucevic 17' Jump Shot (11 PTS) (Payton 4 AST),[],Vucevic,56,62,Made,True,True,202696.0,203901.0,2pt made,turnover,,,,101141|202696|202699|203114|203473|203487|203506|203507|203901|2585,202696|202699|203473|203506|203901,101141|203114|203487|203507|2585,-11.0,173.0,1610612753.0,21400956,True
3,PT09M23.00S,09:23,Q3 09:23,21.383333333333333,257,turnover,Pachulia Bad Pass Turnover (P3.T13),[],Pachulia,56,62,,False,False,2585.0,,2pt made,2pt missed,,,,101141|202696|202699|203114|203473|203487|203506|203507|203901|2585,101141|203114|203487|203507|2585,202696|202699|203473|203506|203901,,,1610612749.0,21400956,True
3,PT09M14.00S,09:14,Q3 09:14,21.233333333333334,258,2pt,MISS Vucevic 6' Hook Shot,['pointsinthepaint'],Vucevic,56,62,Missed,True,False,202696.0,,turnover,rebound,,,,101141|202696|202699|203114|203473|203487|203506|203507|203901|2585,202696|202699|203473|203506|203901,101141|203114|203487|203507|2585,-52.0,31.0,1610612753.0,21400956,True
3,PT09M13.00S,09:13,Q3 09:13,21.21666666666667,259,rebound,Ilyasova REBOUND (Off:2 Def:2),[],Ilyasova,56,62,,False,False,101141.0,,2pt missed,foul,,,,101141|202696|202699|203114|203473|203487|203506|203507|203901|2585,101141|203114|203487|203507|2585,202696|202699|203473|203506|203901,,,1610612749.0,21400956,True
3,PT09M09.00S,09:09,Q3 09:09,21.15,260,foul,Dedmon P.FOUL (P2.T1),[],Dedmon,56,62,,False,False,203473.0,,rebound,2pt made,203114.0,,,101141|202696|202699|203114|203473|203487|203506|203507|203901|2585,202696|202699|203473|203506|203901,101141|203114|203487|203507|2585,,,1610612753.0,21400956,True
3,PT09M02.00S,09:02,Q3 09:02,21.03333333333333,261,2pt,Middleton 20' Jump Shot (18 PTS) (Pachulia 3 AST),[],Middleton,58,62,Made,True,True,203114.0,2585.0,foul,foul,,,,101141|202696|202699|203114|203473|203487|203506|203507|203901|2585,101141|203114|203487|203507|2585,202696|202699|203473|203506|203901,-7.0,198.0,1610612749.0,21400956,True
3,PT08M45.00S,08:45,Q3 08:45,20.75,262,foul,Antetokounmpo P.FOUL (P2.T2),[],Antetokounmpo,58,62,,False,False,203507.0,,2pt made,2pt made,203901.0,,,101141|202696|202699|203114|203473|203487|203506|203507|203901|2585,101141|203114|203487|203507|2585,202696|202699|203473|203506|203901,,,1610612749.0,21400956,True
3,PT08M30.00S,08:30,Q3 08:30,20.5,263,2pt,Payton 18' Jump Shot (14 PTS),[],Payton,58,64,Made,True,False,203901.0,,foul,turnover,,,,101141|202696|202699|203114|203473|203487|203506|203507|203901|2585,202696|202699|203473|203506|203901,101141|203114|203487|203507|2585,81.0,157.0,1610612753.0,21400956,True
3,PT08M20.00S,08:20,Q3 08:20,20.333333333333336,264,turnover,Carter-Williams Bad Pass Turnover (P3.T14),[],Carter-Williams,58,64,,False,False,203487.0,,2pt made,steal,,,,101141|202696|202699|203114|203473|203487|203506|203507|203901|2585,101141|203114|203487|203507|2585,202696|202699|203473|203506|203901,,,1610612749.0,21400956,True
3,PT08M20.00S,08:20,Q3 08:20,20.333333333333336,264,steal,Harris STEAL (2 STL),[],Harris,58,64,,False,False,202699.0,,turnover,foul,,202699.0,,101141|202696|202699|203114|203473|203487|203506|203507|203901|2585,202696|202699|203473|203506|203901,101141|203114|203487|203507|2585,,,1610612753.0,21400956,True
3,PT08M20.00S,08:20,Q3 08:20,20.333333333333336,265,foul,Ilyasova Personal Take Foul (P2.T3),[],Ilyasova,58,64,,False,False,101141.0,,steal,instant replay,202699.0,,,101141|202696|202699|203114|203473|203487|203506|203507|203901|2585,101141|203114|203487|203507|2585,202696|202699|203473|203506|203901,,,1610612749.0,21400956,True
3,PT08M10.00S,08:10,Q3 08:10,20.166666666666664,267,2pt,MISS Harris 16' Jump Shot,[],Harris,58,64,Missed,True,False,202699.0,,instant replay,rebound,,,,101141|202696|202699|203114|203473|203487|203506|203507|203901|2585,202696|202699|203473|203506|203901,101141|203114|203487|203507|2585,-146.0,74.0,1610612753.0,21400956,True
3,PT08M08.00S,08:08,Q3 08:08,20.133333333333333,268,rebound,Carter-Williams REBOUND (Off:1 Def:4),[],Carter-Williams,58,64,,False,False,203487.0,,2pt missed,2pt made,,,,101141|202696|202699|203114|203473|203487|203506|203507|203901|2585,101141|203114|203487|203507|2585,202696|202699|203473|203506|203901,,,1610612749.0,21400956,True
3,PT07M58.00S,07:58,Q3 07:58,19.96666666666667,269,2pt,Middleton 18' Jump Shot (20 PTS) (Carter-Williams 5 AST),[],Middleton,60,64,Made,True,True,203114.0,203487.0,rebound,foul,,,,101141|202696|202699|203114|203473|203487|203506|203507|203901|2585,101141|203114|203487|203507|2585,202696|202699|203473|203506|203901,-179.0,-5.0,1610612749.0,21400956,True
3,PT07M44.00S,07:44,Q3 07:44,19.733333333333334,270,foul,Carter-Williams Personal Block Foul (P1.T4),[],Carter-Williams,60,64,,False,False,203487.0,,2pt made,2pt made,202696.0,,,101141|202696|202699|203114|203473|203487|203506|203507|203901|2585,101141|203114|203487|203507|2585,202696|202699|203473|203506|203901,,,1610612749.0,21400956,True
3,PT07M35.00S,07:35,Q3 07:35,19.583333333333332,271,2pt,Vucevic 18' Jump Shot (13 PTS) (Payton 5 AST),[],Vucevic,60,66,Made,True,True,202696.0,203901.0,foul,2pt missed,,,,101141|202696|202699|203114|203473|203487|203506|203507|203901|2585,202696|202699|203473|203506|203901,101141|203114|203487|203507|2585,-8.0,183.0,1610612753.0,21400956,True
3,PT07M16.00S,07:16,Q3 07:16,19.266666666666666,272,2pt,MISS Ilyasova 22' Jump Shot,[],Ilyasova,60,66,Missed,True,False,101141.0,,2pt made,rebound,,,,101141|202696|202699|203114|203473|203487|203506|203507|203901|2585,101141|203114|203487|203507|2585,202696|202699|203473|203506|203901,162.0,149.0,1610612749.0,21400956,True
3,PT07M15.00S,07:15,Q3 07:15,19.25,273,rebound,Payton REBOUND (Off:0 Def:2),[],Payton,60,66,,False,False,203901.0,,2pt missed,2pt made,,,,101141|202696|202699|203114|203473|203487|203506|203507|203901|2585,202696|202699|203473|203506|203901,101141|203114|203487|203507|2585,,,1610612753.0,21400956,True
3,PT06M53.00S,06:53,Q3 06:53,18.883333333333333,274,2pt,Vucevic Running Layup (15 PTS) (Oladipo 6 AST),['pointsinthepaint'],Vucevic,60,68,Made,True,True,202696.0,203506.0,rebound,turnover,,,,101141|202696|202699|203114|203473|203487|203506|203507|203901|2585,202696|202699|203473|203506|203901,101141|203114|203487|203507|2585,-2.0,-3.0,1610612753.0,21400956,True
3,PT06M43.00S,06:43,Q3 06:43,18.71666666666667,275,turnover,Carter-Williams Backcourt Turnover (P4.T15),[],Carter-Williams,60,68,,False,False,203487.0,,2pt made,substitution,,,,101141|202696|202699|203114|203473|203487|203506|203507|203901|2585,101141|203114|203487|203507|2585,202696|202699|203473|203506|203901,,,1610612749.0,21400956,True
3,PT06M43.00S,06:43,Q3 06:43,18.71666666666667,276,substitution,SUB out: Z. Pachulia,[],Pachulia,60,68,,False,False,2585.0,,turnover,substitution,,,,101141|202696|202699|203114|203473|203487|203506|203507|203901,101141|203114|203487|203507,202696|202699|203473|203506|203901,,,1610612749.0,21400956,False
3,PT06M43.00S,06:43,Q3 06:43,18.71666666666667,277,substitution,SUB in: J. Henson,[],Henson,60,68,,False,False,203089.0,,substitution,2pt missed,,,,101141|202696|202699|203089|203114|203473|203487|203506|203507|203901,101141|203089|203114|203487|203507,202696|202699|203473|203506|203901,,,1610612749.0,21400956,True
3,PT06M33.00S,06:33,Q3 06:33,18.55,277,2pt,MISS Harris 17' Jump Shot,[],Harris,60,68,Missed,True,False,202699.0,,substitution,rebound,,,,101141|202696|202699|203089|203114|203473|203487|203506|203507|203901,202696|202699|203473|203506|203901,101141|203089|203114|203487|203507,18.0,165.0,1610612753.0,21400956,True
3,PT06M31.00S,06:31,Q3 06:31,18.516666666666666,278,rebound,Ilyasova REBOUND (Off:2 Def:3),[],Ilyasova,60,68,,False,False,101141.0,,2pt missed,turnover,,,,101141|202696|202699|203089|203114|203473|203487|203506|203507|203901,101141|203089|203114|203487|203507,202696|202699|203473|203506|203901,,,1610612749.0,21400956,True
3,PT06M27.00S,06:27,Q3 06:27,18.45,279,turnover,Antetokounmpo Bad Pass Turnover (P2.T16),[],Antetokounmpo,60,68,,False,False,203507.0,,rebound,steal,,,,101141|202696|202699|203089|203114|203473|203487|203506|203507|203901,101141|203089|203114|203487|203507,202696|202699|203473|203506|203901,,,1610612749.0,21400956,True
3,PT06M27.00S,06:27,Q3 06:27,18.45,279,steal,Harris STEAL (3 STL),[],Harris,60,68,,False,False,202699.0,,turnover,turnover,,202699.0,,101141|202696|202699|203089|203114|203473|203487|203506|203507|203901,202696|202699|203473|203506|203901,101141|203089|203114|203487|203507,,,1610612753.0,21400956,True
3,PT06M12.00S,06:12,Q3 06:12,18.2,280,turnover,Payton Bad Pass Turnover (P1.T11),[],Payton,60,68,,False,False,203901.0,,steal,2pt missed,,,,101141|202696|202699|203089|203114|203473|203487|203506|203507|203901,202696|202699|203473|203506|203901,101141|203089|203114|203487|203507,,,1610612753.0,21400956,True
3,PT06M00.00S,06:00,Q3 06:00,18.0,281,2pt,MISS Carter-Williams 1' Layup,['pointsinthepaint'],Carter-Williams,60,68,Missed,True,False,203487.0,,turnover,rebound,,,,101141|202696|202699|203089|203114|203473|203487|203506|203507|203901,101141|203089|203114|203487|203507,202696|202699|203473|203506|203901,-7.0,6.0,1610612749.0,21400956,True
3,PT05M58.00S,05:58,Q3 05:58,17.96666666666667,282,rebound,Oladipo REBOUND (Off:0 Def:1),[],Oladipo,60,68,,False,False,203506.0,,2pt missed,2pt missed,,,,101141|202696|202699|203089|203114|203473|203487|203506|203507|203901,202696|202699|203473|203506|203901,101141|203089|203114|203487|203507,,,1610612753.0,21400956,True
3,PT05M55.00S,05:55,Q3 05:55,17.916666666666668,283,2pt,MISS Harris Dunk,['pointsinthepaint'],Harris,60,68,Missed,True,False,202699.0,,rebound,rebound,,,,101141|202696|202699|203089|203114|203473|203487|203506|203507|203901,202696|202699|203473|203506|203901,101141|203089|203114|203487|203507,0.0,1.0,1610612753.0,21400956,True
3,PT05M53.00S,05:53,Q3 05:53,17.883333333333333,284,rebound,Dedmon REBOUND (Off:2 Def:1),[],Dedmon,60,68,,False,False,203473.0,,2pt missed,2pt missed,,,,101141|202696|202699|203089|203114|203473|203487|203506|203507|203901,202696|202699|203473|203506|203901,101141|203089|203114|203487|203507,,,1610612753.0,21400956,True
3,PT05M50.00S,05:50,Q3 05:50,17.833333333333332,285,2pt,MISS Dedmon 4' Hook Shot,['pointsinthepaint'],Dedmon,60,68,Missed,True,False,203473.0,,rebound,rebound,,,,101141|202696|202699|203089|203114|203473|203487|203506|203507|203901,202696|202699|203473|203506|203901,101141|203089|203114|203487|203507,-13.0,33.0,1610612753.0,21400956,True
3,PT05M48.00S,05:48,Q3 05:48,17.8,286,rebound,Henson REBOUND (Off:2 Def:1),[],Henson,60,68,,False,False,203089.0,,2pt missed,2pt missed,,,,101141|202696|202699|203089|203114|203473|203487|203506|203507|203901,101141|203089|203114|203487|203507,202696|202699|203473|203506|203901,,,1610612749.0,21400956,True
3,PT05M38.00S,05:38,Q3 05:38,17.633333333333333,287,2pt,MISS Henson 1' Layup,['pointsinthepaint'],Henson,60,68,Missed,True,False,203089.0,,rebound,rebound,,,,101141|202696|202699|203089|203114|203473|203487|203506|203507|203901,101141|203089|203114|203487|203507,202696|202699|203473|203506|203901,-8.0,0.0,1610612749.0,21400956,True
3,PT05M36.00S,05:36,Q3 05:36,17.6,288,rebound,Dedmon REBOUND (Off:2 Def:2),[],Dedmon,60,68,,False,False,203473.0,,2pt missed,timeout,,,,101141|202696|202699|203089|203114|203473|203487|203506|203507|203901,202696|202699|203473|203506|203901,101141|203089|203114|203487|203507,,,1610612753.0,21400956,True
3,PT05M36.00S,05:36,Q3 05:36,17.6,289,timeout,Magic Timeout: Regular (Reg.2 Short 0),[],,60,68,,False,False,0.0,,rebound,2pt made,,,,101141|202696|202699|203089|203114|203473|203487|203506|203507|203901,202696|202699|203473|203506|203901,101141|203089|203114|203487|203507,,,1610612753.0,21400956,True
3,PT05M21.00S,05:21,Q3 05:21,17.35,291,2pt,Vucevic 14' Jump Shot (17 PTS) (Harris 2 AST),[],Vucevic,60,70,Made,True,True,202696.0,202699.0,timeout,3pt made,,,,101141|202696|202699|203089|203114|203473|203487|203506|203507|203901,202696|202699|203473|203506|203901,101141|203089|203114|203487|203507,143.0,17.0,1610612753.0,21400956,True
3,PT05M04.00S,05:04,Q3 05:04,17.066666666666666,292,3pt,Ilyasova 3PT Jump Shot (11 PTS) (Antetokounmpo 3 AST),[],Ilyasova,63,70,Made,True,True,101141.0,203507.0,2pt made,2pt missed,,,,101141|202696|202699|203089|203114|203473|203487|203506|203507|203901,101141|203089|203114|203487|203507,202696|202699|203473|203506|203901,234.0,-11.0,1610612749.0,21400956,True
3,PT04M39.00S,04:39,Q3 04:39,16.65,293,2pt,MISS Harris 1' Layup,['pointsinthepaint'],Harris,63,70,Missed,True,False,202699.0,,3pt made,rebound,,,,101141|202696|202699|203089|203114|203473|203487|203506|203507|203901,202696|202699|203473|203506|203901,101141|203089|203114|203487|203507,7.0,3.0,1610612753.0,21400956,True
3,PT04M37.00S,04:37,Q3 04:37,16.616666666666667,294,rebound,Henson REBOUND (Off:2 Def:2),[],Henson,63,70,,False,False,203089.0,,2pt missed,turnover,,,,101141|202696|202699|203089|203114|203473|203487|203506|203507|203901,101141|203089|203114|203487|203507,202696|202699|203473|203506|203901,,,1610612749.0,21400956,True
3,PT04M35.00S,04:35,Q3 04:35,16.583333333333332,295,turnover,Henson Bad Pass Turnover (P2.T17),[],Henson,63,70,,False,False,203089.0,,rebound,steal,,,,101141|202696|202699|203089|203114|203473|203487|203506|203507|203901,101141|203089|203114|203487|203507,202696|202699|203473|203506|203901,,,1610612749.0,21400956,True
3,PT04M35.00S,04:35,Q3 04:35,16.583333333333332,295,steal,Payton STEAL (2 STL),[],Payton,63,70,,False,False,203901.0,,turnover,2pt missed,,203901.0,,101141|202696|202699|203089|203114|203473|203487|203506|203507|203901,202696|202699|203473|203506|203901,101141|203089|203114|203487|203507,,,1610612753.0,21400956,True
3,PT04M22.00S,04:22,Q3 04:22,16.366666666666667,297,2pt,MISS Oladipo Layup,['pointsinthepaint'],Oladipo,63,70,Missed,True,False,203506.0,,steal,block,,,,101141|202696|202699|203089|203114|203473|203487|203506|203507|203901,202696|202699|203473|203506|203901,101141|203089|203114|203487|203507,0.0,1.0,1610612753.0,21400956,True
3,PT04M22.00S,04:22,Q3 04:22,16.366666666666667,297,block,Carter-Williams BLOCK (1 BLK),[],Carter-Williams,63,70,,False,False,203487.0,,2pt missed,rebound,,,203487.0,101141|202696|202699|203089|203114|203473|203487|203506|203507|203901,101141|203089|203114|203487|203507,202696|202699|203473|203506|203901,,,1610612749.0,21400956,True
3,PT04M19.00S,04:19,Q3 04:19,16.316666666666666,298,rebound,Ilyasova REBOUND (Off:2 Def:4),[],Ilyasova,63,70,,False,False,101141.0,,block,foul,,,,101141|202696|202699|203089|203114|203473|203487|203506|203507|203901,101141|203089|203114|203487|203507,202696|202699|203473|203506|203901,,,1610612749.0,21400956,True
3,PT04M18.00S,04:18,Q3 04:18,16.3,299,foul,Dedmon S.FOUL (P3.T2),[],Dedmon,63,70,,False,False,203473.0,,rebound,freethrow,101141.0,,,101141|202696|202699|203089|203114|203473|203487|203506|203507|203901,202696|202699|203473|203506|203901,101141|203089|203114|203487|203507,,,1610612753.0,21400956,True
3,PT04M18.00S,04:18,Q3 04:18,16.3,300,freethrow,MISS Ilyasova Free Throw 1 of 2,[],Ilyasova,63,70,Missed,False,False,101141.0,,foul,rebound,,,,101141|202696|202699|203089|203114|203473|203487|203506|203507|203901,101141|203089|203114|203487|203507,202696|202699|203473|203506|203901,,,1610612749.0,21400956,True
3,PT04M18.00S,04:18,Q3 04:18,16.3,301,rebound,TEAM offensive REBOUND,['team'],,63,70,,False,False,0.0,,freethrow,freethrow,,,,101141|202696|202699|203089|203114|203473|203487|203506|203507|203901,101141|203089|203114|203487|203507,202696|202699|203473|203506|203901,,,1610612749.0,21400956,True
3,PT04M18.00S,04:18,Q3 04:18,16.3,303,freethrow,Ilyasova Free Throw 2 of 2 (12 PTS),[],Ilyasova,64,70,Made,False,False,101141.0,,rebound,substitution,,,,101141|202696|202699|203089|203114|203473|203487|203506|203507|203901,101141|203089|203114|203487|203507,202696|202699|203473|203506|203901,,,1610612749.0,21400956,True
3,PT04M18.00S,04:18,Q3 04:18,16.3,302,substitution,SUB out: D. Dedmon,[],Dedmon,63,70,,False,False,203473.0,,freethrow,substitution,,,,101141|202696|202699|203089|203114|203487|203506|203507|203901,202696|202699|203506|203901,101141|203089|203114|203487|203507,,,1610612753.0,21400956,False
3,PT04M18.00S,04:18,Q3 04:18,16.3,303,substitution,SUB in: C. Frye,[],Frye,63,70,,False,False,101112.0,,substitution,foul,,,,101112|101141|202696|202699|203089|203114|203487|203506|203507|203901,101112|202696|202699|203506|203901,101141|203089|203114|203487|203507,,,1610612753.0,21400956,True
3,PT04M10.00S,04:10,Q3 04:10,16.166666666666668,305,foul,Carter-Williams P.FOUL (P2.PN),['inpenalty'],Carter-Williams,64,70,,False,False,203487.0,,substitution,freethrow,101112.0,,,101112|101141|202696|202699|203089|203114|203487|203506|203507|203901,101141|203089|203114|203487|203507,101112|202696|202699|203506|203901,,,1610612749.0,21400956,True
3,PT04M10.00S,04:10,Q3 04:10,16.166666666666668,307,freethrow,Frye Free Throw 1 of 2 (9 PTS),[],Frye,64,71,Made,False,False,101112.0,,foul,freethrow,,,,101112|101141|202696|202699|203089|203114|203487|203506|203507|203901,101112|202696|202699|203506|203901,101141|203089|203114|203487|203507,,,1610612753.0,21400956,True
3,PT04M10.00S,04:10,Q3 04:10,16.166666666666668,309,freethrow,Frye Free Throw 2 of 2 (10 PTS),[],Frye,64,72,Made,False,False,101112.0,,freethrow,2pt made,,,,101112|101141|202696|202699|203089|203114|203487|203506|203507|203901,101112|202696|202699|203506|203901,101141|203089|203114|203487|203507,,,1610612753.0,21400956,True
3,PT03M51.00S,03:51,Q3 03:51,15.85,311,2pt,Antetokounmpo 18' Jump Shot (6 PTS),[],Antetokounmpo,66,72,Made,True,False,203507.0,,freethrow,2pt missed,,,,101112|101141|202696|202699|203089|203114|203487|203506|203507|203901,101141|203089|203114|203487|203507,101112|202696|202699|203506|203901,-15.0,178.0,1610612749.0,21400956,True
3,PT03M30.00S,03:30,Q3 03:30,15.5,312,2pt,MISS Oladipo 1' Layup,['pointsinthepaint'],Oladipo,66,72,Missed,True,False,203506.0,,2pt made,rebound,,,,101112|101141|202696|202699|203089|203114|203487|203506|203507|203901,101112|202696|202699|203506|203901,101141|203089|203114|203487|203507,7.0,3.0,1610612753.0,21400956,True
3,PT03M29.00S,03:29,Q3 03:29,15.483333333333334,313,rebound,Carter-Williams REBOUND (Off:1 Def:5),[],Carter-Williams,66,72,,False,False,203487.0,,2pt missed,foul,,,,101112|101141|202696|202699|203089|203114|203487|203506|203507|203901,101141|203089|203114|203487|203507,101112|202696|202699|203506|203901,,,1610612749.0,21400956,True
3,PT03M13.00S,03:13,Q3 03:13,15.216666666666667,314,foul,Harris S.FOUL (P3.T3),[],Harris,66,72,,False,False,202699.0,,rebound,freethrow,203507.0,,,101112|101141|202696|202699|203089|203114|203487|203506|203507|203901,101112|202696|202699|203506|203901,101141|203089|203114|203487|203507,,,1610612753.0,21400956,True
3,PT03M13.00S,03:13,Q3 03:13,15.216666666666667,315,freethrow,Antetokounmpo Free Throw 1 of 2 (7 PTS),[],Antetokounmpo,67,72,Made,False,False,203507.0,,foul,freethrow,,,,101112|101141|202696|202699|203089|203114|203487|203506|203507|203901,101141|203089|203114|203487|203507,101112|202696|202699|203506|203901,,,1610612749.0,21400956,True
3,PT03M13.00S,03:13,Q3 03:13,15.216666666666667,318,freethrow,MISS Antetokounmpo Free Throw 2 of 2,[],Antetokounmpo,67,72,Missed,False,False,203507.0,,freethrow,substitution,,,,101112|101141|202696|202699|203089|203114|203487|203506|203507|203901,101141|203089|203114|203487|203507,101112|202696|202699|203506|203901,,,1610612749.0,21400956,True
3,PT03M13.00S,03:13,Q3 03:13,15.216666666666667,317,substitution,SUB out: N. Vucevic,[],Vucevic,67,72,,False,False,202696.0,,freethrow,substitution,,,,101112|101141|202699|203089|203114|203487|203506|203507|203901,101112|202699|203506|203901,101141|203089|203114|203487|203507,,,1610612753.0,21400956,False
3,PT03M13.00S,03:13,Q3 03:13,15.216666666666667,318,substitution,SUB in: A. Gordon,[],Gordon,67,72,,False,False,203932.0,,substitution,rebound,,,,101112|101141|202699|203089|203114|203487|203506|203507|203901|203932,101112|202699|203506|203901|203932,101141|203089|203114|203487|203507,,,1610612753.0,21400956,True
3,PT03M12.00S,03:12,Q3 03:12,15.2,320,rebound,Frye REBOUND (Off:0 Def:2),[],Frye,67,72,,False,False,101112.0,,substitution,turnover,,,,101112|101141|202699|203089|203114|203487|203506|203507|203901|203932,101112|202699|203506|203901|203932,101141|203089|203114|203487|203507,,,1610612753.0,21400956,True
3,PT02M49.00S,02:49,Q3 02:49,14.816666666666666,321,turnover,Payton Lost Ball Turnover (P2.T12),[],Payton,67,72,,False,False,203901.0,,rebound,steal,,,,101112|101141|202699|203089|203114|203487|203506|203507|203901|203932,101112|202699|203506|203901|203932,101141|203089|203114|203487|203507,,,1610612753.0,21400956,True
3,PT02M49.00S,02:49,Q3 02:49,14.816666666666666,321,steal,Carter-Williams STEAL (1 STL),[],Carter-Williams,67,72,,False,False,203487.0,,turnover,2pt made,,203487.0,,101112|101141|202699|203089|203114|203487|203506|203507|203901|203932,101141|203089|203114|203487|203507,101112|202699|203506|203901|203932,,,1610612749.0,21400956,True
3,PT02M32.00S,02:32,Q3 02:32,14.533333333333333,322,2pt,Carter-Williams 1' Driving Layup (8 PTS),['pointsinthepaint'],Carter-Williams,69,72,Made,True,False,203487.0,,steal,2pt missed,,,,101112|101141|202699|203089|203114|203487|203506|203507|203901|203932,101141|203089|203114|203487|203507,101112|202699|203506|203901|203932,9.0,1.0,1610612749.0,21400956,True
3,PT02M13.00S,02:13,Q3 02:13,14.216666666666667,323,2pt,MISS A. Gordon Dunk,['pointsinthepaint'],Gordon,69,72,Missed,True,False,203932.0,,2pt made,block,,,,101112|101141|202699|203089|203114|203487|203506|203507|203901|203932,101112|202699|203506|203901|203932,101141|203089|203114|203487|203507,0.0,1.0,1610612753.0,21400956,True
3,PT02M13.00S,02:13,Q3 02:13,14.216666666666667,323,block,Ilyasova BLOCK (1 BLK),[],Ilyasova,69,72,,False,False,101141.0,,2pt missed,rebound,,,101141.0,101112|101141|202699|203089|203114|203487|203506|203507|203901|203932,101141|203089|203114|203487|203507,101112|202699|203506|203901|203932,,,1610612749.0,21400956,True
3,PT02M10.00S,02:10,Q3 02:10,14.166666666666666,324,rebound,Carter-Williams REBOUND (Off:1 Def:6),[],Carter-Williams,69,72,,False,False,203487.0,,block,3pt missed,,,,101112|101141|202699|203089|203114|203487|203506|203507|203901|203932,101141|203089|203114|203487|203507,101112|202699|203506|203901|203932,,,1610612749.0,21400956,True
3,PT02M04.00S,02:04,Q3 02:04,14.066666666666666,325,3pt,MISS Ilyasova 27' 3PT Jump Shot,[],Ilyasova,69,72,Missed,True,False,101141.0,,rebound,rebound,,,,101112|101141|202699|203089|203114|203487|203506|203507|203901|203932,101141|203089|203114|203487|203507,101112|202699|203506|203901|203932,-157.0,224.0,1610612749.0,21400956,True
3,PT02M04.00S,02:04,Q3 02:04,14.066666666666666,326,rebound,TEAM defensive REBOUND,['team'],,69,72,,False,False,0.0,,3pt missed,timeout,,,,101112|101141|202699|203089|203114|203487|203506|203507|203901|203932,101112|202699|203506|203901|203932,101141|203089|203114|203487|203507,,,1610612753.0,21400956,True
3,PT02M04.00S,02:04,Q3 02:04,14.066666666666666,327,timeout,BUCKS Timeout: Regular (Full 3 Short 0),[],,69,72,,False,False,0.0,,rebound,substitution,,,,101112|101141|202699|203089|203114|203487|203506|203507|203901|203932,101141|203089|203114|203487|203507,101112|202699|203506|203901|203932,,,1610612749.0,21400956,True
3,PT02M04.00S,02:04,Q3 02:04,14.066666666666666,329,substitution,SUB out: E. Ilyasova,[],Ilyasova,69,72,,False,False,101141.0,,timeout,substitution,,,,101112|202699|203089|203114|203487|203506|203507|203901|203932,203089|203114|203487|203507,101112|202699|203506|203901|203932,,,1610612749.0,21400956,False
3,PT02M04.00S,02:04,Q3 02:04,14.066666666666666,330,substitution,SUB out: K. Middleton,[],Middleton,69,72,,False,False,203114.0,,substitution,substitution,,,,101112|202699|203089|203487|203506|203507|203901|203932,203089|203487|203507,101112|202699|203506|203901|203932,,,1610612749.0,21400956,False
3,PT02M04.00S,02:04,Q3 02:04,14.066666666666666,331,substitution,SUB in: J. Dudley,[],Dudley,69,72,,False,False,201162.0,,substitution,substitution,,,,101112|201162|202699|203089|203487|203506|203507|203901|203932,201162|203089|203487|203507,101112|202699|203506|203901|203932,,,1610612749.0,21400956,False
3,PT02M04.00S,02:04,Q3 02:04,14.066666666666666,332,substitution,SUB in: C. Johnson,[],Johnson,69,72,,False,False,203187.0,,substitution,turnover,,,,101112|201162|202699|203089|203187|203487|203506|203507|203901|203932,201162|203089|203187|203487|203507,101112|202699|203506|203901|203932,,,1610612749.0,21400956,True
3,PT01M41.00S,01:41,Q3 01:41,13.683333333333334,331,turnover,Harris Lost Ball Turnover (P2.T13),[],Harris,69,72,,False,False,202699.0,,substitution,steal,,,,101112|201162|202699|203089|203187|203487|203506|203507|203901|203932,101112|202699|203506|203901|203932,201162|203089|203187|203487|203507,,,1610612753.0,21400956,True
3,PT01M41.00S,01:41,Q3 01:41,13.683333333333334,331,steal,Carter-Williams STEAL (2 STL),[],Carter-Williams,69,72,,False,False,203487.0,,turnover,foul,,203487.0,,101112|201162|202699|203089|203187|203487|203506|203507|203901|203932,201162|203089|203187|203487|203507,101112|202699|203506|203901|203932,,,1610612749.0,21400956,True
3,PT01M38.00S,01:38,Q3 01:38,13.633333333333333,332,foul,Oladipo Shooting Block Foul (P1.T4),[],Oladipo,69,72,,False,False,203506.0,,steal,freethrow,203487.0,,,101112|201162|202699|203089|203187|203487|203506|203507|203901|203932,101112|202699|203506|203901|203932,201162|203089|203187|203487|203507,,,1610612753.0,21400956,True
3,PT01M38.00S,01:38,Q3 01:38,13.633333333333333,333,freethrow,MISS Carter-Williams Free Throw 1 of 2,[],Carter-Williams,69,72,Missed,False,False,203487.0,,foul,rebound,,,,101112|201162|202699|203089|203187|203487|203506|203507|203901|203932,201162|203089|203187|203487|203507,101112|202699|203506|203901|203932,,,1610612749.0,21400956,True
3,PT01M38.00S,01:38,Q3 01:38,13.633333333333333,334,rebound,TEAM offensive REBOUND,['team'],,69,72,,False,False,0.0,,freethrow,freethrow,,,,101112|201162|202699|203089|203187|203487|203506|203507|203901|203932,201162|203089|203187|203487|203507,101112|202699|203506|203901|203932,,,1610612749.0,21400956,True
3,PT01M38.00S,01:38,Q3 01:38,13.633333333333333,335,freethrow,Carter-Williams Free Throw 2 of 2 (9 PTS),['2ndchance'],Carter-Williams,70,72,Made,False,False,203487.0,,rebound,2pt missed,,,,101112|201162|202699|203089|203187|203487|203506|203507|203901|203932,201162|203089|203187|203487|203507,101112|202699|203506|203901|203932,,,1610612749.0,21400956,True
3,PT01M25.00S,01:25,Q3 01:25,13.416666666666666,337,2pt,MISS Payton 1' Layup,['pointsinthepaint'],Payton,70,72,Missed,True,False,203901.0,,freethrow,block,,,,101112|201162|202699|203089|203187|203487|203506|203507|203901|203932,101112|202699|203506|203901|203932,201162|203089|203187|203487|203507,0.0,6.0,1610612753.0,21400956,True
3,PT01M25.00S,01:25,Q3 01:25,13.416666666666666,337,block,Carter-Williams BLOCK (2 BLK),[],Carter-Williams,70,72,,False,False,203487.0,,2pt missed,rebound,,,203487.0,101112|201162|202699|203089|203187|203487|203506|203507|203901|203932,201162|203089|203187|203487|203507,101112|202699|203506|203901|203932,,,1610612749.0,21400956,True
3,PT01M22.00S,01:22,Q3 01:22,13.366666666666667,338,rebound,Johnson REBOUND (Off:0 Def:1),[],Johnson,70,72,,False,False,203187.0,,block,turnover,,,,101112|201162|202699|203089|203187|203487|203506|203507|203901|203932,201162|203089|203187|203487|203507,101112|202699|203506|203901|203932,,,1610612749.0,21400956,True
3,PT01M18.00S,01:18,Q3 01:18,13.3,339,turnover,Carter-Williams Bad Pass Turnover (P5.T18),[],Carter-Williams,70,72,,False,False,203487.0,,rebound,2pt missed,,,,101112|201162|202699|203089|203187|203487|203506|203507|203901|203932,201162|203089|203187|203487|203507,101112|202699|203506|203901|203932,,,1610612749.0,21400956,True
3,PT01M00.00S,01:00,Q3 01:00,13.0,347,2pt,MISS Oladipo 2' Layup,['pointsinthepaint'],Oladipo,70,72,Missed,True,False,203506.0,,turnover,block,,,,101112|201162|202699|203089|203187|203487|203506|203507|203901|203932,101112|202699|203506|203901|203932,201162|203089|203187|203487|203507,-17.0,11.0,1610612753.0,21400956,True
3,PT01M00.00S,01:00,Q3 01:00,13.0,347,block,Antetokounmpo BLOCK (1 BLK),[],Antetokounmpo,70,72,,False,False,203507.0,,2pt missed,rebound,,,203507.0,101112|201162|202699|203089|203187|203487|203506|203507|203901|203932,201162|203089|203187|203487|203507,101112|202699|203506|203901|203932,,,1610612749.0,21400956,True
3,PT00M57.90S,00:57,Q3 00:57,12.965,341,rebound,Carter-Williams REBOUND (Off:1 Def:7),[],Carter-Williams,70,72,,False,False,203487.0,,block,2pt made,,,,101112|201162|202699|203089|203187|203487|203506|203507|203901|203932,201162|203089|203187|203487|203507,101112|202699|203506|203901|203932,,,1610612749.0,21400956,True
3,PT00M54.30S,00:54,Q3 00:54,12.905,342,2pt,Johnson 19' Jump Shot (2 PTS) (Carter-Williams 6 AST),[],Johnson,72,72,Made,True,True,203187.0,203487.0,rebound,2pt missed,,,,101112|201162|202699|203089|203187|203487|203506|203507|203901|203932,201162|203089|203187|203487|203507,101112|202699|203506|203901|203932,-188.0,1.0,1610612749.0,21400956,True
3,PT00M37.90S,00:37,Q3 00:37,12.631666666666666,343,2pt,MISS Harris 13' Jump Shot,[],Harris,72,72,Missed,True,False,202699.0,,2pt made,rebound,,,,101112|201162|202699|203089|203187|203487|203506|203507|203901|203932,101112|202699|203506|203901|203932,201162|203089|203187|203487|203507,-134.0,-6.0,1610612753.0,21400956,True
3,PT00M36.90S,00:36,Q3 00:36,12.615,344,rebound,Johnson REBOUND (Off:0 Def:2),[],Johnson,72,72,,False,False,203187.0,,2pt missed,3pt missed,,,,101112|201162|202699|203089|203187|203487|203506|203507|203901|203932,201162|203089|203187|203487|203507,101112|202699|203506|203901|203932,,,1610612749.0,21400956,True
3,PT00M14.90S,00:14,Q3 00:14,12.248333333333333,345,3pt,MISS Johnson 24' 3PT Jump Shot,[],Johnson,72,72,Missed,True,False,203187.0,,rebound,rebound,,,,101112|201162|202699|203089|203187|203487|203506|203507|203901|203932,201162|203089|203187|203487|203507,101112|202699|203506|203901|203932,-237.0,6.0,1610612749.0,21400956,True
3,PT00M13.90S,00:13,Q3 00:13,12.231666666666667,346,rebound,Harris REBOUND (Off:0 Def:2),[],Harris,72,72,,False,False,202699.0,,3pt missed,2pt missed,,,,101112|201162|202699|203089|203187|203487|203506|203507|203901|203932,101112|202699|203506|203901|203932,201162|203089|203187|203487|203507,,,1610612753.0,21400956,True
3,PT00M02.90S,00:02,Q3 00:02,12.048333333333334,348,2pt,MISS Oladipo 1' Layup,['pointsinthepaint'],Oladipo,72,72,Missed,True,False,203506.0,,rebound,block,,,,101112|201162|202699|203089|203187|203487|203506|203507|203901|203932,101112|202699|203506|203901|203932,201162|203089|203187|203487|203507,0.0,7.0,1610612753.0,21400956,True
3,PT00M02.90S,00:02,Q3 00:02,12.048333333333334,348,block,Johnson BLOCK (1 BLK),[],Johnson,72,72,,False,False,203187.0,,2pt missed,rebound,,,203187.0,101112|201162|202699|203089|203187|203487|203506|203507|203901|203932,201162|203089|203187|203487|203507,101112|202699|203506|203901|203932,,,1610612749.0,21400956,True
3,PT00M02.00S,00:02,Q3 00:02,12.033333333333333,349,rebound,Henson REBOUND (Off:2 Def:3),[],Henson,72,72,,False,False,203089.0,,block,3pt missed,,,,101112|201162|202699|203089|203187|203487|203506|203507|203901|203932,201162|203089|203187|203487|203507,101112|202699|203506|203901|203932,,,1610612749.0,21400956,True
3,PT00M01.00S,00:01,Q3 00:01,12.016666666666667,350,3pt,MISS Antetokounmpo 38' 3PT Jump Shot,[],Antetokounmpo,72,72,Missed,True,False,203507.0,,rebound,rebound,,,,101112|201162|202699|203089|203187|203487|203506|203507|203901|203932,201162|203089|203187|203487|203507,101112|202699|203506|203901|203932,-10.0,384.0,1610612749.0,21400956,True
3,PT00M00.00S,00:00,Q3 00:00,12.0,351,rebound,TEAM offensive REBOUND,['team'],,72,72,,False,False,0.0,,3pt missed,period,,,,101112|201162|202699|203089|203187|203487|203506|203507|203901|203932,201162|203089|203187|203487|203507,101112|202699|203506|203901|203932,,,1610612749.0,21400956,True
3,PT00M00.00S,00:00,Q3 00:00,12.0,352,period,End of 3rd Period (9:47 PM EST),[],,72,72,,False,False,0.0,,rebound,period,,,,101112|201162|202699|203089|203187|203487|203506|203507|203901|203932,201162|203089|203187|203487|203507,101112|202699|203506|203901|203932,,,1610612749.0,21400956,True
4,PT12M00.00S,12:00,Q4 12:00,12.0,354,period,Start of 4th Period (9:50 PM EST),[],,72,72,,False,False,0.0,,period,substitution,,,,101112|201162|202699|203089|203187|203487|203506|203507|203901|203932,201162|203089|203187|203487|203507,101112|202699|203506|203901|203932,,,1610612749.0,21400956,True
4,PT11M35.00S,11:35,Q4 11:35,11.583333333333334,355,2pt,MISS A. Gordon Layup,['pointsinthepaint'],Gordon,72,72,Missed,True,False,203932.0,,substitution,rebound,,,,101112|201162|202696|203089|203114|203187|203898|203901|203932|2557,101112|202696|203901|203932|2557,201162|203089|203114|203187|203898,-3.0,3.0,1610612753.0,21400956,True
4,PT11M34.00S,11:34,Q4 11:34,11.566666666666666,356,rebound,Middleton REBOUND (Off:0 Def:2),[],Middleton,72,72,,False,False,203114.0,,2pt missed,turnover,,,,101112|201162|202696|203089|203114|203187|203898|203901|203932|2557,201162|203089|203114|203187|203898,101112|202696|203901|203932|2557,,,1610612749.0,21400956,True
4,PT11M22.00S,11:22,Q4 11:22,11.366666666666667,357,turnover,Ennis Bad Pass Turnover (P2.T19),[],Ennis,72,72,,False,False,203898.0,,rebound,steal,,,,101112|201162|202696|203089|203114|203187|203898|203901|203932|2557,201162|203089|203114|203187|203898,101112|202696|203901|203932|2557,,,1610612749.0,21400956,True
4,PT11M22.00S,11:22,Q4 11:22,11.366666666666667,357,steal,Ridnour STEAL (1 STL),[],Ridnour,72,72,,False,False,2557.0,,turnover,2pt missed,,2557.0,,101112|201162|202696|203089|203114|203187|203898|203901|203932|2557,101112|202696|203901|203932|2557,201162|203089|203114|203187|203898,,,1610612753.0,21400956,True
4,PT11M12.00S,11:12,Q4 11:12,11.2,358,2pt,MISS Payton 15' Jump Shot,[],Payton,72,72,Missed,True,False,203901.0,,steal,rebound,,,,101112|201162|202696|203089|203114|203187|203898|203901|203932|2557,101112|202696|203901|203932|2557,201162|203089|203114|203187|203898,-150.0,-8.0,1610612753.0,21400956,True
4,PT11M12.00S,11:12,Q4 11:12,11.2,359,rebound,Vucevic REBOUND (Off:3 Def:7),[],Vucevic,72,72,,False,False,202696.0,,2pt missed,foul,,,,101112|201162|202696|203089|203114|203187|203898|203901|203932|2557,101112|202696|203901|203932|2557,201162|203089|203114|203187|203898,,,1610612753.0,21400956,True
4,PT11M12.00S,11:12,Q4 11:12,11.2,360,foul,Middleton L.B.FOUL (P2.T1),[],Middleton,72,72,,False,False,203114.0,,rebound,2pt made,203932.0,,,101112|201162|202696|203089|203114|203187|203898|203901|203932|2557,201162|203089|203114|203187|203898,101112|202696|203901|203932|2557,,,1610612749.0,21400956,True
4,PT10M52.00S,10:52,Q4 10:52,10.866666666666667,361,2pt,A. Gordon Dunk (7 PTS) (Frye 2 AST),['pointsinthepaint'],Gordon,72,74,Made,True,True,203932.0,101112.0,foul,3pt made,,,,101112|201162|202696|203089|203114|203187|203898|203901|203932|2557,101112|202696|203901|203932|2557,201162|203089|203114|203187|203898,0.0,1.0,1610612753.0,21400956,True
4,PT10M29.00S,10:29,Q4 10:29,10.483333333333333,362,3pt,Middleton 24' 3PT Jump Shot (23 PTS) (Ennis 3 AST),[],Middleton,75,74,Made,True,True,203114.0,203898.0,2pt made,2pt missed,,,,101112|201162|202696|203089|203114|203187|203898|203901|203932|2557,201162|203089|203114|203187|203898,101112|202696|203901|203932|2557,239.0,-3.0,1610612749.0,21400956,True
4,PT10M15.00S,10:15,Q4 10:15,10.25,363,2pt,MISS Vucevic 7' Jump Hook Shot,['pointsinthepaint'],Vucevic,75,74,Missed,True,False,202696.0,,3pt made,rebound,,,,101112|201162|202696|203089|203114|203187|203898|203901|203932|2557,101112|202696|203901|203932|2557,201162|203089|203114|203187|203898,-68.0,30.0,1610612753.0,21400956,True
4,PT10M14.00S,10:14,Q4 10:14,10.233333333333333,364,rebound,Henson REBOUND (Off:2 Def:4),[],Henson,75,74,,False,False,203089.0,,2pt missed,2pt made,,,,101112|201162|202696|203089|203114|203187|203898|203901|203932|2557,201162|203089|203114|203187|203898,101112|202696|203901|203932|2557,,,1610612749.0,21400956,True
4,PT10M03.00S,10:03,Q4 10:03,10.05,365,2pt,Middleton 11' Turnaround Fadeaway (25 PTS),[],Middleton,77,74,Made,True,False,203114.0,,rebound,turnover,,,,101112|201162|202696|203089|203114|203187|203898|203901|203932|2557,201162|203089|203114|203187|203898,101112|202696|203901|203932|2557,-109.0,-11.0,1610612749.0,21400956,True
4,PT09M49.00S,09:49,Q4 09:49,9.816666666666666,366,turnover,Payton Bad Pass Turnover (P3.T14),[],Payton,77,74,,False,False,203901.0,,2pt made,2pt made,,,,101112|201162|202696|203089|203114|203187|203898|203901|203932|2557,101112|202696|203901|203932|2557,201162|203089|203114|203187|203898,,,1610612753.0,21400956,True
4,PT09M31.00S,09:31,Q4 09:31,9.516666666666667,367,2pt,Henson 1' Hook Shot (3 PTS) (Dudley 1 AST),['pointsinthepaint'],Henson,79,74,Made,True,True,203089.0,201162.0,turnover,timeout,,,,101112|201162|202696|203089|203114|203187|203898|203901|203932|2557,201162|203089|203114|203187|203898,101112|202696|203901|203932|2557,-4.0,12.0,1610612749.0,21400956,True
4,PT09M31.00S,09:31,Q4 09:31,9.516666666666667,368,timeout,Magic Timeout: Regular (Reg.3 Short 0),[],,79,74,,False,False,0.0,,2pt made,substitution,,,,101112|201162|202696|203089|203114|203187|203898|203901|203932|2557,101112|202696|203901|203932|2557,201162|203089|203114|203187|203898,,,1610612753.0,21400956,True
4,PT09M31.00S,09:31,Q4 09:31,9.516666666666667,370,substitution,SUB out: E. Payton,[],Payton,79,74,,False,False,203901.0,,timeout,substitution,,,,101112|201162|202696|203089|203114|203187|203898|203932|2557,101112|202696|203932|2557,201162|203089|203114|203187|203898,,,1610612753.0,21400956,False
4,PT09M31.00S,09:31,Q4 09:31,9.516666666666667,371,substitution,SUB out: A. Gordon,[],Gordon,79,74,,False,False,203932.0,,substitution,substitution,,,,101112|201162|202696|203089|203114|203187|203898|2557,101112|202696|2557,201162|203089|203114|203187|203898,,,1610612753.0,21400956,False
4,PT09M31.00S,09:31,Q4 09:31,9.516666666666667,372,substitution,SUB in: T. Harris,[],Harris,79,74,,False,False,202699.0,,substitution,substitution,,,,101112|201162|202696|202699|203089|203114|203187|203898|2557,101112|202696|202699|2557,201162|203089|203114|203187|203898,,,1610612753.0,21400956,False
4,PT09M31.00S,09:31,Q4 09:31,9.516666666666667,373,substitution,SUB in: V. Oladipo,[],Oladipo,79,74,,False,False,203506.0,,substitution,foul,,,,101112|201162|202696|202699|203089|203114|203187|203506|203898|2557,101112|202696|202699|203506|2557,201162|203089|203114|203187|203898,,,1610612753.0,21400956,True
4,PT09M16.00S,09:16,Q4 09:16,9.266666666666667,372,foul,Dudley P.FOUL (P2.T2),[],Dudley,79,74,,False,False,201162.0,,substitution,3pt made,2557.0,,,101112|201162|202696|202699|203089|203114|203187|203506|203898|2557,201162|203089|203114|203187|203898,101112|202696|202699|203506|2557,,,1610612749.0,21400956,True
4,PT09M01.00S,09:01,Q4 09:01,9.016666666666667,373,3pt,Ridnour 24' 3PT Jump Shot (5 PTS) (Harris 3 AST),[],Ridnour,79,77,Made,True,True,2557.0,202699.0,foul,2pt made,,,,101112|201162|202696|202699|203089|203114|203187|203506|203898|2557,101112|202696|202699|203506|2557,201162|203089|203114|203187|203898,-239.0,0.0,1610612753.0,21400956,True
4,PT08M42.00S,08:42,Q4 08:42,8.7,374,2pt,Ennis 7' Jump Hook Shot (5 PTS),['pointsinthepaint'],Ennis,81,77,Made,True,False,203898.0,,3pt made,3pt made,,,,101112|201162|202696|202699|203089|203114|203187|203506|203898|2557,201162|203089|203114|203187|203898,101112|202696|202699|203506|2557,56.0,45.0,1610612749.0,21400956,True
4,PT08M33.00S,08:33,Q4 08:33,8.55,375,3pt,Oladipo 25' 3PT Jump Shot (12 PTS) (Ridnour 1 AST),[],Oladipo,81,80,Made,True,True,203506.0,2557.0,2pt made,foul,,,,101112|201162|202696|202699|203089|203114|203187|203506|203898|2557,101112|202696|202699|203506|2557,201162|203089|203114|203187|203898,125.0,220.0,1610612753.0,21400956,True
4,PT08M10.00S,08:10,Q4 08:10,8.166666666666666,376,foul,Ennis OFF.Foul (P2),[],Ennis,81,80,,False,False,203898.0,,3pt made,turnover,2557.0,,,101112|201162|202696|202699|203089|203114|203187|203506|203898|2557,201162|203089|203114|203187|203898,101112|202696|202699|203506|2557,,,1610612749.0,21400956,True
4,PT08M10.00S,08:10,Q4 08:10,8.166666666666666,377,turnover,Ennis Foul Turnover (P3.T20),[],Ennis,81,80,,False,False,203898.0,,foul,3pt missed,,,,101112|201162|202696|202699|203089|203114|203187|203506|203898|2557,201162|203089|203114|203187|203898,101112|202696|202699|203506|2557,,,1610612749.0,21400956,True
4,PT07M46.00S,07:46,Q4 07:46,7.766666666666667,378,3pt,MISS Ridnour 24' 3PT Jump Shot,[],Ridnour,81,80,Missed,True,False,2557.0,,turnover,rebound,,,,101112|201162|202696|202699|203089|203114|203187|203506|203898|2557,101112|202696|202699|203506|2557,201162|203089|203114|203187|203898,241.0,-14.0,1610612753.0,21400956,True
4,PT07M45.00S,07:45,Q4 07:45,7.75,379,rebound,Dudley REBOUND (Off:0 Def:3),[],Dudley,81,80,,False,False,201162.0,,3pt missed,3pt made,,,,101112|201162|202696|202699|203089|203114|203187|203506|203898|2557,201162|203089|203114|203187|203898,101112|202696|202699|203506|2557,,,1610612749.0,21400956,True
4,PT07M37.00S,07:37,Q4 07:37,7.616666666666667,380,3pt,Ennis 25' 3PT Jump Shot (8 PTS) (Dudley 2 AST),[],Ennis,84,80,Made,True,True,203898.0,201162.0,rebound,3pt made,,,,101112|201162|202696|202699|203089|203114|203187|203506|203898|2557,201162|203089|203114|203187|203898,101112|202696|202699|203506|2557,-160.0,195.0,1610612749.0,21400956,True
4,PT07M21.00S,07:21,Q4 07:21,7.35,381,3pt,Frye 27' 3PT Jump Shot (13 PTS) (Ridnour 2 AST),[],Frye,84,83,Made,True,True,101112.0,2557.0,3pt made,3pt missed,,,,101112|201162|202696|202699|203089|203114|203187|203506|203898|2557,101112|202696|202699|203506|2557,201162|203089|203114|203187|203898,-188.0,189.0,1610612753.0,21400956,True
4,PT07M02.00S,07:02,Q4 07:02,7.033333333333333,382,3pt,MISS Dudley 26' 3PT Jump Shot,[],Dudley,84,83,Missed,True,False,201162.0,,3pt made,rebound,,,,101112|201162|202696|202699|203089|203114|203187|203506|203898|2557,201162|203089|203114|203187|203898,101112|202696|202699|203506|2557,207.0,153.0,1610612749.0,21400956,True
4,PT07M01.00S,07:01,Q4 07:01,7.016666666666667,383,rebound,Harris REBOUND (Off:0 Def:3),[],Harris,84,83,,False,False,202699.0,,3pt missed,foul,,,,101112|201162|202696|202699|203089|203114|203187|203506|203898|2557,101112|202696|202699|203506|2557,201162|203089|203114|203187|203898,,,1610612753.0,21400956,True
4,PT06M53.00S,06:53,Q4 06:53,6.883333333333333,384,foul,Henson S.FOUL (P2.T3),[],Henson,84,83,,False,False,203089.0,,rebound,freethrow,203506.0,,,101112|201162|202696|202699|203089|203114|203187|203506|203898|2557,201162|203089|203114|203187|203898,101112|202696|202699|203506|2557,,,1610612749.0,21400956,True
4,PT06M53.00S,06:53,Q4 06:53,6.883333333333333,385,freethrow,Oladipo Free Throw 1 of 2 (13 PTS),[],Oladipo,84,84,Made,False,False,203506.0,,foul,freethrow,,,,101112|201162|202696|202699|203089|203114|203187|203506|203898|2557,101112|202696|202699|203506|2557,201162|203089|203114|203187|203898,,,1610612753.0,21400956,True
4,PT06M53.00S,06:53,Q4 06:53,6.883333333333333,387,freethrow,Oladipo Free Throw 2 of 2 (14 PTS),[],Oladipo,84,85,Made,False,False,203506.0,,freethrow,2pt made,,,,101112|201162|202696|202699|203089|203114|203187|203506|203898|2557,101112|202696|202699|203506|2557,201162|203089|203114|203187|203898,,,1610612753.0,21400956,True
4,PT06M41.00S,06:41,Q4 06:41,6.683333333333334,389,2pt,Henson Dunk (5 PTS) (Dudley 3 AST),['pointsinthepaint'],Henson,86,85,Made,True,True,203089.0,201162.0,freethrow,2pt missed,,,,101112|201162|202696|202699|203089|203114|203187|203506|203898|2557,201162|203089|203114|203187|203898,101112|202696|202699|203506|2557,0.0,1.0,1610612749.0,21400956,True
4,PT06M25.00S,06:25,Q4 06:25,6.416666666666667,390,2pt,MISS Oladipo 3' Jump Shot,['pointsinthepaint'],Oladipo,86,85,Missed,True,False,203506.0,,2pt made,block,,,,101112|201162|202696|202699|203089|203114|203187|203506|203898|2557,101112|202696|202699|203506|2557,201162|203089|203114|203187|203898,26.0,15.0,1610612753.0,21400956,True
4,PT06M25.00S,06:25,Q4 06:25,6.416666666666667,390,block,Henson BLOCK (2 BLK),[],Henson,86,85,,False,False,203089.0,,2pt missed,rebound,,,203089.0,101112|201162|202696|202699|203089|203114|203187|203506|203898|2557,201162|203089|203114|203187|203898,101112|202696|202699|203506|2557,,,1610612749.0,21400956,True
4,PT06M23.00S,06:23,Q4 06:23,6.383333333333334,391,rebound,Johnson REBOUND (Off:0 Def:3),[],Johnson,86,85,,False,False,203187.0,,block,foul,,,,101112|201162|202696|202699|203089|203114|203187|203506|203898|2557,201162|203089|203114|203187|203898,101112|202696|202699|203506|2557,,,1610612749.0,21400956,True
4,PT06M23.00S,06:23,Q4 06:23,6.383333333333334,392,foul,Frye Personal Take Foul (P1.T1),[],Frye,86,85,,False,False,101112.0,,rebound,turnover,203898.0,,,101112|201162|202696|202699|203089|203114|203187|203506|203898|2557,101112|202696|202699|203506|2557,201162|203089|203114|203187|203898,,,1610612753.0,21400956,True
4,PT06M12.00S,06:12,Q4 06:12,6.2,393,turnover,Ennis Bad Pass Turnover (P4.T21),[],Ennis,86,85,,False,False,203898.0,,foul,steal,,,,101112|201162|202696|202699|203089|203114|203187|203506|203898|2557,201162|203089|203114|203187|203898,101112|202696|202699|203506|2557,,,1610612749.0,21400956,True
4,PT06M12.00S,06:12,Q4 06:12,6.2,393,steal,Oladipo STEAL (2 STL),[],Oladipo,86,85,,False,False,203506.0,,turnover,2pt made,,203506.0,,101112|201162|202696|202699|203089|203114|203187|203506|203898|2557,101112|202696|202699|203506|2557,201162|203089|203114|203187|203898,,,1610612753.0,21400956,True
4,PT06M03.00S,06:03,Q4 06:03,6.05,394,2pt,Vucevic Layup (19 PTS),['pointsinthepaint'],Vucevic,86,87,Made,True,False,202696.0,,steal,turnover,,,,101112|201162|202696|202699|203089|203114|203187|203506|203898|2557,101112|202696|202699|203506|2557,201162|203089|203114|203187|203898,-2.0,1.0,1610612753.0,21400956,True
4,PT05M45.00S,05:45,Q4 05:45,5.75,395,turnover,Middleton Bad Pass Turnover (P1.T22),[],Middleton,86,87,,False,False,203114.0,,2pt made,timeout,,,,101112|201162|202696|202699|203089|203114|203187|203506|203898|2557,201162|203089|203114|203187|203898,101112|202696|202699|203506|2557,,,1610612749.0,21400956,True
4,PT05M45.00S,05:45,Q4 05:45,5.75,396,timeout,Timeout: Official,[],,86,87,,False,False,0.0,,turnover,substitution,,,,101112|201162|202696|202699|203089|203114|203187|203506|203898|2557,201162|203089|203114|203187|203898,101112|202696|202699|203506|2557,,,0.0,21400956,True
4,PT05M45.00S,05:45,Q4 05:45,5.75,398,substitution,SUB out: T. Ennis,[],Ennis,86,87,,False,False,203898.0,,timeout,substitution,,,,101112|201162|202696|202699|203089|203114|203187|203506|2557,201162|203089|203114|203187,101112|202696|202699|203506|2557,,,1610612749.0,21400956,False
4,PT05M45.00S,05:45,Q4 05:45,5.75,399,substitution,SUB out: J. Henson,[],Henson,86,87,,False,False,203089.0,,substitution,substitution,,,,101112|201162|202696|202699|203114|203187|203506|2557,201162|203114|203187,101112|202696|202699|203506|2557,,,1610612749.0,21400956,False
4,PT05M45.00S,05:45,Q4 05:45,5.75,400,substitution,SUB out: C. Johnson,[],Johnson,86,87,,False,False,203187.0,,substitution,substitution,,,,101112|201162|202696|202699|203114|203506|2557,201162|203114,101112|202696|202699|203506|2557,,,1610612749.0,21400956,False
4,PT05M45.00S,05:45,Q4 05:45,5.75,401,substitution,SUB in: M. Carter-Williams,[],Carter-Williams,86,87,,False,False,203487.0,,substitution,substitution,,,,101112|201162|202696|202699|203114|203487|203506|2557,201162|203114|203487,101112|202696|202699|203506|2557,,,1610612749.0,21400956,False
4,PT05M45.00S,05:45,Q4 05:45,5.75,402,substitution,SUB in: Z. Pachulia,[],Pachulia,86,87,,False,False,2585.0,,substitution,substitution,,,,101112|201162|202696|202699|203114|203487|203506|2557|2585,201162|203114|203487|2585,101112|202696|202699|203506|2557,,,1610612749.0,21400956,False
4,PT05M45.00S,05:45,Q4 05:45,5.75,403,substitution,SUB in: G. Antetokounmpo,[],Antetokounmpo,86,87,,False,False,203507.0,,substitution,3pt missed,,,,101112|201162|202696|202699|203114|203487|203506|203507|2557|2585,201162|203114|203487|203507|2585,101112|202696|202699|203506|2557,,,1610612749.0,21400956,True
4,PT05M26.00S,05:26,Q4 05:26,5.433333333333334,401,3pt,MISS Harris 26' 3PT Jump Shot,[],Harris,86,87,Missed,True,False,202699.0,,substitution,rebound,,,,101112|201162|202696|202699|203114|203487|203506|203507|2557|2585,101112|202696|202699|203506|2557,201162|203114|203487|203507|2585,122.0,228.0,1610612753.0,21400956,True
4,PT05M24.00S,05:24,Q4 05:24,5.4,402,rebound,Dudley REBOUND (Off:0 Def:4),[],Dudley,86,87,,False,False,201162.0,,3pt missed,2pt made,,,,101112|201162|202696|202699|203114|203487|203506|203507|2557|2585,201162|203114|203487|203507|2585,101112|202696|202699|203506|2557,,,1610612749.0,21400956,True
4,PT05M02.00S,05:02,Q4 05:02,5.033333333333333,403,2pt,Antetokounmpo Reverse Layup (9 PTS),['pointsinthepaint'],Antetokounmpo,88,87,Made,True,False,203507.0,,rebound,2pt made,,,,101112|201162|202696|202699|203114|203487|203506|203507|2557|2585,201162|203114|203487|203507|2585,101112|202696|202699|203506|2557,0.0,1.0,1610612749.0,21400956,True
4,PT04M37.00S,04:37,Q4 04:37,4.616666666666667,404,2pt,Harris Layup (15 PTS) (Ridnour 3 AST),['pointsinthepaint'],Harris,88,89,Made,True,True,202699.0,2557.0,2pt made,2pt missed,,,,101112|201162|202696|202699|203114|203487|203506|203507|2557|2585,101112|202696|202699|203506|2557,201162|203114|203487|203507|2585,-2.0,1.0,1610612753.0,21400956,True
4,PT04M21.00S,04:21,Q4 04:21,4.35,405,2pt,MISS Carter-Williams 17' Jump Shot,[],Carter-Williams,88,89,Missed,True,False,203487.0,,2pt made,rebound,,,,101112|201162|202696|202699|203114|203487|203506|203507|2557|2585,201162|203114|203487|203507|2585,101112|202696|202699|203506|2557,-171.0,22.0,1610612749.0,21400956,True
4,PT04M20.00S,04:20,Q4 04:20,4.333333333333333,406,rebound,Frye REBOUND (Off:0 Def:3),[],Frye,88,89,,False,False,101112.0,,2pt missed,2pt missed,,,,101112|201162|202696|202699|203114|203487|203506|203507|2557|2585,101112|202696|202699|203506|2557,201162|203114|203487|203507|2585,,,1610612753.0,21400956,True
4,PT04M12.00S,04:12,Q4 04:12,4.2,407,2pt,MISS Ridnour 2' Layup,['pointsinthepaint'],Ridnour,88,89,Missed,True,False,2557.0,,rebound,2pt missed,,,,101112|201162|202696|202699|203114|203487|203506|203507|2557|2585,101112|202696|202699|203506|2557,201162|203114|203487|203507|2585,17.0,14.0,1610612753.0,21400956,True
4,PT04M10.00S,04:10,Q4 04:10,4.166666666666667,408,2pt,MISS Vucevic 1' Tip Shot,['pointsinthepaint'],Vucevic,88,89,Missed,True,False,202696.0,,2pt missed,rebound,,,,101112|201162|202696|202699|203114|203487|203506|203507|2557|2585,101112|202696|202699|203506|2557,201162|203114|203487|203507|2585,-5.0,3.0,1610612753.0,21400956,True
4,PT04M10.00S,04:10,Q4 04:10,4.166666666666667,409,rebound,Vucevic REBOUND (Off:4 Def:7),[],Vucevic,88,89,,False,False,202696.0,,2pt missed,2pt missed,,,,101112|201162|202696|202699|203114|203487|203506|203507|2557|2585,101112|202696|202699|203506|2557,201162|203114|203487|203507|2585,,,1610612753.0,21400956,True
4,PT04M09.00S,04:09,Q4 04:09,4.15,410,2pt,MISS Vucevic 1' Tip Shot,['pointsinthepaint'],Vucevic,88,89,Missed,True,False,202696.0,,rebound,rebound,,,,101112|201162|202696|202699|203114|203487|203506|203507|2557|2585,101112|202696|202699|203506|2557,201162|203114|203487|203507|2585,0.0,-5.0,1610612753.0,21400956,True
4,PT04M09.00S,04:09,Q4 04:09,4.15,411,rebound,Vucevic REBOUND (Off:5 Def:7),[],Vucevic,88,89,,False,False,202696.0,,2pt missed,rebound,,,,101112|201162|202696|202699|203114|203487|203506|203507|2557|2585,101112|202696|202699|203506|2557,201162|203114|203487|203507|2585,,,1610612753.0,21400956,True
4,PT04M07.00S,04:07,Q4 04:07,4.116666666666666,412,rebound,Carter-Williams REBOUND (Off:1 Def:8),[],Carter-Williams,88,89,,False,False,203487.0,,rebound,foul,,,,101112|201162|202696|202699|203114|203487|203506|203507|2557|2585,201162|203114|203487|203507|2585,101112|202696|202699|203506|2557,,,1610612749.0,21400956,True
4,PT03M56.00S,03:56,Q4 03:56,3.9333333333333336,413,foul,Ridnour P.FOUL (P3.T2),[],Ridnour,88,89,,False,False,2557.0,,rebound,2pt missed,203114.0,,,101112|201162|202696|202699|203114|203487|203506|203507|2557|2585,101112|202696|202699|203506|2557,201162|203114|203487|203507|2585,,,1610612753.0,21400956,True
4,PT03M48.00S,03:48,Q4 03:48,3.8,415,2pt,MISS Middleton 12' Jump Shot,['pointsinthepaint'],Middleton,88,89,Missed,True,False,203114.0,,foul,rebound,,,,101112|201162|202696|202699|203114|203487|203506|203507|2557|2585,201162|203114|203487|203507|2585,101112|202696|202699|203506|2557,6.0,119.0,1610612749.0,21400956,True
4,PT03M48.00S,03:48,Q4 03:48,3.8,416,rebound,TEAM offensive REBOUND,['team'],,88,89,,False,False,0.0,,2pt missed,turnover,,,,101112|201162|202696|202699|203114|203487|203506|203507|2557|2585,201162|203114|203487|203507|2585,101112|202696|202699|203506|2557,,,1610612749.0,21400956,True
4,PT03M46.00S,03:46,Q4 03:46,3.7666666666666666,417,turnover,Dudley Bad Pass Turnover (P2.T23),[],Dudley,88,89,,False,False,201162.0,,rebound,steal,,,,101112|201162|202696|202699|203114|203487|203506|203507|2557|2585,201162|203114|203487|203507|2585,101112|202696|202699|203506|2557,,,1610612749.0,21400956,True
4,PT03M46.00S,03:46,Q4 03:46,3.7666666666666666,417,steal,Oladipo STEAL (3 STL),[],Oladipo,88,89,,False,False,203506.0,,turnover,2pt missed,,203506.0,,101112|201162|202696|202699|203114|203487|203506|203507|2557|2585,101112|202696|202699|203506|2557,201162|203114|203487|203507|2585,,,1610612753.0,21400956,True
4,PT03M26.00S,03:26,Q4 03:26,3.4333333333333336,418,2pt,MISS Oladipo 5' Jump Shot,['pointsinthepaint'],Oladipo,88,89,Missed,True,False,203506.0,,steal,2pt missed,,,,101112|201162|202696|202699|203114|203487|203506|203507|2557|2585,101112|202696|202699|203506|2557,201162|203114|203487|203507|2585,20.0,45.0,1610612753.0,21400956,True
4,PT03M25.00S,03:25,Q4 03:25,3.4166666666666665,419,2pt,MISS Vucevic 1' Tip Shot,['pointsinthepaint'],Vucevic,88,89,Missed,True,False,202696.0,,2pt missed,rebound,,,,101112|201162|202696|202699|203114|203487|203506|203507|2557|2585,101112|202696|202699|203506|2557,201162|203114|203487|203507|2585,-11.0,-3.0,1610612753.0,21400956,True
4,PT03M25.00S,03:25,Q4 03:25,3.4166666666666665,420,rebound,Vucevic REBOUND (Off:6 Def:7),[],Vucevic,88,89,,False,False,202696.0,,2pt missed,rebound,,,,101112|201162|202696|202699|203114|203487|203506|203507|2557|2585,101112|202696|202699|203506|2557,201162|203114|203487|203507|2585,,,1610612753.0,21400956,True
4,PT03M24.00S,03:24,Q4 03:24,3.4,421,rebound,Pachulia REBOUND (Off:3 Def:7),[],Pachulia,88,89,,False,False,2585.0,,rebound,2pt missed,,,,101112|201162|202696|202699|203114|203487|203506|203507|2557|2585,201162|203114|203487|203507|2585,101112|202696|202699|203506|2557,,,1610612749.0,21400956,True
4,PT03M17.00S,03:17,Q4 03:17,3.283333333333333,422,2pt,MISS Carter-Williams 3' Layup,['pointsinthepaint'],Carter-Williams,88,89,Missed,True,False,203487.0,,rebound,rebound,,,,101112|201162|202696|202699|203114|203487|203506|203507|2557|2585,201162|203114|203487|203507|2585,101112|202696|202699|203506|2557,21.0,20.0,1610612749.0,21400956,True
4,PT03M15.00S,03:15,Q4 03:15,3.25,423,rebound,Antetokounmpo REBOUND (Off:1 Def:3),[],Antetokounmpo,88,89,,False,False,203507.0,,2pt missed,3pt made,,,,101112|201162|202696|202699|203114|203487|203506|203507|2557|2585,201162|203114|203487|203507|2585,101112|202696|202699|203506|2557,,,1610612749.0,21400956,True
4,PT03M12.00S,03:12,Q4 03:12,3.2,424,3pt,Middleton 3PT Jump Shot (28 PTS) (Pachulia 4 AST),[],Middleton,91,89,Made,True,True,203114.0,2585.0,rebound,timeout,,,,101112|201162|202696|202699|203114|203487|203506|203507|2557|2585,201162|203114|203487|203507|2585,101112|202696|202699|203506|2557,-234.0,-6.0,1610612749.0,21400956,True
4,PT03M10.00S,03:10,Q4 03:10,3.1666666666666665,425,timeout,Magic Timeout: Regular (Reg.4 Short 0),[],,91,89,,False,False,0.0,,3pt made,substitution,,,,101112|201162|202696|202699|203114|203487|203506|203507|2557|2585,101112|202696|202699|203506|2557,201162|203114|203487|203507|2585,,,1610612753.0,21400956,True
4,PT03M10.00S,03:10,Q4 03:10,3.1666666666666665,428,substitution,SUB out: L. Ridnour,[],Ridnour,91,89,,False,False,2557.0,,timeout,substitution,,,,101112|201162|202696|202699|203114|203487|203506|203507|2585,101112|202696|202699|203506,201162|203114|203487|203507|2585,,,1610612753.0,21400956,False
4,PT03M10.00S,03:10,Q4 03:10,3.1666666666666665,429,substitution,SUB in: E. Payton,[],Payton,91,89,,False,False,203901.0,,substitution,2pt missed,,,,101112|201162|202696|202699|203114|203487|203506|203507|203901|2585,101112|202696|202699|203506|203901,201162|203114|203487|203507|2585,,,1610612753.0,21400956,True
4,PT02M48.00S,02:48,Q4 02:48,2.8,429,2pt,MISS Vucevic 19' Jump Shot,[],Vucevic,91,89,Missed,True,False,202696.0,,substitution,rebound,,,,101112|201162|202696|202699|203114|203487|203506|203507|203901|2585,101112|202696|202699|203506|203901,201162|203114|203487|203507|2585,-64.0,176.0,1610612753.0,21400956,True
4,PT02M46.00S,02:46,Q4 02:46,2.7666666666666666,430,rebound,Antetokounmpo REBOUND (Off:1 Def:4),[],Antetokounmpo,91,89,,False,False,203507.0,,2pt missed,3pt missed,,,,101112|201162|202696|202699|203114|203487|203506|203507|203901|2585,201162|203114|203487|203507|2585,101112|202696|202699|203506|203901,,,1610612749.0,21400956,True
4,PT02M31.00S,02:31,Q4 02:31,2.5166666666666666,431,3pt,MISS Dudley 24' 3PT Jump Shot,[],Dudley,91,89,Missed,True,False,201162.0,,rebound,rebound,,,,101112|201162|202696|202699|203114|203487|203506|203507|203901|2585,201162|203114|203487|203507|2585,101112|202696|202699|203506|203901,237.0,-5.0,1610612749.0,21400956,True
4,PT02M30.00S,02:30,Q4 02:30,2.5,432,rebound,Frye REBOUND (Off:0 Def:4),[],Frye,91,89,,False,False,101112.0,,3pt missed,timeout,,,,101112|201162|202696|202699|203114|203487|203506|203507|203901|2585,101112|202696|202699|203506|203901,201162|203114|203487|203507|2585,,,1610612753.0,21400956,True
4,PT02M23.00S,02:23,Q4 02:23,2.3833333333333333,433,timeout,Magic Timeout: Short (Reg.4 Short 1),[],,91,89,,False,False,0.0,,rebound,2pt made,,,,101112|201162|202696|202699|203114|203487|203506|203507|203901|2585,101112|202696|202699|203506|203901,201162|203114|203487|203507|2585,,,1610612753.0,21400956,True
4,PT02M18.00S,02:18,Q4 02:18,2.3,434,2pt,Harris 1' Driving Layup (17 PTS),['pointsinthepaint'],Harris,91,91,Made,True,False,202699.0,,timeout,2pt missed,,,,101112|201162|202696|202699|203114|203487|203506|203507|203901|2585,101112|202696|202699|203506|203901,201162|203114|203487|203507|2585,-7.0,4.0,1610612753.0,21400956,True
4,PT01M56.00S,01:56,Q4 01:56,1.9333333333333333,435,2pt,MISS Pachulia 5' Jump Shot,['pointsinthepaint'],Pachulia,91,91,Missed,True,False,2585.0,,2pt made,block,,,,101112|201162|202696|202699|203114|203487|203506|203507|203901|2585,201162|203114|203487|203507|2585,101112|202696|202699|203506|203901,-24.0,48.0,1610612749.0,21400956,True
4,PT01M56.00S,01:56,Q4 01:56,1.9333333333333333,435,block,Harris BLOCK (1 BLK),[],Harris,91,91,,False,False,202699.0,,2pt missed,rebound,,,202699.0,101112|201162|202696|202699|203114|203487|203506|203507|203901|2585,101112|202696|202699|203506|203901,201162|203114|203487|203507|2585,,,1610612753.0,21400956,True
4,PT01M54.00S,01:54,Q4 01:54,1.9,437,rebound,TEAM offensive REBOUND,['team'],,91,91,,False,False,0.0,,block,2pt missed,,,,101112|201162|202696|202699|203114|203487|203506|203507|203901|2585,201162|203114|203487|203507|2585,101112|202696|202699|203506|203901,,,1610612749.0,21400956,True
4,PT01M47.00S,01:47,Q4 01:47,1.7833333333333332,438,2pt,MISS Carter-Williams 17' Jump Shot,['2ndchance'],Carter-Williams,91,91,Missed,True,False,203487.0,,rebound,2pt missed,,,,101112|201162|202696|202699|203114|203487|203506|203507|203901|2585,201162|203114|203487|203507|2585,101112|202696|202699|203506|203901,-171.0,7.0,1610612749.0,21400956,True
4,PT01M46.00S,01:46,Q4 01:46,1.7666666666666666,439,2pt,MISS Pachulia 2' Tip Shot,['pointsinthepaint'],Pachulia,91,91,Missed,True,False,2585.0,,2pt missed,rebound,,,,101112|201162|202696|202699|203114|203487|203506|203507|203901|2585,201162|203114|203487|203507|2585,101112|202696|202699|203506|203901,-4.0,15.0,1610612749.0,21400956,True
4,PT01M46.00S,01:46,Q4 01:46,1.7666666666666666,440,rebound,Pachulia REBOUND (Off:4 Def:7),[],Pachulia,91,91,,False,False,2585.0,,2pt missed,rebound,,,,101112|201162|202696|202699|203114|203487|203506|203507|203901|2585,201162|203114|203487|203507|2585,101112|202696|202699|203506|203901,,,1610612749.0,21400956,True
4,PT01M44.00S,01:44,Q4 01:44,1.7333333333333334,441,rebound,Vucevic REBOUND (Off:6 Def:8),[],Vucevic,91,91,,False,False,202696.0,,rebound,3pt missed,,,,101112|201162|202696|202699|203114|203487|203506|203507|203901|2585,101112|202696|202699|203506|203901,201162|203114|203487|203507|2585,,,1610612753.0,21400956,True
4,PT01M31.00S,01:31,Q4 01:31,1.5166666666666666,442,3pt,MISS Oladipo 26' 3PT Jump Shot,[],Oladipo,91,91,Missed,True,False,203506.0,,rebound,rebound,,,,101112|201162|202696|202699|203114|203487|203506|203507|203901|2585,101112|202696|202699|203506|203901,201162|203114|203487|203507|2585,146.0,213.0,1610612753.0,21400956,True
4,PT01M30.00S,01:30,Q4 01:30,1.5,443,rebound,Antetokounmpo REBOUND (Off:1 Def:5),[],Antetokounmpo,91,91,,False,False,203507.0,,3pt missed,foul,,,,101112|201162|202696|202699|203114|203487|203506|203507|203901|2585,201162|203114|203487|203507|2585,101112|202696|202699|203506|203901,,,1610612749.0,21400956,True
4,PT01M19.00S,01:19,Q4 01:19,1.3166666666666667,444,foul,Payton S.FOUL (P2.T3),[],Payton,91,91,,False,False,203901.0,,rebound,instant replay,203487.0,,,101112|201162|202696|202699|203114|203487|203506|203507|203901|2585,101112|202696|202699|203506|203901,201162|203114|203487|203507|2585,,,1610612753.0,21400956,True
4,PT01M19.00S,01:19,Q4 01:19,1.3166666666666667,446,freethrow,Carter-Williams Free Throw 1 of 2 (10 PTS),[],Carter-Williams,92,91,Made,False,False,203487.0,,instant replay,freethrow,,,,101112|201162|202696|202699|203114|203487|203506|203507|203901|2585,201162|203114|203487|203507|2585,101112|202696|202699|203506|203901,,,1610612749.0,21400956,True
4,PT01M19.00S,01:19,Q4 01:19,1.3166666666666667,448,freethrow,Carter-Williams Free Throw 2 of 2 (11 PTS),[],Carter-Williams,93,91,Made,False,False,203487.0,,freethrow,2pt missed,,,,101112|201162|202696|202699|203114|203487|203506|203507|203901|2585,201162|203114|203487|203507|2585,101112|202696|202699|203506|203901,,,1610612749.0,21400956,True
4,PT01M06.00S,01:06,Q4 01:06,1.1,450,2pt,MISS Harris 1' Layup,['pointsinthepaint'],Harris,93,91,Missed,True,False,202699.0,,freethrow,rebound,,,,101112|201162|202696|202699|203114|203487|203506|203507|203901|2585,101112|202696|202699|203506|203901,201162|203114|203487|203507|2585,6.0,9.0,1610612753.0,21400956,True
4,PT01M05.00S,01:05,Q4 01:05,1.0833333333333333,451,rebound,TEAM defensive REBOUND,['team'],,93,91,,False,False,0.0,,2pt missed,2pt missed,,,,101112|201162|202696|202699|203114|203487|203506|203507|203901|2585,201162|203114|203487|203507|2585,101112|202696|202699|203506|203901,,,1610612749.0,21400956,True
4,PT00M43.90S,00:43,Q4 00:43,0.7316666666666667,452,2pt,MISS Middleton 16' Jump Shot,[],Middleton,93,91,Missed,True,False,203114.0,,rebound,rebound,,,,101112|201162|202696|202699|203114|203487|203506|203507|203901|2585,201162|203114|203487|203507|2585,101112|202696|202699|203506|203901,-155.0,15.0,1610612749.0,21400956,True
4,PT00M42.90S,00:42,Q4 00:42,0.715,453,rebound,Pachulia REBOUND (Off:5 Def:7),[],Pachulia,93,91,,False,False,2585.0,,2pt missed,2pt made,,,,101112|201162|202696|202699|203114|203487|203506|203507|203901|2585,201162|203114|203487|203507|2585,101112|202696|202699|203506|203901,,,1610612749.0,21400956,True
4,PT00M19.90S,00:19,Q4 00:19,0.33166666666666667,454,2pt,Antetokounmpo Dunk (11 PTS) (Pachulia 5 AST),['pointsinthepaint'],Antetokounmpo,95,91,Made,True,True,203507.0,2585.0,rebound,timeout,,,,101112|201162|202696|202699|203114|203487|203506|203507|203901|2585,201162|203114|203487|203507|2585,101112|202696|202699|203506|203901,0.0,1.0,1610612749.0,21400956,True
4,PT00M19.90S,00:19,Q4 00:19,0.33166666666666667,455,timeout,Magic Timeout: Regular (Reg.5 Short 1),[],,95,91,,False,False,0.0,,2pt made,3pt missed,,,,101112|201162|202696|202699|203114|203487|203506|203507|203901|2585,101112|202696|202699|203506|203901,201162|203114|203487|203507|2585,,,1610612753.0,21400956,True
4,PT00M16.90S,00:16,Q4 00:16,0.2816666666666666,457,3pt,MISS Harris 24' 3PT Jump Shot,[],Harris,95,91,Missed,True,False,202699.0,,timeout,rebound,,,,101112|201162|202696|202699|203114|203487|203506|203507|203901|2585,101112|202696|202699|203506|203901,201162|203114|203487|203507|2585,-239.0,0.0,1610612753.0,21400956,True
4,PT00M16.20S,00:16,Q4 00:16,0.26999999999999996,458,rebound,Middleton REBOUND (Off:0 Def:3),[],Middleton,95,91,,False,False,203114.0,,3pt missed,foul,,,,101112|201162|202696|202699|203114|203487|203506|203507|203901|2585,201162|203114|203487|203507|2585,101112|202696|202699|203506|203901,,,1610612749.0,21400956,True
4,PT00M16.00S,00:16,Q4 00:16,0.26666666666666666,459,foul,Frye Personal Take Foul (P2.PN),[],Frye,95,91,,False,False,101112.0,,rebound,freethrow,203114.0,,,101112|201162|202696|202699|203114|203487|203506|203507|203901|2585,101112|202696|202699|203506|203901,201162|203114|203487|203507|2585,,,1610612753.0,21400956,True
4,PT00M16.00S,00:16,Q4 00:16,0.26666666666666666,460,freethrow,Middleton Free Throw 1 of 2 (29 PTS),[],Middleton,96,91,Made,False,False,203114.0,,foul,freethrow,,,,101112|201162|202696|202699|203114|203487|203506|203507|203901|2585,201162|203114|203487|203507|2585,101112|202696|202699|203506|203901,,,1610612749.0,21400956,True
4,PT00M16.00S,00:16,Q4 00:16,0.26666666666666666,462,freethrow,Middleton Free Throw 2 of 2 (30 PTS),[],Middleton,97,91,Made,False,False,203114.0,,freethrow,3pt missed,,,,101112|201162|202696|202699|203114|203487|203506|203507|203901|2585,201162|203114|203487|203507|2585,101112|202696|202699|203506|203901,,,1610612749.0,21400956,True
4,PT00M03.90S,00:03,Q4 00:03,0.065,464,3pt,MISS Payton 27' 3PT Jump Shot,[],Payton,97,91,Missed,True,False,203901.0,,freethrow,rebound,,,,101112|201162|202696|202699|203114|203487|203506|203507|203901|2585,101112|202696|202699|203506|203901,201162|203114|203487|203507|2585,-182.0,195.0,1610612753.0,21400956,True
4,PT00M02.90S,00:02,Q4 00:02,0.04833333333333333,465,rebound,Antetokounmpo REBOUND (Off:1 Def:6),[],Antetokounmpo,97,91,,False,False,203507.0,,3pt missed,period,,,,101112|201162|202696|202699|203114|203487|203506|203507|203901|2585,201162|203114|203487|203507|2585,101112|202696|202699|203506|203901,,,1610612749.0,21400956,True
4,PT00M00.00S,00:00,Q4 00:00,0.0,467,period,End of 4th Period (10:19 PM EST),[],,97,91,,False,False,0.0,,rebound,,,,,101112|201162|202696|202699|203114|203487|203506|203507|203901|2585,201162|203114|203487|203507|2585,101112|202696|202699|203506|203901,,,1610612749.0,21400956,True
