period,clock,clock_display,game_clock,minutes_left_in_game,actionNumber,actionType,description,qualifier,playerName,scoreHome,scoreAway,shotResult,isFieldGoal,assisted,person_id,assister_id,previous_action,next_action,foulDrawnPersonId,stealPersonId,blockPersonId,players_on,off_players_on,def_players_on,xLegacy,yLegacy,teamId,game_id,poc_ok
1,PT12M00.00S,12:00,Q1 12:00,48.0,0,period,Start of 1st Period (7:42 PM EST),[],,0,0,,False,False,0.0,,,2pt made,,,,200794|201143|201952|201960|202688|203088|203507|203948|2585|2594,200794|201143|201952|201960|2594,202688|203088|203507|203948|2585,,,1610612737.0,21400434,True
1,PT11M47.00S,11:47,Q1 11:47,47.78333333333333,2,2pt,Millsap 2' Layup (2 PTS) (Teague 1 AST),['pointsinthepaint'],Millsap,2,0,Made,True,True,200794.0,201952.0,period,2pt made,,,,200794|201143|201952|201960|202688|203088|203507|203948|2585|2594,200794|201143|201952|201960|2594,202688|203088|203507|203948|2585,-19.0,-2.0,1610612737.0,21400434,True
1,PT11M25.00S,11:25,Q1 11:25,47.416666666666664,3,2pt,O'Bryant 19' Jump Shot (2 PTS) (Marshall 1 AST),[],O'Bryant III,2,2,Made,True,True,203948.0,203088.0,2pt made,2pt made,,,,200794|201143|201952|201960|202688|203088|203507|203948|2585|2594,202688|203088|203507|203948|2585,200794|201143|201952|201960|2594,89.0,173.0,1610612749.0,21400434,True
1,PT11M16.00S,11:16,Q1 11:16,47.266666666666666,4,2pt,Millsap 1' Layup (4 PTS) (Korver 1 AST),['pointsinthepaint'],Millsap,4,2,Made,True,True,200794.0,2594.0,2pt made,2pt made,,,,200794|201143|201952|201960|202688|203088|203507|203948|2585|2594,200794|201143|201952|201960|2594,202688|203088|203507|203948|2585,-8.0,-2.0,1610612737.0,21400434,True
1,PT11M07.00S,11:07,Q1 11:07,47.11666666666667,5,2pt,Knight 20' Pullup Jump Shot (2 PTS),[],Knight,4,4,Made,True,False,202688.0,,2pt made,2pt made,,,,200794|201143|201952|201960|202688|203088|203507|203948|2585|2594,202688|203088|203507|203948|2585,200794|201143|201952|201960|2594,84.0,179.0,1610612749.0,21400434,True
1,PT10M52.00S,10:52,Q1 10:52,46.86666666666667,6,2pt,Horford 2' Alley Oop Layup (2 PTS) (Korver 2 AST),['pointsinthepaint'],Horford,6,4,Made,True,True,201143.0,2594.0,2pt made,2pt missed,,,,200794|201143|201952|201960|202688|203088|203507|203948|2585|2594,200794|201143|201952|201960|2594,202688|203088|203507|203948|2585,18.0,-2.0,1610612737.0,21400434,True
1,PT10M41.00S,10:41,Q1 10:41,46.68333333333334,7,2pt,MISS Pachulia 20' Jump Shot,[],Pachulia,0,0,Missed,True,False,2585.0,,2pt made,rebound,,,,200794|201143|201952|201960|202688|203088|203507|203948|2585|2594,202688|203088|203507|203948|2585,200794|201143|201952|201960|2594,-125.0,153.0,1610612749.0,21400434,True
1,PT10M38.00S,10:38,Q1 10:38,46.63333333333333,8,rebound,Horford REBOUND (Off:0 Def:1),[],Horford,0,0,,False,False,201143.0,,2pt missed,3pt missed,,,,200794|201143|201952|201960|202688|203088|203507|203948|2585|2594,200794|201143|201952|201960|2594,202688|203088|203507|203948|2585,,,1610612737.0,21400434,True
1,PT10M34.00S,10:34,Q1 10:34,46.56666666666666,9,3pt,MISS Korver  3PT Jump Shot,[],Korver,0,0,Missed,True,False,2594.0,,rebound,rebound,,,,200794|201143|201952|201960|202688|203088|203507|203948|2585|2594,200794|201143|201952|201960|2594,202688|203088|203507|203948|2585,228.0,11.0,1610612737.0,21400434,True
1,PT10M33.00S,10:33,Q1 10:33,46.55,10,rebound,Pachulia REBOUND (Off:0 Def:1),[],Pachulia,0,0,,False,False,2585.0,,3pt missed,2pt made,,,,200794|201143|201952|201960|202688|203088|203507|203948|2585|2594,202688|203088|203507|203948|2585,200794|201143|201952|201960|2594,,,1610612749.0,21400434,True
1,PT10M21.00S,10:21,Q1 10:21,46.35,11,2pt,O'Bryant 19' Jump Shot (4 PTS) (Knight 1 AST),[],O'Bryant III,6,6,Made,True,True,203948.0,202688.0,rebound,2pt made,,,,200794|201143|201952|201960|202688|203088|203507|203948|2585|2594,202688|203088|203507|203948|2585,200794|201143|201952|201960|2594,-117.0,149.0,1610612749.0,21400434,True
1,PT10M07.00S,10:07,Q1 10:07,46.11666666666667,12,2pt,Millsap  Running Dunk (6 PTS) (Horford 1 AST),['pointsinthepaint'],Millsap,8,6,Made,True,True,200794.0,201143.0,2pt made,2pt missed,,,,200794|201143|201952|201960|202688|203088|203507|203948|2585|2594,200794|201143|201952|201960|2594,202688|203088|203507|203948|2585,0.0,1.0,1610612737.0,21400434,True
1,PT09M50.00S,09:50,Q1 09:50,45.833333333333336,13,2pt,MISS Knight 2' Driving Layup,['pointsinthepaint'],Knight,0,0,Missed,True,False,202688.0,,2pt made,rebound,,,,200794|201143|201952|201960|202688|203088|203507|203948|2585|2594,202688|203088|203507|203948|2585,200794|201143|201952|201960|2594,13.0,14.0,1610612749.0,21400434,True
1,PT09M49.00S,09:49,Q1 09:49,45.81666666666666,14,rebound,Pachulia REBOUND (Off:1 Def:1),[],Pachulia,0,0,,False,False,2585.0,,2pt missed,3pt missed,,,,200794|201143|201952|201960|202688|203088|203507|203948|2585|2594,202688|203088|203507|203948|2585,200794|201143|201952|201960|2594,,,1610612749.0,21400434,True
1,PT09M45.00S,09:45,Q1 09:45,45.75,15,3pt,MISS Knight  3PT Jump Shot,[],Knight,0,0,Missed,True,False,202688.0,,rebound,rebound,,,,200794|201143|201952|201960|202688|203088|203507|203948|2585|2594,202688|203088|203507|203948|2585,200794|201143|201952|201960|2594,-229.0,0.0,1610612749.0,21400434,True
1,PT09M44.00S,09:44,Q1 09:44,45.733333333333334,16,rebound,O'Bryant REBOUND (Off:1 Def:0),[],O'Bryant III,0,0,,False,False,203948.0,,3pt missed,2pt made,,,,200794|201143|201952|201960|202688|203088|203507|203948|2585|2594,202688|203088|203507|203948|2585,200794|201143|201952|201960|2594,,,1610612749.0,21400434,True
1,PT09M43.00S,09:43,Q1 09:43,45.71666666666667,17,2pt,O'Bryant 2' Putback Layup (6 PTS),['pointsinthepaint'],O'Bryant III,8,8,Made,True,False,203948.0,,rebound,turnover,,,,200794|201143|201952|201960|202688|203088|203507|203948|2585|2594,202688|203088|203507|203948|2585,200794|201143|201952|201960|2594,20.0,0.0,1610612749.0,21400434,True
1,PT09M39.00S,09:39,Q1 09:39,45.65,18,turnover,Teague Bad Pass Turnover (P1.T1),[],Teague,0,0,,False,False,201952.0,,2pt made,turnover,,,,200794|201143|201952|201960|202688|203088|203507|203948|2585|2594,200794|201143|201952|201960|2594,202688|203088|203507|203948|2585,,,1610612737.0,21400434,True
1,PT09M31.00S,09:31,Q1 09:31,45.516666666666666,19,turnover,Knight Bad Pass Turnover (P1.T1),[],Knight,0,0,,False,False,202688.0,,turnover,steal,,,,200794|201143|201952|201960|202688|203088|203507|203948|2585|2594,202688|203088|203507|203948|2585,200794|201143|201952|201960|2594,,,1610612749.0,21400434,True
1,PT09M31.00S,09:31,Q1 09:31,45.516666666666666,19,steal,Teague STEAL (1 STL),[],Teague,0,0,,False,False,201952.0,,turnover,2pt made,,201952.0,,200794|201143|201952|201960|202688|203088|203507|203948|2585|2594,200794|201143|201952|201960|2594,202688|203088|203507|203948|2585,,,1610612737.0,21400434,True
1,PT09M27.00S,09:27,Q1 09:27,45.45,20,2pt,Teague  Running Dunk (2 PTS),['pointsinthepaint'],Teague,10,8,Made,True,False,201952.0,,steal,2pt missed,,,,200794|201143|201952|201960|202688|203088|203507|203948|2585|2594,200794|201143|201952|201960|2594,202688|203088|203507|203948|2585,0.0,1.0,1610612737.0,21400434,True
1,PT09M06.00S,09:06,Q1 09:06,45.1,22,2pt,MISS O'Bryant 4' Driving Jump Shot,['pointsinthepaint'],O'Bryant III,0,0,Missed,True,False,203948.0,,2pt made,block,,,,200794|201143|201952|201960|202688|203088|203507|203948|2585|2594,202688|203088|203507|203948|2585,200794|201143|201952|201960|2594,-43.0,11.0,1610612749.0,21400434,True
1,PT09M06.00S,09:06,Q1 09:06,45.1,22,block,Horford BLOCK (1 BLK),[],Horford,0,0,,False,False,201143.0,,2pt missed,rebound,,,201143.0,200794|201143|201952|201960|202688|203088|203507|203948|2585|2594,200794|201143|201952|201960|2594,202688|203088|203507|203948|2585,,,1610612737.0,21400434,True
1,PT09M04.00S,09:04,Q1 09:04,45.06666666666666,23,rebound,Millsap REBOUND (Off:0 Def:1),[],Millsap,0,0,,False,False,200794.0,,block,3pt missed,,,,200794|201143|201952|201960|202688|203088|203507|203948|2585|2594,200794|201143|201952|201960|2594,202688|203088|203507|203948|2585,,,1610612737.0,21400434,True
1,PT08M58.00S,08:58,Q1 08:58,44.96666666666667,24,3pt,MISS Korver  3PT Jump Shot,[],Korver,0,0,Missed,True,False,2594.0,,rebound,rebound,,,,200794|201143|201952|201960|202688|203088|203507|203948|2585|2594,200794|201143|201952|201960|2594,202688|203088|203507|203948|2585,-228.0,6.0,1610612737.0,21400434,True
1,PT08M56.00S,08:56,Q1 08:56,44.93333333333334,25,rebound,Pachulia REBOUND (Off:1 Def:2),[],Pachulia,0,0,,False,False,2585.0,,3pt missed,2pt made,,,,200794|201143|201952|201960|202688|203088|203507|203948|2585|2594,202688|203088|203507|203948|2585,200794|201143|201952|201960|2594,,,1610612749.0,21400434,True
1,PT08M47.00S,08:47,Q1 08:47,44.78333333333333,26,2pt,Marshall 1' Driving Layup (2 PTS),['pointsinthepaint'],Marshall,10,10,Made,True,False,203088.0,,rebound,foul,,,,200794|201143|201952|201960|202688|203088|203507|203948|2585|2594,202688|203088|203507|203948|2585,200794|201143|201952|201960|2594,-7.0,-2.0,1610612749.0,21400434,True
1,PT08M34.00S,08:34,Q1 08:34,44.56666666666666,28,foul,Antetokounmpo S.FOUL (P1.T1),[],Antetokounmpo,0,0,,False,False,203507.0,,2pt made,freethrow,201143.0,,,200794|201143|201952|201960|202688|203088|203507|203948|2585|2594,202688|203088|203507|203948|2585,200794|201143|201952|201960|2594,,,1610612749.0,21400434,True
1,PT08M34.00S,08:34,Q1 08:34,44.56666666666666,29,freethrow,Horford Free Throw 1 of 2 (3 PTS),[],Horford,11,10,Made,False,False,201143.0,,foul,freethrow,,,,200794|201143|201952|201960|202688|203088|203507|203948|2585|2594,200794|201143|201952|201960|2594,202688|203088|203507|203948|2585,,,1610612737.0,21400434,True
1,PT08M34.00S,08:34,Q1 08:34,44.56666666666666,31,freethrow,Horford Free Throw 2 of 2 (4 PTS),[],Horford,12,10,Made,False,False,201143.0,,freethrow,2pt missed,,,,200794|201143|201952|201960|202688|203088|203507|203948|2585|2594,200794|201143|201952|201960|2594,202688|203088|203507|203948|2585,,,1610612737.0,21400434,True
1,PT08M21.00S,08:21,Q1 08:21,44.35,33,2pt,MISS Antetokounmpo 20' Jump Shot,[],Antetokounmpo,0,0,Missed,True,False,203507.0,,freethrow,rebound,,,,200794|201143|201952|201960|202688|203088|203507|203948|2585|2594,202688|203088|203507|203948|2585,200794|201143|201952|201960|2594,-194.0,36.0,1610612749.0,21400434,True
1,PT08M20.00S,08:20,Q1 08:20,44.333333333333336,34,rebound,Millsap REBOUND (Off:0 Def:2),[],Millsap,0,0,,False,False,200794.0,,2pt missed,turnover,,,,200794|201143|201952|201960|202688|203088|203507|203948|2585|2594,200794|201143|201952|201960|2594,202688|203088|203507|203948|2585,,,1610612737.0,21400434,True
1,PT08M13.00S,08:13,Q1 08:13,44.21666666666667,35,turnover,Teague Bad Pass Turnover (P2.T2),[],Teague,0,0,,False,False,201952.0,,rebound,steal,,,,200794|201143|201952|201960|202688|203088|203507|203948|2585|2594,200794|201143|201952|201960|2594,202688|203088|203507|203948|2585,,,1610612737.0,21400434,True
1,PT08M13.00S,08:13,Q1 08:13,44.21666666666667,35,steal,Pachulia STEAL (1 STL),[],Pachulia,0,0,,False,False,2585.0,,turnover,turnover,,2585.0,,200794|201143|201952|201960|202688|203088|203507|203948|2585|2594,202688|203088|203507|203948|2585,200794|201143|201952|201960|2594,,,1610612749.0,21400434,True
1,PT08M09.00S,08:09,Q1 08:09,44.15,36,turnover,Antetokounmpo Traveling Turnover (P1.T2),[],Antetokounmpo,0,0,,False,False,203507.0,,steal,foul,,,,200794|201143|201952|201960|202688|203088|203507|203948|2585|2594,202688|203088|203507|203948|2585,200794|201143|201952|201960|2594,,,1610612749.0,21400434,True
1,PT07M51.00S,07:51,Q1 07:51,43.85,37,foul,Pachulia P.FOUL (P1.T2),[],Pachulia,0,0,,False,False,2585.0,,turnover,3pt made,2594.0,,,200794|201143|201952|201960|202688|203088|203507|203948|2585|2594,202688|203088|203507|203948|2585,200794|201143|201952|201960|2594,,,1610612749.0,21400434,True
1,PT07M43.00S,07:43,Q1 07:43,43.71666666666667,38,3pt,Korver 25' 3PT Jump Shot (3 PTS) (Teague 2 AST),[],Korver,15,10,Made,True,True,2594.0,201952.0,foul,2pt made,,,,200794|201143|201952|201960|202688|203088|203507|203948|2585|2594,200794|201143|201952|201960|2594,202688|203088|203507|203948|2585,-142.0,205.0,1610612737.0,21400434,True
1,PT07M24.00S,07:24,Q1 07:24,43.4,40,2pt,O'Bryant 20' Jump Shot (8 PTS) (Pachulia 1 AST),[],O'Bryant III,15,12,Made,True,True,203948.0,2585.0,3pt made,3pt missed,,,,200794|201143|201952|201960|202688|203088|203507|203948|2585|2594,202688|203088|203507|203948|2585,200794|201143|201952|201960|2594,138.0,145.0,1610612749.0,21400434,True
1,PT07M07.00S,07:07,Q1 07:07,43.11666666666667,41,3pt,MISS Carroll 25' 3PT Jump Shot,[],Carroll,0,0,Missed,True,False,201960.0,,2pt made,rebound,,,,200794|201143|201952|201960|202688|203088|203507|203948|2585|2594,200794|201143|201952|201960|2594,202688|203088|203507|203948|2585,152.0,197.0,1610612737.0,21400434,True
1,PT07M05.00S,07:05,Q1 07:05,43.083333333333336,42,rebound,O'Bryant REBOUND (Off:1 Def:1),[],O'Bryant III,0,0,,False,False,203948.0,,3pt missed,turnover,,,,200794|201143|201952|201960|202688|203088|203507|203948|2585|2594,202688|203088|203507|203948|2585,200794|201143|201952|201960|2594,,,1610612749.0,21400434,True
1,PT06M50.00S,06:50,Q1 06:50,42.833333333333336,44,turnover,Antetokounmpo Bad Pass Turnover (P2.T3),[],Antetokounmpo,0,0,,False,False,203507.0,,rebound,steal,,,,200794|201143|201952|201960|202688|203088|203507|203948|2585|2594,202688|203088|203507|203948|2585,200794|201143|201952|201960|2594,,,1610612749.0,21400434,True
1,PT06M50.00S,06:50,Q1 06:50,42.833333333333336,44,steal,Carroll STEAL (1 STL),[],Carroll,0,0,,False,False,201960.0,,turnover,turnover,,201960.0,,200794|201143|201952|201960|202688|203088|203507|203948|2585|2594,200794|201143|201952|201960|2594,202688|203088|203507|203948|2585,,,1610612737.0,21400434,True
1,PT06M37.00S,06:37,Q1 06:37,42.61666666666667,45,turnover,Millsap Traveling Turnover (P1.T3),[],Millsap,0,0,,False,False,200794.0,,steal,3pt missed,,,,200794|201143|201952|201960|202688|203088|203507|203948|2585|2594,200794|201143|201952|201960|2594,202688|203088|203507|203948|2585,,,1610612737.0,21400434,True
1,PT06M25.00S,06:25,Q1 06:25,42.416666666666664,46,3pt,MISS Marshall 26' 3PT Jump Shot,[],Marshall,0,0,Missed,True,False,203088.0,,turnover,rebound,,,,200794|201143|201952|201960|202688|203088|203507|203948|2585|2594,202688|203088|203507|203948|2585,200794|201143|201952|201960|2594,196.0,164.0,1610612749.0,21400434,True
1,PT06M24.00S,06:24,Q1 06:24,42.4,47,rebound,Millsap REBOUND (Off:0 Def:3),[],Millsap,0,0,,False,False,200794.0,,3pt missed,2pt missed,,,,200794|201143|201952|201960|202688|203088|203507|203948|2585|2594,200794|201143|201952|201960|2594,202688|203088|203507|203948|2585,,,1610612737.0,21400434,True
1,PT06M09.00S,06:09,Q1 06:09,42.15,48,2pt,MISS Horford 19' Jump Shot,[],Horford,0,0,Missed,True,False,201143.0,,rebound,rebound,,,,200794|201143|201952|201960|202688|203088|203507|203948|2585|2594,200794|201143|201952|201960|2594,202688|203088|203507|203948|2585,-54.0,178.0,1610612737.0,21400434,True
1,PT06M08.00S,06:08,Q1 06:08,42.13333333333333,49,rebound,Knight REBOUND (Off:0 Def:1),[],Knight,0,0,,False,False,202688.0,,2pt missed,2pt missed,,,,200794|201143|201952|201960|202688|203088|203507|203948|2585|2594,202688|203088|203507|203948|2585,200794|201143|201952|201960|2594,,,1610612749.0,21400434,True
1,PT05M57.00S,05:57,Q1 05:57,41.95,50,2pt,MISS Pachulia 4' Turnaround Jump Shot,['pointsinthepaint'],Pachulia,0,0,Missed,True,False,2585.0,,rebound,rebound,,,,200794|201143|201952|201960|202688|203088|203507|203948|2585|2594,202688|203088|203507|203948|2585,200794|201143|201952|201960|2594,-40.0,3.0,1610612749.0,21400434,True
1,PT05M56.00S,05:56,Q1 05:56,41.93333333333334,51,rebound,Millsap REBOUND (Off:0 Def:4),[],Millsap,0,0,,False,False,200794.0,,2pt missed,foul,,,,200794|201143|201952|201960|202688|203088|203507|203948|2585|2594,200794|201143|201952|201960|2594,202688|203088|203507|203948|2585,,,1610612737.0,21400434,True
1,PT05M53.00S,05:53,Q1 05:53,41.88333333333333,52,foul,Marshall S.FOUL (P1.T3),[],Marshall,0,0,,False,False,203088.0,,rebound,timeout,200794.0,,,200794|201143|201952|201960|202688|203088|203507|203948|2585|2594,202688|203088|203507|203948|2585,200794|201143|201952|201960|2594,,,1610612749.0,21400434,True
1,PT05M53.00S,05:53,Q1 05:53,41.88333333333333,53,timeout,HAWKS Timeout: Regular (Full 1 Short 0),[],,0,0,,False,False,0.0,,foul,freethrow,,,,200794|201143|201952|201960|202688|203088|203507|203948|2585|2594,200794|201143|201952|201960|2594,202688|203088|203507|203948|2585,,,1610612737.0,21400434,True
1,PT05M53.00S,05:53,Q1 05:53,41.88333333333333,57,freethrow,MISS Millsap Free Throw 1 of 2,[],Millsap,0,0,Missed,False,False,200794.0,,timeout,rebound,,,,200794|201143|201952|201960|202688|203088|203507|203948|2585|2594,200794|201143|201952|201960|2594,202688|203088|203507|203948|2585,,,1610612737.0,21400434,True
1,PT05M53.00S,05:53,Q1 05:53,41.88333333333333,58,rebound,TEAM offensive REBOUND,['team'],,0,0,,False,False,0.0,,freethrow,freethrow,,,,200794|201143|201952|201960|202688|203088|203507|203948|2585|2594,200794|201143|201952|201960|2594,202688|203088|203507|203948|2585,,,1610612737.0,21400434,True
1,PT05M53.00S,05:53,Q1 05:53,41.88333333333333,59,freethrow,Millsap Free Throw 2 of 2 (7 PTS),['2ndchance'],Millsap,16,12,Made,False,False,200794.0,,rebound,substitution,,,,200794|201143|201952|201960|202688|203088|203507|203948|2585|2594,200794|201143|201952|201960|2594,202688|203088|203507|203948|2585,,,1610612737.0,21400434,True
1,PT05M53.00S,05:53,Q1 05:53,41.88333333333333,54,substitution,SUB out: K. Korver,[],Korver,0,0,,False,False,2594.0,,freethrow,substitution,,,,200794|201143|201952|201960|202688|203088|203507|203948|2585,200794|201143|201952|201960,202688|203088|203507|203948|2585,,,1610612737.0,21400434,False
1,PT05M53.00S,05:53,Q1 05:53,41.88333333333333,55,substitution,SUB out: A. Horford,[],Horford,0,0,,False,False,201143.0,,substitution,substitution,,,,200794|201952|201960|202688|203088|203507|203948|2585,200794|201952|201960,202688|203088|203507|203948|2585,,,1610612737.0,21400434,False
1,PT05M53.00S,05:53,Q1 05:53,41.88333333333333,56,substitution,SUB in: T. Sefolosha,[],Sefolosha,0,0,,False,False,200757.0,,substitution,substitution,,,,200757|200794|201952|201960|202688|203088|203507|203948|2585,200757|200794|201952|201960,202688|203088|203507|203948|2585,,,1610612737.0,21400434,False
1,PT05M53.00S,05:53,Q1 05:53,41.88333333333333,57,substitution,SUB in: A. Payne,[],Payne,0,0,,False,False,203940.0,,substitution,2pt made,,,,200757|200794|201952|201960|202688|203088|203507|203940|203948|2585,200757|200794|201952|201960|203940,202688|203088|203507|203948|2585,,,1610612737.0,21400434,True
1,PT05M41.00S,05:41,Q1 05:41,41.68333333333334,61,2pt,Antetokounmpo  Driving Dunk (2 PTS) (Marshall 2 AST),['pointsinthepaint'],Antetokounmpo,16,14,Made,True,True,203507.0,203088.0,substitution,3pt missed,,,,200757|200794|201952|201960|202688|203088|203507|203940|203948|2585,202688|203088|203507|203948|2585,200757|200794|201952|201960|203940,0.0,1.0,1610612749.0,21400434,True
1,PT05M22.00S,05:22,Q1 05:22,41.36666666666667,62,3pt,MISS Teague 25' 3PT Jump Shot,[],Teague,0,0,Missed,True,False,201952.0,,2pt made,rebound,,,,200757|200794|201952|201960|202688|203088|203507|203940|203948|2585,200757|200794|201952|201960|203940,202688|203088|203507|203948|2585,118.0,224.0,1610612737.0,21400434,True
1,PT05M21.00S,05:21,Q1 05:21,41.35,63,rebound,Millsap REBOUND (Off:1 Def:4),[],Millsap,0,0,,False,False,200794.0,,3pt missed,2pt made,,,,200757|200794|201952|201960|202688|203088|203507|203940|203948|2585,200757|200794|201952|201960|203940,202688|203088|203507|203948|2585,,,1610612737.0,21400434,True
1,PT05M18.00S,05:18,Q1 05:18,41.3,64,2pt,Millsap  Putback Layup (9 PTS),['pointsinthepaint'],Millsap,18,14,Made,True,False,200794.0,,rebound,foul,,,,200757|200794|201952|201960|202688|203088|203507|203940|203948|2585,200757|200794|201952|201960|203940,202688|203088|203507|203948|2585,-2.0,1.0,1610612737.0,21400434,True
1,PT04M57.00S,04:57,Q1 04:57,40.95,66,foul,Carroll S.FOUL (P1.T1),[],Carroll,0,0,,False,False,201960.0,,2pt made,freethrow,203507.0,,,200757|200794|201952|201960|202688|203088|203507|203940|203948|2585,200757|200794|201952|201960|203940,202688|203088|203507|203948|2585,,,1610612737.0,21400434,True
1,PT04M57.00S,04:57,Q1 04:57,40.95,67,freethrow,MISS Antetokounmpo Free Throw 1 of 2,[],Antetokounmpo,0,0,Missed,False,False,203507.0,,foul,rebound,,,,200757|200794|201952|201960|202688|203088|203507|203940|203948|2585,202688|203088|203507|203948|2585,200757|200794|201952|201960|203940,,,1610612749.0,21400434,True
1,PT04M57.00S,04:57,Q1 04:57,40.95,68,rebound,TEAM offensive REBOUND,['team'],,0,0,,False,False,0.0,,freethrow,freethrow,,,,200757|200794|201952|201960|202688|203088|203507|203940|203948|2585,202688|203088|203507|203948|2585,200757|200794|201952|201960|203940,,,1610612749.0,21400434,True
1,PT04M57.00S,04:57,Q1 04:57,40.95,70,freethrow,Antetokounmpo Free Throw 2 of 2 (3 PTS),[],Antetokounmpo,18,15,Made,False,False,203507.0,,rebound,substitution,,,,200757|200794|201952|201960|202688|203088|203507|203940|203948|2585,202688|203088|203507|203948|2585,200757|200794|201952|201960|203940,,,1610612749.0,21400434,True
1,PT04M57.00S,04:57,Q1 04:57,40.95,69,substitution,SUB out: J. O'Bryant III,[],O'Bryant III,0,0,,False,False,203948.0,,freethrow,substitution,,,,200757|200794|201952|201960|202688|203088|203507|203940|2585,202688|203088|203507|2585,200757|200794|201952|201960|203940,,,1610612749.0,21400434,False
1,PT04M57.00S,04:57,Q1 04:57,40.95,70,substitution,SUB in: J. Dudley,[],Dudley,0,0,,False,False,201162.0,,substitution,turnover,,,,200757|200794|201162|201952|201960|202688|203088|203507|203940|2585,201162|202688|203088|203507|2585,200757|200794|201952|201960|203940,,,1610612749.0,21400434,True
1,PT04M42.00S,04:42,Q1 04:42,40.7,72,turnover,Carroll Bad Pass Turnover (P1.T4),[],Carroll,0,0,,False,False,201960.0,,substitution,steal,,,,200757|200794|201162|201952|201960|202688|203088|203507|203940|2585,200757|200794|201952|201960|203940,201162|202688|203088|203507|2585,,,1610612737.0,21400434,True
1,PT04M42.00S,04:42,Q1 04:42,40.7,72,steal,Marshall STEAL (1 STL),[],Marshall,0,0,,False,False,203088.0,,turnover,3pt made,,203088.0,,200757|200794|201162|201952|201960|202688|203088|203507|203940|2585,201162|202688|203088|203507|2585,200757|200794|201952|201960|203940,,,1610612749.0,21400434,True
1,PT04M26.00S,04:26,Q1 04:26,40.43333333333334,73,3pt,Dudley 25' 3PT Jump Shot (3 PTS) (Marshall 3 AST),[],Dudley,18,18,Made,True,True,201162.0,203088.0,steal,2pt missed,,,,200757|200794|201162|201952|201960|202688|203088|203507|203940|2585,201162|202688|203088|203507|2585,200757|200794|201952|201960|203940,170.0,181.0,1610612749.0,21400434,True
1,PT04M05.00S,04:05,Q1 04:05,40.083333333333336,74,2pt,MISS Payne 2' Driving Layup,['pointsinthepaint'],Payne,0,0,Missed,True,False,203940.0,,3pt made,rebound,,,,200757|200794|201162|201952|201960|202688|203088|203507|203940|2585,200757|200794|201952|201960|203940,201162|202688|203088|203507|2585,21.0,6.0,1610612737.0,21400434,True
1,PT04M03.00S,04:03,Q1 04:03,40.05,75,rebound,Antetokounmpo REBOUND (Off:0 Def:1),[],Antetokounmpo,0,0,,False,False,203507.0,,2pt missed,foul,,,,200757|200794|201162|201952|201960|202688|203088|203507|203940|2585,201162|202688|203088|203507|2585,200757|200794|201952|201960|203940,,,1610612749.0,21400434,True
1,PT03M53.00S,03:53,Q1 03:53,39.88333333333333,76,foul,Teague P.FOUL (P1.T2),[],Teague,0,0,,False,False,201952.0,,rebound,substitution,203507.0,,,200757|200794|201162|201952|201960|202688|203088|203507|203940|2585,200757|200794|201952|201960|203940,201162|202688|203088|203507|2585,,,1610612737.0,21400434,True
1,PT03M53.00S,03:53,Q1 03:53,39.88333333333333,77,substitution,SUB out: Z. Pachulia,[],Pachulia,0,0,,False,False,2585.0,,foul,substitution,,,,200757|200794|201162|201952|201960|202688|203088|203507|203940,201162|202688|203088|203507,200757|200794|201952|201960|203940,,,1610612749.0,21400434,False
1,PT03M53.00S,03:53,Q1 03:53,39.88333333333333,78,substitution,SUB in: J. Henson,[],Henson,0,0,,False,False,203089.0,,substitution,2pt missed,,,,200757|200794|201162|201952|201960|202688|203088|203089|203507|203940,201162|202688|203088|203089|203507,200757|200794|201952|201960|203940,,,1610612749.0,21400434,True
1,PT03M42.00S,03:42,Q1 03:42,39.7,78,2pt,MISS Antetokounmpo 4' Jump Shot,['pointsinthepaint'],Antetokounmpo,0,0,Missed,True,False,203507.0,,substitution,block,,,,200757|200794|201162|201952|201960|202688|203088|203089|203507|203940,201162|202688|203088|203089|203507,200757|200794|201952|201960|203940,37.0,20.0,1610612749.0,21400434,True
1,PT03M42.00S,03:42,Q1 03:42,39.7,78,block,Millsap BLOCK (1 BLK),[],Millsap,0,0,,False,False,200794.0,,2pt missed,rebound,,,200794.0,200757|200794|201162|201952|201960|202688|203088|203089|203507|203940,200757|200794|201952|201960|203940,201162|202688|203088|203089|203507,,,1610612737.0,21400434,True
1,PT03M39.00S,03:39,Q1 03:39,39.65,79,rebound,Carroll REBOUND (Off:0 Def:1),[],Carroll,0,0,,False,False,201960.0,,block,3pt missed,,,,200757|200794|201162|201952|201960|202688|203088|203089|203507|203940,200757|200794|201952|201960|203940,201162|202688|203088|203089|203507,,,1610612737.0,21400434,True
1,PT03M20.00S,03:20,Q1 03:20,39.333333333333336,80,3pt,MISS Carroll 24' 3PT Jump Shot,[],Carroll,0,0,Missed,True,False,201960.0,,rebound,rebound,,,,200757|200794|201162|201952|201960|202688|203088|203089|203507|203940,200757|200794|201952|201960|203940,201162|202688|203088|203089|203507,236.0,3.0,1610612737.0,21400434,True
1,PT03M18.00S,03:18,Q1 03:18,39.3,81,rebound,Payne REBOUND (Off:1 Def:0),[],Payne,0,0,,False,False,203940.0,,3pt missed,3pt missed,,,,200757|200794|201162|201952|201960|202688|203088|203089|203507|203940,200757|200794|201952|201960|203940,201162|202688|203088|203089|203507,,,1610612737.0,21400434,True
1,PT03M15.00S,03:15,Q1 03:15,39.25,82,3pt,MISS Carroll 25' 3PT Jump Shot,[],Carroll,0,0,Missed,True,False,201960.0,,rebound,rebound,,,,200757|200794|201162|201952|201960|202688|203088|203089|203507|203940,200757|200794|201952|201960|203940,201162|202688|203088|203089|203507,212.0,137.0,1610612737.0,21400434,True
1,PT03M13.00S,03:13,Q1 03:13,39.21666666666667,83,rebound,Knight REBOUND (Off:0 Def:2),[],Knight,0,0,,False,False,202688.0,,3pt missed,foul,,,,200757|200794|201162|201952|201960|202688|203088|203089|203507|203940,201162|202688|203088|203089|203507,200757|200794|201952|201960|203940,,,1610612749.0,21400434,True
1,PT03M04.00S,03:04,Q1 03:04,39.06666666666667,84,foul,Sefolosha P.FOUL (P1.T3),[],Sefolosha,0,0,,False,False,200757.0,,rebound,substitution,201162.0,,,200757|200794|201162|201952|201960|202688|203088|203089|203507|203940,200757|200794|201952|201960|203940,201162|202688|203088|203089|203507,,,1610612737.0,21400434,True
1,PT03M04.00S,03:04,Q1 03:04,39.06666666666667,85,substitution,SUB out: J. Teague,[],Teague,0,0,,False,False,201952.0,,foul,substitution,,,,200757|200794|201162|201960|202688|203088|203089|203507|203940,200757|200794|201960|203940,201162|202688|203088|203089|203507,,,1610612737.0,21400434,False
1,PT03M04.00S,03:04,Q1 03:04,39.06666666666667,86,substitution,SUB out: B. Knight,[],Knight,0,0,,False,False,202688.0,,substitution,substitution,,,,200757|200794|201162|201960|203088|203089|203507|203940,201162|203088|203089|203507,200757|200794|201960|203940,,,1610612749.0,21400434,False
1,PT03M04.00S,03:04,Q1 03:04,39.06666666666667,87,substitution,SUB in: D. Schroder,[],Schroder,0,0,,False,False,203471.0,,substitution,substitution,,,,200757|200794|201162|201960|203088|203089|203471|203507|203940,200757|200794|201960|203471|203940,201162|203088|203089|203507,,,1610612737.0,21400434,False
1,PT03M04.00S,03:04,Q1 03:04,39.06666666666667,88,substitution,SUB in: J. Bayless,[],Bayless,0,0,,False,False,201573.0,,substitution,3pt made,,,,200757|200794|201162|201573|201960|203088|203089|203471|203507|203940,201162|201573|203088|203089|203507,200757|200794|201960|203471|203940,,,1610612749.0,21400434,True
1,PT02M51.00S,02:51,Q1 02:51,38.85,88,3pt,Dudley 25' 3PT Jump Shot (6 PTS) (Antetokounmpo 1 AST),[],Dudley,18,21,Made,True,True,201162.0,203507.0,substitution,3pt missed,,,,200757|200794|201162|201573|201960|203088|203089|203471|203507|203940,201162|201573|203088|203089|203507,200757|200794|201960|203471|203940,-138.0,208.0,1610612749.0,21400434,True
1,PT02M27.00S,02:27,Q1 02:27,38.45,89,3pt,MISS Schroder 25' 3PT Jump Shot,[],Schroder,0,0,Missed,True,False,203471.0,,3pt made,rebound,,,,200757|200794|201162|201573|201960|203088|203089|203471|203507|203940,200757|200794|201960|203471|203940,201162|201573|203088|203089|203507,200.0,145.0,1610612737.0,21400434,True
1,PT02M26.00S,02:26,Q1 02:26,38.43333333333334,90,rebound,Henson REBOUND (Off:0 Def:1),[],Henson,0,0,,False,False,203089.0,,3pt missed,foul,,,,200757|200794|201162|201573|201960|203088|203089|203471|203507|203940,201162|201573|203088|203089|203507,200757|200794|201960|203471|203940,,,1610612749.0,21400434,True
1,PT02M17.00S,02:17,Q1 02:17,38.28333333333333,91,foul,Schroder P.FOUL (P1.T4),[],Schroder,0,0,,False,False,203471.0,,rebound,timeout,203507.0,,,200757|200794|201162|201573|201960|203088|203089|203471|203507|203940,200757|200794|201960|203471|203940,201162|201573|203088|203089|203507,,,1610612737.0,21400434,True
1,PT02M17.00S,02:17,Q1 02:17,38.28333333333333,92,timeout,Bucks Timeout: Regular (Reg.1 Short 0),[],,0,0,,False,False,0.0,,foul,substitution,,,,200757|200794|201162|201573|201960|203088|203089|203471|203507|203940,201162|201573|203088|203089|203507,200757|200794|201960|203471|203940,,,1610612749.0,21400434,True
1,PT02M17.00S,02:17,Q1 02:17,38.28333333333333,94,substitution,SUB out: D. Carroll,[],Carroll,0,0,,False,False,201960.0,,timeout,substitution,,,,200757|200794|201162|201573|203088|203089|203471|203507|203940,200757|200794|203471|203940,201162|201573|203088|203089|203507,,,1610612737.0,21400434,False
1,PT02M17.00S,02:17,Q1 02:17,38.28333333333333,95,substitution,SUB out: A. Payne,[],Payne,0,0,,False,False,203940.0,,substitution,substitution,,,,200757|200794|201162|201573|203088|203089|203471|203507,200757|200794|203471,201162|201573|203088|203089|203507,,,1610612737.0,21400434,False
1,PT02M17.00S,02:17,Q1 02:17,38.28333333333333,96,substitution,SUB in: A. Horford,[],Horford,0,0,,False,False,201143.0,,substitution,substitution,,,,200757|200794|201143|201162|201573|203088|203089|203471|203507,200757|200794|201143|203471,201162|201573|203088|203089|203507,,,1610612737.0,21400434,False
1,PT02M17.00S,02:17,Q1 02:17,38.28333333333333,97,substitution,SUB in: K. Korver,[],Korver,0,0,,False,False,2594.0,,substitution,2pt missed,,,,200757|200794|201143|201162|201573|203088|203089|203471|203507|2594,200757|200794|201143|203471|2594,201162|201573|203088|203089|203507,,,1610612737.0,21400434,True
1,PT02M09.00S,02:09,Q1 02:09,38.15,97,2pt,MISS Antetokounmpo 22' Jump Shot,[],Antetokounmpo,0,0,Missed,True,False,203507.0,,substitution,rebound,,,,200757|200794|201143|201162|201573|203088|203089|203471|203507|2594,201162|201573|203088|203089|203507,200757|200794|201143|203471|2594,-57.0,208.0,1610612749.0,21400434,True
1,PT02M07.00S,02:07,Q1 02:07,38.11666666666667,98,rebound,Schroder REBOUND (Off:0 Def:1),[],Schroder,0,0,,False,False,203471.0,,2pt missed,2pt missed,,,,200757|200794|201143|201162|201573|203088|203089|203471|203507|2594,200757|200794|201143|203471|2594,201162|201573|203088|203089|203507,,,1610612737.0,21400434,True
1,PT01M49.00S,01:49,Q1 01:49,37.81666666666667,99,2pt,MISS Horford 21' Jump Shot,[],Horford,0,0,Missed,True,False,201143.0,,rebound,rebound,,,,200757|200794|201143|201162|201573|203088|203089|203471|203507|2594,200757|200794|201143|203471|2594,201162|201573|203088|203089|203507,-138.0,154.0,1610612737.0,21400434,True
1,PT01M47.00S,01:47,Q1 01:47,37.78333333333333,100,rebound,Bayless REBOUND (Off:0 Def:1),[],Bayless,0,0,,False,False,201573.0,,2pt missed,turnover,,,,200757|200794|201143|201162|201573|203088|203089|203471|203507|2594,201162|201573|203088|203089|203507,200757|200794|201143|203471|2594,,,1610612749.0,21400434,True
1,PT01M35.00S,01:35,Q1 01:35,37.583333333333336,101,turnover,Dudley Bad Pass Turnover (P1.T4),[],Dudley,0,0,,False,False,201162.0,,rebound,steal,,,,200757|200794|201143|201162|201573|203088|203089|203471|203507|2594,201162|201573|203088|203089|203507,200757|200794|201143|203471|2594,,,1610612749.0,21400434,True
1,PT01M35.00S,01:35,Q1 01:35,37.583333333333336,101,steal,Millsap STEAL (1 STL),[],Millsap,0,0,,False,False,200794.0,,turnover,2pt made,,200794.0,,200757|200794|201143|201162|201573|203088|203089|203471|203507|2594,200757|200794|201143|203471|2594,201162|201573|203088|203089|203507,,,1610612737.0,21400434,True
1,PT01M21.00S,01:21,Q1 01:21,37.35,102,2pt,Sefolosha 2' Layup (2 PTS) (Horford 2 AST),['pointsinthepaint'],Sefolosha,20,21,Made,True,True,200757.0,201143.0,steal,2pt missed,,,,200757|200794|201143|201162|201573|203088|203089|203471|203507|2594,200757|200794|201143|203471|2594,201162|201573|203088|203089|203507,-19.0,0.0,1610612737.0,21400434,True
1,PT01M00.00S,01:00,Q1 01:00,37.0,103,2pt,MISS Marshall 19' Jump Shot,[],Marshall,0,0,Missed,True,False,203088.0,,2pt made,rebound,,,,200757|200794|201143|201162|201573|203088|203089|203471|203507|2594,201162|201573|203088|203089|203507,200757|200794|201143|203471|2594,-122.0,145.0,1610612749.0,21400434,True
1,PT00M58.90S,00:58,Q1 00:58,36.98166666666667,104,rebound,Sefolosha REBOUND (Off:0 Def:1),[],Sefolosha,0,0,,False,False,200757.0,,2pt missed,2pt made,,,,200757|200794|201143|201162|201573|203088|203089|203471|203507|2594,200757|200794|201143|203471|2594,201162|201573|203088|203089|203507,,,1610612737.0,21400434,True
1,PT00M44.90S,00:44,Q1 00:44,36.748333333333335,105,2pt,Schroder 2' Driving Layup (2 PTS) (Millsap 1 AST),['pointsinthepaint'],Schroder,22,21,Made,True,True,203471.0,200794.0,rebound,3pt made,,,,200757|200794|201143|201162|201573|203088|203089|203471|203507|2594,200757|200794|201143|203471|2594,201162|201573|203088|203089|203507,-21.0,6.0,1610612737.0,21400434,True
1,PT00M24.70S,00:24,Q1 00:24,36.41166666666667,106,3pt,Bayless 24' 3PT Pullup Jump Shot (3 PTS) (Dudley 1 AST),[],Bayless,22,24,Made,True,True,201573.0,201162.0,2pt made,turnover,,,,200757|200794|201143|201162|201573|203088|203089|203471|203507|2594,201162|201573|203088|203089|203507,200757|200794|201143|203471|2594,-224.0,83.0,1610612749.0,21400434,True
1,PT00M03.90S,00:03,Q1 00:03,36.065,107,turnover,Schroder Bad Pass Turnover (P1.T5),[],Schroder,0,0,,False,False,203471.0,,3pt made,steal,,,,200757|200794|201143|201162|201573|203088|203089|203471|203507|2594,200757|200794|201143|203471|2594,201162|201573|203088|203089|203507,,,1610612737.0,21400434,True
1,PT00M03.90S,00:03,Q1 00:03,36.065,107,steal,Marshall STEAL (2 STL),[],Marshall,0,0,,False,False,203088.0,,turnover,period,,203088.0,,200757|200794|201143|201162|201573|203088|203089|203471|203507|2594,201162|201573|203088|203089|203507,200757|200794|201143|203471|2594,,,1610612749.0,21400434,True
1,PT00M00.00S,00:00,Q1 00:00,36.0,108,period,End of 1st Period (8:04 PM EST),[],,22,24,,False,False,0.0,,steal,period,,,,200757|200794|201143|201162|201573|203088|203089|203471|203507|2594,200757|200794|201143|203471|2594,201162|201573|203088|203089|203507,,,1610612737.0,21400434,True
2,PT12M00.00S,12:00,Q2 12:00,36.0,110,period,Start of 2nd Period (8:06 PM EST),[],,22,24,,False,False,0.0,,period,substitution,,,,200757|200794|201143|201162|201573|203088|203089|203471|203507|2594,200757|200794|201143|203471|2594,201162|201573|203088|203089|203507,,,1610612737.0,21400434,True
2,PT11M46.00S,11:46,Q2 11:46,35.766666666666666,111,foul,HAWKS T.Foul (Def. 3 Sec Horford ),[],Horford,0,0,,False,False,201143.0,,substitution,freethrow,201573.0,,,200757|201143|201162|201564|201573|203089|203114|203118|203471|2594,200757|201143|203118|203471|2594,201162|201564|201573|203089|203114,,,1610612737.0,21400434,True
2,PT11M46.00S,11:46,Q2 11:46,35.766666666666666,112,freethrow,Bayless Free Throw Technical (4 PTS),[],Bayless,22,25,Made,False,False,201573.0,,foul,2pt missed,,,,200757|201143|201162|201564|201573|203089|203114|203118|203471|2594,201162|201564|201573|203089|203114,200757|201143|203118|203471|2594,,,1610612749.0,21400434,True
2,PT11M37.00S,11:37,Q2 11:37,35.61666666666667,114,2pt,MISS Middleton 19' Turnaround Jump Shot,[],Middleton,0,0,Missed,True,False,203114.0,,freethrow,rebound,,,,200757|201143|201162|201564|201573|203089|203114|203118|203471|2594,201162|201564|201573|203089|203114,200757|201143|203118|203471|2594,182.0,37.0,1610612749.0,21400434,True
2,PT11M34.00S,11:34,Q2 11:34,35.56666666666666,115,rebound,Sefolosha REBOUND (Off:0 Def:2),[],Sefolosha,0,0,,False,False,200757.0,,2pt missed,turnover,,,,200757|201143|201162|201564|201573|203089|203114|203118|203471|2594,200757|201143|203118|203471|2594,201162|201564|201573|203089|203114,,,1610612737.0,21400434,True
2,PT11M22.00S,11:22,Q2 11:22,35.36666666666667,116,turnover,Horford Lost Ball Turnover (P1.T6),[],Horford,0,0,,False,False,201143.0,,rebound,steal,,,,200757|201143|201162|201564|201573|203089|203114|203118|203471|2594,200757|201143|203118|203471|2594,201162|201564|201573|203089|203114,,,1610612737.0,21400434,True
2,PT11M22.00S,11:22,Q2 11:22,35.36666666666667,116,steal,Middleton STEAL (1 STL),[],Middleton,0,0,,False,False,203114.0,,turnover,turnover,,203114.0,,200757|201143|201162|201564|201573|203089|203114|203118|203471|2594,201162|201564|201573|203089|203114,200757|201143|203118|203471|2594,,,1610612749.0,21400434,True
2,PT11M22.00S,11:22,Q2 11:22,35.36666666666667,117,turnover,Middleton Discontinue Dribble Turnover (P1.T5),[],Middleton,0,0,,False,False,203114.0,,steal,2pt missed,,,,200757|201143|201162|201564|201573|203089|203114|203118|203471|2594,201162|201564|201573|203089|203114,200757|201143|203118|203471|2594,,,1610612749.0,21400434,True
2,PT11M13.00S,11:13,Q2 11:13,35.21666666666667,118,2pt,MISS Horford 2' Layup,['pointsinthepaint'],Horford,0,0,Missed,True,False,201143.0,,turnover,rebound,,,,200757|201143|201162|201564|201573|203089|203114|203118|203471|2594,200757|201143|203118|203471|2594,201162|201564|201573|203089|203114,20.0,3.0,1610612737.0,21400434,True
2,PT11M11.00S,11:11,Q2 11:11,35.18333333333334,119,rebound,Henson REBOUND (Off:0 Def:2),[],Henson,0,0,,False,False,203089.0,,2pt missed,foul,,,,200757|201143|201162|201564|201573|203089|203114|203118|203471|2594,201162|201564|201573|203089|203114,200757|201143|203118|203471|2594,,,1610612749.0,21400434,True
2,PT11M02.00S,11:02,Q2 11:02,35.03333333333333,120,foul,Sefolosha P.FOUL (P2.T1),[],Sefolosha,0,0,,False,False,200757.0,,rebound,2pt made,201573.0,,,200757|201143|201162|201564|201573|203089|203114|203118|203471|2594,200757|201143|203118|203471|2594,201162|201564|201573|203089|203114,,,1610612737.0,21400434,True
2,PT10M57.00S,10:57,Q2 10:57,34.95,121,2pt,Bayless 6' Driving Jump Shot (6 PTS),['pointsinthepaint'],Bayless,22,27,Made,True,False,201573.0,,foul,foul,,,,200757|201143|201162|201564|201573|203089|203114|203118|203471|2594,201162|201564|201573|203089|203114,200757|201143|203118|203471|2594,2.0,64.0,1610612749.0,21400434,True
2,PT10M57.00S,10:57,Q2 10:57,34.95,122,foul,Schroder S.FOUL (P2.T2),[],Schroder,0,0,,False,False,203471.0,,2pt made,freethrow,201573.0,,,200757|201143|201162|201564|201573|203089|203114|203118|203471|2594,200757|201143|203118|203471|2594,201162|201564|201573|203089|203114,,,1610612737.0,21400434,True
2,PT10M57.00S,10:57,Q2 10:57,34.95,123,freethrow,Bayless Free Throw 1 of 1 (7 PTS),[],Bayless,22,28,Made,False,False,201573.0,,foul,2pt made,,,,200757|201143|201162|201564|201573|203089|203114|203118|203471|2594,201162|201564|201573|203089|203114,200757|201143|203118|203471|2594,,,1610612749.0,21400434,True
2,PT10M43.00S,10:43,Q2 10:43,34.71666666666667,125,2pt,Sefolosha 1' Driving Layup (4 PTS) (Schroder 1 AST),['pointsinthepaint'],Sefolosha,24,28,Made,True,True,200757.0,203471.0,freethrow,foul,,,,200757|201143|201162|201564|201573|203089|203114|203118|203471|2594,200757|201143|203118|203471|2594,201162|201564|201573|203089|203114,-10.0,6.0,1610612737.0,21400434,True
2,PT10M31.00S,10:31,Q2 10:31,34.516666666666666,126,foul,Henson OFF.Foul (P1),[],Henson,0,0,,False,False,203089.0,,2pt made,turnover,203145.0,,,200757|201143|201162|201564|201573|203089|203114|203118|203471|2594,201162|201564|201573|203089|203114,200757|201143|203118|203471|2594,,,1610612749.0,21400434,True
2,PT10M31.00S,10:31,Q2 10:31,34.516666666666666,127,turnover,Henson Foul Turnover (P1.T6),[],Henson,0,0,,False,False,203089.0,,foul,substitution,,,,200757|201143|201162|201564|201573|203089|203114|203118|203471|2594,201162|201564|201573|203089|203114,200757|201143|203118|203471|2594,,,1610612749.0,21400434,True
2,PT10M31.00S,10:31,Q2 10:31,34.516666666666666,128,substitution,SUB out: J. Henson,[],Henson,0,0,,False,False,203089.0,,turnover,substitution,,,,200757|201143|201162|201564|201573|203114|203118|203471|2594,201162|201564|201573|203114,200757|201143|203118|203471|2594,,,1610612749.0,21400434,False
2,PT10M31.00S,10:31,Q2 10:31,34.516666666666666,129,substitution,SUB in: Z. Pachulia,[],Pachulia,0,0,,False,False,2585.0,,substitution,substitution,,,,200757|201143|201162|201564|201573|203114|203118|203471|2585|2594,201162|201564|201573|203114|2585,200757|201143|203118|203471|2594,,,1610612749.0,21400434,True
2,PT10M15.00S,10:15,Q2 10:15,34.25,130,substitution,SUB out: T. Sefolosha,[],Sefolosha,0,0,,False,False,200757.0,,substitution,substitution,,,,201143|201162|201564|201573|203114|203118|203471|2585|2594,201143|203118|203471|2594,201162|201564|201573|203114|2585,,,1610612737.0,21400434,False
2,PT10M15.00S,10:15,Q2 10:15,34.25,131,substitution,SUB in: K. Bazemore,[],Bazemore,0,0,,False,False,203145.0,,substitution,2pt missed,,,,201143|201162|201564|201573|203114|203118|203145|203471|2585|2594,201143|203118|203145|203471|2594,201162|201564|201573|203114|2585,,,1610612737.0,21400434,True
2,PT10M08.00S,10:08,Q2 10:08,34.13333333333333,132,2pt,MISS Bazemore 1' Layup,['pointsinthepaint'],Bazemore,0,0,Missed,True,False,203145.0,,substitution,rebound,,,,201143|201162|201564|201573|203114|203118|203145|203471|2585|2594,201143|203118|203145|203471|2594,201162|201564|201573|203114|2585,-11.0,3.0,1610612737.0,21400434,True
2,PT10M06.00S,10:06,Q2 10:06,34.1,133,rebound,Dudley REBOUND (Off:0 Def:1),[],Dudley,0,0,,False,False,201162.0,,2pt missed,2pt made,,,,201143|201162|201564|201573|203114|203118|203145|203471|2585|2594,201162|201564|201573|203114|2585,201143|203118|203145|203471|2594,,,1610612749.0,21400434,True
2,PT09M54.00S,09:54,Q2 09:54,33.9,134,2pt,Dudley 18' Fadeaway Jumper (8 PTS),[],Dudley,24,30,Made,True,False,201162.0,,rebound,turnover,,,,201143|201162|201564|201573|203114|203118|203145|203471|2585|2594,201162|201564|201573|203114|2585,201143|203118|203145|203471|2594,-120.0,132.0,1610612749.0,21400434,True
2,PT09M40.00S,09:40,Q2 09:40,33.666666666666664,135,turnover,Schroder Bad Pass Turnover (P2.T7),[],Schroder,0,0,,False,False,203471.0,,2pt made,steal,,,,201143|201162|201564|201573|203114|203118|203145|203471|2585|2594,201143|203118|203145|203471|2594,201162|201564|201573|203114|2585,,,1610612737.0,21400434,True
2,PT09M40.00S,09:40,Q2 09:40,33.666666666666664,135,steal,Dudley STEAL (1 STL),[],Dudley,0,0,,False,False,201162.0,,turnover,2pt made,,201162.0,,201143|201162|201564|201573|203114|203118|203145|203471|2585|2594,201162|201564|201573|203114|2585,201143|203118|203145|203471|2594,,,1610612749.0,21400434,True
2,PT09M36.00S,09:36,Q2 09:36,33.6,136,2pt,Dudley 1' Running Layup (10 PTS),['pointsinthepaint'],Dudley,24,32,Made,True,False,201162.0,,steal,timeout,,,,201143|201162|201564|201573|203114|203118|203145|203471|2585|2594,201162|201564|201573|203114|2585,201143|203118|203145|203471|2594,7.0,-2.0,1610612749.0,21400434,True
2,PT09M33.00S,09:33,Q2 09:33,33.55,137,timeout,HAWKS Timeout: Regular (Full 2 Short 0),[],,0,0,,False,False,0.0,,2pt made,turnover,,,,201143|201162|201564|201573|203114|203118|203145|203471|2585|2594,201143|203118|203145|203471|2594,201162|201564|201573|203114|2585,,,1610612737.0,21400434,True
2,PT09M24.00S,09:24,Q2 09:24,33.4,141,turnover,Korver Traveling Turnover (P1.T8),[],Korver,0,0,,False,False,2594.0,,timeout,3pt made,,,,201143|201162|201564|201573|203114|203118|203145|203471|2585|2594,201143|203118|203145|203471|2594,201162|201564|201573|203114|2585,,,1610612737.0,21400434,True
2,PT09M06.00S,09:06,Q2 09:06,33.1,142,3pt,Dudley 25' 3PT Jump Shot (13 PTS) (Bayless 1 AST),[],Dudley,24,35,Made,True,True,201162.0,201573.0,turnover,foul,,,,201143|201162|201564|201573|203114|203118|203145|203471|2585|2594,201162|201564|201573|203114|2585,201143|203118|203145|203471|2594,125.0,211.0,1610612749.0,21400434,True
2,PT08M47.00S,08:47,Q2 08:47,32.78333333333333,143,foul,Middleton S.FOUL (P1.T1),[],Middleton,0,0,,False,False,203114.0,,3pt made,freethrow,203471.0,,,201143|201162|201564|201573|203114|203118|203145|203471|2585|2594,201162|201564|201573|203114|2585,201143|203118|203145|203471|2594,,,1610612749.0,21400434,True
2,PT08M47.00S,08:47,Q2 08:47,32.78333333333333,144,freethrow,MISS Schroder Free Throw 1 of 2,[],Schroder,0,0,Missed,False,False,203471.0,,foul,rebound,,,,201143|201162|201564|201573|203114|203118|203145|203471|2585|2594,201143|203118|203145|203471|2594,201162|201564|201573|203114|2585,,,1610612737.0,21400434,True
2,PT08M47.00S,08:47,Q2 08:47,32.78333333333333,145,rebound,TEAM offensive REBOUND,['team'],,0,0,,False,False,0.0,,freethrow,freethrow,,,,201143|201162|201564|201573|203114|203118|203145|203471|2585|2594,201143|203118|203145|203471|2594,201162|201564|201573|203114|2585,,,1610612737.0,21400434,True
2,PT08M47.00S,08:47,Q2 08:47,32.78333333333333,146,freethrow,Schroder Free Throw 2 of 2 (3 PTS),['2ndchance'],Schroder,25,35,Made,False,False,203471.0,,rebound,3pt missed,,,,201143|201162|201564|201573|203114|203118|203145|203471|2585|2594,201143|203118|203145|203471|2594,201162|201564|201573|203114|2585,,,1610612737.0,21400434,True
2,PT08M24.00S,08:24,Q2 08:24,32.4,148,3pt,MISS Mayo 25' 3PT Jump Shot,[],Mayo,0,0,Missed,True,False,201564.0,,freethrow,rebound,,,,201143|201162|201564|201573|203114|203118|203145|203471|2585|2594,201162|201564|201573|203114|2585,201143|203118|203145|203471|2594,94.0,228.0,1610612749.0,21400434,True
2,PT08M23.00S,08:23,Q2 08:23,32.38333333333333,149,rebound,Horford REBOUND (Off:0 Def:2),[],Horford,0,0,,False,False,201143.0,,3pt missed,2pt missed,,,,201143|201162|201564|201573|203114|203118|203145|203471|2585|2594,201143|203118|203145|203471|2594,201162|201564|201573|203114|2585,,,1610612737.0,21400434,True
2,PT08M16.00S,08:16,Q2 08:16,32.266666666666666,150,2pt,MISS Bazemore 1' Driving Layup,['pointsinthepaint'],Bazemore,0,0,Missed,True,False,203145.0,,rebound,rebound,,,,201143|201162|201564|201573|203114|203118|203145|203471|2585|2594,201143|203118|203145|203471|2594,201162|201564|201573|203114|2585,-13.0,1.0,1610612737.0,21400434,True
2,PT08M13.00S,08:13,Q2 08:13,32.21666666666667,151,rebound,Scott REBOUND (Off:1 Def:0),[],Scott,0,0,,False,False,203118.0,,2pt missed,turnover,,,,201143|201162|201564|201573|203114|203118|203145|203471|2585|2594,201143|203118|203145|203471|2594,201162|201564|201573|203114|2585,,,1610612737.0,21400434,True
2,PT08M12.00S,08:12,Q2 08:12,32.2,152,turnover,Scott Bad Pass Turnover (P1.T9),[],Scott,0,0,,False,False,203118.0,,rebound,steal,,,,201143|201162|201564|201573|203114|203118|203145|203471|2585|2594,201143|203118|203145|203471|2594,201162|201564|201573|203114|2585,,,1610612737.0,21400434,True
2,PT08M12.00S,08:12,Q2 08:12,32.2,152,steal,Dudley STEAL (2 STL),[],Dudley,0,0,,False,False,201162.0,,turnover,foul,,201162.0,,201143|201162|201564|201573|203114|203118|203145|203471|2585|2594,201162|201564|201573|203114|2585,201143|203118|203145|203471|2594,,,1610612749.0,21400434,True
2,PT08M07.00S,08:07,Q2 08:07,32.11666666666667,153,foul,Korver S.FOUL (P1.T3),[],Korver,0,0,,False,False,2594.0,,steal,freethrow,201573.0,,,201143|201162|201564|201573|203114|203118|203145|203471|2585|2594,201143|203118|203145|203471|2594,201162|201564|201573|203114|2585,,,1610612737.0,21400434,True
2,PT08M07.00S,08:07,Q2 08:07,32.11666666666667,154,freethrow,Bayless Free Throw 1 of 3 (8 PTS),[],Bayless,25,36,Made,False,False,201573.0,,foul,freethrow,,,,201143|201162|201564|201573|203114|203118|203145|203471|2585|2594,201162|201564|201573|203114|2585,201143|203118|203145|203471|2594,,,1610612749.0,21400434,True
2,PT08M07.00S,08:07,Q2 08:07,32.11666666666667,156,freethrow,Bayless Free Throw 2 of 3 (9 PTS),[],Bayless,25,37,Made,False,False,201573.0,,freethrow,freethrow,,,,201143|201162|201564|201573|203114|203118|203145|203471|2585|2594,201162|201564|201573|203114|2585,201143|203118|203145|203471|2594,,,1610612749.0,21400434,True
2,PT08M07.00S,08:07,Q2 08:07,32.11666666666667,158,freethrow,Bayless Free Throw 3 of 3 (10 PTS),[],Bayless,25,38,Made,False,False,201573.0,,freethrow,turnover,,,,201143|201162|201564|201573|203114|203118|203145|203471|2585|2594,201162|201564|201573|203114|2585,201143|203118|203145|203471|2594,,,1610612749.0,21400434,True
2,PT08M00.00S,08:00,Q2 08:00,32.0,161,turnover,Horford Traveling Turnover (P2.T10),[],Horford,0,0,,False,False,201143.0,,freethrow,foul,,,,201143|201162|201564|201573|203114|203118|203145|203471|2585|2594,201143|203118|203145|203471|2594,201162|201564|201573|203114|2585,,,1610612737.0,21400434,True
2,PT07M52.00S,07:52,Q2 07:52,31.866666666666667,163,foul,Schroder P.FOUL (P3.T4),['inpenalty'],Schroder,0,0,,False,False,203471.0,,turnover,substitution,201573.0,,,201143|201162|201564|201573|203114|203118|203145|203471|2585|2594,201143|203118|203145|203471|2594,201162|201564|201573|203114|2585,,,1610612737.0,21400434,True
2,PT07M52.00S,07:52,Q2 07:52,31.866666666666667,164,substitution,SUB out: A. Horford,[],Horford,0,0,,False,False,201143.0,,foul,substitution,,,,201162|201564|201573|203114|203118|203145|203471|2585|2594,203118|203145|203471|2594,201162|201564|201573|203114|2585,,,1610612737.0,21400434,False
2,PT07M52.00S,07:52,Q2 07:52,31.866666666666667,165,substitution,SUB out: K. Korver,[],Korver,0,0,,False,False,2594.0,,substitution,substitution,,,,201162|201564|201573|203114|203118|203145|203471|2585,203118|203145|203471,201162|201564|201573|203114|2585,,,1610612737.0,21400434,False
2,PT07M52.00S,07:52,Q2 07:52,31.866666666666667,166,substitution,SUB in: D. Carroll,[],Carroll,0,0,,False,False,201960.0,,substitution,substitution,,,,201162|201564|201573|201960|203114|203118|203145|203471|2585,201960|203118|203145|203471,201162|201564|201573|203114|2585,,,1610612737.0,21400434,False
2,PT07M52.00S,07:52,Q2 07:52,31.866666666666667,167,substitution,SUB in: E. Brand,[],Brand,0,0,,False,False,1882.0,,substitution,2pt missed,,,,1882|201162|201564|201573|201960|203114|203118|203145|203471|2585,1882|201960|203118|203145|203471,201162|201564|201573|203114|2585,,,1610612737.0,21400434,True
2,PT07M44.00S,07:44,Q2 07:44,31.733333333333334,166,2pt,MISS Bayless 10' Turnaround Jump Shot,[],Bayless,0,0,Missed,True,False,201573.0,,substitution,rebound,,,,1882|201162|201564|201573|201960|203114|203118|203145|203471|2585,201162|201564|201573|203114|2585,1882|201960|203118|203145|203471,-103.0,7.0,1610612749.0,21400434,True
2,PT07M42.00S,07:42,Q2 07:42,31.7,167,rebound,Scott REBOUND (Off:1 Def:1),[],Scott,0,0,,False,False,203118.0,,2pt missed,foul,,,,1882|201162|201564|201573|201960|203114|203118|203145|203471|2585,1882|201960|203118|203145|203471,201162|201564|201573|203114|2585,,,1610612737.0,21400434,True
2,PT07M32.00S,07:32,Q2 07:32,31.53333333333333,168,foul,Middleton P.FOUL (P2.T2),[],Middleton,0,0,,False,False,203114.0,,rebound,substitution,1882.0,,,1882|201162|201564|201573|201960|203114|203118|203145|203471|2585,201162|201564|201573|203114|2585,1882|201960|203118|203145|203471,,,1610612749.0,21400434,True
2,PT07M32.00S,07:32,Q2 07:32,31.53333333333333,169,substitution,SUB out: D. Schroder,[],Schroder,0,0,,False,False,203471.0,,foul,substitution,,,,1882|201162|201564|201573|201960|203114|203118|203145|2585,1882|201960|203118|203145,201162|201564|201573|203114|2585,,,1610612737.0,21400434,False
2,PT07M32.00S,07:32,Q2 07:32,31.53333333333333,170,substitution,SUB out: K. Middleton,[],Middleton,0,0,,False,False,203114.0,,substitution,substitution,,,,1882|201162|201564|201573|201960|203118|203145|2585,201162|201564|201573|2585,1882|201960|203118|203145,,,1610612749.0,21400434,False
2,PT07M32.00S,07:32,Q2 07:32,31.53333333333333,171,substitution,SUB in: J. Teague,[],Teague,0,0,,False,False,201952.0,,substitution,substitution,,,,1882|201162|201564|201573|201952|201960|203118|203145|2585,1882|201952|201960|203118|203145,201162|201564|201573|2585,,,1610612737.0,21400434,False
2,PT07M32.00S,07:32,Q2 07:32,31.53333333333333,172,substitution,SUB in: B. Knight,[],Knight,0,0,,False,False,202688.0,,substitution,foul,,,,1882|201162|201564|201573|201952|201960|202688|203118|203145|2585,201162|201564|201573|202688|2585,1882|201952|201960|203118|203145,,,1610612749.0,21400434,True
2,PT07M24.00S,07:24,Q2 07:24,31.4,171,foul,Mayo P.FOUL (P1.T3),[],Mayo,0,0,,False,False,201564.0,,substitution,2pt missed,1882.0,,,1882|201162|201564|201573|201952|201960|202688|203118|203145|2585,201162|201564|201573|202688|2585,1882|201952|201960|203118|203145,,,1610612749.0,21400434,True
2,PT07M16.00S,07:16,Q2 07:16,31.266666666666666,172,2pt,MISS Brand 11' Jump Shot,['pointsinthepaint'],Brand,0,0,Missed,True,False,1882.0,,foul,rebound,,,,1882|201162|201564|201573|201952|201960|202688|203118|203145|2585,1882|201952|201960|203118|203145,201162|201564|201573|202688|2585,2.0,110.0,1610612737.0,21400434,True
2,PT07M14.00S,07:14,Q2 07:14,31.233333333333334,173,rebound,Mayo REBOUND (Off:0 Def:1),[],Mayo,0,0,,False,False,201564.0,,2pt missed,foul,,,,1882|201162|201564|201573|201952|201960|202688|203118|203145|2585,201162|201564|201573|202688|2585,1882|201952|201960|203118|203145,,,1610612749.0,21400434,True
2,PT07M02.00S,07:02,Q2 07:02,31.03333333333333,174,foul,Pachulia Offensive Charge Foul (P2.T4),[],Pachulia,0,0,,False,False,2585.0,,rebound,turnover,201960.0,,,1882|201162|201564|201573|201952|201960|202688|203118|203145|2585,201162|201564|201573|202688|2585,1882|201952|201960|203118|203145,,,1610612749.0,21400434,True
2,PT07M02.00S,07:02,Q2 07:02,31.03333333333333,175,turnover,Pachulia Foul Turnover (P1.T7),[],Pachulia,0,0,,False,False,2585.0,,foul,substitution,,,,1882|201162|201564|201573|201952|201960|202688|203118|203145|2585,201162|201564|201573|202688|2585,1882|201952|201960|203118|203145,,,1610612749.0,21400434,True
2,PT07M02.00S,07:02,Q2 07:02,31.03333333333333,176,substitution,SUB out: Z. Pachulia,[],Pachulia,0,0,,False,False,2585.0,,turnover,substitution,,,,1882|201162|201564|201573|201952|201960|202688|203118|203145,201162|201564|201573|202688,1882|201952|201960|203118|203145,,,1610612749.0,21400434,False
2,PT07M02.00S,07:02,Q2 07:02,31.03333333333333,177,substitution,SUB in: J. Henson,[],Henson,0,0,,False,False,203089.0,,substitution,turnover,,,,1882|201162|201564|201573|201952|201960|202688|203089|203118|203145,201162|201564|201573|202688|203089,1882|201952|201960|203118|203145,,,1610612749.0,21400434,True
2,PT06M46.00S,06:46,Q2 06:46,30.766666666666666,177,turnover,Carroll Bad Pass Turnover (P2.T11),[],Carroll,0,0,,False,False,201960.0,,substitution,steal,,,,1882|201162|201564|201573|201952|201960|202688|203089|203118|203145,1882|201952|201960|203118|203145,201162|201564|201573|202688|203089,,,1610612737.0,21400434,True
2,PT06M46.00S,06:46,Q2 06:46,30.766666666666666,177,steal,Dudley STEAL (3 STL),[],Dudley,0,0,,False,False,201162.0,,turnover,2pt made,,201162.0,,1882|201162|201564|201573|201952|201960|202688|203089|203118|203145,201162|201564|201573|202688|203089,1882|201952|201960|203118|203145,,,1610612749.0,21400434,True
2,PT06M42.00S,06:42,Q2 06:42,30.7,178,2pt,Dudley  Running Slam Dunk (15 PTS),['pointsinthepaint'],Dudley,25,40,Made,True,False,201162.0,,steal,foul,,,,1882|201162|201564|201573|201952|201960|202688|203089|203118|203145,201162|201564|201573|202688|203089,1882|201952|201960|203118|203145,0.0,1.0,1610612749.0,21400434,True
2,PT06M23.00S,06:23,Q2 06:23,30.383333333333333,179,foul,Dudley S.FOUL (P1.PN),['inpenalty'],Dudley,0,0,,False,False,201162.0,,2pt made,freethrow,201952.0,,,1882|201162|201564|201573|201952|201960|202688|203089|203118|203145,201162|201564|201573|202688|203089,1882|201952|201960|203118|203145,,,1610612749.0,21400434,True
2,PT06M23.00S,06:23,Q2 06:23,30.383333333333333,180,freethrow,Teague Free Throw 1 of 2 (3 PTS),[],Teague,26,40,Made,False,False,201952.0,,foul,freethrow,,,,1882|201162|201564|201573|201952|201960|202688|203089|203118|203145,1882|201952|201960|203118|203145,201162|201564|201573|202688|203089,,,1610612737.0,21400434,True
2,PT06M23.00S,06:23,Q2 06:23,30.383333333333333,184,freethrow,Teague Free Throw 2 of 2 (4 PTS),[],Teague,27,40,Made,False,False,201952.0,,freethrow,substitution,,,,1882|201162|201564|201573|201952|201960|202688|203089|203118|203145,1882|201952|201960|203118|203145,201162|201564|201573|202688|203089,,,1610612737.0,21400434,True
2,PT06M23.00S,06:23,Q2 06:23,30.383333333333333,182,substitution,SUB out: M. Scott,[],Scott,0,0,,False,False,203118.0,,freethrow,substitution,,,,1882|201162|201564|201573|201952|201960|202688|203089|203145,1882|201952|201960|203145,201162|201564|201573|202688|203089,,,1610612737.0,21400434,False
2,PT06M23.00S,06:23,Q2 06:23,30.383333333333333,183,substitution,SUB out: J. Dudley,[],Dudley,0,0,,False,False,201162.0,,substitution,substitution,,,,1882|201564|201573|201952|201960|202688|203089|203145,201564|201573|202688|203089,1882|201952|201960|203145,,,1610612749.0,21400434,False
2,PT06M23.00S,06:23,Q2 06:23,30.383333333333333,184,substitution,SUB in: P. Millsap,[],Millsap,0,0,,False,False,200794.0,,substitution,substitution,,,,1882|200794|201564|201573|201952|201960|202688|203089|203145,1882|200794|201952|201960|203145,201564|201573|202688|203089,,,1610612737.0,21400434,False
2,PT06M23.00S,06:23,Q2 06:23,30.383333333333333,185,substitution,SUB in: G. Antetokounmpo,[],Antetokounmpo,0,0,,False,False,203507.0,,substitution,turnover,,,,1882|200794|201564|201573|201952|201960|202688|203089|203145|203507,201564|201573|202688|203089|203507,1882|200794|201952|201960|203145,,,1610612749.0,21400434,True
2,PT06M13.00S,06:13,Q2 06:13,30.21666666666667,187,turnover,Knight Bad Pass Turnover (P2.T8),[],Knight,0,0,,False,False,202688.0,,substitution,3pt missed,,,,1882|200794|201564|201573|201952|201960|202688|203089|203145|203507,201564|201573|202688|203089|203507,1882|200794|201952|201960|203145,,,1610612749.0,21400434,True
2,PT05M59.00S,05:59,Q2 05:59,29.983333333333334,188,3pt,MISS Bazemore 24' 3PT Jump Shot,[],Bazemore,0,0,Missed,True,False,203145.0,,turnover,rebound,,,,1882|200794|201564|201573|201952|201960|202688|203089|203145|203507,1882|200794|201952|201960|203145,201564|201573|202688|203089|203507,155.0,184.0,1610612737.0,21400434,True
2,PT05M57.00S,05:57,Q2 05:57,29.95,189,rebound,Antetokounmpo REBOUND (Off:0 Def:2),[],Antetokounmpo,0,0,,False,False,203507.0,,3pt missed,2pt missed,,,,1882|200794|201564|201573|201952|201960|202688|203089|203145|203507,201564|201573|202688|203089|203507,1882|200794|201952|201960|203145,,,1610612749.0,21400434,True
2,PT05M51.00S,05:51,Q2 05:51,29.85,190,2pt,MISS Knight 5' Running Jump Shot,['pointsinthepaint'],Knight,0,0,Missed,True,False,202688.0,,rebound,rebound,,,,1882|200794|201564|201573|201952|201960|202688|203089|203145|203507,201564|201573|202688|203089|203507,1882|200794|201952|201960|203145,31.0,45.0,1610612749.0,21400434,True
2,PT05M50.00S,05:50,Q2 05:50,29.833333333333332,191,rebound,Mayo REBOUND (Off:1 Def:1),[],Mayo,0,0,,False,False,201564.0,,2pt missed,3pt made,,,,1882|200794|201564|201573|201952|201960|202688|203089|203145|203507,201564|201573|202688|203089|203507,1882|200794|201952|201960|203145,,,1610612749.0,21400434,True
2,PT05M42.00S,05:42,Q2 05:42,29.7,192,3pt,Knight 25' 3PT Jump Shot (5 PTS) (Antetokounmpo 2 AST),[],Knight,27,43,Made,True,True,202688.0,203507.0,rebound,2pt made,,,,1882|200794|201564|201573|201952|201960|202688|203089|203145|203507,201564|201573|202688|203089|203507,1882|200794|201952|201960|203145,7.0,254.0,1610612749.0,21400434,True
2,PT05M28.00S,05:28,Q2 05:28,29.46666666666667,193,2pt,Teague 12' Floating Jump Shot (6 PTS),['pointsinthepaint'],Teague,29,43,Made,True,False,201952.0,,3pt made,2pt missed,,,,1882|200794|201564|201573|201952|201960|202688|203089|203145|203507,1882|200794|201952|201960|203145,201564|201573|202688|203089|203507,-11.0,116.0,1610612737.0,21400434,True
2,PT05M21.00S,05:21,Q2 05:21,29.35,194,2pt,MISS Mayo 20' Pullup Jump Shot,[],Mayo,0,0,Missed,True,False,201564.0,,2pt made,rebound,,,,1882|200794|201564|201573|201952|201960|202688|203089|203145|203507,201564|201573|202688|203089|203507,1882|200794|201952|201960|203145,-127.0,153.0,1610612749.0,21400434,True
2,PT05M20.00S,05:20,Q2 05:20,29.333333333333332,195,rebound,Millsap REBOUND (Off:1 Def:5),[],Millsap,0,0,,False,False,200794.0,,2pt missed,2pt missed,,,,1882|200794|201564|201573|201952|201960|202688|203089|203145|203507,1882|200794|201952|201960|203145,201564|201573|202688|203089|203507,,,1610612737.0,21400434,True
2,PT05M06.00S,05:06,Q2 05:06,29.1,196,2pt,MISS Carroll 1' Driving Layup,['pointsinthepaint'],Carroll,0,0,Missed,True,False,201960.0,,rebound,block,,,,1882|200794|201564|201573|201952|201960|202688|203089|203145|203507,1882|200794|201952|201960|203145,201564|201573|202688|203089|203507,12.0,-3.0,1610612737.0,21400434,True
2,PT05M06.00S,05:06,Q2 05:06,29.1,196,block,Henson BLOCK (1 BLK),[],Henson,0,0,,False,False,203089.0,,2pt missed,rebound,,,203089.0,1882|200794|201564|201573|201952|201960|202688|203089|203145|203507,201564|201573|202688|203089|203507,1882|200794|201952|201960|203145,,,1610612749.0,21400434,True
2,PT05M04.00S,05:04,Q2 05:04,29.066666666666666,197,rebound,Knight REBOUND (Off:0 Def:3),[],Knight,0,0,,False,False,202688.0,,block,3pt missed,,,,1882|200794|201564|201573|201952|201960|202688|203089|203145|203507,201564|201573|202688|203089|203507,1882|200794|201952|201960|203145,,,1610612749.0,21400434,True
2,PT05M00.00S,05:00,Q2 05:00,29.0,198,3pt,MISS Bayless  3PT Jump Shot,[],Bayless,0,0,Missed,True,False,201573.0,,rebound,rebound,,,,1882|200794|201564|201573|201952|201960|202688|203089|203145|203507,201564|201573|202688|203089|203507,1882|200794|201952|201960|203145,-231.0,-6.0,1610612749.0,21400434,True
2,PT04M57.00S,04:57,Q2 04:57,28.95,199,rebound,Henson REBOUND (Off:1 Def:2),[],Henson,0,0,,False,False,203089.0,,3pt missed,turnover,,,,1882|200794|201564|201573|201952|201960|202688|203089|203145|203507,201564|201573|202688|203089|203507,1882|200794|201952|201960|203145,,,1610612749.0,21400434,True
2,PT04M56.00S,04:56,Q2 04:56,28.933333333333334,200,turnover,Henson Lost Ball Turnover (P2.T9),[],Henson,0,0,,False,False,203089.0,,rebound,steal,,,,1882|200794|201564|201573|201952|201960|202688|203089|203145|203507,201564|201573|202688|203089|203507,1882|200794|201952|201960|203145,,,1610612749.0,21400434,True
2,PT04M56.00S,04:56,Q2 04:56,28.933333333333334,200,steal,Teague STEAL (2 STL),[],Teague,0,0,,False,False,201952.0,,turnover,2pt made,,201952.0,,1882|200794|201564|201573|201952|201960|202688|203089|203145|203507,1882|200794|201952|201960|203145,201564|201573|202688|203089|203507,,,1610612737.0,21400434,True
2,PT04M51.00S,04:51,Q2 04:51,28.85,201,2pt,Millsap 1' Running Layup (11 PTS) (Bazemore 1 AST),['pointsinthepaint'],Millsap,31,43,Made,True,True,200794.0,203145.0,steal,2pt missed,,,,1882|200794|201564|201573|201952|201960|202688|203089|203145|203507,1882|200794|201952|201960|203145,201564|201573|202688|203089|203507,2.0,-6.0,1610612737.0,21400434,True
2,PT04M46.00S,04:46,Q2 04:46,28.766666666666666,202,2pt,MISS Antetokounmpo 2' Running Layup,['pointsinthepaint'],Antetokounmpo,0,0,Missed,True,False,203507.0,,2pt made,block,,,,1882|200794|201564|201573|201952|201960|202688|203089|203145|203507,201564|201573|202688|203089|203507,1882|200794|201952|201960|203145,-21.0,3.0,1610612749.0,21400434,True
2,PT04M46.00S,04:46,Q2 04:46,28.766666666666666,202,block,Teague BLOCK (1 BLK),[],Teague,0,0,,False,False,201952.0,,2pt missed,rebound,,,201952.0,1882|200794|201564|201573|201952|201960|202688|203089|203145|203507,1882|200794|201952|201960|203145,201564|201573|202688|203089|203507,,,1610612737.0,21400434,True
2,PT04M46.00S,04:46,Q2 04:46,28.766666666666666,203,rebound,TEAM offensive REBOUND,['team'],,0,0,,False,False,0.0,,block,timeout,,,,1882|200794|201564|201573|201952|201960|202688|203089|203145|203507,201564|201573|202688|203089|203507,1882|200794|201952|201960|203145,,,1610612749.0,21400434,True
2,PT04M46.00S,04:46,Q2 04:46,28.766666666666666,204,timeout,Timeout: Official,[],,0,0,,False,False,0.0,,rebound,2pt made,,,,1882|200794|201564|201573|201952|201960|202688|203089|203145|203507,1882|200794|201952|201960|203145,201564|201573|202688|203089|203507,,,0.0,21400434,True
2,PT04M42.00S,04:42,Q2 04:42,28.7,208,2pt,Mayo 17' Jump Shot (2 PTS) (Antetokounmpo 3 AST),[],Mayo,31,45,Made,True,True,201564.0,203507.0,timeout,2pt made,,,,1882|200794|201564|201573|201952|201960|202688|203089|203145|203507,201564|201573|202688|203089|203507,1882|200794|201952|201960|203145,-169.0,26.0,1610612749.0,21400434,True
2,PT04M21.00S,04:21,Q2 04:21,28.35,209,2pt,Millsap 3' Driving Jump Shot (13 PTS),['pointsinthepaint'],Millsap,33,45,Made,True,False,200794.0,,2pt made,foul,,,,1882|200794|201564|201573|201952|201960|202688|203089|203145|203507,1882|200794|201952|201960|203145,201564|201573|202688|203089|203507,-23.0,25.0,1610612737.0,21400434,True
2,PT04M15.00S,04:15,Q2 04:15,28.25,210,foul,Teague S.FOUL (P2.PN),['inpenalty'],Teague,0,0,,False,False,201952.0,,2pt made,freethrow,202688.0,,,1882|200794|201564|201573|201952|201960|202688|203089|203145|203507,1882|200794|201952|201960|203145,201564|201573|202688|203089|203507,,,1610612737.0,21400434,True
2,PT04M15.00S,04:15,Q2 04:15,28.25,211,freethrow,Knight Free Throw 1 of 2 (6 PTS),[],Knight,33,46,Made,False,False,202688.0,,foul,freethrow,,,,1882|200794|201564|201573|201952|201960|202688|203089|203145|203507,201564|201573|202688|203089|203507,1882|200794|201952|201960|203145,,,1610612749.0,21400434,True
2,PT04M15.00S,04:15,Q2 04:15,28.25,213,freethrow,Knight Free Throw 2 of 2 (7 PTS),[],Knight,33,47,Made,False,False,202688.0,,freethrow,2pt made,,,,1882|200794|201564|201573|201952|201960|202688|203089|203145|203507,201564|201573|202688|203089|203507,1882|200794|201952|201960|203145,,,1610612749.0,21400434,True
2,PT04M07.00S,04:07,Q2 04:07,28.116666666666667,215,2pt,Teague 4' Driving Layup (8 PTS),['pointsinthepaint'],Teague,35,47,Made,True,False,201952.0,,freethrow,3pt missed,,,,1882|200794|201564|201573|201952|201960|202688|203089|203145|203507,1882|200794|201952|201960|203145,201564|201573|202688|203089|203507,-27.0,26.0,1610612737.0,21400434,True
2,PT03M51.00S,03:51,Q2 03:51,27.85,218,3pt,MISS Bayless 25' 3PT Jump Shot,[],Bayless,0,0,Missed,True,False,201573.0,,2pt made,rebound,,,,1882|200794|201564|201573|201952|201960|202688|203089|203145|203507,201564|201573|202688|203089|203507,1882|200794|201952|201960|203145,-169.0,178.0,1610612749.0,21400434,True
2,PT03M49.00S,03:49,Q2 03:49,27.816666666666666,219,rebound,Carroll REBOUND (Off:0 Def:2),[],Carroll,0,0,,False,False,201960.0,,3pt missed,2pt missed,,,,1882|200794|201564|201573|201952|201960|202688|203089|203145|203507,1882|200794|201952|201960|203145,201564|201573|202688|203089|203507,,,1610612737.0,21400434,True
2,PT03M41.00S,03:41,Q2 03:41,27.683333333333334,220,2pt,MISS Teague 6' Jump Shot,['pointsinthepaint'],Teague,0,0,Missed,True,False,201952.0,,rebound,block,,,,1882|200794|201564|201573|201952|201960|202688|203089|203145|203507,1882|200794|201952|201960|203145,201564|201573|202688|203089|203507,-52.0,34.0,1610612737.0,21400434,True
2,PT03M41.00S,03:41,Q2 03:41,27.683333333333334,220,block,Henson BLOCK (2 BLK),[],Henson,0,0,,False,False,203089.0,,2pt missed,rebound,,,203089.0,1882|200794|201564|201573|201952|201960|202688|203089|203145|203507,201564|201573|202688|203089|203507,1882|200794|201952|201960|203145,,,1610612749.0,21400434,True
2,PT03M34.00S,03:34,Q2 03:34,27.566666666666666,221,rebound,Mayo REBOUND (Off:1 Def:2),[],Mayo,0,0,,False,False,201564.0,,block,3pt missed,,,,1882|200794|201564|201573|201952|201960|202688|203089|203145|203507,201564|201573|202688|203089|203507,1882|200794|201952|201960|203145,,,1610612749.0,21400434,True
2,PT03M24.00S,03:24,Q2 03:24,27.4,222,3pt,MISS Carroll 25' 3PT Jump Shot,[],Carroll,0,0,Missed,True,False,201960.0,,rebound,turnover,,,,1882|200794|201564|201573|201952|201960|202688|203089|203145|203507,1882|200794|201952|201960|203145,201564|201573|202688|203089|203507,-199.0,151.0,1610612737.0,21400434,True
2,PT03M24.00S,03:24,Q2 03:24,27.4,228,turnover,Mayo Bad Pass Turnover (P1.T10),[],Mayo,0,0,,False,False,201564.0,,3pt missed,steal,,,,1882|200794|201564|201573|201952|201960|202688|203089|203145|203507,201564|201573|202688|203089|203507,1882|200794|201952|201960|203145,,,1610612749.0,21400434,True
2,PT03M24.00S,03:24,Q2 03:24,27.4,228,steal,Millsap STEAL (2 STL),[],Millsap,0,0,,False,False,200794.0,,turnover,rebound,,200794.0,,1882|200794|201564|201573|201952|201960|202688|203089|203145|203507,1882|200794|201952|201960|203145,201564|201573|202688|203089|203507,,,1610612737.0,21400434,True
2,PT03M22.00S,03:22,Q2 03:22,27.366666666666667,223,rebound,Henson REBOUND (Off:1 Def:3),[],Henson,0,0,,False,False,203089.0,,steal,2pt made,,,,1882|200794|201564|201573|201952|201960|202688|203089|203145|203507,201564|201573|202688|203089|203507,1882|200794|201952|201960|203145,,,1610612749.0,21400434,True
2,PT02M58.00S,02:58,Q2 02:58,26.96666666666667,224,2pt,Henson 3' Hook Shot (2 PTS) (Bayless 2 AST),['pointsinthepaint'],Henson,35,49,Made,True,True,203089.0,201573.0,rebound,turnover,,,,1882|200794|201564|201573|201952|201960|202688|203089|203145|203507,201564|201573|202688|203089|203507,1882|200794|201952|201960|203145,10.0,33.0,1610612749.0,21400434,True
2,PT02M51.00S,02:51,Q2 02:51,26.85,225,turnover,Teague Bad Pass Turnover (P3.T12),[],Teague,0,0,,False,False,201952.0,,2pt made,steal,,,,1882|200794|201564|201573|201952|201960|202688|203089|203145|203507,1882|200794|201952|201960|203145,201564|201573|202688|203089|203507,,,1610612737.0,21400434,True
2,PT02M51.00S,02:51,Q2 02:51,26.85,225,steal,Henson STEAL (1 STL),[],Henson,0,0,,False,False,203089.0,,turnover,2pt made,,203089.0,,1882|200794|201564|201573|201952|201960|202688|203089|203145|203507,201564|201573|202688|203089|203507,1882|200794|201952|201960|203145,,,1610612749.0,21400434,True
2,PT02M45.00S,02:45,Q2 02:45,26.75,226,2pt,Antetokounmpo  Alley Oop Dunk (5 PTS) (Mayo 1 AST),['pointsinthepaint'],Antetokounmpo,35,51,Made,True,True,203507.0,201564.0,steal,timeout,,,,1882|200794|201564|201573|201952|201960|202688|203089|203145|203507,201564|201573|202688|203089|203507,1882|200794|201952|201960|203145,0.0,1.0,1610612749.0,21400434,True
2,PT02M42.00S,02:42,Q2 02:42,26.7,227,timeout,HAWKS Timeout: Short (Full 2 Short 1),[],,0,0,,False,False,0.0,,2pt made,timeout,,,,1882|200794|201564|201573|201952|201960|202688|203089|203145|203507,1882|200794|201952|201960|203145,201564|201573|202688|203089|203507,,,1610612737.0,21400434,True
2,PT02M42.00S,02:42,Q2 02:42,26.7,229,timeout,Bucks Timeout: Regular (Reg.2 Short 0),[],,0,0,,False,False,0.0,,timeout,substitution,,,,1882|200794|201564|201573|201952|201960|202688|203089|203145|203507,201564|201573|202688|203089|203507,1882|200794|201952|201960|203145,,,1610612749.0,21400434,True
2,PT02M42.00S,02:42,Q2 02:42,26.7,231,substitution,SUB out: K. Bazemore,[],Bazemore,0,0,,False,False,203145.0,,timeout,substitution,,,,1882|200794|201564|201573|201952|201960|202688|203089|203507,1882|200794|201952|201960,201564|201573|202688|203089|203507,,,1610612737.0,21400434,False
2,PT02M42.00S,02:42,Q2 02:42,26.7,232,substitution,SUB out: E. Brand,[],Brand,0,0,,False,False,1882.0,,substitution,substitution,,,,200794|201564|201573|201952|201960|202688|203089|203507,200794|201952|201960,201564|201573|202688|203089|203507,,,1610612737.0,21400434,False
2,PT02M42.00S,02:42,Q2 02:42,26.7,233,substitution,SUB out: J. Henson,[],Henson,0,0,,False,False,203089.0,,substitution,substitution,,,,200794|201564|201573|201952|201960|202688|203507,201564|201573|202688|203507,200794|201952|201960,,,1610612749.0,21400434,False
2,PT02M42.00S,02:42,Q2 02:42,26.7,234,substitution,SUB out: J. Bayless,[],Bayless,0,0,,False,False,201573.0,,substitution,substitution,,,,200794|201564|201952|201960|202688|203507,201564|202688|203507,200794|201952|201960,,,1610612749.0,21400434,False
2,PT02M42.00S,02:42,Q2 02:42,26.7,235,substitution,SUB in: A. Horford,[],Horford,0,0,,False,False,201143.0,,substitution,substitution,,,,200794|201143|201564|201952|201960|202688|203507,200794|201143|201952|201960,201564|202688|203507,,,1610612737.0,21400434,False
2,PT02M42.00S,02:42,Q2 02:42,26.7,236,substitution,SUB in: K. Korver,[],Korver,0,0,,False,False,2594.0,,substitution,substitution,,,,200794|201143|201564|201952|201960|202688|203507|2594,200794|201143|201952|201960|2594,201564|202688|203507,,,1610612737.0,21400434,False
2,PT02M42.00S,02:42,Q2 02:42,26.7,237,substitution,SUB in: K. Marshall,[],Marshall,0,0,,False,False,203088.0,,substitution,substitution,,,,200794|201143|201564|201952|201960|202688|203088|203507|2594,201564|202688|203088|203507,200794|201143|201952|201960|2594,,,1610612749.0,21400434,False
2,PT02M42.00S,02:42,Q2 02:42,26.7,238,substitution,SUB in: J. Dudley,[],Dudley,0,0,,False,False,201162.0,,substitution,3pt missed,,,,200794|201143|201162|201564|201952|201960|202688|203088|203507|2594,201162|201564|202688|203088|203507,200794|201143|201952|201960|2594,,,1610612749.0,21400434,True
2,PT02M28.00S,02:28,Q2 02:28,26.46666666666667,235,3pt,MISS Korver  3PT Jump Shot,[],Korver,0,0,Missed,True,False,2594.0,,substitution,rebound,,,,200794|201143|201162|201564|201952|201960|202688|203088|203507|2594,200794|201143|201952|201960|2594,201162|201564|202688|203088|203507,233.0,1.0,1610612737.0,21400434,True
2,PT02M26.00S,02:26,Q2 02:26,26.433333333333334,236,rebound,Knight REBOUND (Off:0 Def:4),[],Knight,0,0,,False,False,202688.0,,3pt missed,foul,,,,200794|201143|201162|201564|201952|201960|202688|203088|203507|2594,201162|201564|202688|203088|203507,200794|201143|201952|201960|2594,,,1610612749.0,21400434,True
2,PT02M16.00S,02:16,Q2 02:16,26.266666666666666,237,foul,Korver P.FOUL (P2.PN),['inpenalty'],Korver,0,0,,False,False,2594.0,,rebound,freethrow,203507.0,,,200794|201143|201162|201564|201952|201960|202688|203088|203507|2594,200794|201143|201952|201960|2594,201162|201564|202688|203088|203507,,,1610612737.0,21400434,True
2,PT02M16.00S,02:16,Q2 02:16,26.266666666666666,238,freethrow,Antetokounmpo Free Throw 1 of 2 (6 PTS),[],Antetokounmpo,35,52,Made,False,False,203507.0,,foul,freethrow,,,,200794|201143|201162|201564|201952|201960|202688|203088|203507|2594,201162|201564|202688|203088|203507,200794|201143|201952|201960|2594,,,1610612749.0,21400434,True
2,PT02M16.00S,02:16,Q2 02:16,26.266666666666666,240,freethrow,Antetokounmpo Free Throw 2 of 2 (7 PTS),[],Antetokounmpo,35,53,Made,False,False,203507.0,,freethrow,substitution,,,,200794|201143|201162|201564|201952|201960|202688|203088|203507|2594,201162|201564|202688|203088|203507,200794|201143|201952|201960|2594,,,1610612749.0,21400434,True
2,PT01M59.00S,01:59,Q2 01:59,25.983333333333334,242,substitution,SUB out: D. Carroll,[],Carroll,0,0,,False,False,201960.0,,freethrow,substitution,,,,200794|201143|201162|201564|201952|202688|203088|203507|2594,200794|201143|201952|2594,201162|201564|202688|203088|203507,,,1610612737.0,21400434,False
2,PT01M59.00S,01:59,Q2 01:59,25.983333333333334,243,substitution,SUB in: S. Mack,[],Mack,0,0,,False,False,202714.0,,substitution,2pt made,,,,200794|201143|201162|201564|201952|202688|202714|203088|203507|2594,200794|201143|201952|202714|2594,201162|201564|202688|203088|203507,,,1610612737.0,21400434,True
2,PT01M46.00S,01:46,Q2 01:46,25.766666666666666,244,2pt,Horford 7' Jump Bank Shot (6 PTS),['pointsinthepaint'],Horford,37,53,Made,True,False,201143.0,,substitution,3pt missed,,,,200794|201143|201162|201564|201952|202688|202714|203088|203507|2594,200794|201143|201952|202714|2594,201162|201564|202688|203088|203507,62.0,30.0,1610612737.0,21400434,True
2,PT01M35.00S,01:35,Q2 01:35,25.583333333333332,245,3pt,MISS Knight 25' 3PT Jump Shot,[],Knight,0,0,Missed,True,False,202688.0,,2pt made,rebound,,,,200794|201143|201162|201564|201952|202688|202714|203088|203507|2594,201162|201564|202688|203088|203507,200794|201143|201952|202714|2594,111.0,220.0,1610612749.0,21400434,True
2,PT01M34.00S,01:34,Q2 01:34,25.566666666666666,246,rebound,Korver REBOUND (Off:0 Def:1),[],Korver,0,0,,False,False,2594.0,,3pt missed,3pt made,,,,200794|201143|201162|201564|201952|202688|202714|203088|203507|2594,200794|201143|201952|202714|2594,201162|201564|202688|203088|203507,,,1610612737.0,21400434,True
2,PT01M24.00S,01:24,Q2 01:24,25.4,247,3pt,Millsap 24' 3PT Jump Shot (16 PTS) (Teague 3 AST),[],Millsap,40,53,Made,True,True,200794.0,201952.0,rebound,2pt made,,,,200794|201143|201162|201564|201952|202688|202714|203088|203507|2594,200794|201143|201952|202714|2594,201162|201564|202688|203088|203507,-235.0,11.0,1610612737.0,21400434,True
2,PT01M10.00S,01:10,Q2 01:10,25.166666666666668,248,2pt,Marshall 1' Driving Layup (4 PTS),['pointsinthepaint'],Marshall,40,55,Made,True,False,203088.0,,3pt made,3pt missed,,,,200794|201143|201162|201564|201952|202688|202714|203088|203507|2594,201162|201564|202688|203088|203507,200794|201143|201952|202714|2594,-10.0,0.0,1610612749.0,21400434,True
2,PT00M55.90S,00:55,Q2 00:55,24.931666666666665,250,3pt,MISS Mack 25' 3PT Jump Shot,[],Mack,0,0,Missed,True,False,202714.0,,2pt made,rebound,,,,200794|201143|201162|201564|201952|202688|202714|203088|203507|2594,200794|201143|201952|202714|2594,201162|201564|202688|203088|203507,-41.0,244.0,1610612737.0,21400434,True
2,PT00M53.90S,00:53,Q2 00:53,24.898333333333333,251,rebound,Antetokounmpo REBOUND (Off:0 Def:3),[],Antetokounmpo,0,0,,False,False,203507.0,,3pt missed,3pt made,,,,200794|201143|201162|201564|201952|202688|202714|203088|203507|2594,201162|201564|202688|203088|203507,200794|201143|201952|202714|2594,,,1610612749.0,21400434,True
2,PT00M44.10S,00:44,Q2 00:44,24.735,253,3pt,Mayo  3PT Jump Shot (5 PTS) (Antetokounmpo 4 AST),[],Mayo,40,58,Made,True,True,201564.0,203507.0,rebound,2pt made,,,,200794|201143|201162|201564|201952|202688|202714|203088|203507|2594,201162|201564|202688|203088|203507,200794|201143|201952|202714|2594,231.0,9.0,1610612749.0,21400434,True
2,PT00M31.70S,00:31,Q2 00:31,24.528333333333332,254,2pt,Millsap  Driving Slam Dunk (18 PTS) (Teague 4 AST),['pointsinthepaint'],Millsap,42,58,Made,True,True,200794.0,201952.0,3pt made,2pt missed,,,,200794|201143|201162|201564|201952|202688|202714|203088|203507|2594,200794|201143|201952|202714|2594,201162|201564|202688|203088|203507,0.0,1.0,1610612737.0,21400434,True
2,PT00M10.90S,00:10,Q2 00:10,24.18166666666667,255,2pt,MISS Antetokounmpo 2' Driving Layup,['pointsinthepaint'],Antetokounmpo,0,0,Missed,True,False,203507.0,,2pt made,block,,,,200794|201143|201162|201564|201952|202688|202714|203088|203507|2594,201162|201564|202688|203088|203507,200794|201143|201952|202714|2594,-15.0,0.0,1610612749.0,21400434,True
2,PT00M10.90S,00:10,Q2 00:10,24.18166666666667,255,block,Horford BLOCK (2 BLK),[],Horford,0,0,,False,False,201143.0,,2pt missed,rebound,,,201143.0,200794|201143|201162|201564|201952|202688|202714|203088|203507|2594,200794|201143|201952|202714|2594,201162|201564|202688|203088|203507,,,1610612737.0,21400434,True
2,PT00M06.90S,00:06,Q2 00:06,24.115,256,rebound,Horford REBOUND (Off:0 Def:3),[],Horford,0,0,,False,False,201143.0,,block,3pt missed,,,,200794|201143|201162|201564|201952|202688|202714|203088|203507|2594,200794|201143|201952|202714|2594,201162|201564|202688|203088|203507,,,1610612737.0,21400434,True
2,PT00M02.90S,00:02,Q2 00:02,24.048333333333332,257,3pt,MISS Teague 24' 3PT Jump Shot,[],Teague,0,0,Missed,True,False,201952.0,,rebound,rebound,,,,200794|201143|201162|201564|201952|202688|202714|203088|203507|2594,200794|201143|201952|202714|2594,201162|201564|202688|203088|203507,-205.0,134.0,1610612737.0,21400434,True
2,PT00M01.90S,00:01,Q2 00:01,24.031666666666666,258,rebound,Dudley REBOUND (Off:0 Def:2),[],Dudley,0,0,,False,False,201162.0,,3pt missed,3pt missed,,,,200794|201143|201162|201564|201952|202688|202714|203088|203507|2594,201162|201564|202688|203088|203507,200794|201143|201952|202714|2594,,,1610612749.0,21400434,True
2,PT00M00.00S,00:00,Q2 00:00,24.0,259,3pt,MISS Antetokounmpo 25' 3PT Jump Shot,[],Antetokounmpo,0,0,Missed,True,False,203507.0,,rebound,rebound,,,,200794|201143|201162|201564|201952|202688|202714|203088|203507|2594,201162|201564|202688|203088|203507,200794|201143|201952|202714|2594,-59.0,241.0,1610612749.0,21400434,True
2,PT00M00.00S,00:00,Q2 00:00,24.0,260,rebound,TEAM offensive REBOUND,['team'],,0,0,,False,False,0.0,,3pt missed,period,,,,200794|201143|201162|201564|201952|202688|202714|203088|203507|2594,201162|201564|202688|203088|203507,200794|201143|201952|202714|2594,,,1610612749.0,21400434,True
2,PT00M00.00S,00:00,Q2 00:00,24.0,261,period,End of 2nd Period (8:35 PM EST),[],,42,58,,False,False,0.0,,rebound,period,,,,200794|201143|201162|201564|201952|202688|202714|203088|203507|2594,200794|201143|201952|202714|2594,201162|201564|202688|203088|203507,,,1610612737.0,21400434,True
3,PT12M00.00S,12:00,Q3 12:00,24.0,263,period,Start of 3rd Period (8:51 PM EST),[],,42,58,,False,False,0.0,,period,substitution,,,,200794|201143|201162|201564|201952|202688|202714|203088|203507|2594,200794|201143|201952|202714|2594,201162|201564|202688|203088|203507,,,1610612737.0,21400434,True
3,PT11M49.00S,11:49,Q3 11:49,23.816666666666666,264,3pt,MISS Knight 26' 3PT Jump Shot,[],Knight,0,0,Missed,True,False,202688.0,,substitution,rebound,,,,200794|201143|201952|201960|202688|203088|203507|203948|2585|2594,202688|203088|203507|203948|2585,200794|201143|201952|201960|2594,40.0,252.0,1610612749.0,21400434,True
3,PT11M48.00S,11:48,Q3 11:48,23.8,265,rebound,TEAM defensive REBOUND,['team'],,0,0,,False,False,0.0,,3pt missed,3pt missed,,,,200794|201143|201952|201960|202688|203088|203507|203948|2585|2594,200794|201143|201952|201960|2594,202688|203088|203507|203948|2585,,,1610612737.0,21400434,True
3,PT11M32.00S,11:32,Q3 11:32,23.53333333333333,266,3pt,MISS Teague 24' 3PT Jump Shot,[],Teague,0,0,Missed,True,False,201952.0,,rebound,rebound,,,,200794|201143|201952|201960|202688|203088|203507|203948|2585|2594,200794|201143|201952|201960|2594,202688|203088|203507|203948|2585,-114.0,213.0,1610612737.0,21400434,True
3,PT11M29.00S,11:29,Q3 11:29,23.483333333333334,267,rebound,TEAM offensive REBOUND,['team'],,0,0,,False,False,0.0,,3pt missed,2pt made,,,,200794|201143|201952|201960|202688|203088|203507|203948|2585|2594,200794|201143|201952|201960|2594,202688|203088|203507|203948|2585,,,1610612737.0,21400434,True
3,PT11M26.00S,11:26,Q3 11:26,23.433333333333334,268,2pt,Horford 2' Layup (8 PTS) (Korver 3 AST),"['2ndchance', 'pointsinthepaint']",Horford,44,58,Made,True,True,201143.0,2594.0,rebound,2pt made,,,,200794|201143|201952|201960|202688|203088|203507|203948|2585|2594,200794|201143|201952|201960|2594,202688|203088|203507|203948|2585,23.0,1.0,1610612737.0,21400434,True
3,PT11M06.00S,11:06,Q3 11:06,23.1,269,2pt,Pachulia 14' Jump Shot (2 PTS) (Marshall 4 AST),['pointsinthepaint'],Pachulia,44,60,Made,True,True,2585.0,203088.0,2pt made,3pt missed,,,,200794|201143|201952|201960|202688|203088|203507|203948|2585|2594,202688|203088|203507|203948|2585,200794|201143|201952|201960|2594,-59.0,124.0,1610612749.0,21400434,True
3,PT10M56.00S,10:56,Q3 10:56,22.933333333333334,270,3pt,MISS Korver  3PT Jump Shot,[],Korver,0,0,Missed,True,False,2594.0,,2pt made,rebound,,,,200794|201143|201952|201960|202688|203088|203507|203948|2585|2594,200794|201143|201952|201960|2594,202688|203088|203507|203948|2585,-232.0,-2.0,1610612737.0,21400434,True
3,PT10M54.00S,10:54,Q3 10:54,22.9,271,rebound,O'Bryant REBOUND (Off:1 Def:2),[],O'Bryant III,0,0,,False,False,203948.0,,3pt missed,2pt missed,,,,200794|201143|201952|201960|202688|203088|203507|203948|2585|2594,202688|203088|203507|203948|2585,200794|201143|201952|201960|2594,,,1610612749.0,21400434,True
3,PT10M43.00S,10:43,Q3 10:43,22.71666666666667,272,2pt,MISS Pachulia 15' Jump Shot,[],Pachulia,0,0,Missed,True,False,2585.0,,rebound,rebound,,,,200794|201143|201952|201960|202688|203088|203507|203948|2585|2594,202688|203088|203507|203948|2585,200794|201143|201952|201960|2594,149.0,31.0,1610612749.0,21400434,True
3,PT10M42.00S,10:42,Q3 10:42,22.7,273,rebound,Horford REBOUND (Off:0 Def:4),[],Horford,0,0,,False,False,201143.0,,2pt missed,3pt missed,,,,200794|201143|201952|201960|202688|203088|203507|203948|2585|2594,200794|201143|201952|201960|2594,202688|203088|203507|203948|2585,,,1610612737.0,21400434,True
3,PT10M35.00S,10:35,Q3 10:35,22.583333333333336,274,3pt,MISS Carroll 24' 3PT Jump Shot,[],Carroll,0,0,Missed,True,False,201960.0,,rebound,rebound,,,,200794|201143|201952|201960|202688|203088|203507|203948|2585|2594,200794|201143|201952|201960|2594,202688|203088|203507|203948|2585,-188.0,153.0,1610612737.0,21400434,True
3,PT10M33.00S,10:33,Q3 10:33,22.55,275,rebound,Millsap REBOUND (Off:2 Def:5),[],Millsap,0,0,,False,False,200794.0,,3pt missed,turnover,,,,200794|201143|201952|201960|202688|203088|203507|203948|2585|2594,200794|201143|201952|201960|2594,202688|203088|203507|203948|2585,,,1610612737.0,21400434,True
3,PT10M32.00S,10:32,Q3 10:32,22.53333333333333,276,turnover,Millsap Lost Ball Turnover (P2.T13),[],Millsap,0,0,,False,False,200794.0,,rebound,steal,,,,200794|201143|201952|201960|202688|203088|203507|203948|2585|2594,200794|201143|201952|201960|2594,202688|203088|203507|203948|2585,,,1610612737.0,21400434,True
3,PT10M32.00S,10:32,Q3 10:32,22.53333333333333,276,steal,Knight STEAL (1 STL),[],Knight,0,0,,False,False,202688.0,,turnover,foul,,202688.0,,200794|201143|201952|201960|202688|203088|203507|203948|2585|2594,202688|203088|203507|203948|2585,200794|201143|201952|201960|2594,,,1610612749.0,21400434,True
3,PT10M30.00S,10:30,Q3 10:30,22.5,277,foul,Antetokounmpo Offensive Charge Foul (P2.T1),[],Antetokounmpo,0,0,,False,False,203507.0,,steal,turnover,2594.0,,,200794|201143|201952|201960|202688|203088|203507|203948|2585|2594,202688|203088|203507|203948|2585,200794|201143|201952|201960|2594,,,1610612749.0,21400434,True
3,PT10M30.00S,10:30,Q3 10:30,22.5,278,turnover,Antetokounmpo Foul Turnover (P3.T11),[],Antetokounmpo,0,0,,False,False,203507.0,,foul,2pt missed,,,,200794|201143|201952|201960|202688|203088|203507|203948|2585|2594,202688|203088|203507|203948|2585,200794|201143|201952|201960|2594,,,1610612749.0,21400434,True
3,PT10M18.00S,10:18,Q3 10:18,22.3,280,2pt,MISS Korver 18' Pullup Jump Shot,[],Korver,0,0,Missed,True,False,2594.0,,turnover,rebound,,,,200794|201143|201952|201960|202688|203088|203507|203948|2585|2594,200794|201143|201952|201960|2594,202688|203088|203507|203948|2585,-21.0,176.0,1610612737.0,21400434,True
3,PT10M16.00S,10:16,Q3 10:16,22.266666666666666,281,rebound,Pachulia REBOUND (Off:1 Def:3),[],Pachulia,0,0,,False,False,2585.0,,2pt missed,2pt made,,,,200794|201143|201952|201960|202688|203088|203507|203948|2585|2594,202688|203088|203507|203948|2585,200794|201143|201952|201960|2594,,,1610612749.0,21400434,True
3,PT09M56.00S,09:56,Q3 09:56,21.933333333333334,282,2pt,Pachulia 2' Layup (4 PTS) (Marshall 5 AST),['pointsinthepaint'],Pachulia,44,62,Made,True,True,2585.0,203088.0,rebound,2pt missed,,,,200794|201143|201952|201960|202688|203088|203507|203948|2585|2594,202688|203088|203507|203948|2585,200794|201143|201952|201960|2594,24.0,6.0,1610612749.0,21400434,True
3,PT09M40.00S,09:40,Q3 09:40,21.666666666666664,283,2pt,MISS Millsap 2' Layup,['pointsinthepaint'],Millsap,0,0,Missed,True,False,200794.0,,2pt made,block,,,,200794|201143|201952|201960|202688|203088|203507|203948|2585|2594,200794|201143|201952|201960|2594,202688|203088|203507|203948|2585,-16.0,3.0,1610612737.0,21400434,True
3,PT09M40.00S,09:40,Q3 09:40,21.666666666666664,283,block,Antetokounmpo BLOCK (1 BLK),[],Antetokounmpo,0,0,,False,False,203507.0,,2pt missed,rebound,,,203507.0,200794|201143|201952|201960|202688|203088|203507|203948|2585|2594,202688|203088|203507|203948|2585,200794|201143|201952|201960|2594,,,1610612749.0,21400434,True
3,PT09M38.00S,09:38,Q3 09:38,21.633333333333333,284,rebound,Millsap REBOUND (Off:3 Def:5),[],Millsap,0,0,,False,False,200794.0,,block,2pt made,,,,200794|201143|201952|201960|202688|203088|203507|203948|2585|2594,200794|201143|201952|201960|2594,202688|203088|203507|203948|2585,,,1610612737.0,21400434,True
3,PT09M32.00S,09:32,Q3 09:32,21.53333333333333,285,2pt,Horford 1' Layup (10 PTS) (Millsap 2 AST),['pointsinthepaint'],Horford,46,62,Made,True,True,201143.0,200794.0,rebound,2pt missed,,,,200794|201143|201952|201960|202688|203088|203507|203948|2585|2594,200794|201143|201952|201960|2594,202688|203088|203507|203948|2585,13.0,4.0,1610612737.0,21400434,True
3,PT09M10.00S,09:10,Q3 09:10,21.166666666666664,286,2pt,MISS Marshall 18' Pullup Jump Shot,[],Marshall,0,0,Missed,True,False,203088.0,,2pt made,rebound,,,,200794|201143|201952|201960|202688|203088|203507|203948|2585|2594,202688|203088|203507|203948|2585,200794|201143|201952|201960|2594,-52.0,172.0,1610612749.0,21400434,True
3,PT09M08.00S,09:08,Q3 09:08,21.133333333333333,287,rebound,Carroll REBOUND (Off:0 Def:3),[],Carroll,0,0,,False,False,201960.0,,2pt missed,2pt made,,,,200794|201143|201952|201960|202688|203088|203507|203948|2585|2594,200794|201143|201952|201960|2594,202688|203088|203507|203948|2585,,,1610612737.0,21400434,True
3,PT08M57.00S,08:57,Q3 08:57,20.95,288,2pt,Teague 1' Driving Finger Roll Layup (10 PTS),['pointsinthepaint'],Teague,48,62,Made,True,False,201952.0,,rebound,2pt made,,,,200794|201143|201952|201960|202688|203088|203507|203948|2585|2594,200794|201143|201952|201960|2594,202688|203088|203507|203948|2585,1.0,11.0,1610612737.0,21400434,True
3,PT08M41.00S,08:41,Q3 08:41,20.683333333333334,289,2pt,Pachulia 19' Jump Shot (6 PTS) (Knight 2 AST),[],Pachulia,48,64,Made,True,True,2585.0,202688.0,2pt made,2pt missed,,,,200794|201143|201952|201960|202688|203088|203507|203948|2585|2594,202688|203088|203507|203948|2585,200794|201143|201952|201960|2594,-34.0,186.0,1610612749.0,21400434,True
3,PT08M21.00S,08:21,Q3 08:21,20.35,290,2pt,MISS Teague 2' Driving Layup,['pointsinthepaint'],Teague,0,0,Missed,True,False,201952.0,,2pt made,rebound,,,,200794|201143|201952|201960|202688|203088|203507|203948|2585|2594,200794|201143|201952|201960|2594,202688|203088|203507|203948|2585,-8.0,20.0,1610612737.0,21400434,True
3,PT08M20.00S,08:20,Q3 08:20,20.333333333333336,291,rebound,Carroll REBOUND (Off:1 Def:3),[],Carroll,0,0,,False,False,201960.0,,2pt missed,turnover,,,,200794|201143|201952|201960|202688|203088|203507|203948|2585|2594,200794|201143|201952|201960|2594,202688|203088|203507|203948|2585,,,1610612737.0,21400434,True
3,PT08M18.00S,08:18,Q3 08:18,20.3,292,turnover,Carroll Bad Pass Turnover (P3.T14),[],Carroll,0,0,,False,False,201960.0,,rebound,steal,,,,200794|201143|201952|201960|202688|203088|203507|203948|2585|2594,200794|201143|201952|201960|2594,202688|203088|203507|203948|2585,,,1610612737.0,21400434,True
3,PT08M18.00S,08:18,Q3 08:18,20.3,292,steal,Knight STEAL (2 STL),[],Knight,0,0,,False,False,202688.0,,turnover,2pt made,,202688.0,,200794|201143|201952|201960|202688|203088|203507|203948|2585|2594,202688|203088|203507|203948|2585,200794|201143|201952|201960|2594,,,1610612749.0,21400434,True
3,PT08M15.00S,08:15,Q3 08:15,20.25,293,2pt,Knight  Running Dunk (9 PTS),['pointsinthepaint'],Knight,48,66,Made,True,False,202688.0,,steal,2pt made,,,,200794|201143|201952|201960|202688|203088|203507|203948|2585|2594,202688|203088|203507|203948|2585,200794|201143|201952|201960|2594,0.0,1.0,1610612749.0,21400434,True
3,PT07M50.00S,07:50,Q3 07:50,19.833333333333332,294,2pt,Horford 5' Hook Shot (12 PTS),['pointsinthepaint'],Horford,50,66,Made,True,False,201143.0,,2pt made,2pt made,,,,200794|201143|201952|201960|202688|203088|203507|203948|2585|2594,200794|201143|201952|201960|2594,202688|203088|203507|203948|2585,0.0,53.0,1610612737.0,21400434,True
3,PT07M39.00S,07:39,Q3 07:39,19.65,295,2pt,Knight 22' Pullup Jump Shot (11 PTS),[],Knight,50,68,Made,True,False,202688.0,,2pt made,2pt missed,,,,200794|201143|201952|201960|202688|203088|203507|203948|2585|2594,202688|203088|203507|203948|2585,200794|201143|201952|201960|2594,174.0,129.0,1610612749.0,21400434,True
3,PT07M23.00S,07:23,Q3 07:23,19.383333333333333,296,2pt,MISS Korver 1' Reverse Layup,['pointsinthepaint'],Korver,0,0,Missed,True,False,2594.0,,2pt made,rebound,,,,200794|201143|201952|201960|202688|203088|203507|203948|2585|2594,200794|201143|201952|201960|2594,202688|203088|203507|203948|2585,-8.0,-2.0,1610612737.0,21400434,True
3,PT07M20.00S,07:20,Q3 07:20,19.333333333333332,297,rebound,Pachulia REBOUND (Off:1 Def:4),[],Pachulia,0,0,,False,False,2585.0,,2pt missed,3pt made,,,,200794|201143|201952|201960|202688|203088|203507|203948|2585|2594,202688|203088|203507|203948|2585,200794|201143|201952|201960|2594,,,1610612749.0,21400434,True
3,PT07M09.00S,07:09,Q3 07:09,19.15,298,3pt,Knight 27' 3PT Jump Shot (14 PTS) (Antetokounmpo 5 AST),[],Knight,50,71,Made,True,True,202688.0,203507.0,rebound,timeout,,,,200794|201143|201952|201960|202688|203088|203507|203948|2585|2594,202688|203088|203507|203948|2585,200794|201143|201952|201960|2594,13.0,274.0,1610612749.0,21400434,True
3,PT07M08.00S,07:08,Q3 07:08,19.133333333333333,299,timeout,HAWKS Timeout: Regular (Full 3 Short 1),[],,0,0,,False,False,0.0,,3pt made,turnover,,,,200794|201143|201952|201960|202688|203088|203507|203948|2585|2594,200794|201143|201952|201960|2594,202688|203088|203507|203948|2585,,,1610612737.0,21400434,True
3,PT06M48.00S,06:48,Q3 06:48,18.8,301,turnover,Millsap Lost Ball Turnover (P3.T15),[],Millsap,0,0,,False,False,200794.0,,timeout,steal,,,,200794|201143|201952|201960|202688|203088|203507|203948|2585|2594,200794|201143|201952|201960|2594,202688|203088|203507|203948|2585,,,1610612737.0,21400434,True
3,PT06M48.00S,06:48,Q3 06:48,18.8,301,steal,Pachulia STEAL (2 STL),[],Pachulia,0,0,,False,False,2585.0,,turnover,turnover,,2585.0,,200794|201143|201952|201960|202688|203088|203507|203948|2585|2594,202688|203088|203507|203948|2585,200794|201143|201952|201960|2594,,,1610612749.0,21400434,True
3,PT06M34.00S,06:34,Q3 06:34,18.566666666666666,302,turnover,Pachulia Lost Ball Turnover (P2.T12),[],Pachulia,0,0,,False,False,2585.0,,steal,steal,,,,200794|201143|201952|201960|202688|203088|203507|203948|2585|2594,202688|203088|203507|203948|2585,200794|201143|201952|201960|2594,,,1610612749.0,21400434,True
3,PT06M34.00S,06:34,Q3 06:34,18.566666666666666,302,steal,Teague STEAL (3 STL),[],Teague,0,0,,False,False,201952.0,,turnover,2pt made,,201952.0,,200794|201143|201952|201960|202688|203088|203507|203948|2585|2594,200794|201143|201952|201960|2594,202688|203088|203507|203948|2585,,,1610612737.0,21400434,True
3,PT06M30.00S,06:30,Q3 06:30,18.5,303,2pt,Teague 2' Running Layup (12 PTS),['pointsinthepaint'],Teague,52,71,Made,True,False,201952.0,,steal,foul,,,,200794|201143|201952|201960|202688|203088|203507|203948|2585|2594,200794|201143|201952|201960|2594,202688|203088|203507|203948|2585,18.0,0.0,1610612737.0,21400434,True
3,PT06M13.00S,06:13,Q3 06:13,18.21666666666667,304,foul,Carroll S.FOUL (P2.T1),[],Carroll,0,0,,False,False,201960.0,,2pt made,freethrow,203948.0,,,200794|201143|201952|201960|202688|203088|203507|203948|2585|2594,200794|201143|201952|201960|2594,202688|203088|203507|203948|2585,,,1610612737.0,21400434,True
3,PT06M13.00S,06:13,Q3 06:13,18.21666666666667,305,freethrow,MISS O'Bryant Free Throw 1 of 2,[],O'Bryant III,0,0,Missed,False,False,203948.0,,foul,rebound,,,,200794|201143|201952|201960|202688|203088|203507|203948|2585|2594,202688|203088|203507|203948|2585,200794|201143|201952|201960|2594,,,1610612749.0,21400434,True
3,PT06M13.00S,06:13,Q3 06:13,18.21666666666667,306,rebound,TEAM offensive REBOUND,['team'],,0,0,,False,False,0.0,,freethrow,freethrow,,,,200794|201143|201952|201960|202688|203088|203507|203948|2585|2594,202688|203088|203507|203948|2585,200794|201143|201952|201960|2594,,,1610612749.0,21400434,True
3,PT06M13.00S,06:13,Q3 06:13,18.21666666666667,307,freethrow,O'Bryant Free Throw 2 of 2 (9 PTS),['2ndchance'],O'Bryant III,52,72,Made,False,False,203948.0,,rebound,3pt missed,,,,200794|201143|201952|201960|202688|203088|203507|203948|2585|2594,202688|203088|203507|203948|2585,200794|201143|201952|201960|2594,,,1610612749.0,21400434,True
3,PT05M55.00S,05:55,Q3 05:55,17.916666666666668,310,3pt,MISS Korver 25' 3PT Jump Shot,[],Korver,0,0,Missed,True,False,2594.0,,freethrow,rebound,,,,200794|201143|201952|201960|202688|203088|203507|203948|2585|2594,200794|201143|201952|201960|2594,202688|203088|203507|203948|2585,-123.0,213.0,1610612737.0,21400434,True
3,PT05M55.00S,05:55,Q3 05:55,17.916666666666668,311,rebound,TEAM defensive REBOUND,['team'],,0,0,,False,False,0.0,,3pt missed,foul,,,,200794|201143|201952|201960|202688|203088|203507|203948|2585|2594,202688|203088|203507|203948|2585,200794|201143|201952|201960|2594,,,1610612749.0,21400434,True
3,PT05M55.00S,05:55,Q3 05:55,17.916666666666668,313,foul,Carroll L.B.FOUL (P3.T2),[],Carroll,0,0,,False,False,201960.0,,rebound,3pt missed,203088.0,,,200794|201143|201952|201960|202688|203088|203507|203948|2585|2594,200794|201143|201952|201960|2594,202688|203088|203507|203948|2585,,,1610612737.0,21400434,True
3,PT05M35.00S,05:35,Q3 05:35,17.583333333333332,314,3pt,MISS Marshall 27' 3PT Jump Shot,[],Marshall,0,0,Missed,True,False,203088.0,,foul,rebound,,,,200794|201143|201952|201960|202688|203088|203507|203948|2585|2594,202688|203088|203507|203948|2585,200794|201143|201952|201960|2594,165.0,213.0,1610612749.0,21400434,True
3,PT05M33.00S,05:33,Q3 05:33,17.55,315,rebound,Knight REBOUND (Off:1 Def:4),[],Knight,0,0,,False,False,202688.0,,3pt missed,foul,,,,200794|201143|201952|201960|202688|203088|203507|203948|2585|2594,202688|203088|203507|203948|2585,200794|201143|201952|201960|2594,,,1610612749.0,21400434,True
3,PT05M32.00S,05:32,Q3 05:32,17.53333333333333,316,foul,Teague S.FOUL (P3.T3),[],Teague,0,0,,False,False,201952.0,,rebound,freethrow,202688.0,,,200794|201143|201952|201960|202688|203088|203507|203948|2585|2594,200794|201143|201952|201960|2594,202688|203088|203507|203948|2585,,,1610612737.0,21400434,True
3,PT05M32.00S,05:32,Q3 05:32,17.53333333333333,317,freethrow,Knight Free Throw 1 of 2 (15 PTS),[],Knight,52,73,Made,False,False,202688.0,,foul,freethrow,,,,200794|201143|201952|201960|202688|203088|203507|203948|2585|2594,202688|203088|203507|203948|2585,200794|201143|201952|201960|2594,,,1610612749.0,21400434,True
3,PT05M32.00S,05:32,Q3 05:32,17.53333333333333,319,freethrow,Knight Free Throw 2 of 2 (16 PTS),[],Knight,52,74,Made,False,False,202688.0,,freethrow,2pt missed,,,,200794|201143|201952|201960|202688|203088|203507|203948|2585|2594,202688|203088|203507|203948|2585,200794|201143|201952|201960|2594,,,1610612749.0,21400434,True
3,PT05M19.00S,05:19,Q3 05:19,17.316666666666666,321,2pt,MISS Horford 17' Jump Shot,[],Horford,0,0,Missed,True,False,201143.0,,freethrow,rebound,,,,200794|201143|201952|201960|202688|203088|203507|203948|2585|2594,200794|201143|201952|201960|2594,202688|203088|203507|203948|2585,-168.0,-11.0,1610612737.0,21400434,True
3,PT05M17.00S,05:17,Q3 05:17,17.28333333333333,322,rebound,Antetokounmpo REBOUND (Off:0 Def:4),[],Antetokounmpo,0,0,,False,False,203507.0,,2pt missed,substitution,,,,200794|201143|201952|201960|202688|203088|203507|203948|2585|2594,202688|203088|203507|203948|2585,200794|201143|201952|201960|2594,,,1610612749.0,21400434,True
3,PT05M05.00S,05:05,Q3 05:05,17.083333333333332,325,substitution,SUB out: A. Horford,[],Horford,0,0,,False,False,201143.0,,rebound,substitution,,,,200794|201952|201960|202688|203088|203507|203948|2585|2594,200794|201952|201960|2594,202688|203088|203507|203948|2585,,,1610612737.0,21400434,False
3,PT05M05.00S,05:05,Q3 05:05,17.083333333333332,326,substitution,SUB out: K. Korver,[],Korver,0,0,,False,False,2594.0,,substitution,substitution,,,,200794|201952|201960|202688|203088|203507|203948|2585,200794|201952|201960,202688|203088|203507|203948|2585,,,1610612737.0,21400434,False
3,PT05M05.00S,05:05,Q3 05:05,17.083333333333332,327,substitution,SUB in: E. Brand,[],Brand,0,0,,False,False,1882.0,,substitution,substitution,,,,1882|200794|201952|201960|202688|203088|203507|203948|2585,1882|200794|201952|201960,202688|203088|203507|203948|2585,,,1610612737.0,21400434,False
3,PT05M05.00S,05:05,Q3 05:05,17.083333333333332,328,substitution,SUB in: T. Sefolosha,[],Sefolosha,0,0,,False,False,200757.0,,substitution,foul,,,,1882|200757|200794|201952|201960|202688|203088|203507|203948|2585,1882|200757|200794|201952|201960,202688|203088|203507|203948|2585,,,1610612737.0,21400434,True
3,PT05M01.00S,05:01,Q3 05:01,17.016666666666666,328,foul,Teague P.FOUL (P4.T4),[],Teague,0,0,,False,False,201952.0,,substitution,3pt missed,202688.0,,,1882|200757|200794|201952|201960|202688|203088|203507|203948|2585,1882|200757|200794|201952|201960,202688|203088|203507|203948|2585,,,1610612737.0,21400434,True
3,PT04M48.00S,04:48,Q3 04:48,16.8,329,3pt,MISS Knight 25' 3PT Jump Shot,[],Knight,0,0,Missed,True,False,202688.0,,foul,rebound,,,,1882|200757|200794|201952|201960|202688|203088|203507|203948|2585,202688|203088|203507|203948|2585,1882|200757|200794|201952|201960,-205.0,145.0,1610612749.0,21400434,True
3,PT04M47.00S,04:47,Q3 04:47,16.78333333333333,330,rebound,Millsap REBOUND (Off:3 Def:6),[],Millsap,0,0,,False,False,200794.0,,3pt missed,foul,,,,1882|200757|200794|201952|201960|202688|203088|203507|203948|2585,1882|200757|200794|201952|201960,202688|203088|203507|203948|2585,,,1610612737.0,21400434,True
3,PT04M41.00S,04:41,Q3 04:41,16.683333333333334,331,foul,Pachulia P.FOUL (P3.T2),[],Pachulia,0,0,,False,False,2585.0,,rebound,substitution,200794.0,,,1882|200757|200794|201952|201960|202688|203088|203507|203948|2585,202688|203088|203507|203948|2585,1882|200757|200794|201952|201960,,,1610612749.0,21400434,True
3,PT04M41.00S,04:41,Q3 04:41,16.683333333333334,332,substitution,SUB out: J. Teague,[],Teague,0,0,,False,False,201952.0,,foul,substitution,,,,1882|200757|200794|201960|202688|203088|203507|203948|2585,1882|200757|200794|201960,202688|203088|203507|203948|2585,,,1610612737.0,21400434,False
3,PT04M41.00S,04:41,Q3 04:41,16.683333333333334,333,substitution,SUB out: Z. Pachulia,[],Pachulia,0,0,,False,False,2585.0,,substitution,substitution,,,,1882|200757|200794|201960|202688|203088|203507|203948,202688|203088|203507|203948,1882|200757|200794|201960,,,1610612749.0,21400434,False
3,PT04M41.00S,04:41,Q3 04:41,16.683333333333334,334,substitution,SUB in: D. Schroder,[],Schroder,0,0,,False,False,203471.0,,substitution,substitution,,,,1882|200757|200794|201960|202688|203088|203471|203507|203948,1882|200757|200794|201960|203471,202688|203088|203507|203948,,,1610612737.0,21400434,False
3,PT04M41.00S,04:41,Q3 04:41,16.683333333333334,335,substitution,SUB in: J. Dudley,[],Dudley,0,0,,False,False,201162.0,,substitution,timeout,,,,1882|200757|200794|201162|201960|202688|203088|203471|203507|203948,201162|202688|203088|203507|203948,1882|200757|200794|201960|203471,,,1610612749.0,21400434,True
3,PT04M38.00S,04:38,Q3 04:38,16.633333333333333,334,timeout,HAWKS Timeout: Short (Full 3 Short 2),[],,0,0,,False,False,0.0,,substitution,2pt missed,,,,1882|200757|200794|201162|201960|202688|203088|203471|203507|203948,1882|200757|200794|201960|203471,201162|202688|203088|203507|203948,,,1610612737.0,21400434,True
3,PT04M28.00S,04:28,Q3 04:28,16.46666666666667,338,2pt,MISS Millsap 3' Driving Jump Shot,['pointsinthepaint'],Millsap,0,0,Missed,True,False,200794.0,,timeout,rebound,,,,1882|200757|200794|201162|201960|202688|203088|203471|203507|203948,1882|200757|200794|201960|203471,201162|202688|203088|203507|203948,2.0,34.0,1610612737.0,21400434,True
3,PT04M27.00S,04:27,Q3 04:27,16.45,339,rebound,Brand REBOUND (Off:1 Def:0),[],Brand,0,0,,False,False,1882.0,,2pt missed,2pt missed,,,,1882|200757|200794|201162|201960|202688|203088|203471|203507|203948,1882|200757|200794|201960|203471,201162|202688|203088|203507|203948,,,1610612737.0,21400434,True
3,PT04M24.00S,04:24,Q3 04:24,16.4,340,2pt,MISS Sefolosha 4' Driving Layup,['pointsinthepaint'],Sefolosha,0,0,Missed,True,False,200757.0,,rebound,block,,,,1882|200757|200794|201162|201960|202688|203088|203471|203507|203948,1882|200757|200794|201960|203471,201162|202688|203088|203507|203948,-17.0,35.0,1610612737.0,21400434,True
3,PT04M24.00S,04:24,Q3 04:24,16.4,340,block,Knight BLOCK (1 BLK),[],Knight,0,0,,False,False,202688.0,,2pt missed,turnover,,,202688.0,1882|200757|200794|201162|201960|202688|203088|203471|203507|203948,201162|202688|203088|203507|203948,1882|200757|200794|201960|203471,,,1610612749.0,21400434,True
3,PT04M18.00S,04:18,Q3 04:18,16.3,341,turnover,Millsap Out of Bounds Lost Ball Turnover (P4.T16),[],Millsap,0,0,,False,False,200794.0,,block,rebound,,,,1882|200757|200794|201162|201960|202688|203088|203471|203507|203948,1882|200757|200794|201960|203471,201162|202688|203088|203507|203948,,,1610612737.0,21400434,True
3,PT04M18.00S,04:18,Q3 04:18,16.3,355,rebound,TEAM offensive REBOUND,['team'],,0,0,,False,False,0.0,,turnover,turnover,,,,1882|200757|200794|201162|201960|202688|203088|203471|203507|203948,1882|200757|200794|201960|203471,201162|202688|203088|203507|203948,,,1610612737.0,21400434,True
3,PT04M01.00S,04:01,Q3 04:01,16.016666666666666,342,turnover,Marshall Bad Pass Turnover (P1.T13),[],Marshall,0,0,,False,False,203088.0,,rebound,steal,,,,1882|200757|200794|201162|201960|202688|203088|203471|203507|203948,201162|202688|203088|203507|203948,1882|200757|200794|201960|203471,,,1610612749.0,21400434,True
3,PT04M01.00S,04:01,Q3 04:01,16.016666666666666,342,steal,Brand STEAL (1 STL),[],Brand,0,0,,False,False,1882.0,,turnover,foul,,1882.0,,1882|200757|200794|201162|201960|202688|203088|203471|203507|203948,1882|200757|200794|201960|203471,201162|202688|203088|203507|203948,,,1610612737.0,21400434,True
3,PT03M50.00S,03:50,Q3 03:50,15.833333333333334,343,foul,O'Bryant P.FOUL (P1.T3),[],O'Bryant III,0,0,,False,False,203948.0,,steal,substitution,,,,1882|200757|200794|201162|201960|202688|203088|203471|203507|203948,201162|202688|203088|203507|203948,1882|200757|200794|201960|203471,,,1610612749.0,21400434,True
3,PT03M50.00S,03:50,Q3 03:50,15.833333333333334,344,substitution,SUB out: D. Carroll,[],Carroll,0,0,,False,False,201960.0,,foul,substitution,,,,1882|200757|200794|201162|202688|203088|203471|203507|203948,1882|200757|200794|203471,201162|202688|203088|203507|203948,,,1610612737.0,21400434,False
3,PT03M50.00S,03:50,Q3 03:50,15.833333333333334,345,substitution,SUB out: J. O'Bryant III,[],O'Bryant III,0,0,,False,False,203948.0,,substitution,substitution,,,,1882|200757|200794|201162|202688|203088|203471|203507,201162|202688|203088|203507,1882|200757|200794|203471,,,1610612749.0,21400434,False
3,PT03M50.00S,03:50,Q3 03:50,15.833333333333334,346,substitution,SUB out: K. Marshall,[],Marshall,0,0,,False,False,203088.0,,substitution,substitution,,,,1882|200757|200794|201162|202688|203471|203507,201162|202688|203507,1882|200757|200794|203471,,,1610612749.0,21400434,False
3,PT03M50.00S,03:50,Q3 03:50,15.833333333333334,347,substitution,SUB in: K. Korver,[],Korver,0,0,,False,False,2594.0,,substitution,substitution,,,,1882|200757|200794|201162|202688|203471|203507|2594,1882|200757|200794|203471|2594,201162|202688|203507,,,1610612737.0,21400434,False
3,PT03M50.00S,03:50,Q3 03:50,15.833333333333334,348,substitution,SUB in: J. Henson,[],Henson,0,0,,False,False,203089.0,,substitution,substitution,,,,1882|200757|200794|201162|202688|203089|203471|203507|2594,201162|202688|203089|203507,1882|200757|200794|203471|2594,,,1610612749.0,21400434,False
3,PT03M50.00S,03:50,Q3 03:50,15.833333333333334,349,substitution,SUB in: J. Bayless,[],Bayless,0,0,,False,False,201573.0,,substitution,turnover,,,,1882|200757|200794|201162|201573|202688|203089|203471|203507|2594,201162|201573|202688|203089|203507,1882|200757|200794|203471|2594,,,1610612749.0,21400434,True
3,PT03M36.00S,03:36,Q3 03:36,15.6,347,turnover,HAWKS Turnover: Shot Clock (T#17),[],,0,0,,False,False,1610612737.0,,substitution,3pt made,,,,1882|200757|200794|201162|201573|202688|203089|203471|203507|2594,1882|200757|200794|203471|2594,201162|201573|202688|203089|203507,,,0.0,21400434,True
3,PT03M25.00S,03:25,Q3 03:25,15.416666666666666,348,3pt,Dudley 25' 3PT Jump Shot (18 PTS) (Bayless 3 AST),[],Dudley,52,77,Made,True,True,201162.0,201573.0,turnover,turnover,,,,1882|200757|200794|201162|201573|202688|203089|203471|203507|2594,201162|201573|202688|203089|203507,1882|200757|200794|203471|2594,-86.0,230.0,1610612749.0,21400434,True
3,PT03M10.00S,03:10,Q3 03:10,15.166666666666666,349,turnover,Schroder Bad Pass Turnover (P3.T18),[],Schroder,0,0,,False,False,203471.0,,3pt made,steal,,,,1882|200757|200794|201162|201573|202688|203089|203471|203507|2594,1882|200757|200794|203471|2594,201162|201573|202688|203089|203507,,,1610612737.0,21400434,True
3,PT03M10.00S,03:10,Q3 03:10,15.166666666666666,349,steal,Dudley STEAL (4 STL),[],Dudley,0,0,,False,False,201162.0,,turnover,2pt made,,201162.0,,1882|200757|200794|201162|201573|202688|203089|203471|203507|2594,201162|201573|202688|203089|203507,1882|200757|200794|203471|2594,,,1610612749.0,21400434,True
3,PT03M05.00S,03:05,Q3 03:05,15.083333333333334,350,2pt,Bayless  Alley Oop Dunk (12 PTS) (Knight 3 AST),['pointsinthepaint'],Bayless,52,79,Made,True,True,201573.0,202688.0,steal,foul,,,,1882|200757|200794|201162|201573|202688|203089|203471|203507|2594,201162|201573|202688|203089|203507,1882|200757|200794|203471|2594,0.0,1.0,1610612749.0,21400434,True
3,PT02M47.00S,02:47,Q3 02:47,14.783333333333333,351,foul,Henson S.FOUL (P2.T4),[],Henson,0,0,,False,False,203089.0,,2pt made,timeout,200794.0,,,1882|200757|200794|201162|201573|202688|203089|203471|203507|2594,201162|201573|202688|203089|203507,1882|200757|200794|203471|2594,,,1610612749.0,21400434,True
3,PT02M47.00S,02:47,Q3 02:47,14.783333333333333,352,timeout,Bucks Timeout: Regular (Reg.3 Short 0),[],,0,0,,False,False,0.0,,foul,freethrow,,,,1882|200757|200794|201162|201573|202688|203089|203471|203507|2594,201162|201573|202688|203089|203507,1882|200757|200794|203471|2594,,,1610612749.0,21400434,True
3,PT02M47.00S,02:47,Q3 02:47,14.783333333333333,357,freethrow,Millsap Free Throw 1 of 2 (19 PTS),[],Millsap,53,79,Made,False,False,200794.0,,timeout,freethrow,,,,1882|200757|200794|201162|201573|202688|203089|203471|203507|2594,1882|200757|200794|203471|2594,201162|201573|202688|203089|203507,,,1610612737.0,21400434,True
3,PT02M47.00S,02:47,Q3 02:47,14.783333333333333,359,freethrow,Millsap Free Throw 2 of 2 (20 PTS),[],Millsap,54,79,Made,False,False,200794.0,,freethrow,substitution,,,,1882|200757|200794|201162|201573|202688|203089|203471|203507|2594,1882|200757|200794|203471|2594,201162|201573|202688|203089|203507,,,1610612737.0,21400434,True
3,PT02M47.00S,02:47,Q3 02:47,14.783333333333333,353,substitution,SUB out: D. Schroder,[],Schroder,0,0,,False,False,203471.0,,freethrow,substitution,,,,1882|200757|200794|201162|201573|202688|203089|203507|2594,1882|200757|200794|2594,201162|201573|202688|203089|203507,,,1610612737.0,21400434,False
3,PT02M47.00S,02:47,Q3 02:47,14.783333333333333,354,substitution,SUB in: S. Mack,[],Mack,0,0,,False,False,202714.0,,substitution,foul,,,,1882|200757|200794|201162|201573|202688|202714|203089|203507|2594,1882|200757|200794|202714|2594,201162|201573|202688|203089|203507,,,1610612737.0,21400434,True
3,PT02M24.00S,02:24,Q3 02:24,14.4,362,foul,Brand S.FOUL (P1.PN),['inpenalty'],Brand,0,0,,False,False,1882.0,,substitution,freethrow,203089.0,,,1882|200757|200794|201162|201573|202688|202714|203089|203507|2594,1882|200757|200794|202714|2594,201162|201573|202688|203089|203507,,,1610612737.0,21400434,True
3,PT02M24.00S,02:24,Q3 02:24,14.4,363,freethrow,Henson Free Throw 1 of 2 (3 PTS),[],Henson,54,80,Made,False,False,203089.0,,foul,freethrow,,,,1882|200757|200794|201162|201573|202688|202714|203089|203507|2594,201162|201573|202688|203089|203507,1882|200757|200794|202714|2594,,,1610612749.0,21400434,True
3,PT02M24.00S,02:24,Q3 02:24,14.4,366,freethrow,Henson Free Throw 2 of 2 (4 PTS),[],Henson,54,81,Made,False,False,203089.0,,freethrow,turnover,,,,1882|200757|200794|201162|201573|202688|202714|203089|203507|2594,201162|201573|202688|203089|203507,1882|200757|200794|202714|2594,,,1610612749.0,21400434,True
3,PT02M18.00S,02:18,Q3 02:18,14.3,369,turnover,Korver Bad Pass Turnover (P2.T19),[],Korver,0,0,,False,False,2594.0,,freethrow,turnover,,,,1882|200757|200794|201162|201573|202688|202714|203089|203507|2594,1882|200757|200794|202714|2594,201162|201573|202688|203089|203507,,,1610612737.0,21400434,True
3,PT02M08.00S,02:08,Q3 02:08,14.133333333333333,371,turnover,Knight Bad Pass Turnover (P3.T14),[],Knight,0,0,,False,False,202688.0,,turnover,steal,,,,1882|200757|200794|201162|201573|202688|202714|203089|203507|2594,201162|201573|202688|203089|203507,1882|200757|200794|202714|2594,,,1610612749.0,21400434,True
3,PT02M08.00S,02:08,Q3 02:08,14.133333333333333,371,steal,Mack STEAL (1 STL),[],Mack,0,0,,False,False,202714.0,,turnover,foul,,202714.0,,1882|200757|200794|201162|201573|202688|202714|203089|203507|2594,1882|200757|200794|202714|2594,201162|201573|202688|203089|203507,,,1610612737.0,21400434,True
3,PT02M06.00S,02:06,Q3 02:06,14.1,372,foul,Dudley P.FOUL (P2.PN),[],Dudley,0,0,,False,False,201162.0,,steal,substitution,203118.0,,,1882|200757|200794|201162|201573|202688|202714|203089|203507|2594,201162|201573|202688|203089|203507,1882|200757|200794|202714|2594,,,1610612749.0,21400434,True
3,PT02M06.00S,02:06,Q3 02:06,14.1,373,substitution,SUB out: E. Brand,[],Brand,0,0,,False,False,1882.0,,foul,substitution,,,,200757|200794|201162|201573|202688|202714|203089|203507|2594,200757|200794|202714|2594,201162|201573|202688|203089|203507,,,1610612737.0,21400434,False
3,PT02M06.00S,02:06,Q3 02:06,14.1,374,substitution,SUB in: M. Scott,[],Scott,0,0,,False,False,203118.0,,substitution,2pt made,,,,200757|200794|201162|201573|202688|202714|203089|203118|203507|2594,200757|200794|202714|203118|2594,201162|201573|202688|203089|203507,,,1610612737.0,21400434,True
3,PT01M56.00S,01:56,Q3 01:56,13.933333333333334,375,2pt,Scott 23' Jump Shot (2 PTS) (Mack 1 AST),[],Scott,56,81,Made,True,True,203118.0,202714.0,substitution,2pt missed,,,,200757|200794|201162|201573|202688|202714|203089|203118|203507|2594,200757|200794|202714|203118|2594,201162|201573|202688|203089|203507,86.0,213.0,1610612737.0,21400434,True
3,PT01M38.00S,01:38,Q3 01:38,13.633333333333333,376,2pt,MISS Antetokounmpo 22' Jump Shot,[],Antetokounmpo,0,0,Missed,True,False,203507.0,,2pt made,rebound,,,,200757|200794|201162|201573|202688|202714|203089|203118|203507|2594,201162|201573|202688|203089|203507,200757|200794|202714|203118|2594,-174.0,132.0,1610612749.0,21400434,True
3,PT01M37.00S,01:37,Q3 01:37,13.616666666666667,377,rebound,Millsap REBOUND (Off:3 Def:7),[],Millsap,0,0,,False,False,200794.0,,2pt missed,2pt missed,,,,200757|200794|201162|201573|202688|202714|203089|203118|203507|2594,200757|200794|202714|203118|2594,201162|201573|202688|203089|203507,,,1610612737.0,21400434,True
3,PT01M24.00S,01:24,Q3 01:24,13.4,378,2pt,MISS Scott 21' Jump Shot,[],Scott,0,0,Missed,True,False,203118.0,,rebound,rebound,,,,200757|200794|201162|201573|202688|202714|203089|203118|203507|2594,200757|200794|202714|203118|2594,201162|201573|202688|203089|203507,-157.0,132.0,1610612737.0,21400434,True
3,PT01M22.00S,01:22,Q3 01:22,13.366666666666667,379,rebound,Antetokounmpo REBOUND (Off:0 Def:5),[],Antetokounmpo,0,0,,False,False,203507.0,,2pt missed,2pt missed,,,,200757|200794|201162|201573|202688|202714|203089|203118|203507|2594,201162|201573|202688|203089|203507,200757|200794|202714|203118|2594,,,1610612749.0,21400434,True
3,PT00M58.90S,00:58,Q3 00:58,12.981666666666667,380,2pt,MISS Antetokounmpo 2' Hook Shot,['pointsinthepaint'],Antetokounmpo,0,0,Missed,True,False,203507.0,,rebound,rebound,,,,200757|200794|201162|201573|202688|202714|203089|203118|203507|2594,201162|201573|202688|203089|203507,200757|200794|202714|203118|2594,9.0,17.0,1610612749.0,21400434,True
3,PT00M55.90S,00:55,Q3 00:55,12.931666666666667,381,rebound,Korver REBOUND (Off:0 Def:2),[],Korver,0,0,,False,False,2594.0,,2pt missed,2pt missed,,,,200757|200794|201162|201573|202688|202714|203089|203118|203507|2594,200757|200794|202714|203118|2594,201162|201573|202688|203089|203507,,,1610612737.0,21400434,True
3,PT00M50.90S,00:50,Q3 00:50,12.848333333333333,382,2pt,MISS Scott 2' Running Reverse Layup,['pointsinthepaint'],Scott,0,0,Missed,True,False,203118.0,,rebound,block,,,,200757|200794|201162|201573|202688|202714|203089|203118|203507|2594,200757|200794|202714|203118|2594,201162|201573|202688|203089|203507,15.0,1.0,1610612737.0,21400434,True
3,PT00M50.90S,00:50,Q3 00:50,12.848333333333333,382,block,Antetokounmpo BLOCK (2 BLK),[],Antetokounmpo,0,0,,False,False,203507.0,,2pt missed,rebound,,,203507.0,200757|200794|201162|201573|202688|202714|203089|203118|203507|2594,201162|201573|202688|203089|203507,200757|200794|202714|203118|2594,,,1610612749.0,21400434,True
3,PT00M48.90S,00:48,Q3 00:48,12.815,383,rebound,Dudley REBOUND (Off:0 Def:3),[],Dudley,0,0,,False,False,201162.0,,block,2pt missed,,,,200757|200794|201162|201573|202688|202714|203089|203118|203507|2594,201162|201573|202688|203089|203507,200757|200794|202714|203118|2594,,,1610612749.0,21400434,True
3,PT00M30.90S,00:30,Q3 00:30,12.515,384,2pt,MISS Bayless 11' Floating Jump Shot,['pointsinthepaint'],Bayless,0,0,Missed,True,False,201573.0,,rebound,rebound,,,,200757|200794|201162|201573|202688|202714|203089|203118|203507|2594,201162|201573|202688|203089|203507,200757|200794|202714|203118|2594,54.0,101.0,1610612749.0,21400434,True
3,PT00M29.90S,00:29,Q3 00:29,12.498333333333333,385,rebound,Millsap REBOUND (Off:3 Def:8),[],Millsap,0,0,,False,False,200794.0,,2pt missed,foul,,,,200757|200794|201162|201573|202688|202714|203089|203118|203507|2594,200757|200794|202714|203118|2594,201162|201573|202688|203089|203507,,,1610612737.0,21400434,True
3,PT00M29.40S,00:29,Q3 00:29,12.49,386,foul,Bayless L.B.FOUL (P1.PN),['inpenalty'],Bayless,0,0,,False,False,201573.0,,rebound,freethrow,200794.0,,,200757|200794|201162|201573|202688|202714|203089|203118|203507|2594,201162|201573|202688|203089|203507,200757|200794|202714|203118|2594,,,1610612749.0,21400434,True
3,PT00M29.40S,00:29,Q3 00:29,12.49,387,freethrow,Millsap Free Throw 1 of 2 (21 PTS),[],Millsap,57,81,Made,False,False,200794.0,,foul,freethrow,,,,200757|200794|201162|201573|202688|202714|203089|203118|203507|2594,200757|200794|202714|203118|2594,201162|201573|202688|203089|203507,,,1610612737.0,21400434,True
3,PT00M29.40S,00:29,Q3 00:29,12.49,391,freethrow,Millsap Free Throw 2 of 2 (22 PTS),[],Millsap,58,81,Made,False,False,200794.0,,freethrow,substitution,,,,200757|200794|201162|201573|202688|202714|203089|203118|203507|2594,200757|200794|202714|203118|2594,201162|201573|202688|203089|203507,,,1610612737.0,21400434,True
3,PT00M29.40S,00:29,Q3 00:29,12.49,389,substitution,SUB out: B. Knight,[],Knight,0,0,,False,False,202688.0,,freethrow,substitution,,,,200757|200794|201162|201573|202714|203089|203118|203507|2594,201162|201573|203089|203507,200757|200794|202714|203118|2594,,,1610612749.0,21400434,False
3,PT00M29.40S,00:29,Q3 00:29,12.49,390,substitution,SUB out: G. Antetokounmpo,[],Antetokounmpo,0,0,,False,False,203507.0,,substitution,substitution,,,,200757|200794|201162|201573|202714|203089|203118|2594,201162|201573|203089,200757|200794|202714|203118|2594,,,1610612749.0,21400434,False
3,PT00M29.40S,00:29,Q3 00:29,12.49,391,substitution,SUB in: O. Mayo,[],Mayo,0,0,,False,False,201564.0,,substitution,substitution,,,,200757|200794|201162|201564|201573|202714|203089|203118|2594,201162|201564|201573|203089,200757|200794|202714|203118|2594,,,1610612749.0,21400434,False
3,PT00M29.40S,00:29,Q3 00:29,12.49,392,substitution,SUB in: K. Middleton,[],Middleton,0,0,,False,False,203114.0,,substitution,2pt missed,,,,200757|200794|201162|201564|201573|202714|203089|203114|203118|2594,201162|201564|201573|203089|203114,200757|200794|202714|203118|2594,,,1610612749.0,21400434,True
3,PT00M04.80S,00:04,Q3 00:04,12.08,394,2pt,MISS Middleton 15' Driving Jump Shot,[],Middleton,0,0,Missed,True,False,203114.0,,substitution,rebound,,,,200757|200794|201162|201564|201573|202714|203089|203114|203118|2594,201162|201564|201573|203089|203114,200757|200794|202714|203118|2594,10.0,149.0,1610612749.0,21400434,True
3,PT00M01.00S,00:01,Q3 00:01,12.016666666666667,395,rebound,Korver REBOUND (Off:0 Def:3),[],Korver,0,0,,False,False,2594.0,,2pt missed,instant replay,,,,200757|200794|201162|201564|201573|202714|203089|203114|203118|2594,200757|200794|202714|203118|2594,201162|201564|201573|203089|203114,,,1610612737.0,21400434,True
3,PT00M00.00S,00:00,Q3 00:00,12.0,398,period,End of 3rd Period (9:19 PM EST),[],,58,81,,False,False,0.0,,instant replay,period,,,,200757|200794|201162|201564|201573|202714|203089|203114|203118|2594,200757|200794|202714|203118|2594,201162|201564|201573|203089|203114,,,1610612737.0,21400434,True
4,PT12M00.00S,12:00,Q4 12:00,12.0,400,period,Start of 4th Period (9:20 PM EST),[],,58,81,,False,False,0.0,,period,substitution,,,,200757|200794|201162|201564|201573|202714|203089|203114|203118|2594,200757|200794|202714|203118|2594,201162|201564|201573|203089|203114,,,1610612737.0,21400434,True
4,PT11M44.00S,11:44,Q4 11:44,11.733333333333333,401,2pt,MISS Sefolosha 6' Jump Shot,['pointsinthepaint'],Sefolosha,0,0,Missed,True,False,200757.0,,substitution,rebound,,,,200757|201143|201162|201564|201573|202714|203089|203114|203118|2594,200757|201143|202714|203118|2594,201162|201564|201573|203089|203114,-52.0,28.0,1610612737.0,21400434,True
4,PT11M43.00S,11:43,Q4 11:43,11.716666666666667,402,rebound,Sefolosha REBOUND (Off:1 Def:2),[],Sefolosha,0,0,,False,False,200757.0,,2pt missed,2pt made,,,,200757|201143|201162|201564|201573|202714|203089|203114|203118|2594,200757|201143|202714|203118|2594,201162|201564|201573|203089|203114,,,1610612737.0,21400434,True
4,PT11M37.00S,11:37,Q4 11:37,11.616666666666667,403,2pt,Sefolosha 2' Driving Layup (6 PTS) (Korver 4 AST),['pointsinthepaint'],Sefolosha,60,81,Made,True,True,200757.0,2594.0,rebound,2pt made,,,,200757|201143|201162|201564|201573|202714|203089|203114|203118|2594,200757|201143|202714|203118|2594,201162|201564|201573|203089|203114,-18.0,4.0,1610612737.0,21400434,True
4,PT11M17.00S,11:17,Q4 11:17,11.283333333333333,404,2pt,Middleton 6' Driving Jump Shot (2 PTS) (Dudley 2 AST),['pointsinthepaint'],Middleton,60,83,Made,True,True,203114.0,201162.0,2pt made,2pt missed,,,,200757|201143|201162|201564|201573|202714|203089|203114|203118|2594,201162|201564|201573|203089|203114,200757|201143|202714|203118|2594,-54.0,11.0,1610612749.0,21400434,True
4,PT11M09.00S,11:09,Q4 11:09,11.15,405,2pt,MISS Mack 18' Pullup Jump Shot,[],Mack,0,0,Missed,True,False,202714.0,,2pt made,rebound,,,,200757|201143|201162|201564|201573|202714|203089|203114|203118|2594,200757|201143|202714|203118|2594,201162|201564|201573|203089|203114,179.0,20.0,1610612737.0,21400434,True
4,PT11M08.00S,11:08,Q4 11:08,11.133333333333333,406,rebound,Henson REBOUND (Off:1 Def:4),[],Henson,0,0,,False,False,203089.0,,2pt missed,2pt missed,,,,200757|201143|201162|201564|201573|202714|203089|203114|203118|2594,201162|201564|201573|203089|203114,200757|201143|202714|203118|2594,,,1610612749.0,21400434,True
4,PT10M54.00S,10:54,Q4 10:54,10.9,407,2pt,MISS Mayo 8' Driving Jump Shot,['pointsinthepaint'],Mayo,0,0,Missed,True,False,201564.0,,rebound,rebound,,,,200757|201143|201162|201564|201573|202714|203089|203114|203118|2594,201162|201564|201573|203089|203114,200757|201143|202714|203118|2594,70.0,48.0,1610612749.0,21400434,True
4,PT10M52.00S,10:52,Q4 10:52,10.866666666666667,408,rebound,Horford REBOUND (Off:0 Def:5),[],Horford,0,0,,False,False,201143.0,,2pt missed,turnover,,,,200757|201143|201162|201564|201573|202714|203089|203114|203118|2594,200757|201143|202714|203118|2594,201162|201564|201573|203089|203114,,,1610612737.0,21400434,True
4,PT10M50.00S,10:50,Q4 10:50,10.833333333333334,409,turnover,Horford Bad Pass Turnover (P3.T20),[],Horford,0,0,,False,False,201143.0,,rebound,2pt made,,,,200757|201143|201162|201564|201573|202714|203089|203114|203118|2594,200757|201143|202714|203118|2594,201162|201564|201573|203089|203114,,,1610612737.0,21400434,True
4,PT10M29.00S,10:29,Q4 10:29,10.483333333333333,410,2pt,Dudley 18' Jump Shot (20 PTS) (Mayo 2 AST),[],Dudley,60,85,Made,True,True,201162.0,201564.0,turnover,foul,,,,200757|201143|201162|201564|201573|202714|203089|203114|203118|2594,201162|201564|201573|203089|203114,200757|201143|202714|203118|2594,-150.0,105.0,1610612749.0,21400434,True
4,PT10M15.00S,10:15,Q4 10:15,10.25,411,foul,Henson S.FOUL (P3.T1),[],Henson,0,0,,False,False,203089.0,,2pt made,freethrow,201143.0,,,200757|201143|201162|201564|201573|202714|203089|203114|203118|2594,201162|201564|201573|203089|203114,200757|201143|202714|203118|2594,,,1610612749.0,21400434,True
4,PT10M15.00S,10:15,Q4 10:15,10.25,412,freethrow,MISS Horford Free Throw 1 of 2,[],Horford,0,0,Missed,False,False,201143.0,,foul,rebound,,,,200757|201143|201162|201564|201573|202714|203089|203114|203118|2594,200757|201143|202714|203118|2594,201162|201564|201573|203089|203114,,,1610612737.0,21400434,True
4,PT10M15.00S,10:15,Q4 10:15,10.25,413,rebound,TEAM offensive REBOUND,['team'],,0,0,,False,False,0.0,,freethrow,freethrow,,,,200757|201143|201162|201564|201573|202714|203089|203114|203118|2594,200757|201143|202714|203118|2594,201162|201564|201573|203089|203114,,,1610612737.0,21400434,True
4,PT10M15.00S,10:15,Q4 10:15,10.25,414,freethrow,Horford Free Throw 2 of 2 (13 PTS),['2ndchance'],Horford,61,85,Made,False,False,201143.0,,rebound,foul,,,,200757|201143|201162|201564|201573|202714|203089|203114|203118|2594,200757|201143|202714|203118|2594,201162|201564|201573|203089|203114,,,1610612737.0,21400434,True
4,PT10M02.00S,10:02,Q4 10:02,10.033333333333333,416,foul,Horford S.FOUL (P1.T1),[],Horford,0,0,,False,False,201143.0,,freethrow,freethrow,203089.0,,,200757|201143|201162|201564|201573|202714|203089|203114|203118|2594,200757|201143|202714|203118|2594,201162|201564|201573|203089|203114,,,1610612737.0,21400434,True
4,PT10M02.00S,10:02,Q4 10:02,10.033333333333333,417,freethrow,MISS Henson Free Throw 1 of 2,[],Henson,0,0,Missed,False,False,203089.0,,foul,rebound,,,,200757|201143|201162|201564|201573|202714|203089|203114|203118|2594,201162|201564|201573|203089|203114,200757|201143|202714|203118|2594,,,1610612749.0,21400434,True
4,PT10M02.00S,10:02,Q4 10:02,10.033333333333333,418,rebound,TEAM offensive REBOUND,['team'],,0,0,,False,False,0.0,,freethrow,freethrow,,,,200757|201143|201162|201564|201573|202714|203089|203114|203118|2594,201162|201564|201573|203089|203114,200757|201143|202714|203118|2594,,,1610612749.0,21400434,True
4,PT10M02.00S,10:02,Q4 10:02,10.033333333333333,420,freethrow,Henson Free Throw 2 of 2 (5 PTS),[],Henson,61,86,Made,False,False,203089.0,,rebound,substitution,,,,200757|201143|201162|201564|201573|202714|203089|203114|203118|2594,201162|201564|201573|203089|203114,200757|201143|202714|203118|2594,,,1610612749.0,21400434,True
4,PT10M02.00S,10:02,Q4 10:02,10.033333333333333,419,substitution,SUB out: K. Korver,[],Korver,0,0,,False,False,2594.0,,freethrow,substitution,,,,200757|201143|201162|201564|201573|202714|203089|203114|203118,200757|201143|202714|203118,201162|201564|201573|203089|203114,,,1610612737.0,21400434,False
4,PT10M02.00S,10:02,Q4 10:02,10.033333333333333,420,substitution,SUB in: D. Schroder,[],Schroder,0,0,,False,False,203471.0,,substitution,2pt missed,,,,200757|201143|201162|201564|201573|202714|203089|203114|203118|203471,200757|201143|202714|203118|203471,201162|201564|201573|203089|203114,,,1610612737.0,21400434,True
4,PT09M50.00S,09:50,Q4 09:50,9.833333333333334,422,2pt,MISS Schroder 5' Floating Jump Shot,['pointsinthepaint'],Schroder,0,0,Missed,True,False,203471.0,,substitution,rebound,,,,200757|201143|201162|201564|201573|202714|203089|203114|203118|203471,200757|201143|202714|203118|203471,201162|201564|201573|203089|203114,-7.0,47.0,1610612737.0,21400434,True
4,PT09M49.00S,09:49,Q4 09:49,9.816666666666666,423,rebound,Mayo REBOUND (Off:1 Def:3),[],Mayo,0,0,,False,False,201564.0,,2pt missed,2pt made,,,,200757|201143|201162|201564|201573|202714|203089|203114|203118|203471,201162|201564|201573|203089|203114,200757|201143|202714|203118|203471,,,1610612749.0,21400434,True
4,PT09M36.00S,09:36,Q4 09:36,9.6,424,2pt,Dudley 18' Jump Shot (22 PTS) (Mayo 3 AST),[],Dudley,61,88,Made,True,True,201162.0,201564.0,rebound,foul,,,,200757|201143|201162|201564|201573|202714|203089|203114|203118|203471,201162|201564|201573|203089|203114,200757|201143|202714|203118|203471,179.0,42.0,1610612749.0,21400434,True
4,PT09M22.00S,09:22,Q4 09:22,9.366666666666667,425,foul,Mayo P.FOUL (P2.T2),[],Mayo,0,0,,False,False,201564.0,,2pt made,substitution,202714.0,,,200757|201143|201162|201564|201573|202714|203089|203114|203118|203471,201162|201564|201573|203089|203114,200757|201143|202714|203118|203471,,,1610612749.0,21400434,True
4,PT09M22.00S,09:22,Q4 09:22,9.366666666666667,426,substitution,SUB out: A. Horford,[],Horford,0,0,,False,False,201143.0,,foul,substitution,,,,200757|201162|201564|201573|202714|203089|203114|203118|203471,200757|202714|203118|203471,201162|201564|201573|203089|203114,,,1610612737.0,21400434,False
4,PT09M22.00S,09:22,Q4 09:22,9.366666666666667,427,substitution,SUB in: A. Payne,[],Payne,0,0,,False,False,203940.0,,substitution,2pt made,,,,200757|201162|201564|201573|202714|203089|203114|203118|203471|203940,200757|202714|203118|203471|203940,201162|201564|201573|203089|203114,,,1610612737.0,21400434,True
4,PT09M07.00S,09:07,Q4 09:07,9.116666666666667,427,2pt,Mack 9' Running Jump Shot (2 PTS),[],Mack,63,88,Made,True,False,202714.0,,substitution,3pt missed,,,,200757|201162|201564|201573|202714|203089|203114|203118|203471|203940,200757|202714|203118|203471|203940,201162|201564|201573|203089|203114,-82.0,30.0,1610612737.0,21400434,True
4,PT08M44.00S,08:44,Q4 08:44,8.733333333333333,428,3pt,MISS Middleton  3PT Jump Shot,[],Middleton,0,0,Missed,True,False,203114.0,,2pt made,rebound,,,,200757|201162|201564|201573|202714|203089|203114|203118|203471|203940,201162|201564|201573|203089|203114,200757|202714|203118|203471|203940,226.0,-6.0,1610612749.0,21400434,True
4,PT08M43.00S,08:43,Q4 08:43,8.716666666666667,429,rebound,Mack REBOUND (Off:0 Def:1),[],Mack,0,0,,False,False,202714.0,,3pt missed,3pt made,,,,200757|201162|201564|201573|202714|203089|203114|203118|203471|203940,200757|202714|203118|203471|203940,201162|201564|201573|203089|203114,,,1610612737.0,21400434,True
4,PT08M35.00S,08:35,Q4 08:35,8.583333333333334,430,3pt,Scott 26' 3PT Jump Shot (5 PTS) (Mack 2 AST),[],Scott,66,88,Made,True,True,203118.0,202714.0,rebound,2pt made,,,,200757|201162|201564|201573|202714|203089|203114|203118|203471|203940,200757|202714|203118|203471|203940,201162|201564|201573|203089|203114,12.0,257.0,1610612737.0,21400434,True
4,PT08M20.00S,08:20,Q4 08:20,8.333333333333334,431,2pt,Mayo 1' Running Finger Roll Layup (7 PTS) (Henson 1 AST),['pointsinthepaint'],Mayo,66,90,Made,True,True,201564.0,203089.0,3pt made,2pt made,,,,200757|201162|201564|201573|202714|203089|203114|203118|203471|203940,201162|201564|201573|203089|203114,200757|202714|203118|203471|203940,13.0,-2.0,1610612749.0,21400434,True
4,PT07M57.00S,07:57,Q4 07:57,7.95,432,2pt,Sefolosha 2' Driving Reverse Layup (8 PTS),['pointsinthepaint'],Sefolosha,68,90,Made,True,False,200757.0,,2pt made,2pt missed,,,,200757|201162|201564|201573|202714|203089|203114|203118|203471|203940,200757|202714|203118|203471|203940,201162|201564|201573|203089|203114,20.0,4.0,1610612737.0,21400434,True
4,PT07M37.00S,07:37,Q4 07:37,7.616666666666667,433,2pt,MISS Henson 3' Hook Shot,['pointsinthepaint'],Henson,0,0,Missed,True,False,203089.0,,2pt made,rebound,,,,200757|201162|201564|201573|202714|203089|203114|203118|203471|203940,201162|201564|201573|203089|203114,200757|202714|203118|203471|203940,-18.0,23.0,1610612749.0,21400434,True
4,PT07M36.00S,07:36,Q4 07:36,7.6,434,rebound,Dudley REBOUND (Off:1 Def:3),[],Dudley,0,0,,False,False,201162.0,,2pt missed,2pt made,,,,200757|201162|201564|201573|202714|203089|203114|203118|203471|203940,201162|201564|201573|203089|203114,200757|202714|203118|203471|203940,,,1610612749.0,21400434,True
4,PT07M35.00S,07:35,Q4 07:35,7.583333333333333,435,2pt,Dudley  Putback Layup (24 PTS),['pointsinthepaint'],Dudley,68,92,Made,True,False,201162.0,,rebound,turnover,,,,200757|201162|201564|201573|202714|203089|203114|203118|203471|203940,201162|201564|201573|203089|203114,200757|202714|203118|203471|203940,0.0,-3.0,1610612749.0,21400434,True
4,PT07M14.00S,07:14,Q4 07:14,7.233333333333333,436,turnover,Mack Bad Pass Turnover (P1.T21),[],Mack,0,0,,False,False,202714.0,,2pt made,steal,,,,200757|201162|201564|201573|202714|203089|203114|203118|203471|203940,200757|202714|203118|203471|203940,201162|201564|201573|203089|203114,,,1610612737.0,21400434,True
4,PT07M14.00S,07:14,Q4 07:14,7.233333333333333,436,steal,Henson STEAL (2 STL),[],Henson,0,0,,False,False,203089.0,,turnover,2pt made,,203089.0,,200757|201162|201564|201573|202714|203089|203114|203118|203471|203940,201162|201564|201573|203089|203114,200757|202714|203118|203471|203940,,,1610612749.0,21400434,True
4,PT07M09.00S,07:09,Q4 07:09,7.15,437,2pt,Mayo  Running Layup (9 PTS) (Henson 2 AST),['pointsinthepaint'],Mayo,68,94,Made,True,True,201564.0,203089.0,steal,timeout,,,,200757|201162|201564|201573|202714|203089|203114|203118|203471|203940,201162|201564|201573|203089|203114,200757|202714|203118|203471|203940,0.0,4.0,1610612749.0,21400434,True
4,PT07M08.00S,07:08,Q4 07:08,7.133333333333334,438,timeout,HAWKS Timeout: Regular (Full 4 Short 2),[],,0,0,,False,False,0.0,,2pt made,substitution,,,,200757|201162|201564|201573|202714|203089|203114|203118|203471|203940,200757|202714|203118|203471|203940,201162|201564|201573|203089|203114,,,1610612737.0,21400434,True
4,PT07M08.00S,07:08,Q4 07:08,7.133333333333334,440,substitution,SUB out: T. Sefolosha,[],Sefolosha,0,0,,False,False,200757.0,,timeout,substitution,,,,201162|201564|201573|202714|203089|203114|203118|203471|203940,202714|203118|203471|203940,201162|201564|201573|203089|203114,,,1610612737.0,21400434,False
4,PT07M08.00S,07:08,Q4 07:08,7.133333333333334,441,substitution,SUB out: J. Henson,[],Henson,0,0,,False,False,203089.0,,substitution,substitution,,,,201162|201564|201573|202714|203114|203118|203471|203940,201162|201564|201573|203114,202714|203118|203471|203940,,,1610612749.0,21400434,False
4,PT07M08.00S,07:08,Q4 07:08,7.133333333333334,442,substitution,SUB in: K. Bazemore,[],Bazemore,0,0,,False,False,203145.0,,substitution,substitution,,,,201162|201564|201573|202714|203114|203118|203145|203471|203940,202714|203118|203145|203471|203940,201162|201564|201573|203114,,,1610612737.0,21400434,False
4,PT07M08.00S,07:08,Q4 07:08,7.133333333333334,443,substitution,SUB in: Z. Pachulia,[],Pachulia,0,0,,False,False,2585.0,,substitution,2pt missed,,,,201162|201564|201573|202714|203114|203118|203145|203471|203940|2585,201162|201564|201573|203114|2585,202714|203118|203145|203471|203940,,,1610612749.0,21400434,True
4,PT06M52.00S,06:52,Q4 06:52,6.866666666666667,442,2pt,MISS Schroder 10' Driving Jump Shot,['pointsinthepaint'],Schroder,0,0,Missed,True,False,203471.0,,substitution,block,,,,201162|201564|201573|202714|203114|203118|203145|203471|203940|2585,202714|203118|203145|203471|203940,201162|201564|201573|203114|2585,80.0,63.0,1610612737.0,21400434,True
4,PT06M52.00S,06:52,Q4 06:52,6.866666666666667,442,block,Bayless BLOCK (1 BLK),[],Bayless,0,0,,False,False,201573.0,,2pt missed,rebound,,,201573.0,201162|201564|201573|202714|203114|203118|203145|203471|203940|2585,201162|201564|201573|203114|2585,202714|203118|203145|203471|203940,,,1610612749.0,21400434,True
4,PT06M51.00S,06:51,Q4 06:51,6.85,443,rebound,Pachulia REBOUND (Off:1 Def:5),[],Pachulia,0,0,,False,False,2585.0,,block,2pt missed,,,,201162|201564|201573|202714|203114|203118|203145|203471|203940|2585,201162|201564|201573|203114|2585,202714|203118|203145|203471|203940,,,1610612749.0,21400434,True
4,PT06M39.00S,06:39,Q4 06:39,6.65,444,2pt,MISS Middleton 12' Pullup Jump Shot,['pointsinthepaint'],Middleton,0,0,Missed,True,False,203114.0,,rebound,rebound,,,,201162|201564|201573|202714|203114|203118|203145|203471|203940|2585,201162|201564|201573|203114|2585,202714|203118|203145|203471|203940,39.0,118.0,1610612749.0,21400434,True
4,PT06M38.00S,06:38,Q4 06:38,6.633333333333333,445,rebound,Payne REBOUND (Off:1 Def:1),[],Payne,0,0,,False,False,203940.0,,2pt missed,turnover,,,,201162|201564|201573|202714|203114|203118|203145|203471|203940|2585,202714|203118|203145|203471|203940,201162|201564|201573|203114|2585,,,1610612737.0,21400434,True
4,PT06M29.00S,06:29,Q4 06:29,6.483333333333333,446,turnover,Mack Lost Ball Turnover (P2.T22),[],Mack,0,0,,False,False,202714.0,,rebound,steal,,,,201162|201564|201573|202714|203114|203118|203145|203471|203940|2585,202714|203118|203145|203471|203940,201162|201564|201573|203114|2585,,,1610612737.0,21400434,True
4,PT06M29.00S,06:29,Q4 06:29,6.483333333333333,446,steal,Middleton STEAL (2 STL),[],Middleton,0,0,,False,False,203114.0,,turnover,2pt made,,203114.0,,201162|201564|201573|202714|203114|203118|203145|203471|203940|2585,201162|201564|201573|203114|2585,202714|203118|203145|203471|203940,,,1610612749.0,21400434,True
4,PT06M06.00S,06:06,Q4 06:06,6.1,447,2pt,Pachulia 1' Layup (8 PTS) (Bayless 4 AST),['pointsinthepaint'],Pachulia,68,96,Made,True,True,2585.0,201573.0,steal,3pt missed,,,,201162|201564|201573|202714|203114|203118|203145|203471|203940|2585,201162|201564|201573|203114|2585,202714|203118|203145|203471|203940,12.0,0.0,1610612749.0,21400434,True
4,PT05M53.00S,05:53,Q4 05:53,5.883333333333333,448,3pt,MISS Schroder 25' 3PT Jump Shot,[],Schroder,0,0,Missed,True,False,203471.0,,2pt made,rebound,,,,201162|201564|201573|202714|203114|203118|203145|203471|203940|2585,202714|203118|203145|203471|203940,201162|201564|201573|203114|2585,-142.0,200.0,1610612737.0,21400434,True
4,PT05M51.00S,05:51,Q4 05:51,5.85,449,rebound,Pachulia REBOUND (Off:1 Def:6),[],Pachulia,0,0,,False,False,2585.0,,3pt missed,2pt missed,,,,201162|201564|201573|202714|203114|203118|203145|203471|203940|2585,201162|201564|201573|203114|2585,202714|203118|203145|203471|203940,,,1610612749.0,21400434,True
4,PT05M33.00S,05:33,Q4 05:33,5.55,450,2pt,MISS Middleton  Running Layup,['pointsinthepaint'],Middleton,0,0,Missed,True,False,203114.0,,rebound,rebound,,,,201162|201564|201573|202714|203114|203118|203145|203471|203940|2585,201162|201564|201573|203114|2585,202714|203118|203145|203471|203940,0.0,3.0,1610612749.0,21400434,True
4,PT05M31.00S,05:31,Q4 05:31,5.516666666666667,451,rebound,Scott REBOUND (Off:1 Def:2),[],Scott,0,0,,False,False,203118.0,,2pt missed,foul,,,,201162|201564|201573|202714|203114|203118|203145|203471|203940|2585,202714|203118|203145|203471|203940,201162|201564|201573|203114|2585,,,1610612737.0,21400434,True
4,PT05M29.00S,05:29,Q4 05:29,5.483333333333333,452,foul,Dudley P.FOUL (P3.T3),[],Dudley,0,0,,False,False,201162.0,,rebound,timeout,203471.0,,,201162|201564|201573|202714|203114|203118|203145|203471|203940|2585,201162|201564|201573|203114|2585,202714|203118|203145|203471|203940,,,1610612749.0,21400434,True
4,PT05M29.00S,05:29,Q4 05:29,5.483333333333333,453,timeout,Timeout: Official,[],,0,0,,False,False,0.0,,foul,substitution,,,,201162|201564|201573|202714|203114|203118|203145|203471|203940|2585,202714|203118|203145|203471|203940,201162|201564|201573|203114|2585,,,0.0,21400434,True
4,PT05M29.00S,05:29,Q4 05:29,5.483333333333333,454,substitution,SUB out: J. Dudley,[],Dudley,0,0,,False,False,201162.0,,timeout,substitution,,,,201564|201573|202714|203114|203118|203145|203471|203940|2585,201564|201573|203114|2585,202714|203118|203145|203471|203940,,,1610612749.0,21400434,False
4,PT05M29.00S,05:29,Q4 05:29,5.483333333333333,455,substitution,SUB out: M. Scott,[],Scott,0,0,,False,False,203118.0,,substitution,substitution,,,,201564|201573|202714|203114|203145|203471|203940|2585,202714|203145|203471|203940,201564|201573|203114|2585,,,1610612737.0,21400434,False
4,PT05M29.00S,05:29,Q4 05:29,5.483333333333333,456,substitution,SUB in: J. O'Bryant III,[],O'Bryant III,0,0,,False,False,203948.0,,substitution,substitution,,,,201564|201573|202714|203114|203145|203471|203940|203948|2585,201564|201573|203114|203948|2585,202714|203145|203471|203940,,,1610612749.0,21400434,False
4,PT05M29.00S,05:29,Q4 05:29,5.483333333333333,457,substitution,SUB in: M. Muscala,[],Muscala,0,0,,False,False,203488.0,,substitution,2pt missed,,,,201564|201573|202714|203114|203145|203471|203488|203940|203948|2585,202714|203145|203471|203488|203940,201564|201573|203114|203948|2585,,,1610612737.0,21400434,True
4,PT05M16.00S,05:16,Q4 05:16,5.266666666666667,456,2pt,MISS Schroder 20' Pullup Jump Shot,[],Schroder,0,0,Missed,True,False,203471.0,,substitution,rebound,,,,201564|201573|202714|203114|203145|203471|203488|203940|203948|2585,202714|203145|203471|203488|203940,201564|201573|203114|203948|2585,-92.0,179.0,1610612737.0,21400434,True
4,PT05M09.00S,05:09,Q4 05:09,5.15,457,rebound,Mayo REBOUND (Off:1 Def:4),[],Mayo,0,0,,False,False,201564.0,,2pt missed,2pt made,,,,201564|201573|202714|203114|203145|203471|203488|203940|203948|2585,201564|201573|203114|203948|2585,202714|203145|203471|203488|203940,,,1610612749.0,21400434,True
4,PT05M08.00S,05:08,Q4 05:08,5.133333333333334,458,2pt,Mayo  Running Layup (11 PTS),['pointsinthepaint'],Mayo,68,98,Made,True,False,201564.0,,rebound,3pt missed,,,,201564|201573|202714|203114|203145|203471|203488|203940|203948|2585,201564|201573|203114|203948|2585,202714|203145|203471|203488|203940,2.0,3.0,1610612749.0,21400434,True
4,PT04M59.00S,04:59,Q4 04:59,4.983333333333333,459,3pt,MISS Payne 25' 3PT Jump Shot,[],Payne,0,0,Missed,True,False,203940.0,,2pt made,rebound,,,,201564|201573|202714|203114|203145|203471|203488|203940|203948|2585,202714|203145|203471|203488|203940,201564|201573|203114|203948|2585,72.0,241.0,1610612737.0,21400434,True
4,PT04M58.00S,04:58,Q4 04:58,4.966666666666667,460,rebound,O'Bryant REBOUND (Off:1 Def:3),[],O'Bryant III,0,0,,False,False,203948.0,,3pt missed,2pt missed,,,,201564|201573|202714|203114|203145|203471|203488|203940|203948|2585,201564|201573|203114|203948|2585,202714|203145|203471|203488|203940,,,1610612749.0,21400434,True
4,PT04M44.00S,04:44,Q4 04:44,4.733333333333333,461,2pt,MISS Middleton 18' Jump Shot,[],Middleton,0,0,Missed,True,False,203114.0,,rebound,rebound,,,,201564|201573|202714|203114|203145|203471|203488|203940|203948|2585,201564|201573|203114|203948|2585,202714|203145|203471|203488|203940,-93.0,154.0,1610612749.0,21400434,True
4,PT04M43.00S,04:43,Q4 04:43,4.716666666666667,462,rebound,Muscala REBOUND (Off:0 Def:1),[],Muscala,0,0,,False,False,203488.0,,2pt missed,2pt missed,,,,201564|201573|202714|203114|203145|203471|203488|203940|203948|2585,202714|203145|203471|203488|203940,201564|201573|203114|203948|2585,,,1610612737.0,21400434,True
4,PT04M33.00S,04:33,Q4 04:33,4.55,463,2pt,MISS Schroder 19' Pullup Jump Shot,[],Schroder,0,0,Missed,True,False,203471.0,,rebound,rebound,,,,201564|201573|202714|203114|203145|203471|203488|203940|203948|2585,202714|203145|203471|203488|203940,201564|201573|203114|203948|2585,89.0,165.0,1610612737.0,21400434,True
4,PT04M32.00S,04:32,Q4 04:32,4.533333333333333,464,rebound,Middleton REBOUND (Off:0 Def:1),[],Middleton,0,0,,False,False,203114.0,,2pt missed,turnover,,,,201564|201573|202714|203114|203145|203471|203488|203940|203948|2585,201564|201573|203114|203948|2585,202714|203145|203471|203488|203940,,,1610612749.0,21400434,True
4,PT04M14.00S,04:14,Q4 04:14,4.233333333333333,465,turnover,Mayo Out of Bounds Lost Ball Turnover (P2.T15),[],Mayo,0,0,,False,False,201564.0,,rebound,substitution,,,,201564|201573|202714|203114|203145|203471|203488|203940|203948|2585,201564|201573|203114|203948|2585,202714|203145|203471|203488|203940,,,1610612749.0,21400434,True
4,PT04M14.00S,04:14,Q4 04:14,4.233333333333333,466,substitution,SUB out: O. Mayo,[],Mayo,0,0,,False,False,201564.0,,turnover,substitution,,,,201573|202714|203114|203145|203471|203488|203940|203948|2585,201573|203114|203948|2585,202714|203145|203471|203488|203940,,,1610612749.0,21400434,False
4,PT04M14.00S,04:14,Q4 04:14,4.233333333333333,467,substitution,SUB in: N. Wolters,[],Wolters,0,0,,False,False,203489.0,,substitution,3pt missed,,,,201573|202714|203114|203145|203471|203488|203489|203940|203948|2585,201573|203114|203489|203948|2585,202714|203145|203471|203488|203940,,,1610612749.0,21400434,True
4,PT04M03.00S,04:03,Q4 04:03,4.05,468,3pt,MISS Schroder 25' 3PT Jump Shot,[],Schroder,0,0,Missed,True,False,203471.0,,substitution,rebound,,,,201573|202714|203114|203145|203471|203488|203489|203940|203948|2585,202714|203145|203471|203488|203940,201573|203114|203489|203948|2585,-196.0,154.0,1610612737.0,21400434,True
4,PT04M01.00S,04:01,Q4 04:01,4.016666666666667,469,rebound,Pachulia REBOUND (Off:1 Def:7),[],Pachulia,0,0,,False,False,2585.0,,3pt missed,2pt missed,,,,201573|202714|203114|203145|203471|203488|203489|203940|203948|2585,201573|203114|203489|203948|2585,202714|203145|203471|203488|203940,,,1610612749.0,21400434,True
4,PT03M41.00S,03:41,Q4 03:41,3.6833333333333336,470,2pt,MISS O'Bryant 20' Jump Shot,[],O'Bryant III,0,0,Missed,True,False,203948.0,,rebound,rebound,,,,201573|202714|203114|203145|203471|203488|203489|203940|203948|2585,201573|203114|203489|203948|2585,202714|203145|203471|203488|203940,176.0,102.0,1610612749.0,21400434,True
4,PT03M40.00S,03:40,Q4 03:40,3.6666666666666665,471,rebound,Mack REBOUND (Off:0 Def:2),[],Mack,0,0,,False,False,202714.0,,2pt missed,2pt made,,,,201573|202714|203114|203145|203471|203488|203489|203940|203948|2585,202714|203145|203471|203488|203940,201573|203114|203489|203948|2585,,,1610612737.0,21400434,True
4,PT03M36.00S,03:36,Q4 03:36,3.6,472,2pt,Muscala 1' Running Layup (2 PTS) (Mack 3 AST),['pointsinthepaint'],Muscala,70,98,Made,True,True,203488.0,202714.0,rebound,2pt made,,,,201573|202714|203114|203145|203471|203488|203489|203940|203948|2585,202714|203145|203471|203488|203940,201573|203114|203489|203948|2585,13.0,0.0,1610612737.0,21400434,True
4,PT03M22.00S,03:22,Q4 03:22,3.3666666666666667,473,2pt,Pachulia 18' Jump Shot (10 PTS) (Wolters 1 AST),[],Pachulia,70,100,Made,True,True,2585.0,203489.0,2pt made,2pt missed,,,,201573|202714|203114|203145|203471|203488|203489|203940|203948|2585,201573|203114|203489|203948|2585,202714|203145|203471|203488|203940,94.0,151.0,1610612749.0,21400434,True
4,PT03M07.00S,03:07,Q4 03:07,3.1166666666666667,474,2pt,MISS Schroder 2' Driving Layup,['pointsinthepaint'],Schroder,0,0,Missed,True,False,203471.0,,2pt made,rebound,,,,201573|202714|203114|203145|203471|203488|203489|203940|203948|2585,202714|203145|203471|203488|203940,201573|203114|203489|203948|2585,21.0,7.0,1610612737.0,21400434,True
4,PT03M04.00S,03:04,Q4 03:04,3.066666666666667,475,rebound,Wolters REBOUND (Off:0 Def:1),[],Wolters,0,0,,False,False,203489.0,,2pt missed,2pt missed,,,,201573|202714|203114|203145|203471|203488|203489|203940|203948|2585,201573|203114|203489|203948|2585,202714|203145|203471|203488|203940,,,1610612749.0,21400434,True
4,PT02M55.00S,02:55,Q4 02:55,2.9166666666666665,476,2pt,MISS O'Bryant 21' Jump Shot,[],O'Bryant III,0,0,Missed,True,False,203948.0,,rebound,rebound,,,,201573|202714|203114|203145|203471|203488|203489|203940|203948|2585,201573|203114|203489|203948|2585,202714|203145|203471|203488|203940,198.0,78.0,1610612749.0,21400434,True
4,PT02M54.00S,02:54,Q4 02:54,2.9,477,rebound,Payne REBOUND (Off:1 Def:2),[],Payne,0,0,,False,False,203940.0,,2pt missed,turnover,,,,201573|202714|203114|203145|203471|203488|203489|203940|203948|2585,202714|203145|203471|203488|203940,201573|203114|203489|203948|2585,,,1610612737.0,21400434,True
4,PT02M36.00S,02:36,Q4 02:36,2.6,478,turnover,Mack Lost Ball Turnover (P3.T23),[],Mack,0,0,,False,False,202714.0,,rebound,steal,,,,201573|202714|203114|203145|203471|203488|203489|203940|203948|2585,202714|203145|203471|203488|203940,201573|203114|203489|203948|2585,,,1610612737.0,21400434,True
4,PT02M36.00S,02:36,Q4 02:36,2.6,478,steal,Pachulia STEAL (3 STL),[],Pachulia,0,0,,False,False,2585.0,,turnover,timeout,,2585.0,,201573|202714|203114|203145|203471|203488|203489|203940|203948|2585,201573|203114|203489|203948|2585,202714|203145|203471|203488|203940,,,1610612749.0,21400434,True
4,PT02M34.00S,02:34,Q4 02:34,2.5666666666666664,479,timeout,Bucks Timeout: Regular (Reg.4 Short 0),[],,0,0,,False,False,0.0,,steal,substitution,,,,201573|202714|203114|203145|203471|203488|203489|203940|203948|2585,201573|203114|203489|203948|2585,202714|203145|203471|203488|203940,,,1610612749.0,21400434,True
4,PT02M34.00S,02:34,Q4 02:34,2.5666666666666664,481,substitution,SUB out: J. Bayless,[],Bayless,0,0,,False,False,201573.0,,timeout,substitution,,,,202714|203114|203145|203471|203488|203489|203940|203948|2585,203114|203489|203948|2585,202714|203145|203471|203488|203940,,,1610612749.0,21400434,False
4,PT02M34.00S,02:34,Q4 02:34,2.5666666666666664,482,substitution,SUB in: K. Marshall,[],Marshall,0,0,,False,False,203088.0,,substitution,foul,,,,202714|203088|203114|203145|203471|203488|203489|203940|203948|2585,203088|203114|203489|203948|2585,202714|203145|203471|203488|203940,,,1610612749.0,21400434,True
4,PT02M20.00S,02:20,Q4 02:20,2.3333333333333335,483,foul,Payne S.FOUL (P1.T2),[],Payne,0,0,,False,False,203940.0,,substitution,freethrow,2585.0,,,202714|203088|203114|203145|203471|203488|203489|203940|203948|2585,202714|203145|203471|203488|203940,203088|203114|203489|203948|2585,,,1610612737.0,21400434,True
4,PT02M20.00S,02:20,Q4 02:20,2.3333333333333335,484,freethrow,Pachulia Free Throw 1 of 2 (11 PTS),[],Pachulia,70,101,Made,False,False,2585.0,,foul,freethrow,,,,202714|203088|203114|203145|203471|203488|203489|203940|203948|2585,203088|203114|203489|203948|2585,202714|203145|203471|203488|203940,,,1610612749.0,21400434,True
4,PT02M20.00S,02:20,Q4 02:20,2.3333333333333335,486,freethrow,Pachulia Free Throw 2 of 2 (12 PTS),[],Pachulia,70,102,Made,False,False,2585.0,,freethrow,2pt missed,,,,202714|203088|203114|203145|203471|203488|203489|203940|203948|2585,203088|203114|203489|203948|2585,202714|203145|203471|203488|203940,,,1610612749.0,21400434,True
4,PT02M04.00S,02:04,Q4 02:04,2.066666666666667,488,2pt,MISS Payne 2' Driving Layup,['pointsinthepaint'],Payne,0,0,Missed,True,False,203940.0,,freethrow,rebound,,,,202714|203088|203114|203145|203471|203488|203489|203940|203948|2585,202714|203145|203471|203488|203940,203088|203114|203489|203948|2585,-15.0,6.0,1610612737.0,21400434,True
4,PT02M02.00S,02:02,Q4 02:02,2.033333333333333,489,rebound,Wolters REBOUND (Off:0 Def:2),[],Wolters,0,0,,False,False,203489.0,,2pt missed,2pt missed,,,,202714|203088|203114|203145|203471|203488|203489|203940|203948|2585,203088|203114|203489|203948|2585,202714|203145|203471|203488|203940,,,1610612749.0,21400434,True
4,PT01M51.00S,01:51,Q4 01:51,1.85,490,2pt,MISS O'Bryant 15' Fadeaway Jumper,[],O'Bryant III,0,0,Missed,True,False,203948.0,,rebound,rebound,,,,202714|203088|203114|203145|203471|203488|203489|203940|203948|2585,203088|203114|203489|203948|2585,202714|203145|203471|203488|203940,144.0,56.0,1610612749.0,21400434,True
4,PT01M48.00S,01:48,Q4 01:48,1.8,491,rebound,Bazemore REBOUND (Off:0 Def:1),[],Bazemore,0,0,,False,False,203145.0,,2pt missed,2pt made,,,,202714|203088|203114|203145|203471|203488|203489|203940|203948|2585,202714|203145|203471|203488|203940,203088|203114|203489|203948|2585,,,1610612737.0,21400434,True
4,PT01M40.00S,01:40,Q4 01:40,1.6666666666666665,492,2pt,Muscala 16' Jump Shot (4 PTS) (Mack 4 AST),[],Muscala,72,102,Made,True,True,203488.0,202714.0,rebound,foul,,,,202714|203088|203114|203145|203471|203488|203489|203940|203948|2585,202714|203145|203471|203488|203940,203088|203114|203489|203948|2585,159.0,19.0,1610612737.0,21400434,True
4,PT01M29.00S,01:29,Q4 01:29,1.4833333333333334,494,foul,Payne P.FOUL (P2.T3),[],Payne,0,0,,False,False,203940.0,,2pt made,2pt made,2585.0,,,202714|203088|203114|203145|203471|203488|203489|203940|203948|2585,202714|203145|203471|203488|203940,203088|203114|203489|203948|2585,,,1610612737.0,21400434,True
4,PT01M22.00S,01:22,Q4 01:22,1.3666666666666667,495,2pt,Pachulia 20' Jump Shot (14 PTS) (Wolters 2 AST),[],Pachulia,72,104,Made,True,True,2585.0,203489.0,foul,foul,,,,202714|203088|203114|203145|203471|203488|203489|203940|203948|2585,203088|203114|203489|203948|2585,202714|203145|203471|203488|203940,179.0,80.0,1610612749.0,21400434,True
4,PT01M11.00S,01:11,Q4 01:11,1.1833333333333333,496,foul,Marshall P.FOUL (P2.T4),[],Marshall,0,0,,False,False,203088.0,,2pt made,2pt made,203940.0,,,202714|203088|203114|203145|203471|203488|203489|203940|203948|2585,203088|203114|203489|203948|2585,202714|203145|203471|203488|203940,,,1610612749.0,21400434,True
4,PT01M04.00S,01:04,Q4 01:04,1.0666666666666667,497,2pt,Payne 16' Jump Shot (2 PTS) (Schroder 2 AST),[],Payne,74,104,Made,True,True,203940.0,203471.0,foul,2pt made,,,,202714|203088|203114|203145|203471|203488|203489|203940|203948|2585,202714|203145|203471|203488|203940,203088|203114|203489|203948|2585,6.0,160.0,1610612737.0,21400434,True
4,PT00M51.20S,00:51,Q4 00:51,0.8533333333333334,498,2pt,O'Bryant 1' Layup (11 PTS) (Pachulia 2 AST),['pointsinthepaint'],O'Bryant III,74,106,Made,True,True,203948.0,2585.0,2pt made,3pt made,,,,202714|203088|203114|203145|203471|203488|203489|203940|203948|2585,203088|203114|203489|203948|2585,202714|203145|203471|203488|203940,9.0,4.0,1610612749.0,21400434,True
4,PT00M41.20S,00:41,Q4 00:41,0.6866666666666668,499,3pt,Bazemore  3PT Jump Shot (3 PTS) (Muscala 1 AST),[],Bazemore,77,106,Made,True,True,203145.0,203488.0,2pt made,foul,,,,202714|203088|203114|203145|203471|203488|203489|203940|203948|2585,202714|203145|203471|203488|203940,203088|203114|203489|203948|2585,-228.0,25.0,1610612737.0,21400434,True
4,PT00M18.80S,00:18,Q4 00:18,0.31333333333333335,500,foul,Schroder S.FOUL (P4.PN),[],Schroder,0,0,,False,False,203471.0,,3pt made,freethrow,203948.0,,,202714|203088|203114|203145|203471|203488|203489|203940|203948|2585,202714|203145|203471|203488|203940,203088|203114|203489|203948|2585,,,1610612737.0,21400434,True
4,PT00M18.80S,00:18,Q4 00:18,0.31333333333333335,501,freethrow,MISS O'Bryant Free Throw 1 of 2,[],O'Bryant III,0,0,Missed,False,False,203948.0,,foul,rebound,,,,202714|203088|203114|203145|203471|203488|203489|203940|203948|2585,203088|203114|203489|203948|2585,202714|203145|203471|203488|203940,,,1610612749.0,21400434,True
4,PT00M18.80S,00:18,Q4 00:18,0.31333333333333335,502,rebound,TEAM offensive REBOUND,['team'],,0,0,,False,False,0.0,,freethrow,freethrow,,,,202714|203088|203114|203145|203471|203488|203489|203940|203948|2585,203088|203114|203489|203948|2585,202714|203145|203471|203488|203940,,,1610612749.0,21400434,True
4,PT00M18.80S,00:18,Q4 00:18,0.31333333333333335,503,freethrow,O'Bryant Free Throw 2 of 2 (12 PTS),['2ndchance'],O'Bryant III,77,107,Made,False,False,203948.0,,rebound,period,,,,202714|203088|203114|203145|203471|203488|203489|203940|203948|2585,203088|203114|203489|203948|2585,202714|203145|203471|203488|203940,,,1610612749.0,21400434,True
4,PT00M00.00S,00:00,Q4 00:00,0.0,506,period,End of 4th Period (9:44 PM EST),[],,77,107,,False,False,0.0,,freethrow,,,,,202714|203088|203114|203145|203471|203488|203489|203940|203948|2585,202714|203145|203471|203488|203940,203088|203114|203489|203948|2585,,,1610612737.0,21400434,True
