period,clock,clock_display,game_clock,minutes_left_in_game,actionNumber,actionType,description,qualifier,playerName,scoreHome,scoreAway,shotResult,isFieldGoal,assisted,person_id,assister_id,previous_action,next_action,foulDrawnPersonId,stealPersonId,blockPersonId,players_on,off_players_on,def_players_on,xLegacy,yLegacy,teamId,game_id,poc_ok
1,PT12M00.00S,12:00,Q1 12:00,48.0,0,period,Start of 1st Period (7:42 PM EST),[],,0,0,,False,False,0.0,,,2pt missed,,,,200757|200761|200794|201143|201952|202708|203516|2547|2594|2736,200757|200794|201143|201952|2594,200761|202708|203516|2547|2736,,,1610612737.0,21400124,True
1,PT11M43.00S,11:43,Q1 11:43,47.71666666666667,2,2pt,MISS Deng 10' Running Jump Shot,[],Deng,0,0,Missed,True,False,2736.0,,period,rebound,,,,200757|200761|200794|201143|201952|202708|203516|2547|2594|2736,200761|202708|203516|2547|2736,200757|200794|201143|201952|2594,95.0,34.0,1610612748.0,21400124,True
1,PT11M41.00S,11:41,Q1 11:41,47.68333333333334,3,rebound,Millsap REBOUND (Off:0 Def:1),[],Millsap,0,0,,False,False,200794.0,,2pt missed,2pt made,,,,200757|200761|200794|201143|201952|202708|203516|2547|2594|2736,200757|200794|201143|201952|2594,200761|202708|203516|2547|2736,,,1610612737.0,21400124,True
1,PT11M25.00S,11:25,Q1 11:25,47.416666666666664,4,2pt,Horford 20' Jump Shot (2 PTS) (Korver 1 AST),[],Horford,2,0,Made,True,True,201143.0,2594.0,rebound,2pt missed,,,,200757|200761|200794|201143|201952|202708|203516|2547|2594|2736,200757|200794|201143|201952|2594,200761|202708|203516|2547|2736,-188.0,64.0,1610612737.0,21400124,True
1,PT11M10.00S,11:10,Q1 11:10,47.166666666666664,5,2pt,MISS Ennis 12' Fadeaway Jumper,['pointsinthepaint'],Ennis III,0,0,Missed,True,False,203516.0,,2pt made,rebound,,,,200757|200761|200794|201143|201952|202708|203516|2547|2594|2736,200761|202708|203516|2547|2736,200757|200794|201143|201952|2594,-37.0,112.0,1610612748.0,21400124,True
1,PT11M09.00S,11:09,Q1 11:09,47.15,6,rebound,Millsap REBOUND (Off:0 Def:2),[],Millsap,0,0,,False,False,200794.0,,2pt missed,3pt made,,,,200757|200761|200794|201143|201952|202708|203516|2547|2594|2736,200757|200794|201143|201952|2594,200761|202708|203516|2547|2736,,,1610612737.0,21400124,True
1,PT10M55.00S,10:55,Q1 10:55,46.916666666666664,7,3pt,Horford  3PT Jump Shot (5 PTS) (Teague 1 AST),[],Horford,5,0,Made,True,True,201143.0,201952.0,rebound,2pt missed,,,,200757|200761|200794|201143|201952|202708|203516|2547|2594|2736,200757|200794|201143|201952|2594,200761|202708|203516|2547|2736,231.0,17.0,1610612737.0,21400124,True
1,PT10M35.00S,10:35,Q1 10:35,46.583333333333336,8,2pt,MISS Bosh 19' Jump Shot,[],Bosh,0,0,Missed,True,False,2547.0,,3pt made,rebound,,,,200757|200761|200794|201143|201952|202708|203516|2547|2594|2736,200761|202708|203516|2547|2736,200757|200794|201143|201952|2594,-155.0,107.0,1610612748.0,21400124,True
1,PT10M34.00S,10:34,Q1 10:34,46.56666666666666,9,rebound,Millsap REBOUND (Off:0 Def:3),[],Millsap,0,0,,False,False,200794.0,,2pt missed,3pt missed,,,,200757|200761|200794|201143|201952|202708|203516|2547|2594|2736,200757|200794|201143|201952|2594,200761|202708|203516|2547|2736,,,1610612737.0,21400124,True
1,PT10M18.00S,10:18,Q1 10:18,46.3,10,3pt,MISS Sefolosha 25' 3PT Jump Shot,[],Sefolosha,0,0,Missed,True,False,200757.0,,rebound,rebound,,,,200757|200761|200794|201143|201952|202708|203516|2547|2594|2736,200757|200794|201143|201952|2594,200761|202708|203516|2547|2736,209.0,142.0,1610612737.0,21400124,True
1,PT10M17.00S,10:17,Q1 10:17,46.28333333333333,11,rebound,TEAM defensive REBOUND,['team'],,0,0,,False,False,0.0,,3pt missed,turnover,,,,200757|200761|200794|201143|201952|202708|203516|2547|2594|2736,200761|202708|203516|2547|2736,200757|200794|201143|201952|2594,,,1610612748.0,21400124,True
1,PT10M01.00S,10:01,Q1 10:01,46.016666666666666,13,turnover,Bosh Lost Ball Turnover (P1.T1),[],Bosh,0,0,,False,False,2547.0,,rebound,steal,,,,200757|200761|200794|201143|201952|202708|203516|2547|2594|2736,200761|202708|203516|2547|2736,200757|200794|201143|201952|2594,,,1610612748.0,21400124,True
1,PT10M01.00S,10:01,Q1 10:01,46.016666666666666,13,steal,Horford STEAL (1 STL),[],Horford,0,0,,False,False,201143.0,,turnover,foul,,201143.0,,200757|200761|200794|201143|201952|202708|203516|2547|2594|2736,200757|200794|201143|201952|2594,200761|202708|203516|2547|2736,,,1610612737.0,21400124,True
1,PT09M51.00S,09:51,Q1 09:51,45.85,14,foul,Ennis S.FOUL (P1.T1),[],Ennis III,0,0,,False,False,203516.0,,steal,freethrow,201143.0,,,200757|200761|200794|201143|201952|202708|203516|2547|2594|2736,200761|202708|203516|2547|2736,200757|200794|201143|201952|2594,,,1610612748.0,21400124,True
1,PT09M51.00S,09:51,Q1 09:51,45.85,15,freethrow,Horford Free Throw 1 of 2 (6 PTS),[],Horford,6,0,Made,False,False,201143.0,,foul,freethrow,,,,200757|200761|200794|201143|201952|202708|203516|2547|2594|2736,200757|200794|201143|201952|2594,200761|202708|203516|2547|2736,,,1610612737.0,21400124,True
1,PT09M51.00S,09:51,Q1 09:51,45.85,17,freethrow,Horford Free Throw 2 of 2 (7 PTS),[],Horford,7,0,Made,False,False,201143.0,,freethrow,foul,,,,200757|200761|200794|201143|201952|202708|203516|2547|2594|2736,200757|200794|201143|201952|2594,200761|202708|203516|2547|2736,,,1610612737.0,21400124,True
1,PT09M42.00S,09:42,Q1 09:42,45.7,19,foul,Horford S.FOUL (P1.T1),[],Horford,0,0,,False,False,201143.0,,freethrow,freethrow,203516.0,,,200757|200761|200794|201143|201952|202708|203516|2547|2594|2736,200757|200794|201143|201952|2594,200761|202708|203516|2547|2736,,,1610612737.0,21400124,True
1,PT09M42.00S,09:42,Q1 09:42,45.7,20,freethrow,Ennis Free Throw 1 of 2 (1 PTS),[],Ennis III,7,1,Made,False,False,203516.0,,foul,freethrow,,,,200757|200761|200794|201143|201952|202708|203516|2547|2594|2736,200761|202708|203516|2547|2736,200757|200794|201143|201952|2594,,,1610612748.0,21400124,True
1,PT09M42.00S,09:42,Q1 09:42,45.7,22,freethrow,MISS Ennis Free Throw 2 of 2,[],Ennis III,0,0,Missed,False,False,203516.0,,freethrow,rebound,,,,200757|200761|200794|201143|201952|202708|203516|2547|2594|2736,200761|202708|203516|2547|2736,200757|200794|201143|201952|2594,,,1610612748.0,21400124,True
1,PT09M41.00S,09:41,Q1 09:41,45.68333333333334,24,rebound,Sefolosha REBOUND (Off:0 Def:1),[],Sefolosha,0,0,,False,False,200757.0,,freethrow,3pt missed,,,,200757|200761|200794|201143|201952|202708|203516|2547|2594|2736,200757|200794|201143|201952|2594,200761|202708|203516|2547|2736,,,1610612737.0,21400124,True
1,PT09M26.00S,09:26,Q1 09:26,45.43333333333334,25,3pt,MISS Teague 25' 3PT Jump Shot,[],Teague,0,0,Missed,True,False,201952.0,,rebound,rebound,,,,200757|200761|200794|201143|201952|202708|203516|2547|2594|2736,200757|200794|201143|201952|2594,200761|202708|203516|2547|2736,170.0,187.0,1610612737.0,21400124,True
1,PT09M24.00S,09:24,Q1 09:24,45.4,26,rebound,Sefolosha REBOUND (Off:1 Def:1),[],Sefolosha,0,0,,False,False,200757.0,,3pt missed,3pt made,,,,200757|200761|200794|201143|201952|202708|203516|2547|2594|2736,200757|200794|201143|201952|2594,200761|202708|203516|2547|2736,,,1610612737.0,21400124,True
1,PT09M15.00S,09:15,Q1 09:15,45.25,27,3pt,Korver  3PT Jump Shot (3 PTS) (Teague 2 AST),[],Korver,10,1,Made,True,True,2594.0,201952.0,rebound,turnover,,,,200757|200761|200794|201143|201952|202708|203516|2547|2594|2736,200757|200794|201143|201952|2594,200761|202708|203516|2547|2736,231.0,7.0,1610612737.0,21400124,True
1,PT08M52.00S,08:52,Q1 08:52,44.86666666666667,28,turnover,Bosh Lost Ball Turnover (P2.T2),[],Bosh,0,0,,False,False,2547.0,,3pt made,steal,,,,200757|200761|200794|201143|201952|202708|203516|2547|2594|2736,200761|202708|203516|2547|2736,200757|200794|201143|201952|2594,,,1610612748.0,21400124,True
1,PT08M52.00S,08:52,Q1 08:52,44.86666666666667,28,steal,Korver STEAL (1 STL),[],Korver,0,0,,False,False,2594.0,,turnover,2pt made,,2594.0,,200757|200761|200794|201143|201952|202708|203516|2547|2594|2736,200757|200794|201143|201952|2594,200761|202708|203516|2547|2736,,,1610612737.0,21400124,True
1,PT08M47.00S,08:47,Q1 08:47,44.78333333333333,29,2pt,Sefolosha  Running Dunk (2 PTS) (Teague 3 AST),['pointsinthepaint'],Sefolosha,12,1,Made,True,True,200757.0,201952.0,steal,timeout,,,,200757|200761|200794|201143|201952|202708|203516|2547|2594|2736,200757|200794|201143|201952|2594,200761|202708|203516|2547|2736,0.0,1.0,1610612737.0,21400124,True
1,PT08M46.00S,08:46,Q1 08:46,44.766666666666666,30,timeout,Heat Timeout: Regular (Reg.1 Short 0),[],,0,0,,False,False,0.0,,2pt made,2pt made,,,,200757|200761|200794|201143|201952|202708|203516|2547|2594|2736,200761|202708|203516|2547|2736,200757|200794|201143|201952|2594,,,1610612748.0,21400124,True
1,PT08M31.00S,08:31,Q1 08:31,44.516666666666666,33,2pt,Bosh  Driving Dunk (2 PTS) (Cole 1 AST),['pointsinthepaint'],Bosh,12,3,Made,True,True,2547.0,202708.0,timeout,2pt made,,,,200757|200761|200794|201143|201952|202708|203516|2547|2594|2736,200761|202708|203516|2547|2736,200757|200794|201143|201952|2594,0.0,1.0,1610612748.0,21400124,True
1,PT08M14.00S,08:14,Q1 08:14,44.233333333333334,34,2pt,Teague 2' Layup (2 PTS) (Horford 1 AST),['pointsinthepaint'],Teague,14,3,Made,True,True,201952.0,201143.0,2pt made,foul,,,,200757|200761|200794|201143|201952|202708|203516|2547|2594|2736,200757|200794|201143|201952|2594,200761|202708|203516|2547|2736,-15.0,4.0,1610612737.0,21400124,True
1,PT08M14.00S,08:14,Q1 08:14,44.233333333333334,35,foul,Cole S.FOUL (P1.T2),[],Cole,0,0,,False,False,202708.0,,2pt made,freethrow,201952.0,,,200757|200761|200794|201143|201952|202708|203516|2547|2594|2736,200761|202708|203516|2547|2736,200757|200794|201143|201952|2594,,,1610612748.0,21400124,True
1,PT08M14.00S,08:14,Q1 08:14,44.233333333333334,36,freethrow,Teague Free Throw 1 of 1 (3 PTS),[],Teague,15,3,Made,False,False,201952.0,,foul,2pt missed,,,,200757|200761|200794|201143|201952|202708|203516|2547|2594|2736,200757|200794|201143|201952|2594,200761|202708|203516|2547|2736,,,1610612737.0,21400124,True
1,PT07M51.00S,07:51,Q1 07:51,43.85,38,2pt,MISS Bosh 21' Jump Shot,[],Bosh,0,0,Missed,True,False,2547.0,,freethrow,rebound,,,,200757|200761|200794|201143|201952|202708|203516|2547|2594|2736,200761|202708|203516|2547|2736,200757|200794|201143|201952|2594,-120.0,172.0,1610612748.0,21400124,True
1,PT07M48.00S,07:48,Q1 07:48,43.8,39,rebound,Ennis REBOUND (Off:1 Def:0),[],Ennis III,0,0,,False,False,203516.0,,2pt missed,2pt missed,,,,200757|200761|200794|201143|201952|202708|203516|2547|2594|2736,200761|202708|203516|2547|2736,200757|200794|201143|201952|2594,,,1610612748.0,21400124,True
1,PT07M41.00S,07:41,Q1 07:41,43.68333333333334,40,2pt,MISS Shaw. Williams 16' Jump Shot,[],Williams,0,0,Missed,True,False,200761.0,,rebound,rebound,,,,200757|200761|200794|201143|201952|202708|203516|2547|2594|2736,200761|202708|203516|2547|2736,200757|200794|201143|201952|2594,159.0,14.0,1610612748.0,21400124,True
1,PT07M40.00S,07:40,Q1 07:40,43.666666666666664,41,rebound,Horford REBOUND (Off:0 Def:1),[],Horford,0,0,,False,False,201143.0,,2pt missed,2pt missed,,,,200757|200761|200794|201143|201952|202708|203516|2547|2594|2736,200757|200794|201143|201952|2594,200761|202708|203516|2547|2736,,,1610612737.0,21400124,True
1,PT07M29.00S,07:29,Q1 07:29,43.483333333333334,42,2pt,MISS Millsap 11' Turnaround Fadeaway Shot,[],Millsap,0,0,Missed,True,False,200794.0,,rebound,rebound,,,,200757|200761|200794|201143|201952|202708|203516|2547|2594|2736,200757|200794|201143|201952|2594,200761|202708|203516|2547|2736,-106.0,36.0,1610612737.0,21400124,True
1,PT07M27.00S,07:27,Q1 07:27,43.45,43,rebound,Bosh REBOUND (Off:0 Def:1),[],Bosh,0,0,,False,False,2547.0,,2pt missed,turnover,,,,200757|200761|200794|201143|201952|202708|203516|2547|2594|2736,200761|202708|203516|2547|2736,200757|200794|201143|201952|2594,,,1610612748.0,21400124,True
1,PT07M17.00S,07:17,Q1 07:17,43.28333333333333,44,turnover,Shaw. Williams Bad Pass Turnover (P1.T3),[],Williams,0,0,,False,False,200761.0,,rebound,steal,,,,200757|200761|200794|201143|201952|202708|203516|2547|2594|2736,200761|202708|203516|2547|2736,200757|200794|201143|201952|2594,,,1610612748.0,21400124,True
1,PT07M17.00S,07:17,Q1 07:17,43.28333333333333,44,steal,Sefolosha STEAL (1 STL),[],Sefolosha,0,0,,False,False,200757.0,,turnover,turnover,,200757.0,,200757|200761|200794|201143|201952|202708|203516|2547|2594|2736,200757|200794|201143|201952|2594,200761|202708|203516|2547|2736,,,1610612737.0,21400124,True
1,PT07M11.00S,07:11,Q1 07:11,43.18333333333334,45,turnover,Sefolosha Bad Pass Turnover (P1.T1),[],Sefolosha,0,0,,False,False,200757.0,,steal,steal,,,,200757|200761|200794|201143|201952|202708|203516|2547|2594|2736,200757|200794|201143|201952|2594,200761|202708|203516|2547|2736,,,1610612737.0,21400124,True
1,PT07M11.00S,07:11,Q1 07:11,43.18333333333334,45,steal,Ennis STEAL (1 STL),[],Ennis III,0,0,,False,False,203516.0,,turnover,foul,,203516.0,,200757|200761|200794|201143|201952|202708|203516|2547|2594|2736,200761|202708|203516|2547|2736,200757|200794|201143|201952|2594,,,1610612748.0,21400124,True
1,PT07M03.00S,07:03,Q1 07:03,43.05,46,foul,Horford P.FOUL (P2.T2),[],Horford,0,0,,False,False,201143.0,,steal,substitution,202708.0,,,200757|200761|200794|201143|201952|202708|203516|2547|2594|2736,200757|200794|201143|201952|2594,200761|202708|203516|2547|2736,,,1610612737.0,21400124,True
1,PT07M03.00S,07:03,Q1 07:03,43.05,47,substitution,SUB out: J. Ennis III,[],Ennis III,0,0,,False,False,203516.0,,foul,substitution,,,,200757|200761|200794|201143|201952|202708|2547|2594|2736,200761|202708|2547|2736,200757|200794|201143|201952|2594,,,1610612748.0,21400124,False
1,PT07M03.00S,07:03,Q1 07:03,43.05,48,substitution,SUB out: A. Horford,[],Horford,0,0,,False,False,201143.0,,substitution,substitution,,,,200757|200761|200794|201952|202708|2547|2594|2736,200757|200794|201952|2594,200761|202708|2547|2736,,,1610612737.0,21400124,False
1,PT07M03.00S,07:03,Q1 07:03,43.05,49,substitution,SUB in: M. Chalmers,[],Chalmers,0,0,,False,False,201596.0,,substitution,substitution,,,,200757|200761|200794|201596|201952|202708|2547|2594|2736,200761|201596|202708|2547|2736,200757|200794|201952|2594,,,1610612748.0,21400124,False
1,PT07M03.00S,07:03,Q1 07:03,43.05,50,substitution,SUB in: P. Antic,[],Antic,0,0,,False,False,203544.0,,substitution,2pt missed,,,,200757|200761|200794|201596|201952|202708|203544|2547|2594|2736,200757|200794|201952|203544|2594,200761|201596|202708|2547|2736,,,1610612737.0,21400124,True
1,PT06M57.00S,06:57,Q1 06:57,42.95,49,2pt,MISS Cole 2' Driving Layup,['pointsinthepaint'],Cole,0,0,Missed,True,False,202708.0,,substitution,block,,,,200757|200761|200794|201596|201952|202708|203544|2547|2594|2736,200761|201596|202708|2547|2736,200757|200794|201952|203544|2594,-8.0,15.0,1610612748.0,21400124,True
1,PT06M57.00S,06:57,Q1 06:57,42.95,49,block,Sefolosha BLOCK (1 BLK),[],Sefolosha,0,0,,False,False,200757.0,,2pt missed,rebound,,,200757.0,200757|200761|200794|201596|201952|202708|203544|2547|2594|2736,200757|200794|201952|203544|2594,200761|201596|202708|2547|2736,,,1610612737.0,21400124,True
1,PT06M55.00S,06:55,Q1 06:55,42.916666666666664,50,rebound,Teague REBOUND (Off:0 Def:1),[],Teague,0,0,,False,False,201952.0,,block,3pt missed,,,,200757|200761|200794|201596|201952|202708|203544|2547|2594|2736,200757|200794|201952|203544|2594,200761|201596|202708|2547|2736,,,1610612737.0,21400124,True
1,PT06M51.00S,06:51,Q1 06:51,42.85,51,3pt,MISS Teague 25' 3PT Jump Shot,[],Teague,0,0,Missed,True,False,201952.0,,rebound,rebound,,,,200757|200761|200794|201596|201952|202708|203544|2547|2594|2736,200757|200794|201952|203544|2594,200761|201596|202708|2547|2736,-149.0,198.0,1610612737.0,21400124,True
1,PT06M49.00S,06:49,Q1 06:49,42.81666666666666,52,rebound,Deng REBOUND (Off:0 Def:1),[],Deng,0,0,,False,False,2736.0,,3pt missed,2pt made,,,,200757|200761|200794|201596|201952|202708|203544|2547|2594|2736,200761|201596|202708|2547|2736,200757|200794|201952|203544|2594,,,1610612748.0,21400124,True
1,PT06M44.00S,06:44,Q1 06:44,42.733333333333334,53,2pt,Shaw. Williams  Running Dunk (2 PTS) (Cole 2 AST),['pointsinthepaint'],Williams,15,5,Made,True,True,200761.0,202708.0,rebound,2pt made,,,,200757|200761|200794|201596|201952|202708|203544|2547|2594|2736,200761|201596|202708|2547|2736,200757|200794|201952|203544|2594,0.0,1.0,1610612748.0,21400124,True
1,PT06M27.00S,06:27,Q1 06:27,42.45,54,2pt,Antic 2' Reverse Layup (2 PTS) (Sefolosha 1 AST),['pointsinthepaint'],Antic,17,5,Made,True,True,203544.0,200757.0,2pt made,foul,,,,200757|200761|200794|201596|201952|202708|203544|2547|2594|2736,200757|200794|201952|203544|2594,200761|201596|202708|2547|2736,-16.0,4.0,1610612737.0,21400124,True
1,PT06M27.00S,06:27,Q1 06:27,42.45,55,foul,Bosh S.FOUL (P1.T3),[],Bosh,0,0,,False,False,2547.0,,2pt made,freethrow,203544.0,,,200757|200761|200794|201596|201952|202708|203544|2547|2594|2736,200761|201596|202708|2547|2736,200757|200794|201952|203544|2594,,,1610612748.0,21400124,True
1,PT06M27.00S,06:27,Q1 06:27,42.45,56,freethrow,Antic Free Throw 1 of 1 (3 PTS),[],Antic,18,5,Made,False,False,203544.0,,foul,2pt missed,,,,200757|200761|200794|201596|201952|202708|203544|2547|2594|2736,200757|200794|201952|203544|2594,200761|201596|202708|2547|2736,,,1610612737.0,21400124,True
1,PT06M16.00S,06:16,Q1 06:16,42.266666666666666,58,2pt,MISS Deng 21' Jump Shot,[],Deng,0,0,Missed,True,False,2736.0,,freethrow,block,,,,200757|200761|200794|201596|201952|202708|203544|2547|2594|2736,200761|201596|202708|2547|2736,200757|200794|201952|203544|2594,110.0,179.0,1610612748.0,21400124,True
1,PT06M16.00S,06:16,Q1 06:16,42.266666666666666,58,block,Sefolosha BLOCK (2 BLK),[],Sefolosha,0,0,,False,False,200757.0,,2pt missed,rebound,,,200757.0,200757|200761|200794|201596|201952|202708|203544|2547|2594|2736,200757|200794|201952|203544|2594,200761|201596|202708|2547|2736,,,1610612737.0,21400124,True
1,PT06M14.00S,06:14,Q1 06:14,42.233333333333334,59,rebound,Millsap REBOUND (Off:0 Def:4),[],Millsap,0,0,,False,False,200794.0,,block,turnover,,,,200757|200761|200794|201596|201952|202708|203544|2547|2594|2736,200757|200794|201952|203544|2594,200761|201596|202708|2547|2736,,,1610612737.0,21400124,True
1,PT06M13.00S,06:13,Q1 06:13,42.21666666666667,60,turnover,Millsap Bad Pass Turnover (P1.T2),[],Millsap,0,0,,False,False,200794.0,,rebound,steal,,,,200757|200761|200794|201596|201952|202708|203544|2547|2594|2736,200757|200794|201952|203544|2594,200761|201596|202708|2547|2736,,,1610612737.0,21400124,True
1,PT06M13.00S,06:13,Q1 06:13,42.21666666666667,60,steal,Bosh STEAL (1 STL),[],Bosh,0,0,,False,False,2547.0,,turnover,2pt missed,,2547.0,,200757|200761|200794|201596|201952|202708|203544|2547|2594|2736,200761|201596|202708|2547|2736,200757|200794|201952|203544|2594,,,1610612748.0,21400124,True
1,PT06M07.00S,06:07,Q1 06:07,42.11666666666667,61,2pt,MISS Cole 1' Driving Layup,['pointsinthepaint'],Cole,0,0,Missed,True,False,202708.0,,steal,rebound,,,,200757|200761|200794|201596|201952|202708|203544|2547|2594|2736,200761|201596|202708|2547|2736,200757|200794|201952|203544|2594,-13.0,6.0,1610612748.0,21400124,True
1,PT06M06.00S,06:06,Q1 06:06,42.1,62,rebound,Korver REBOUND (Off:0 Def:1),[],Korver,0,0,,False,False,2594.0,,2pt missed,turnover,,,,200757|200761|200794|201596|201952|202708|203544|2547|2594|2736,200757|200794|201952|203544|2594,200761|201596|202708|2547|2736,,,1610612737.0,21400124,True
1,PT06M02.00S,06:02,Q1 06:02,42.03333333333333,63,turnover,Sefolosha Out of Bounds Lost Ball Turnover (P2.T3),[],Sefolosha,0,0,,False,False,200757.0,,rebound,2pt made,,,,200757|200761|200794|201596|201952|202708|203544|2547|2594|2736,200757|200794|201952|203544|2594,200761|201596|202708|2547|2736,,,1610612737.0,21400124,True
1,PT05M55.00S,05:55,Q1 05:55,41.916666666666664,64,2pt,Chalmers 1' Layup (2 PTS) (Cole 3 AST),['pointsinthepaint'],Chalmers,18,7,Made,True,True,201596.0,202708.0,turnover,foul,,,,200757|200761|200794|201596|201952|202708|203544|2547|2594|2736,200761|201596|202708|2547|2736,200757|200794|201952|203544|2594,-7.0,11.0,1610612748.0,21400124,True
1,PT05M55.00S,05:55,Q1 05:55,41.916666666666664,65,foul,Korver S.FOUL (P1.T3),[],Korver,0,0,,False,False,2594.0,,2pt made,freethrow,201596.0,,,200757|200761|200794|201596|201952|202708|203544|2547|2594|2736,200757|200794|201952|203544|2594,200761|201596|202708|2547|2736,,,1610612737.0,21400124,True
1,PT05M55.00S,05:55,Q1 05:55,41.916666666666664,66,freethrow,Chalmers Free Throw 1 of 1 (3 PTS),[],Chalmers,18,8,Made,False,False,201596.0,,foul,3pt made,,,,200757|200761|200794|201596|201952|202708|203544|2547|2594|2736,200761|201596|202708|2547|2736,200757|200794|201952|203544|2594,,,1610612748.0,21400124,True
1,PT05M41.00S,05:41,Q1 05:41,41.68333333333334,69,3pt,Sefolosha 24' 3PT Jump Shot (5 PTS) (Korver 2 AST),[],Sefolosha,21,8,Made,True,True,200757.0,2594.0,freethrow,substitution,,,,200757|200761|200794|201596|201952|202708|203544|2547|2594|2736,200757|200794|201952|203544|2594,200761|201596|202708|2547|2736,-231.0,60.0,1610612737.0,21400124,True
1,PT05M29.00S,05:29,Q1 05:29,41.483333333333334,71,substitution,SUB out: K. Korver,[],Korver,0,0,,False,False,2594.0,,3pt made,substitution,,,,200757|200761|200794|201596|201952|202708|203544|2547|2736,200757|200794|201952|203544,200761|201596|202708|2547|2736,,,1610612737.0,21400124,False
1,PT05M29.00S,05:29,Q1 05:29,41.483333333333334,72,substitution,SUB in: D. Schroder,[],Schroder,0,0,,False,False,203471.0,,substitution,2pt missed,,,,200757|200761|200794|201596|201952|202708|203471|203544|2547|2736,200757|200794|201952|203471|203544,200761|201596|202708|2547|2736,,,1610612737.0,21400124,True
1,PT05M26.00S,05:26,Q1 05:26,41.43333333333334,72,2pt,MISS Cole 17' Jump Shot,[],Cole,0,0,Missed,True,False,202708.0,,substitution,rebound,,,,200757|200761|200794|201596|201952|202708|203471|203544|2547|2736,200761|201596|202708|2547|2736,200757|200794|201952|203471|203544,168.0,14.0,1610612748.0,21400124,True
1,PT05M24.00S,05:24,Q1 05:24,41.4,73,rebound,Millsap REBOUND (Off:0 Def:5),[],Millsap,0,0,,False,False,200794.0,,2pt missed,3pt missed,,,,200757|200761|200794|201596|201952|202708|203471|203544|2547|2736,200757|200794|201952|203471|203544,200761|201596|202708|2547|2736,,,1610612737.0,21400124,True
1,PT05M07.00S,05:07,Q1 05:07,41.11666666666667,74,3pt,MISS Antic 24' 3PT Jump Shot,[],Antic,0,0,Missed,True,False,203544.0,,rebound,rebound,,,,200757|200761|200794|201596|201952|202708|203471|203544|2547|2736,200757|200794|201952|203471|203544,200761|201596|202708|2547|2736,-166.0,179.0,1610612737.0,21400124,True
1,PT05M05.00S,05:05,Q1 05:05,41.083333333333336,75,rebound,Shaw. Williams REBOUND (Off:0 Def:1),[],Williams,0,0,,False,False,200761.0,,3pt missed,foul,,,,200757|200761|200794|201596|201952|202708|203471|203544|2547|2736,200761|201596|202708|2547|2736,200757|200794|201952|203471|203544,,,1610612748.0,21400124,True
1,PT04M57.00S,04:57,Q1 04:57,40.95,76,foul,Antic P.FOUL (P1.T4),[],Antic,0,0,,False,False,203544.0,,rebound,substitution,200761.0,,,200757|200761|200794|201596|201952|202708|203471|203544|2547|2736,200757|200794|201952|203471|203544,200761|201596|202708|2547|2736,,,1610612737.0,21400124,True
1,PT04M57.00S,04:57,Q1 04:57,40.95,77,substitution,SUB out: C. Bosh,[],Bosh,0,0,,False,False,2547.0,,foul,substitution,,,,200757|200761|200794|201596|201952|202708|203471|203544|2736,200761|201596|202708|2736,200757|200794|201952|203471|203544,,,1610612748.0,21400124,False
1,PT04M57.00S,04:57,Q1 04:57,40.95,78,substitution,SUB in: C. Andersen,[],Andersen,0,0,,False,False,2365.0,,substitution,3pt made,,,,200757|200761|200794|201596|201952|202708|203471|203544|2365|2736,200761|201596|202708|2365|2736,200757|200794|201952|203471|203544,,,1610612748.0,21400124,True
1,PT04M42.00S,04:42,Q1 04:42,40.7,78,3pt,Shaw. Williams  3PT Jump Shot (5 PTS) (Chalmers 1 AST),[],Williams,21,11,Made,True,True,200761.0,201596.0,substitution,foul,,,,200757|200761|200794|201596|201952|202708|203471|203544|2365|2736,200761|201596|202708|2365|2736,200757|200794|201952|203471|203544,225.0,37.0,1610612748.0,21400124,True
1,PT04M26.00S,04:26,Q1 04:26,40.43333333333334,80,foul,Shaw. Williams S.FOUL (P1.T4),[],Williams,0,0,,False,False,200761.0,,3pt made,freethrow,200794.0,,,200757|200761|200794|201596|201952|202708|203471|203544|2365|2736,200761|201596|202708|2365|2736,200757|200794|201952|203471|203544,,,1610612748.0,21400124,True
1,PT04M26.00S,04:26,Q1 04:26,40.43333333333334,81,freethrow,MISS Millsap Free Throw 1 of 2,[],Millsap,0,0,Missed,False,False,200794.0,,foul,rebound,,,,200757|200761|200794|201596|201952|202708|203471|203544|2365|2736,200757|200794|201952|203471|203544,200761|201596|202708|2365|2736,,,1610612737.0,21400124,True
1,PT04M26.00S,04:26,Q1 04:26,40.43333333333334,82,rebound,TEAM offensive REBOUND,['team'],,0,0,,False,False,0.0,,freethrow,freethrow,,,,200757|200761|200794|201596|201952|202708|203471|203544|2365|2736,200757|200794|201952|203471|203544,200761|201596|202708|2365|2736,,,1610612737.0,21400124,True
1,PT04M26.00S,04:26,Q1 04:26,40.43333333333334,84,freethrow,Millsap Free Throw 2 of 2 (1 PTS),[],Millsap,22,11,Made,False,False,200794.0,,rebound,substitution,,,,200757|200761|200794|201596|201952|202708|203471|203544|2365|2736,200757|200794|201952|203471|203544,200761|201596|202708|2365|2736,,,1610612737.0,21400124,True
1,PT04M26.00S,04:26,Q1 04:26,40.43333333333334,83,substitution,SUB out: J. Teague,[],Teague,0,0,,False,False,201952.0,,freethrow,substitution,,,,200757|200761|200794|201596|202708|203471|203544|2365|2736,200757|200794|203471|203544,200761|201596|202708|2365|2736,,,1610612737.0,21400124,False
1,PT04M26.00S,04:26,Q1 04:26,40.43333333333334,84,substitution,SUB in: S. Mack,[],Mack,0,0,,False,False,202714.0,,substitution,turnover,,,,200757|200761|200794|201596|202708|202714|203471|203544|2365|2736,200757|200794|202714|203471|203544,200761|201596|202708|2365|2736,,,1610612737.0,21400124,True
1,PT04M07.00S,04:07,Q1 04:07,40.11666666666667,86,turnover,Cole Bad Pass Turnover (P1.T4),[],Cole,0,0,,False,False,202708.0,,substitution,steal,,,,200757|200761|200794|201596|202708|202714|203471|203544|2365|2736,200761|201596|202708|2365|2736,200757|200794|202714|203471|203544,,,1610612748.0,21400124,True
1,PT04M07.00S,04:07,Q1 04:07,40.11666666666667,86,steal,Millsap STEAL (1 STL),[],Millsap,0,0,,False,False,200794.0,,turnover,foul,,200794.0,,200757|200761|200794|201596|202708|202714|203471|203544|2365|2736,200757|200794|202714|203471|203544,200761|201596|202708|2365|2736,,,1610612737.0,21400124,True
1,PT04M01.00S,04:01,Q1 04:01,40.016666666666666,87,foul,Shaw. Williams P.FOUL (P2.PN),['inpenalty'],Williams,0,0,,False,False,200761.0,,steal,freethrow,200794.0,,,200757|200761|200794|201596|202708|202714|203471|203544|2365|2736,200761|201596|202708|2365|2736,200757|200794|202714|203471|203544,,,1610612748.0,21400124,True
1,PT04M01.00S,04:01,Q1 04:01,40.016666666666666,88,freethrow,Millsap Free Throw 1 of 2 (2 PTS),[],Millsap,23,11,Made,False,False,200794.0,,foul,freethrow,,,,200757|200761|200794|201596|202708|202714|203471|203544|2365|2736,200757|200794|202714|203471|203544,200761|201596|202708|2365|2736,,,1610612737.0,21400124,True
1,PT04M01.00S,04:01,Q1 04:01,40.016666666666666,91,freethrow,MISS Millsap Free Throw 2 of 2,[],Millsap,0,0,Missed,False,False,200794.0,,freethrow,substitution,,,,200757|200761|200794|201596|202708|202714|203471|203544|2365|2736,200757|200794|202714|203471|203544,200761|201596|202708|2365|2736,,,1610612737.0,21400124,True
1,PT04M01.00S,04:01,Q1 04:01,40.016666666666666,90,substitution,SUB out: N. Cole,[],Cole,0,0,,False,False,202708.0,,freethrow,substitution,,,,200757|200761|200794|201596|202714|203471|203544|2365|2736,200761|201596|2365|2736,200757|200794|202714|203471|203544,,,1610612748.0,21400124,False
1,PT04M01.00S,04:01,Q1 04:01,40.016666666666666,91,substitution,SUB in: S. Napier,[],Napier,0,0,,False,False,203894.0,,substitution,rebound,,,,200757|200761|200794|201596|202714|203471|203544|203894|2365|2736,200761|201596|203894|2365|2736,200757|200794|202714|203471|203544,,,1610612748.0,21400124,True
1,PT04M00.00S,04:00,Q1 04:00,40.0,93,rebound,Deng REBOUND (Off:0 Def:2),[],Deng,0,0,,False,False,2736.0,,substitution,2pt made,,,,200757|200761|200794|201596|202714|203471|203544|203894|2365|2736,200761|201596|203894|2365|2736,200757|200794|202714|203471|203544,,,1610612748.0,21400124,True
1,PT03M37.00S,03:37,Q1 03:37,39.61666666666667,95,2pt,Napier 17' Turnaround Jump Shot (2 PTS),[],Napier,23,13,Made,True,False,203894.0,,rebound,foul,,,,200757|200761|200794|201596|202714|203471|203544|203894|2365|2736,200761|201596|203894|2365|2736,200757|200794|202714|203471|203544,70.0,157.0,1610612748.0,21400124,True
1,PT03M19.00S,03:19,Q1 03:19,39.31666666666666,96,foul,Napier S.FOUL (P1.PN),['inpenalty'],Napier,0,0,,False,False,203894.0,,2pt made,freethrow,200757.0,,,200757|200761|200794|201596|202714|203471|203544|203894|2365|2736,200761|201596|203894|2365|2736,200757|200794|202714|203471|203544,,,1610612748.0,21400124,True
1,PT03M19.00S,03:19,Q1 03:19,39.31666666666666,97,freethrow,Sefolosha Free Throw 1 of 2 (6 PTS),[],Sefolosha,24,13,Made,False,False,200757.0,,foul,freethrow,,,,200757|200761|200794|201596|202714|203471|203544|203894|2365|2736,200757|200794|202714|203471|203544,200761|201596|203894|2365|2736,,,1610612737.0,21400124,True
1,PT03M19.00S,03:19,Q1 03:19,39.31666666666666,101,freethrow,Sefolosha Free Throw 2 of 2 (7 PTS),[],Sefolosha,25,13,Made,False,False,200757.0,,freethrow,substitution,,,,200757|200761|200794|201596|202714|203471|203544|203894|2365|2736,200757|200794|202714|203471|203544,200761|201596|203894|2365|2736,,,1610612737.0,21400124,True
1,PT03M19.00S,03:19,Q1 03:19,39.31666666666666,99,substitution,SUB out: P. Millsap,[],Millsap,0,0,,False,False,200794.0,,freethrow,substitution,,,,200757|200761|201596|202714|203471|203544|203894|2365|2736,200757|202714|203471|203544,200761|201596|203894|2365|2736,,,1610612737.0,21400124,False
1,PT03M19.00S,03:19,Q1 03:19,39.31666666666666,100,substitution,SUB out: S. Williams,[],Williams,0,0,,False,False,200761.0,,substitution,substitution,,,,200757|201596|202714|203471|203544|203894|2365|2736,201596|203894|2365|2736,200757|202714|203471|203544,,,1610612748.0,21400124,False
1,PT03M19.00S,03:19,Q1 03:19,39.31666666666666,101,substitution,SUB in: M. Scott,[],Scott,0,0,,False,False,203118.0,,substitution,substitution,,,,200757|201596|202714|203118|203471|203544|203894|2365|2736,200757|202714|203118|203471|203544,201596|203894|2365|2736,,,1610612737.0,21400124,False
1,PT03M19.00S,03:19,Q1 03:19,39.31666666666666,102,substitution,SUB in: C. Bosh,[],Bosh,0,0,,False,False,2547.0,,substitution,2pt made,,,,200757|201596|202714|203118|203471|203544|203894|2365|2547|2736,201596|203894|2365|2547|2736,200757|202714|203118|203471|203544,,,1610612748.0,21400124,True
1,PT02M54.00S,02:54,Q1 02:54,38.9,103,2pt,Bosh 1' Driving Layup (4 PTS) (Napier 1 AST),['pointsinthepaint'],Bosh,25,15,Made,True,True,2547.0,203894.0,substitution,timeout,,,,200757|201596|202714|203118|203471|203544|203894|2365|2547|2736,201596|203894|2365|2547|2736,200757|202714|203118|203471|203544,1.0,9.0,1610612748.0,21400124,True
1,PT02M45.00S,02:45,Q1 02:45,38.75,104,timeout,HAWKS Timeout: Regular (Full 1 Short 0),[],,0,0,,False,False,0.0,,2pt made,2pt made,,,,200757|201596|202714|203118|203471|203544|203894|2365|2547|2736,200757|202714|203118|203471|203544,201596|203894|2365|2547|2736,,,1610612737.0,21400124,True
1,PT02M40.00S,02:40,Q1 02:40,38.666666666666664,108,2pt,Schroder 2' Driving Layup (2 PTS) (Antic 1 AST),['pointsinthepaint'],Schroder,27,15,Made,True,True,203471.0,203544.0,timeout,foul,,,,200757|201596|202714|203118|203471|203544|203894|2365|2547|2736,200757|202714|203118|203471|203544,201596|203894|2365|2547|2736,12.0,9.0,1610612737.0,21400124,True
1,PT02M26.00S,02:26,Q1 02:26,38.43333333333334,110,foul,Antic P.FOUL (P2.PN),['inpenalty'],Antic,0,0,,False,False,203544.0,,2pt made,freethrow,201596.0,,,200757|201596|202714|203118|203471|203544|203894|2365|2547|2736,200757|202714|203118|203471|203544,201596|203894|2365|2547|2736,,,1610612737.0,21400124,True
1,PT02M26.00S,02:26,Q1 02:26,38.43333333333334,111,freethrow,Chalmers Free Throw 1 of 2 (4 PTS),[],Chalmers,27,16,Made,False,False,201596.0,,foul,freethrow,,,,200757|201596|202714|203118|203471|203544|203894|2365|2547|2736,201596|203894|2365|2547|2736,200757|202714|203118|203471|203544,,,1610612748.0,21400124,True
1,PT02M26.00S,02:26,Q1 02:26,38.43333333333334,114,freethrow,Chalmers Free Throw 2 of 2 (5 PTS),[],Chalmers,27,17,Made,False,False,201596.0,,freethrow,substitution,,,,200757|201596|202714|203118|203471|203544|203894|2365|2547|2736,201596|203894|2365|2547|2736,200757|202714|203118|203471|203544,,,1610612748.0,21400124,True
1,PT02M26.00S,02:26,Q1 02:26,38.43333333333334,113,substitution,SUB out: L. Deng,[],Deng,0,0,,False,False,2736.0,,freethrow,substitution,,,,200757|201596|202714|203118|203471|203544|203894|2365|2547,201596|203894|2365|2547,200757|202714|203118|203471|203544,,,1610612748.0,21400124,False
1,PT02M26.00S,02:26,Q1 02:26,38.43333333333334,114,substitution,SUB in: S. Brown,[],Brown,0,0,,False,False,200769.0,,substitution,foul,,,,200757|200769|201596|202714|203118|203471|203544|203894|2365|2547,200769|201596|203894|2365|2547,200757|202714|203118|203471|203544,,,1610612748.0,21400124,True
1,PT02M14.00S,02:14,Q1 02:14,38.233333333333334,116,foul,Napier S.FOUL (P2.PN),['inpenalty'],Napier,0,0,,False,False,203894.0,,substitution,freethrow,203471.0,,,200757|200769|201596|202714|203118|203471|203544|203894|2365|2547,200769|201596|203894|2365|2547,200757|202714|203118|203471|203544,,,1610612748.0,21400124,True
1,PT02M14.00S,02:14,Q1 02:14,38.233333333333334,117,freethrow,Schroder Free Throw 1 of 2 (3 PTS),[],Schroder,28,17,Made,False,False,203471.0,,foul,freethrow,,,,200757|200769|201596|202714|203118|203471|203544|203894|2365|2547,200757|202714|203118|203471|203544,200769|201596|203894|2365|2547,,,1610612737.0,21400124,True
1,PT02M14.00S,02:14,Q1 02:14,38.233333333333334,119,freethrow,Schroder Free Throw 2 of 2 (4 PTS),[],Schroder,29,17,Made,False,False,203471.0,,freethrow,3pt missed,,,,200757|200769|201596|202714|203118|203471|203544|203894|2365|2547,200757|202714|203118|203471|203544,200769|201596|203894|2365|2547,,,1610612737.0,21400124,True
1,PT01M54.00S,01:54,Q1 01:54,37.9,121,3pt,MISS Chalmers  3PT Jump Shot,[],Chalmers,0,0,Missed,True,False,201596.0,,freethrow,rebound,,,,200757|200769|201596|202714|203118|203471|203544|203894|2365|2547,200769|201596|203894|2365|2547,200757|202714|203118|203471|203544,222.0,37.0,1610612748.0,21400124,True
1,PT01M53.00S,01:53,Q1 01:53,37.88333333333333,122,rebound,Antic REBOUND (Off:0 Def:1),[],Antic,0,0,,False,False,203544.0,,3pt missed,3pt made,,,,200757|200769|201596|202714|203118|203471|203544|203894|2365|2547,200757|202714|203118|203471|203544,200769|201596|203894|2365|2547,,,1610612737.0,21400124,True
1,PT01M31.00S,01:31,Q1 01:31,37.516666666666666,124,3pt,Mack 26' 3PT Jump Shot (3 PTS) (Schroder 1 AST),[],Mack,32,17,Made,True,True,202714.0,203471.0,rebound,2pt made,,,,200757|200769|201596|202714|203118|203471|203544|203894|2365|2547,200757|202714|203118|203471|203544,200769|201596|203894|2365|2547,-108.0,233.0,1610612737.0,21400124,True
1,PT01M15.00S,01:15,Q1 01:15,37.25,125,2pt,Bosh 20' Jump Shot (6 PTS) (Chalmers 2 AST),[],Bosh,32,19,Made,True,True,2547.0,201596.0,3pt made,foul,,,,200757|200769|201596|202714|203118|203471|203544|203894|2365|2547,200769|201596|203894|2365|2547,200757|202714|203118|203471|203544,-34.0,197.0,1610612748.0,21400124,True
1,PT01M06.00S,01:06,Q1 01:06,37.1,126,foul,Andersen S.FOUL (P1.PN),['inpenalty'],Andersen,0,0,,False,False,2365.0,,2pt made,freethrow,200757.0,,,200757|200769|201596|202714|203118|203471|203544|203894|2365|2547,200769|201596|203894|2365|2547,200757|202714|203118|203471|203544,,,1610612748.0,21400124,True
1,PT01M06.00S,01:06,Q1 01:06,37.1,127,freethrow,Sefolosha Free Throw 1 of 2 (8 PTS),[],Sefolosha,33,19,Made,False,False,200757.0,,foul,freethrow,,,,200757|200769|201596|202714|203118|203471|203544|203894|2365|2547,200757|202714|203118|203471|203544,200769|201596|203894|2365|2547,,,1610612737.0,21400124,True
1,PT01M06.00S,01:06,Q1 01:06,37.1,130,freethrow,MISS Sefolosha Free Throw 2 of 2,[],Sefolosha,0,0,Missed,False,False,200757.0,,freethrow,substitution,,,,200757|200769|201596|202714|203118|203471|203544|203894|2365|2547,200757|202714|203118|203471|203544,200769|201596|203894|2365|2547,,,1610612737.0,21400124,True
1,PT01M06.00S,01:06,Q1 01:06,37.1,129,substitution,SUB out: P. Antic,[],Antic,0,0,,False,False,203544.0,,freethrow,substitution,,,,200757|200769|201596|202714|203118|203471|203894|2365|2547,200757|202714|203118|203471,200769|201596|203894|2365|2547,,,1610612737.0,21400124,False
1,PT01M06.00S,01:06,Q1 01:06,37.1,130,substitution,SUB in: A. Horford,[],Horford,0,0,,False,False,201143.0,,substitution,rebound,,,,200757|200769|201143|201596|202714|203118|203471|203894|2365|2547,200757|201143|202714|203118|203471,200769|201596|203894|2365|2547,,,1610612737.0,21400124,True
1,PT01M04.00S,01:04,Q1 01:04,37.06666666666667,132,rebound,Andersen REBOUND (Off:0 Def:1),[],Andersen,0,0,,False,False,2365.0,,substitution,foul,,,,200757|200769|201143|201596|202714|203118|203471|203894|2365|2547,200769|201596|203894|2365|2547,200757|201143|202714|203118|203471,,,1610612748.0,21400124,True
1,PT00M42.20S,00:42,Q1 00:42,36.70333333333333,133,foul,Sefolosha S.FOUL (P1.PN),['inpenalty'],Sefolosha,0,0,,False,False,200757.0,,rebound,freethrow,201596.0,,,200757|200769|201143|201596|202714|203118|203471|203894|2365|2547,200757|201143|202714|203118|203471,200769|201596|203894|2365|2547,,,1610612737.0,21400124,True
1,PT00M42.20S,00:42,Q1 00:42,36.70333333333333,134,freethrow,Chalmers Free Throw 1 of 2 (6 PTS),[],Chalmers,33,20,Made,False,False,201596.0,,foul,freethrow,,,,200757|200769|201143|201596|202714|203118|203471|203894|2365|2547,200769|201596|203894|2365|2547,200757|201143|202714|203118|203471,,,1610612748.0,21400124,True
1,PT00M42.20S,00:42,Q1 00:42,36.70333333333333,137,freethrow,Chalmers Free Throw 2 of 2 (7 PTS),[],Chalmers,33,21,Made,False,False,201596.0,,freethrow,substitution,,,,200757|200769|201143|201596|202714|203118|203471|203894|2365|2547,200769|201596|203894|2365|2547,200757|201143|202714|203118|203471,,,1610612748.0,21400124,True
1,PT00M42.20S,00:42,Q1 00:42,36.70333333333333,136,substitution,SUB out: T. Sefolosha,[],Sefolosha,0,0,,False,False,200757.0,,freethrow,substitution,,,,200769|201143|201596|202714|203118|203471|203894|2365|2547,201143|202714|203118|203471,200769|201596|203894|2365|2547,,,1610612737.0,21400124,False
1,PT00M42.20S,00:42,Q1 00:42,36.70333333333333,137,substitution,SUB in: K. Korver,[],Korver,0,0,,False,False,2594.0,,substitution,2pt made,,,,200769|201143|201596|202714|203118|203471|203894|2365|2547|2594,201143|202714|203118|203471|2594,200769|201596|203894|2365|2547,,,1610612737.0,21400124,True
1,PT00M29.90S,00:29,Q1 00:29,36.498333333333335,140,2pt,Schroder 3' Driving Layup (6 PTS),['pointsinthepaint'],Schroder,35,21,Made,True,False,203471.0,,substitution,2pt made,,,,200769|201143|201596|202714|203118|203471|203894|2365|2547|2594,201143|202714|203118|203471|2594,200769|201596|203894|2365|2547,18.0,22.0,1610612737.0,21400124,True
1,PT00M12.50S,00:12,Q1 00:12,36.208333333333336,141,2pt,Chalmers 16' Jump Shot (9 PTS) (Andersen 1 AST),[],Chalmers,35,23,Made,True,True,201596.0,2365.0,2pt made,3pt missed,,,,200769|201143|201596|202714|203118|203471|203894|2365|2547|2594,200769|201596|203894|2365|2547,201143|202714|203118|203471|2594,13.0,164.0,1610612748.0,21400124,True
1,PT00M00.00S,00:00,Q1 00:00,36.0,142,3pt,MISS Schroder 25' 3PT Jump Shot,[],Schroder,0,0,Missed,True,False,203471.0,,2pt made,rebound,,,,200769|201143|201596|202714|203118|203471|203894|2365|2547|2594,201143|202714|203118|203471|2594,200769|201596|203894|2365|2547,-35.0,247.0,1610612737.0,21400124,True
1,PT00M00.00S,00:00,Q1 00:00,36.0,143,rebound,TEAM offensive REBOUND,['team'],,0,0,,False,False,0.0,,3pt missed,period,,,,200769|201143|201596|202714|203118|203471|203894|2365|2547|2594,201143|202714|203118|203471|2594,200769|201596|203894|2365|2547,,,1610612737.0,21400124,True
1,PT00M00.00S,00:00,Q1 00:00,36.0,144,period,End of 1st Period (8:09 PM EST),[],,35,23,,False,False,0.0,,rebound,period,,,,200769|201143|201596|202714|203118|203471|203894|2365|2547|2594,201143|202714|203118|203471|2594,200769|201596|203894|2365|2547,,,1610612737.0,21400124,True
2,PT12M00.00S,12:00,Q2 12:00,36.0,146,period,Start of 2nd Period (8:12 PM EST),[],,35,23,,False,False,0.0,,period,2pt made,,,,200769|201143|201596|202714|203118|203471|203894|2365|2547|2594,201143|202714|203118|203471|2594,200769|201596|203894|2365|2547,,,1610612737.0,21400124,True
2,PT11M44.00S,11:44,Q2 11:44,35.733333333333334,147,2pt,Scott 10' Driving Jump Shot (2 PTS) (Schroder 2 AST),['pointsinthepaint'],Scott,37,23,Made,True,True,203118.0,203471.0,period,2pt missed,,,,200769|201143|201596|202714|203118|203471|203894|2365|2547|2594,201143|202714|203118|203471|2594,200769|201596|203894|2365|2547,69.0,66.0,1610612737.0,21400124,True
2,PT11M23.00S,11:23,Q2 11:23,35.38333333333333,148,2pt,MISS Brown 11' Fadeaway Jumper,['pointsinthepaint'],Brown,0,0,Missed,True,False,200769.0,,2pt made,rebound,,,,200769|201143|201596|202714|203118|203471|203894|2365|2547|2594,200769|201596|203894|2365|2547,201143|202714|203118|203471|2594,-2.0,113.0,1610612748.0,21400124,True
2,PT11M23.00S,11:23,Q2 11:23,35.38333333333333,149,rebound,TEAM offensive REBOUND,['team'],,0,0,,False,False,0.0,,2pt missed,foul,,,,200769|201143|201596|202714|203118|203471|203894|2365|2547|2594,200769|201596|203894|2365|2547,201143|202714|203118|203471|2594,,,1610612748.0,21400124,True
2,PT11M23.00S,11:23,Q2 11:23,35.38333333333333,150,foul,Mack P.FOUL (P1.T1),[],Mack,0,0,,False,False,202714.0,,rebound,turnover,201596.0,,,200769|201143|201596|202714|203118|203471|203894|2365|2547|2594,201143|202714|203118|203471|2594,200769|201596|203894|2365|2547,,,1610612737.0,21400124,True
2,PT11M16.00S,11:16,Q2 11:16,35.266666666666666,151,turnover,Chalmers Lost Ball Turnover (P1.T5),[],Chalmers,0,0,,False,False,201596.0,,foul,steal,,,,200769|201143|201596|202714|203118|203471|203894|2365|2547|2594,200769|201596|203894|2365|2547,201143|202714|203118|203471|2594,,,1610612748.0,21400124,True
2,PT11M16.00S,11:16,Q2 11:16,35.266666666666666,151,steal,Mack STEAL (1 STL),[],Mack,0,0,,False,False,202714.0,,turnover,2pt made,,202714.0,,200769|201143|201596|202714|203118|203471|203894|2365|2547|2594,201143|202714|203118|203471|2594,200769|201596|203894|2365|2547,,,1610612737.0,21400124,True
2,PT11M12.00S,11:12,Q2 11:12,35.2,152,2pt,Mack 1' Running Layup (5 PTS) (Scott 1 AST),['pointsinthepaint'],Mack,39,23,Made,True,True,202714.0,203118.0,steal,2pt made,,,,200769|201143|201596|202714|203118|203471|203894|2365|2547|2594,201143|202714|203118|203471|2594,200769|201596|203894|2365|2547,13.0,7.0,1610612737.0,21400124,True
2,PT10M50.00S,10:50,Q2 10:50,34.833333333333336,154,2pt,Napier 2' Reverse Layup (4 PTS) (Chalmers 3 AST),['pointsinthepaint'],Napier,39,25,Made,True,True,203894.0,201596.0,2pt made,2pt missed,,,,200769|201143|201596|202714|203118|203471|203894|2365|2547|2594,200769|201596|203894|2365|2547,201143|202714|203118|203471|2594,-15.0,4.0,1610612748.0,21400124,True
2,PT10M38.00S,10:38,Q2 10:38,34.63333333333333,155,2pt,MISS Horford 5' Hook Shot,['pointsinthepaint'],Horford,0,0,Missed,True,False,201143.0,,2pt made,rebound,,,,200769|201143|201596|202714|203118|203471|203894|2365|2547|2594,201143|202714|203118|203471|2594,200769|201596|203894|2365|2547,1.0,52.0,1610612737.0,21400124,True
2,PT10M36.00S,10:36,Q2 10:36,34.6,156,rebound,Bosh REBOUND (Off:0 Def:2),[],Bosh,0,0,,False,False,2547.0,,2pt missed,3pt made,,,,200769|201143|201596|202714|203118|203471|203894|2365|2547|2594,200769|201596|203894|2365|2547,201143|202714|203118|203471|2594,,,1610612748.0,21400124,True
2,PT10M26.00S,10:26,Q2 10:26,34.43333333333334,157,3pt,Brown  3PT Jump Shot (3 PTS),[],Brown,39,28,Made,True,False,200769.0,,rebound,foul,,,,200769|201143|201596|202714|203118|203471|203894|2365|2547|2594,200769|201596|203894|2365|2547,201143|202714|203118|203471|2594,-232.0,-2.0,1610612748.0,21400124,True
2,PT10M14.00S,10:14,Q2 10:14,34.233333333333334,158,foul,Chalmers P.FOUL (P1.T1),[],Chalmers,0,0,,False,False,201596.0,,3pt made,2pt made,201143.0,,,200769|201143|201596|202714|203118|203471|203894|2365|2547|2594,200769|201596|203894|2365|2547,201143|202714|203118|203471|2594,,,1610612748.0,21400124,True
2,PT10M02.00S,10:02,Q2 10:02,34.03333333333333,159,2pt,Horford 20' Jump Shot (9 PTS) (Mack 1 AST),[],Horford,41,28,Made,True,True,201143.0,202714.0,foul,foul,,,,200769|201143|201596|202714|203118|203471|203894|2365|2547|2594,201143|202714|203118|203471|2594,200769|201596|203894|2365|2547,173.0,102.0,1610612737.0,21400124,True
2,PT09M46.00S,09:46,Q2 09:46,33.766666666666666,160,foul,Scott S.FOUL (P1.T2),[],Scott,0,0,,False,False,203118.0,,2pt made,freethrow,2547.0,,,200769|201143|201596|202714|203118|203471|203894|2365|2547|2594,201143|202714|203118|203471|2594,200769|201596|203894|2365|2547,,,1610612737.0,21400124,True
2,PT09M46.00S,09:46,Q2 09:46,33.766666666666666,161,freethrow,Bosh Free Throw 1 of 2 (7 PTS),[],Bosh,41,29,Made,False,False,2547.0,,foul,freethrow,,,,200769|201143|201596|202714|203118|203471|203894|2365|2547|2594,200769|201596|203894|2365|2547,201143|202714|203118|203471|2594,,,1610612748.0,21400124,True
2,PT09M46.00S,09:46,Q2 09:46,33.766666666666666,164,freethrow,Bosh Free Throw 2 of 2 (8 PTS),[],Bosh,41,30,Made,False,False,2547.0,,freethrow,substitution,,,,200769|201143|201596|202714|203118|203471|203894|2365|2547|2594,200769|201596|203894|2365|2547,201143|202714|203118|203471|2594,,,1610612748.0,21400124,True
2,PT09M46.00S,09:46,Q2 09:46,33.766666666666666,163,substitution,SUB out: C. Andersen,[],Andersen,0,0,,False,False,2365.0,,freethrow,substitution,,,,200769|201143|201596|202714|203118|203471|203894|2547|2594,200769|201596|203894|2547,201143|202714|203118|203471|2594,,,1610612748.0,21400124,False
2,PT09M46.00S,09:46,Q2 09:46,33.766666666666666,164,substitution,SUB in: U. Haslem,[],Haslem,0,0,,False,False,2617.0,,substitution,turnover,,,,200769|201143|201596|202714|203118|203471|203894|2547|2594|2617,200769|201596|203894|2547|2617,201143|202714|203118|203471|2594,,,1610612748.0,21400124,True
2,PT09M38.00S,09:38,Q2 09:38,33.63333333333333,166,turnover,Mack Bad Pass Turnover (P1.T4),[],Mack,0,0,,False,False,202714.0,,substitution,steal,,,,200769|201143|201596|202714|203118|203471|203894|2547|2594|2617,201143|202714|203118|203471|2594,200769|201596|203894|2547|2617,,,1610612737.0,21400124,True
2,PT09M38.00S,09:38,Q2 09:38,33.63333333333333,166,steal,Haslem STEAL (1 STL),[],Haslem,0,0,,False,False,2617.0,,turnover,2pt missed,,2617.0,,200769|201143|201596|202714|203118|203471|203894|2547|2594|2617,200769|201596|203894|2547|2617,201143|202714|203118|203471|2594,,,1610612748.0,21400124,True
2,PT09M24.00S,09:24,Q2 09:24,33.4,167,2pt,MISS Bosh 17' Fadeaway Jumper,[],Bosh,0,0,Missed,True,False,2547.0,,steal,rebound,,,,200769|201143|201596|202714|203118|203471|203894|2547|2594|2617,200769|201596|203894|2547|2617,201143|202714|203118|203471|2594,168.0,9.0,1610612748.0,21400124,True
2,PT09M23.00S,09:23,Q2 09:23,33.38333333333333,168,rebound,TEAM offensive REBOUND,['team'],,0,0,,False,False,0.0,,2pt missed,2pt made,,,,200769|201143|201596|202714|203118|203471|203894|2547|2594|2617,200769|201596|203894|2547|2617,201143|202714|203118|203471|2594,,,1610612748.0,21400124,True
2,PT09M13.00S,09:13,Q2 09:13,33.21666666666667,169,2pt,Chalmers 2' Driving Layup (11 PTS) (Bosh 1 AST),"['2ndchance', 'pointsinthepaint']",Chalmers,41,32,Made,True,True,201596.0,2547.0,rebound,3pt made,,,,200769|201143|201596|202714|203118|203471|203894|2547|2594|2617,200769|201596|203894|2547|2617,201143|202714|203118|203471|2594,18.0,15.0,1610612748.0,21400124,True
2,PT08M57.00S,08:57,Q2 08:57,32.95,170,3pt,Korver 26' 3PT Jump Shot (6 PTS) (Horford 2 AST),[],Korver,44,32,Made,True,True,2594.0,201143.0,2pt made,turnover,,,,200769|201143|201596|202714|203118|203471|203894|2547|2594|2617,201143|202714|203118|203471|2594,200769|201596|203894|2547|2617,54.0,254.0,1610612737.0,21400124,True
2,PT08M41.00S,08:41,Q2 08:41,32.68333333333334,171,turnover,Napier Bad Pass Turnover (P1.T6),[],Napier,0,0,,False,False,203894.0,,3pt made,steal,,,,200769|201143|201596|202714|203118|203471|203894|2547|2594|2617,200769|201596|203894|2547|2617,201143|202714|203118|203471|2594,,,1610612748.0,21400124,True
2,PT08M41.00S,08:41,Q2 08:41,32.68333333333334,171,steal,Korver STEAL (2 STL),[],Korver,0,0,,False,False,2594.0,,turnover,2pt missed,,2594.0,,200769|201143|201596|202714|203118|203471|203894|2547|2594|2617,201143|202714|203118|203471|2594,200769|201596|203894|2547|2617,,,1610612737.0,21400124,True
2,PT08M37.00S,08:37,Q2 08:37,32.61666666666667,172,2pt,MISS Scott  Running Dunk,['pointsinthepaint'],Scott,0,0,Missed,True,False,203118.0,,steal,rebound,,,,200769|201143|201596|202714|203118|203471|203894|2547|2594|2617,201143|202714|203118|203471|2594,200769|201596|203894|2547|2617,0.0,1.0,1610612737.0,21400124,True
2,PT08M35.00S,08:35,Q2 08:35,32.583333333333336,173,rebound,Napier REBOUND (Off:0 Def:1),[],Napier,0,0,,False,False,203894.0,,2pt missed,3pt missed,,,,200769|201143|201596|202714|203118|203471|203894|2547|2594|2617,200769|201596|203894|2547|2617,201143|202714|203118|203471|2594,,,1610612748.0,21400124,True
2,PT08M26.00S,08:26,Q2 08:26,32.43333333333334,174,3pt,MISS Brown 26' 3PT Jump Shot,[],Brown,0,0,Missed,True,False,200769.0,,rebound,rebound,,,,200769|201143|201596|202714|203118|203471|203894|2547|2594|2617,200769|201596|203894|2547|2617,201143|202714|203118|203471|2594,146.0,217.0,1610612748.0,21400124,True
2,PT08M24.00S,08:24,Q2 08:24,32.4,175,rebound,Schroder REBOUND (Off:0 Def:1),[],Schroder,0,0,,False,False,203471.0,,3pt missed,foul,,,,200769|201143|201596|202714|203118|203471|203894|2547|2594|2617,201143|202714|203118|203471|2594,200769|201596|203894|2547|2617,,,1610612737.0,21400124,True
2,PT08M14.00S,08:14,Q2 08:14,32.233333333333334,176,foul,Chalmers S.FOUL (P2.T2),[],Chalmers,0,0,,False,False,201596.0,,rebound,timeout,203118.0,,,200769|201143|201596|202714|203118|203471|203894|2547|2594|2617,200769|201596|203894|2547|2617,201143|202714|203118|203471|2594,,,1610612748.0,21400124,True
2,PT08M14.00S,08:14,Q2 08:14,32.233333333333334,177,timeout,Timeout: Official,[],,0,0,,False,False,0.0,,foul,freethrow,,,,200769|201143|201596|202714|203118|203471|203894|2547|2594|2617,201143|202714|203118|203471|2594,200769|201596|203894|2547|2617,,,0.0,21400124,True
2,PT08M14.00S,08:14,Q2 08:14,32.233333333333334,181,freethrow,Scott Free Throw 1 of 2 (3 PTS),[],Scott,45,32,Made,False,False,203118.0,,timeout,freethrow,,,,200769|201143|201596|202714|203118|203471|203894|2547|2594|2617,201143|202714|203118|203471|2594,200769|201596|203894|2547|2617,,,1610612737.0,21400124,True
2,PT08M14.00S,08:14,Q2 08:14,32.233333333333334,183,freethrow,Scott Free Throw 2 of 2 (4 PTS),[],Scott,46,32,Made,False,False,203118.0,,freethrow,substitution,,,,200769|201143|201596|202714|203118|203471|203894|2547|2594|2617,201143|202714|203118|203471|2594,200769|201596|203894|2547|2617,,,1610612737.0,21400124,True
2,PT08M14.00S,08:14,Q2 08:14,32.233333333333334,178,substitution,SUB out: A. Horford,[],Horford,0,0,,False,False,201143.0,,freethrow,substitution,,,,200769|201596|202714|203118|203471|203894|2547|2594|2617,202714|203118|203471|2594,200769|201596|203894|2547|2617,,,1610612737.0,21400124,False
2,PT08M14.00S,08:14,Q2 08:14,32.233333333333334,179,substitution,SUB out: S. Mack,[],Mack,0,0,,False,False,202714.0,,substitution,substitution,,,,200769|201596|203118|203471|203894|2547|2594|2617,203118|203471|2594,200769|201596|203894|2547|2617,,,1610612737.0,21400124,False
2,PT08M14.00S,08:14,Q2 08:14,32.233333333333334,180,substitution,SUB out: C. Bosh,[],Bosh,0,0,,False,False,2547.0,,substitution,substitution,,,,200769|201596|203118|203471|203894|2594|2617,200769|201596|203894|2617,203118|203471|2594,,,1610612748.0,21400124,False
2,PT08M14.00S,08:14,Q2 08:14,32.233333333333334,181,substitution,SUB in: J. Teague,[],Teague,0,0,,False,False,201952.0,,substitution,substitution,,,,200769|201596|201952|203118|203471|203894|2594|2617,201952|203118|203471|2594,200769|201596|203894|2617,,,1610612737.0,21400124,False
2,PT08M14.00S,08:14,Q2 08:14,32.233333333333334,182,substitution,SUB in: P. Antic,[],Antic,0,0,,False,False,203544.0,,substitution,substitution,,,,200769|201596|201952|203118|203471|203544|203894|2594|2617,201952|203118|203471|203544|2594,200769|201596|203894|2617,,,1610612737.0,21400124,False
2,PT08M14.00S,08:14,Q2 08:14,32.233333333333334,183,substitution,SUB in: S. Williams,[],Williams,0,0,,False,False,200761.0,,substitution,2pt made,,,,200761|200769|201596|201952|203118|203471|203544|203894|2594|2617,200761|200769|201596|203894|2617,201952|203118|203471|203544|2594,,,1610612748.0,21400124,True
2,PT07M54.00S,07:54,Q2 07:54,31.9,185,2pt,Shaw. Williams 21' Jump Shot (7 PTS) (Chalmers 4 AST),[],Williams,46,34,Made,True,True,200761.0,201596.0,substitution,3pt missed,,,,200761|200769|201596|201952|203118|203471|203544|203894|2594|2617,200761|200769|201596|203894|2617,201952|203118|203471|203544|2594,119.0,170.0,1610612748.0,21400124,True
2,PT07M37.00S,07:37,Q2 07:37,31.616666666666667,186,3pt,MISS Scott 25' 3PT Jump Shot,[],Scott,0,0,Missed,True,False,203118.0,,2pt made,rebound,,,,200761|200769|201596|201952|203118|203471|203544|203894|2594|2617,201952|203118|203471|203544|2594,200761|200769|201596|203894|2617,-52.0,246.0,1610612737.0,21400124,True
2,PT07M35.00S,07:35,Q2 07:35,31.583333333333332,187,rebound,Brown REBOUND (Off:0 Def:1),[],Brown,0,0,,False,False,200769.0,,3pt missed,foul,,,,200761|200769|201596|201952|203118|203471|203544|203894|2594|2617,200761|200769|201596|203894|2617,201952|203118|203471|203544|2594,,,1610612748.0,21400124,True
2,PT07M15.00S,07:15,Q2 07:15,31.25,188,foul,HAWKS T.Foul (Def. 3 Sec Schroder ),[],Schroder,0,0,,False,False,203471.0,,rebound,freethrow,201596.0,,,200761|200769|201596|201952|203118|203471|203544|203894|2594|2617,201952|203118|203471|203544|2594,200761|200769|201596|203894|2617,,,1610612737.0,21400124,True
2,PT07M15.00S,07:15,Q2 07:15,31.25,190,freethrow,Chalmers Free Throw Technical (12 PTS),[],Chalmers,46,35,Made,False,False,201596.0,,foul,substitution,,,,200761|200769|201596|201952|203118|203471|203544|203894|2594|2617,200761|200769|201596|203894|2617,201952|203118|203471|203544|2594,,,1610612748.0,21400124,True
2,PT07M15.00S,07:15,Q2 07:15,31.25,192,substitution,SUB out: S. Brown,[],Brown,0,0,,False,False,200769.0,,freethrow,substitution,,,,200761|201596|201952|203118|203471|203544|203894|2594|2617,200761|201596|203894|2617,201952|203118|203471|203544|2594,,,1610612748.0,21400124,False
2,PT07M15.00S,07:15,Q2 07:15,31.25,193,substitution,SUB out: M. Scott,[],Scott,0,0,,False,False,203118.0,,substitution,substitution,,,,200761|201596|201952|203471|203544|203894|2594|2617,201952|203471|203544|2594,200761|201596|203894|2617,,,1610612737.0,21400124,False
2,PT07M15.00S,07:15,Q2 07:15,31.25,194,substitution,SUB in: L. Deng,[],Deng,0,0,,False,False,2736.0,,substitution,substitution,,,,200761|201596|201952|203471|203544|203894|2594|2617|2736,200761|201596|203894|2617|2736,201952|203471|203544|2594,,,1610612748.0,21400124,False
2,PT07M15.00S,07:15,Q2 07:15,31.25,195,substitution,SUB in: P. Millsap,[],Millsap,0,0,,False,False,200794.0,,substitution,2pt made,,,,200761|200794|201596|201952|203471|203544|203894|2594|2617|2736,200794|201952|203471|203544|2594,200761|201596|203894|2617|2736,,,1610612737.0,21400124,True
2,PT07M08.00S,07:08,Q2 07:08,31.133333333333333,194,2pt,Haslem  Alley Oop Dunk (2 PTS) (Chalmers 5 AST),['pointsinthepaint'],Haslem,46,37,Made,True,True,2617.0,201596.0,substitution,turnover,,,,200761|200794|201596|201952|203471|203544|203894|2594|2617|2736,200761|201596|203894|2617|2736,200794|201952|203471|203544|2594,0.0,1.0,1610612748.0,21400124,True
2,PT06M46.00S,06:46,Q2 06:46,30.766666666666666,195,turnover,Teague Bad Pass Turnover (P1.T5),[],Teague,0,0,,False,False,201952.0,,2pt made,steal,,,,200761|200794|201596|201952|203471|203544|203894|2594|2617|2736,200794|201952|203471|203544|2594,200761|201596|203894|2617|2736,,,1610612737.0,21400124,True
2,PT06M46.00S,06:46,Q2 06:46,30.766666666666666,195,steal,Shaw. Williams STEAL (1 STL),[],Williams,0,0,,False,False,200761.0,,turnover,2pt made,,200761.0,,200761|200794|201596|201952|203471|203544|203894|2594|2617|2736,200761|201596|203894|2617|2736,200794|201952|203471|203544|2594,,,1610612748.0,21400124,True
2,PT06M40.00S,06:40,Q2 06:40,30.666666666666668,196,2pt,Deng 2' Running Layup (2 PTS),['pointsinthepaint'],Deng,46,39,Made,True,False,2736.0,,steal,2pt made,,,,200761|200794|201596|201952|203471|203544|203894|2594|2617|2736,200761|201596|203894|2617|2736,200794|201952|203471|203544|2594,-4.0,15.0,1610612748.0,21400124,True
2,PT06M27.00S,06:27,Q2 06:27,30.45,197,2pt,Schroder 2' Driving Layup (8 PTS),['pointsinthepaint'],Schroder,48,39,Made,True,False,203471.0,,2pt made,2pt missed,,,,200761|200794|201596|201952|203471|203544|203894|2594|2617|2736,200794|201952|203471|203544|2594,200761|201596|203894|2617|2736,-21.0,9.0,1610612737.0,21400124,True
2,PT06M05.00S,06:05,Q2 06:05,30.083333333333332,198,2pt,MISS Haslem 16' Jump Shot,[],Haslem,0,0,Missed,True,False,2617.0,,2pt made,rebound,,,,200761|200794|201596|201952|203471|203544|203894|2594|2617|2736,200761|201596|203894|2617|2736,200794|201952|203471|203544|2594,-2.0,157.0,1610612748.0,21400124,True
2,PT06M03.00S,06:03,Q2 06:03,30.05,199,rebound,Shaw. Williams REBOUND (Off:1 Def:1),[],Williams,0,0,,False,False,200761.0,,2pt missed,foul,,,,200761|200794|201596|201952|203471|203544|203894|2594|2617|2736,200761|201596|203894|2617|2736,200794|201952|203471|203544|2594,,,1610612748.0,21400124,True
2,PT05M57.00S,05:57,Q2 05:57,29.95,200,foul,Antic P.FOUL (P3.T3),[],Antic,0,0,,False,False,203544.0,,rebound,timeout,,,,200761|200794|201596|201952|203471|203544|203894|2594|2617|2736,200794|201952|203471|203544|2594,200761|201596|203894|2617|2736,,,1610612737.0,21400124,True
2,PT05M57.00S,05:57,Q2 05:57,29.95,201,timeout,HAWKS Timeout: Regular (Full 2 Short 0),[],,0,0,,False,False,0.0,,foul,substitution,,,,200761|200794|201596|201952|203471|203544|203894|2594|2617|2736,200794|201952|203471|203544|2594,200761|201596|203894|2617|2736,,,1610612737.0,21400124,True
2,PT05M57.00S,05:57,Q2 05:57,29.95,202,substitution,SUB out: K. Korver,[],Korver,0,0,,False,False,2594.0,,timeout,substitution,,,,200761|200794|201596|201952|203471|203544|203894|2617|2736,200794|201952|203471|203544,200761|201596|203894|2617|2736,,,1610612737.0,21400124,False
2,PT05M57.00S,05:57,Q2 05:57,29.95,203,substitution,SUB out: P. Antic,[],Antic,0,0,,False,False,203544.0,,substitution,substitution,,,,200761|200794|201596|201952|203471|203894|2617|2736,200794|201952|203471,200761|201596|203894|2617|2736,,,1610612737.0,21400124,False
2,PT05M57.00S,05:57,Q2 05:57,29.95,204,substitution,SUB out: S. Napier,[],Napier,0,0,,False,False,203894.0,,substitution,substitution,,,,200761|200794|201596|201952|203471|2617|2736,200761|201596|2617|2736,200794|201952|203471,,,1610612748.0,21400124,False
2,PT05M57.00S,05:57,Q2 05:57,29.95,205,substitution,SUB in: A. Horford,[],Horford,0,0,,False,False,201143.0,,substitution,substitution,,,,200761|200794|201143|201596|201952|203471|2617|2736,200794|201143|201952|203471,200761|201596|2617|2736,,,1610612737.0,21400124,False
2,PT05M57.00S,05:57,Q2 05:57,29.95,206,substitution,SUB in: T. Sefolosha,[],Sefolosha,0,0,,False,False,200757.0,,substitution,substitution,,,,200757|200761|200794|201143|201596|201952|203471|2617|2736,200757|200794|201143|201952|203471,200761|201596|2617|2736,,,1610612737.0,21400124,False
2,PT05M57.00S,05:57,Q2 05:57,29.95,207,substitution,SUB in: N. Cole,[],Cole,0,0,,False,False,202708.0,,substitution,2pt missed,,,,200757|200761|200794|201143|201596|201952|202708|203471|2617|2736,200761|201596|202708|2617|2736,200757|200794|201143|201952|203471,,,1610612748.0,21400124,True
2,PT05M47.00S,05:47,Q2 05:47,29.78333333333333,205,2pt,MISS Deng 10' Jump Shot,['pointsinthepaint'],Deng,0,0,Missed,True,False,2736.0,,substitution,rebound,,,,200757|200761|200794|201143|201596|201952|202708|203471|2617|2736,200761|201596|202708|2617|2736,200757|200794|201143|201952|203471,-32.0,99.0,1610612748.0,21400124,True
2,PT05M46.00S,05:46,Q2 05:46,29.766666666666666,206,rebound,Horford REBOUND (Off:0 Def:2),[],Horford,0,0,,False,False,201143.0,,2pt missed,3pt missed,,,,200757|200761|200794|201143|201596|201952|202708|203471|2617|2736,200757|200794|201143|201952|203471,200761|201596|202708|2617|2736,,,1610612737.0,21400124,True
2,PT05M29.00S,05:29,Q2 05:29,29.483333333333334,207,3pt,MISS Teague 26' 3PT Jump Shot,[],Teague,0,0,Missed,True,False,201952.0,,rebound,rebound,,,,200757|200761|200794|201143|201596|201952|202708|203471|2617|2736,200757|200794|201143|201952|203471,200761|201596|202708|2617|2736,-185.0,178.0,1610612737.0,21400124,True
2,PT05M27.00S,05:27,Q2 05:27,29.45,208,rebound,Haslem REBOUND (Off:0 Def:1),[],Haslem,0,0,,False,False,2617.0,,3pt missed,3pt made,,,,200757|200761|200794|201143|201596|201952|202708|203471|2617|2736,200761|201596|202708|2617|2736,200757|200794|201143|201952|203471,,,1610612748.0,21400124,True
2,PT05M14.00S,05:14,Q2 05:14,29.233333333333334,209,3pt,Shaw. Williams 25' 3PT Jump Shot (10 PTS) (Cole 4 AST),[],Williams,48,42,Made,True,True,200761.0,202708.0,rebound,2pt missed,,,,200757|200761|200794|201143|201596|201952|202708|203471|2617|2736,200761|201596|202708|2617|2736,200757|200794|201143|201952|203471,118.0,220.0,1610612748.0,21400124,True
2,PT05M02.00S,05:02,Q2 05:02,29.03333333333333,210,2pt,MISS Millsap 3' Turnaround Jump Shot,['pointsinthepaint'],Millsap,0,0,Missed,True,False,200794.0,,3pt made,rebound,,,,200757|200761|200794|201143|201596|201952|202708|203471|2617|2736,200757|200794|201143|201952|203471,200761|201596|202708|2617|2736,-27.0,15.0,1610612737.0,21400124,True
2,PT05M00.00S,05:00,Q2 05:00,29.0,211,rebound,Haslem REBOUND (Off:0 Def:2),[],Haslem,0,0,,False,False,2617.0,,2pt missed,3pt missed,,,,200757|200761|200794|201143|201596|201952|202708|203471|2617|2736,200761|201596|202708|2617|2736,200757|200794|201143|201952|203471,,,1610612748.0,21400124,True
2,PT04M51.00S,04:51,Q2 04:51,28.85,212,3pt,MISS Shaw. Williams 25' 3PT Jump Shot,[],Williams,0,0,Missed,True,False,200761.0,,rebound,rebound,,,,200757|200761|200794|201143|201596|201952|202708|203471|2617|2736,200761|201596|202708|2617|2736,200757|200794|201143|201952|203471,-150.0,203.0,1610612748.0,21400124,True
2,PT04M50.00S,04:50,Q2 04:50,28.833333333333332,213,rebound,Schroder REBOUND (Off:0 Def:2),[],Schroder,0,0,,False,False,203471.0,,3pt missed,2pt made,,,,200757|200761|200794|201143|201596|201952|202708|203471|2617|2736,200757|200794|201143|201952|203471,200761|201596|202708|2617|2736,,,1610612737.0,21400124,True
2,PT04M36.00S,04:36,Q2 04:36,28.6,214,2pt,Millsap 22' Jump Shot (4 PTS) (Schroder 3 AST),[],Millsap,50,42,Made,True,True,200794.0,203471.0,rebound,substitution,,,,200757|200761|200794|201143|201596|201952|202708|203471|2617|2736,200757|200794|201143|201952|203471,200761|201596|202708|2617|2736,-68.0,205.0,1610612737.0,21400124,True
2,PT04M16.00S,04:16,Q2 04:16,28.266666666666666,216,substitution,SUB out: D. Schroder,[],Schroder,0,0,,False,False,203471.0,,2pt made,substitution,,,,200757|200761|200794|201143|201596|201952|202708|2617|2736,200757|200794|201143|201952,200761|201596|202708|2617|2736,,,1610612737.0,21400124,False
2,PT04M16.00S,04:16,Q2 04:16,28.266666666666666,217,substitution,SUB in: K. Korver,[],Korver,0,0,,False,False,2594.0,,substitution,2pt missed,,,,200757|200761|200794|201143|201596|201952|202708|2594|2617|2736,200757|200794|201143|201952|2594,200761|201596|202708|2617|2736,,,1610612737.0,21400124,True
2,PT04M01.00S,04:01,Q2 04:01,28.016666666666666,217,2pt,MISS Haslem 2' Layup,['pointsinthepaint'],Haslem,0,0,Missed,True,False,2617.0,,substitution,rebound,,,,200757|200761|200794|201143|201596|201952|202708|2594|2617|2736,200761|201596|202708|2617|2736,200757|200794|201143|201952|2594,-19.0,7.0,1610612748.0,21400124,True
2,PT04M00.00S,04:00,Q2 04:00,28.0,218,rebound,Sefolosha REBOUND (Off:1 Def:2),[],Sefolosha,0,0,,False,False,200757.0,,2pt missed,foul,,,,200757|200761|200794|201143|201596|201952|202708|2594|2617|2736,200757|200794|201143|201952|2594,200761|201596|202708|2617|2736,,,1610612737.0,21400124,True
2,PT03M51.00S,03:51,Q2 03:51,27.85,219,foul,Horford Offensive Charge Foul (P3.T4),[],Horford,0,0,,False,False,201143.0,,rebound,turnover,202708.0,,,200757|200761|200794|201143|201596|201952|202708|2594|2617|2736,200757|200794|201143|201952|2594,200761|201596|202708|2617|2736,,,1610612737.0,21400124,True
2,PT03M51.00S,03:51,Q2 03:51,27.85,220,turnover,Horford Foul Turnover (P1.T6),[],Horford,0,0,,False,False,201143.0,,foul,substitution,,,,200757|200761|200794|201143|201596|201952|202708|2594|2617|2736,200757|200794|201143|201952|2594,200761|201596|202708|2617|2736,,,1610612737.0,21400124,True
2,PT03M51.00S,03:51,Q2 03:51,27.85,221,substitution,SUB: Muscala FOR Horford,[],Horford,0,0,,False,False,201143.0,,substitution,2pt made,,,,200757|200761|200794|201596|201952|202708|2594|2617|2736,200757|200794|201952|2594,200761|201596|202708|2617|2736,,,1610612737.0,21400124,False
2,PT03M28.00S,03:28,Q2 03:28,27.46666666666667,223,2pt,Cole 1' Layup (2 PTS) (Deng 1 AST),['pointsinthepaint'],Cole,50,44,Made,True,True,202708.0,2736.0,substitution,foul,,,,200757|200761|200794|201596|201952|202708|2594|2617|2736,200761|201596|202708|2617|2736,200757|200794|201952|2594,-5.0,3.0,1610612748.0,21400124,False
2,PT03M22.00S,03:22,Q2 03:22,27.366666666666667,224,foul,Cole Personal Block Foul (P2.T3),[],Cole,0,0,,False,False,202708.0,,2pt made,substitution,200794.0,,,200757|200761|200794|201596|201952|202708|2594|2617|2736,200761|201596|202708|2617|2736,200757|200794|201952|2594,,,1610612748.0,21400124,False
2,PT03M22.00S,03:22,Q2 03:22,27.366666666666667,225,substitution,SUB out: U. Haslem,[],Haslem,0,0,,False,False,2617.0,,foul,substitution,,,,200757|200761|200794|201596|201952|202708|2594|2736,200761|201596|202708|2736,200757|200794|201952|2594,,,1610612748.0,21400124,False
2,PT03M22.00S,03:22,Q2 03:22,27.366666666666667,226,substitution,SUB in: C. Bosh,[],Bosh,0,0,,False,False,2547.0,,substitution,2pt missed,,,,200757|200761|200794|201596|201952|202708|2547|2594|2736,200761|201596|202708|2547|2736,200757|200794|201952|2594,,,1610612748.0,21400124,False
2,PT03M12.00S,03:12,Q2 03:12,27.2,227,2pt,MISS Millsap 19' Jump Shot,[],Millsap,0,0,Missed,True,False,200794.0,,substitution,rebound,,,,200757|200761|200794|201596|201952|202708|2547|2594|2736,200757|200794|201952|2594,200761|201596|202708|2547|2736,185.0,3.0,1610612737.0,21400124,False
2,PT03M11.00S,03:11,Q2 03:11,27.183333333333334,228,rebound,Shaw. Williams REBOUND (Off:1 Def:2),[],Williams,0,0,,False,False,200761.0,,2pt missed,turnover,,,,200757|200761|200794|201596|201952|202708|2547|2594|2736,200761|201596|202708|2547|2736,200757|200794|201952|2594,,,1610612748.0,21400124,False
2,PT03M04.00S,03:04,Q2 03:04,27.066666666666666,229,turnover,Deng Lost Ball Turnover (P1.T7),[],Deng,0,0,,False,False,2736.0,,rebound,steal,,,,200757|200761|200794|201596|201952|202708|2547|2594|2736,200761|201596|202708|2547|2736,200757|200794|201952|2594,,,1610612748.0,21400124,False
2,PT03M04.00S,03:04,Q2 03:04,27.066666666666666,229,steal,Millsap STEAL (2 STL),[],Millsap,0,0,,False,False,200794.0,,turnover,turnover,,200794.0,,200757|200761|200794|201596|201952|202708|2547|2594|2736,200757|200794|201952|2594,200761|201596|202708|2547|2736,,,1610612737.0,21400124,False
2,PT02M56.00S,02:56,Q2 02:56,26.933333333333334,231,turnover,Korver Bad Pass Turnover (P1.T7),[],Korver,0,0,,False,False,2594.0,,steal,steal,,,,200757|200761|200794|201596|201952|202708|2547|2594|2736,200757|200794|201952|2594,200761|201596|202708|2547|2736,,,1610612737.0,21400124,False
2,PT02M56.00S,02:56,Q2 02:56,26.933333333333334,231,steal,Bosh STEAL (2 STL),[],Bosh,0,0,,False,False,2547.0,,turnover,2pt made,,2547.0,,200757|200761|200794|201596|201952|202708|2547|2594|2736,200761|201596|202708|2547|2736,200757|200794|201952|2594,,,1610612748.0,21400124,False
2,PT02M43.00S,02:43,Q2 02:43,26.71666666666667,232,2pt,Shaw. Williams 21' Jump Shot (12 PTS) (Chalmers 6 AST),[],Williams,50,46,Made,True,True,200761.0,201596.0,steal,2pt made,,,,200757|200761|200794|201596|201952|202708|2547|2594|2736,200761|201596|202708|2547|2736,200757|200794|201952|2594,-213.0,3.0,1610612748.0,21400124,False
2,PT02M23.00S,02:23,Q2 02:23,26.383333333333333,233,2pt,Millsap 2' Driving Layup (6 PTS) (Teague 4 AST),['pointsinthepaint'],Millsap,52,46,Made,True,True,200794.0,201952.0,2pt made,2pt made,,,,200757|200761|200794|201596|201952|202708|2547|2594|2736,200757|200794|201952|2594,200761|201596|202708|2547|2736,20.0,11.0,1610612737.0,21400124,False
2,PT02M05.00S,02:05,Q2 02:05,26.083333333333332,234,2pt,Bosh 6' Jump Shot (10 PTS) (Cole 5 AST),['pointsinthepaint'],Bosh,52,48,Made,True,True,2547.0,202708.0,2pt made,2pt missed,,,,200757|200761|200794|201596|201952|202708|2547|2594|2736,200761|201596|202708|2547|2736,200757|200794|201952|2594,48.0,36.0,1610612748.0,21400124,False
2,PT01M47.00S,01:47,Q2 01:47,25.78333333333333,235,2pt,MISS Teague 6' Driving Jump Shot,['pointsinthepaint'],Teague,0,0,Missed,True,False,201952.0,,2pt made,block,,,,200757|200761|200794|201596|201952|202708|2547|2594|2736,200757|200794|201952|2594,200761|201596|202708|2547|2736,-54.0,23.0,1610612737.0,21400124,False
2,PT01M47.00S,01:47,Q2 01:47,25.78333333333333,235,block,Cole BLOCK (1 BLK),[],Cole,0,0,,False,False,202708.0,,2pt missed,rebound,,,202708.0,200757|200761|200794|201596|201952|202708|2547|2594|2736,200761|201596|202708|2547|2736,200757|200794|201952|2594,,,1610612748.0,21400124,False
2,PT01M45.00S,01:45,Q2 01:45,25.75,236,rebound,Cole REBOUND (Off:0 Def:1),[],Cole,0,0,,False,False,202708.0,,block,2pt missed,,,,200757|200761|200794|201596|201952|202708|2547|2594|2736,200761|201596|202708|2547|2736,200757|200794|201952|2594,,,1610612748.0,21400124,False
2,PT01M40.00S,01:40,Q2 01:40,25.666666666666668,237,2pt,MISS Cole 11' Running Jump Shot,['pointsinthepaint'],Cole,0,0,Missed,True,False,202708.0,,rebound,rebound,,,,200757|200761|200794|201596|201952|202708|2547|2594|2736,200761|201596|202708|2547|2736,200757|200794|201952|2594,0.0,108.0,1610612748.0,21400124,False
2,PT01M37.00S,01:37,Q2 01:37,25.616666666666667,238,rebound,Korver REBOUND (Off:0 Def:2),[],Korver,0,0,,False,False,2594.0,,2pt missed,foul,,,,200757|200761|200794|201596|201952|202708|2547|2594|2736,200757|200794|201952|2594,200761|201596|202708|2547|2736,,,1610612737.0,21400124,False
2,PT01M34.00S,01:34,Q2 01:34,25.566666666666666,239,foul,Cole S.FOUL (P3.T4),[],Cole,0,0,,False,False,202708.0,,rebound,timeout,201952.0,,,200757|200761|200794|201596|201952|202708|2547|2594|2736,200761|201596|202708|2547|2736,200757|200794|201952|2594,,,1610612748.0,21400124,False
2,PT01M34.00S,01:34,Q2 01:34,25.566666666666666,240,timeout,Heat Timeout: Regular (Reg.2 Short 0),[],,0,0,,False,False,0.0,,foul,freethrow,,,,200757|200761|200794|201596|201952|202708|2547|2594|2736,200761|201596|202708|2547|2736,200757|200794|201952|2594,,,1610612748.0,21400124,False
2,PT01M34.00S,01:34,Q2 01:34,25.566666666666666,246,freethrow,Teague Free Throw 1 of 2 (4 PTS),[],Teague,53,48,Made,False,False,201952.0,,timeout,freethrow,,,,200757|200761|200794|201596|201952|202708|2547|2594|2736,200757|200794|201952|2594,200761|201596|202708|2547|2736,,,1610612737.0,21400124,False
2,PT01M34.00S,01:34,Q2 01:34,25.566666666666666,248,freethrow,Teague Free Throw 2 of 2 (5 PTS),[],Teague,54,48,Made,False,False,201952.0,,freethrow,substitution,,,,200757|200761|200794|201596|201952|202708|2547|2594|2736,200757|200794|201952|2594,200761|201596|202708|2547|2736,,,1610612737.0,21400124,False
2,PT01M34.00S,01:34,Q2 01:34,25.566666666666666,243,substitution,SUB out: S. Williams,[],Williams,0,0,,False,False,200761.0,,freethrow,substitution,,,,200757|200794|201596|201952|202708|2547|2594|2736,201596|202708|2547|2736,200757|200794|201952|2594,,,1610612748.0,21400124,False
2,PT01M34.00S,01:34,Q2 01:34,25.566666666666666,244,substitution,SUB out: N. Cole,[],Cole,0,0,,False,False,202708.0,,substitution,substitution,,,,200757|200794|201596|201952|2547|2594|2736,201596|2547|2736,200757|200794|201952|2594,,,1610612748.0,21400124,False
2,PT01M34.00S,01:34,Q2 01:34,25.566666666666666,245,substitution,SUB out: M. Chalmers,[],Chalmers,0,0,,False,False,201596.0,,substitution,substitution,,,,200757|200794|201952|2547|2594|2736,2547|2736,200757|200794|201952|2594,,,1610612748.0,21400124,False
2,PT01M34.00S,01:34,Q2 01:34,25.566666666666666,246,substitution,SUB in: U. Haslem,[],Haslem,0,0,,False,False,2617.0,,substitution,substitution,,,,200757|200794|201952|2547|2594|2617|2736,2547|2617|2736,200757|200794|201952|2594,,,1610612748.0,21400124,False
2,PT01M34.00S,01:34,Q2 01:34,25.566666666666666,247,substitution,SUB in: S. Napier,[],Napier,0,0,,False,False,203894.0,,substitution,substitution,,,,200757|200794|201952|203894|2547|2594|2617|2736,203894|2547|2617|2736,200757|200794|201952|2594,,,1610612748.0,21400124,False
2,PT01M34.00S,01:34,Q2 01:34,25.566666666666666,248,substitution,SUB in: S. Brown,[],Brown,0,0,,False,False,200769.0,,substitution,2pt missed,,,,200757|200769|200794|201952|203894|2547|2594|2617|2736,200769|203894|2547|2617|2736,200757|200794|201952|2594,,,1610612748.0,21400124,False
2,PT01M18.00S,01:18,Q2 01:18,25.3,250,2pt,MISS Bosh 1' Driving Layup,['pointsinthepaint'],Bosh,0,0,Missed,True,False,2547.0,,substitution,2pt made,,,,200757|200769|200794|201952|203894|2547|2594|2617|2736,200769|203894|2547|2617|2736,200757|200794|201952|2594,-10.0,11.0,1610612748.0,21400124,False
2,PT01M16.00S,01:16,Q2 01:16,25.266666666666666,251,2pt,Haslem 1' Putback Layup (4 PTS),['pointsinthepaint'],Haslem,54,50,Made,True,False,2617.0,,2pt missed,rebound,,,,200757|200769|200794|201952|203894|2547|2594|2617|2736,200769|203894|2547|2617|2736,200757|200794|201952|2594,0.0,7.0,1610612748.0,21400124,False
2,PT01M16.00S,01:16,Q2 01:16,25.266666666666666,252,rebound,Haslem REBOUND (Off:1 Def:2),[],Haslem,0,0,,False,False,2617.0,,2pt made,3pt made,,,,200757|200769|200794|201952|203894|2547|2594|2617|2736,200769|203894|2547|2617|2736,200757|200794|201952|2594,,,1610612748.0,21400124,False
2,PT01M07.00S,01:07,Q2 01:07,25.116666666666667,253,3pt,Korver 24' 3PT Jump Shot (9 PTS) (Millsap 1 AST),[],Korver,57,50,Made,True,True,2594.0,200794.0,rebound,turnover,,,,200757|200769|200794|201952|203894|2547|2594|2617|2736,200757|200794|201952|2594,200769|203894|2547|2617|2736,-235.0,17.0,1610612737.0,21400124,False
2,PT00M51.90S,00:51,Q2 00:51,24.865,254,turnover,Napier Bad Pass Turnover (P2.T8),[],Napier,0,0,,False,False,203894.0,,3pt made,steal,,,,200757|200769|200794|201952|203894|2547|2594|2617|2736,200769|203894|2547|2617|2736,200757|200794|201952|2594,,,1610612748.0,21400124,False
2,PT00M51.90S,00:51,Q2 00:51,24.865,254,steal,Teague STEAL (1 STL),[],Teague,0,0,,False,False,201952.0,,turnover,2pt made,,201952.0,,200757|200769|200794|201952|203894|2547|2594|2617|2736,200757|200794|201952|2594,200769|203894|2547|2617|2736,,,1610612737.0,21400124,False
2,PT00M46.80S,00:46,Q2 00:46,24.78,255,2pt,Teague 2' Layup (7 PTS) (Millsap 2 AST),['pointsinthepaint'],Teague,59,50,Made,True,True,201952.0,200794.0,steal,timeout,,,,200757|200769|200794|201952|203894|2547|2594|2617|2736,200757|200794|201952|2594,200769|203894|2547|2617|2736,-18.0,3.0,1610612737.0,21400124,False
2,PT00M41.70S,00:41,Q2 00:41,24.695,256,timeout,Heat Timeout: Short (Reg.2 Short 1),[],,0,0,,False,False,0.0,,2pt made,substitution,,,,200757|200769|200794|201952|203894|2547|2594|2617|2736,200769|203894|2547|2617|2736,200757|200794|201952|2594,,,1610612748.0,21400124,False
2,PT00M41.70S,00:41,Q2 00:41,24.695,259,substitution,SUB out: S. Brown,[],Brown,0,0,,False,False,200769.0,,timeout,substitution,,,,200757|200794|201952|203894|2547|2594|2617|2736,203894|2547|2617|2736,200757|200794|201952|2594,,,1610612748.0,21400124,False
2,PT00M41.70S,00:41,Q2 00:41,24.695,260,substitution,SUB in: M. Chalmers,[],Chalmers,0,0,,False,False,201596.0,,substitution,foul,,,,200757|200794|201596|201952|203894|2547|2594|2617|2736,201596|203894|2547|2617|2736,200757|200794|201952|2594,,,1610612748.0,21400124,False
2,PT00M32.70S,00:32,Q2 00:32,24.545,260,foul,Millsap S.FOUL (P1.PN),['inpenalty'],Millsap,0,0,,False,False,200794.0,,substitution,freethrow,2547.0,,,200757|200794|201596|201952|203894|2547|2594|2617|2736,200757|200794|201952|2594,201596|203894|2547|2617|2736,,,1610612737.0,21400124,False
2,PT00M32.70S,00:32,Q2 00:32,24.545,261,freethrow,Bosh Free Throw 1 of 2 (11 PTS),[],Bosh,59,51,Made,False,False,2547.0,,foul,freethrow,,,,200757|200794|201596|201952|203894|2547|2594|2617|2736,201596|203894|2547|2617|2736,200757|200794|201952|2594,,,1610612748.0,21400124,False
2,PT00M32.70S,00:32,Q2 00:32,24.545,264,freethrow,Bosh Free Throw 2 of 2 (12 PTS),[],Bosh,59,52,Made,False,False,2547.0,,freethrow,substitution,,,,200757|200794|201596|201952|203894|2547|2594|2617|2736,201596|203894|2547|2617|2736,200757|200794|201952|2594,,,1610612748.0,21400124,False
2,PT00M32.70S,00:32,Q2 00:32,24.545,263,substitution,SUB out: M. Chalmers,[],Chalmers,0,0,,False,False,201596.0,,freethrow,substitution,,,,200757|200794|201952|203894|2547|2594|2617|2736,203894|2547|2617|2736,200757|200794|201952|2594,,,1610612748.0,21400124,False
2,PT00M32.70S,00:32,Q2 00:32,24.545,264,substitution,SUB in: S. Brown,[],Brown,0,0,,False,False,200769.0,,substitution,3pt made,,,,200757|200769|200794|201952|203894|2547|2594|2617|2736,200769|203894|2547|2617|2736,200757|200794|201952|2594,,,1610612748.0,21400124,False
2,PT00M09.90S,00:09,Q2 00:09,24.165,267,3pt,Millsap 25' 3PT Jump Shot (9 PTS) (Teague 5 AST),[],Millsap,62,52,Made,True,True,200794.0,201952.0,substitution,3pt missed,,,,200757|200769|200794|201952|203894|2547|2594|2617|2736,200757|200794|201952|2594,200769|203894|2547|2617|2736,67.0,244.0,1610612737.0,21400124,False
2,PT00M00.00S,00:00,Q2 00:00,24.0,268,3pt,MISS Brown 28' 3PT Jump Shot,[],Brown,0,0,Missed,True,False,200769.0,,3pt made,rebound,,,,200757|200769|200794|201952|203894|2547|2594|2617|2736,200769|203894|2547|2617|2736,200757|200794|201952|2594,201.0,192.0,1610612748.0,21400124,False
2,PT00M00.00S,00:00,Q2 00:00,24.0,269,rebound,TEAM offensive REBOUND,['team'],,0,0,,False,False,0.0,,3pt missed,period,,,,200757|200769|200794|201952|203894|2547|2594|2617|2736,200769|203894|2547|2617|2736,200757|200794|201952|2594,,,1610612748.0,21400124,False
2,PT00M00.00S,00:00,Q2 00:00,24.0,270,period,End of 2nd Period (8:39 PM EST),[],,62,52,,False,False,0.0,,rebound,period,,,,200757|200769|200794|201952|203894|2547|2594|2617|2736,200757|200794|201952|2594,200769|203894|2547|2617|2736,,,1610612737.0,21400124,False
3,PT12M00.00S,12:00,Q3 12:00,24.0,272,period,Start of 3rd Period (8:55 PM EST),[],,62,52,,False,False,0.0,,period,substitution,,,,200757|200769|200794|201596|201952|2547|2594|2617|2736,200757|200794|201952|2594,200769|201596|2547|2617|2736,,,1610612737.0,21400124,False
3,PT11M47.00S,11:47,Q3 11:47,23.78333333333333,273,2pt,MISS Millsap 4' Driving Jump Shot,['pointsinthepaint'],Millsap,0,0,Missed,True,False,200794.0,,substitution,rebound,,,,200757|200761|200769|200794|201143|201596|201952|202708|2547|2594|2736,200757|200794|201143|201952|2594,200761|200769|201596|202708|2547|2736,10.0,42.0,1610612737.0,21400124,False
3,PT11M45.00S,11:45,Q3 11:45,23.75,274,rebound,Cole REBOUND (Off:0 Def:2),[],Cole,0,0,,False,False,202708.0,,2pt missed,2pt made,,,,200757|200761|200769|200794|201143|201596|201952|202708|2547|2594|2736,200761|200769|201596|202708|2547|2736,200757|200794|201143|201952|2594,,,1610612748.0,21400124,False
3,PT11M30.00S,11:30,Q3 11:30,23.5,275,2pt,Bosh  Alley Oop Dunk (14 PTS) (Cole 6 AST),['pointsinthepaint'],Bosh,62,54,Made,True,True,2547.0,202708.0,rebound,2pt made,,,,200757|200761|200769|200794|201143|201596|201952|202708|2547|2594|2736,200761|200769|201596|202708|2547|2736,200757|200794|201143|201952|2594,0.0,1.0,1610612748.0,21400124,False
3,PT11M17.00S,11:17,Q3 11:17,23.28333333333333,276,2pt,Horford 21' Jump Shot (11 PTS) (Korver 3 AST),[],Horford,64,54,Made,True,True,201143.0,2594.0,2pt made,turnover,,,,200757|200761|200769|200794|201143|201596|201952|202708|2547|2594|2736,200757|200794|201143|201952|2594,200761|200769|201596|202708|2547|2736,-130.0,162.0,1610612737.0,21400124,False
3,PT10M59.00S,10:59,Q3 10:59,22.983333333333334,277,turnover,Cole Out of Bounds Lost Ball Turnover (P2.T9),[],Cole,0,0,,False,False,202708.0,,2pt made,turnover,,,,200757|200761|200769|200794|201143|201596|201952|202708|2547|2594|2736,200761|200769|201596|202708|2547|2736,200757|200794|201143|201952|2594,,,1610612748.0,21400124,False
3,PT10M49.00S,10:49,Q3 10:49,22.816666666666666,278,turnover,Sefolosha Bad Pass Turnover (P3.T8),[],Sefolosha,0,0,,False,False,200757.0,,turnover,2pt missed,,,,200757|200761|200769|200794|201143|201596|201952|202708|2547|2594|2736,200757|200794|201143|201952|2594,200761|200769|201596|202708|2547|2736,,,1610612737.0,21400124,False
3,PT10M35.00S,10:35,Q3 10:35,22.583333333333336,279,2pt,MISS Bosh 1' Layup,['pointsinthepaint'],Bosh,0,0,Missed,True,False,2547.0,,turnover,block,,,,200757|200761|200769|200794|201143|201596|201952|202708|2547|2594|2736,200761|200769|201596|202708|2547|2736,200757|200794|201143|201952|2594,7.0,11.0,1610612748.0,21400124,False
3,PT10M35.00S,10:35,Q3 10:35,22.583333333333336,279,block,Millsap BLOCK (1 BLK),[],Millsap,0,0,,False,False,200794.0,,2pt missed,rebound,,,200794.0,200757|200761|200769|200794|201143|201596|201952|202708|2547|2594|2736,200757|200794|201143|201952|2594,200761|200769|201596|202708|2547|2736,,,1610612737.0,21400124,False
3,PT10M33.00S,10:33,Q3 10:33,22.55,280,rebound,Horford REBOUND (Off:0 Def:3),[],Horford,0,0,,False,False,201143.0,,block,3pt missed,,,,200757|200761|200769|200794|201143|201596|201952|202708|2547|2594|2736,200757|200794|201143|201952|2594,200761|200769|201596|202708|2547|2736,,,1610612737.0,21400124,False
3,PT10M29.00S,10:29,Q3 10:29,22.483333333333334,281,3pt,MISS Korver  3PT Jump Shot,[],Korver,0,0,Missed,True,False,2594.0,,rebound,rebound,,,,200757|200761|200769|200794|201143|201596|201952|202708|2547|2594|2736,200757|200794|201143|201952|2594,200761|200769|201596|202708|2547|2736,-228.0,9.0,1610612737.0,21400124,False
3,PT10M28.00S,10:28,Q3 10:28,22.46666666666667,282,rebound,TEAM defensive REBOUND,['team'],,0,0,,False,False,0.0,,3pt missed,2pt missed,,,,200757|200761|200769|200794|201143|201596|201952|202708|2547|2594|2736,200761|200769|201596|202708|2547|2736,200757|200794|201143|201952|2594,,,1610612748.0,21400124,False
3,PT10M15.00S,10:15,Q3 10:15,22.25,283,2pt,MISS Chalmers 22' Jump Shot,[],Chalmers,0,0,Missed,True,False,201596.0,,rebound,rebound,,,,200757|200761|200769|200794|201143|201596|201952|202708|2547|2594|2736,200761|200769|201596|202708|2547|2736,200757|200794|201143|201952|2594,-90.0,198.0,1610612748.0,21400124,False
3,PT10M13.00S,10:13,Q3 10:13,22.21666666666667,284,rebound,Horford REBOUND (Off:0 Def:4),[],Horford,0,0,,False,False,201143.0,,2pt missed,turnover,,,,200757|200761|200769|200794|201143|201596|201952|202708|2547|2594|2736,200757|200794|201143|201952|2594,200761|200769|201596|202708|2547|2736,,,1610612737.0,21400124,False
3,PT10M02.00S,10:02,Q3 10:02,22.03333333333333,286,turnover,Teague Bad Pass Turnover (P2.T9),[],Teague,0,0,,False,False,201952.0,,rebound,steal,,,,200757|200761|200769|200794|201143|201596|201952|202708|2547|2594|2736,200757|200794|201143|201952|2594,200761|200769|201596|202708|2547|2736,,,1610612737.0,21400124,False
3,PT10M02.00S,10:02,Q3 10:02,22.03333333333333,286,steal,Cole STEAL (1 STL),[],Cole,0,0,,False,False,202708.0,,turnover,foul,,202708.0,,200757|200761|200769|200794|201143|201596|201952|202708|2547|2594|2736,200761|200769|201596|202708|2547|2736,200757|200794|201143|201952|2594,,,1610612748.0,21400124,False
3,PT09M59.00S,09:59,Q3 09:59,21.983333333333334,287,foul,Korver Shooting Block Foul (P2.T1),[],Korver,0,0,,False,False,2594.0,,steal,freethrow,2736.0,,,200757|200761|200769|200794|201143|201596|201952|202708|2547|2594|2736,200757|200794|201143|201952|2594,200761|200769|201596|202708|2547|2736,,,1610612737.0,21400124,False
3,PT09M59.00S,09:59,Q3 09:59,21.983333333333334,288,freethrow,Deng Free Throw 1 of 2 (3 PTS),[],Deng,64,55,Made,False,False,2736.0,,foul,freethrow,,,,200757|200761|200769|200794|201143|201596|201952|202708|2547|2594|2736,200761|200769|201596|202708|2547|2736,200757|200794|201143|201952|2594,,,1610612748.0,21400124,False
3,PT09M59.00S,09:59,Q3 09:59,21.983333333333334,290,freethrow,MISS Deng Free Throw 2 of 2,[],Deng,0,0,Missed,False,False,2736.0,,freethrow,rebound,,,,200757|200761|200769|200794|201143|201596|201952|202708|2547|2594|2736,200761|200769|201596|202708|2547|2736,200757|200794|201143|201952|2594,,,1610612748.0,21400124,False
3,PT09M57.00S,09:57,Q3 09:57,21.95,292,rebound,Millsap REBOUND (Off:0 Def:6),[],Millsap,0,0,,False,False,200794.0,,freethrow,3pt made,,,,200757|200761|200769|200794|201143|201596|201952|202708|2547|2594|2736,200757|200794|201143|201952|2594,200761|200769|201596|202708|2547|2736,,,1610612737.0,21400124,False
3,PT09M44.00S,09:44,Q3 09:44,21.733333333333334,293,3pt,Korver 26' 3PT Jump Shot (12 PTS) (Teague 6 AST),[],Korver,67,55,Made,True,True,2594.0,201952.0,rebound,foul,,,,200757|200761|200769|200794|201143|201596|201952|202708|2547|2594|2736,200757|200794|201143|201952|2594,200761|200769|201596|202708|2547|2736,-185.0,179.0,1610612737.0,21400124,False
3,PT09M30.00S,09:30,Q3 09:30,21.5,294,foul,Korver P.FOUL (P3.T2),[],Korver,0,0,,False,False,2594.0,,3pt made,2pt made,202708.0,,,200757|200761|200769|200794|201143|201596|201952|202708|2547|2594|2736,200757|200794|201143|201952|2594,200761|200769|201596|202708|2547|2736,,,1610612737.0,21400124,False
3,PT09M23.00S,09:23,Q3 09:23,21.383333333333333,295,2pt,Cole 19' Jump Shot (4 PTS) (Bosh 2 AST),[],Cole,67,57,Made,True,True,202708.0,2547.0,foul,turnover,,,,200757|200761|200769|200794|201143|201596|201952|202708|2547|2594|2736,200761|200769|201596|202708|2547|2736,200757|200794|201143|201952|2594,106.0,162.0,1610612748.0,21400124,False
3,PT09M01.00S,09:01,Q3 09:01,21.016666666666666,296,turnover,Teague Bad Pass Turnover (P3.T10),[],Teague,0,0,,False,False,201952.0,,2pt made,steal,,,,200757|200761|200769|200794|201143|201596|201952|202708|2547|2594|2736,200757|200794|201143|201952|2594,200761|200769|201596|202708|2547|2736,,,1610612737.0,21400124,False
3,PT09M01.00S,09:01,Q3 09:01,21.016666666666666,296,steal,Cole STEAL (2 STL),[],Cole,0,0,,False,False,202708.0,,turnover,3pt made,,202708.0,,200757|200761|200769|200794|201143|201596|201952|202708|2547|2594|2736,200761|200769|201596|202708|2547|2736,200757|200794|201143|201952|2594,,,1610612748.0,21400124,False
3,PT08M52.00S,08:52,Q3 08:52,20.866666666666667,297,3pt,Shaw. Williams 26' 3PT Jump Shot (15 PTS) (Chalmers 7 AST),[],Williams,67,60,Made,True,True,200761.0,201596.0,steal,2pt made,,,,200757|200761|200769|200794|201143|201596|201952|202708|2547|2594|2736,200761|200769|201596|202708|2547|2736,200757|200794|201143|201952|2594,201.0,162.0,1610612748.0,21400124,False
3,PT08M34.00S,08:34,Q3 08:34,20.566666666666666,298,2pt,Teague 20' Jump Shot (9 PTS),[],Teague,69,60,Made,True,False,201952.0,,3pt made,turnover,,,,200757|200761|200769|200794|201143|201596|201952|202708|2547|2594|2736,200757|200794|201143|201952|2594,200761|200769|201596|202708|2547|2736,135.0,148.0,1610612737.0,21400124,False
3,PT08M17.00S,08:17,Q3 08:17,20.28333333333333,300,turnover,Bosh Bad Pass Turnover (P3.T10),[],Bosh,0,0,,False,False,2547.0,,2pt made,2pt made,,,,200757|200761|200769|200794|201143|201596|201952|202708|2547|2594|2736,200761|200769|201596|202708|2547|2736,200757|200794|201143|201952|2594,,,1610612748.0,21400124,False
3,PT07M54.00S,07:54,Q3 07:54,19.9,302,2pt,Millsap 17' Jump Shot (11 PTS),[],Millsap,71,60,Made,True,False,200794.0,,turnover,3pt made,,,,200757|200761|200769|200794|201143|201596|201952|202708|2547|2594|2736,200757|200794|201143|201952|2594,200761|200769|201596|202708|2547|2736,-166.0,11.0,1610612737.0,21400124,False
3,PT07M33.00S,07:33,Q3 07:33,19.55,303,3pt,Deng 26' 3PT Jump Shot (6 PTS) (Chalmers 8 AST),[],Deng,71,63,Made,True,True,2736.0,201596.0,2pt made,3pt missed,,,,200757|200761|200769|200794|201143|201596|201952|202708|2547|2594|2736,200761|200769|201596|202708|2547|2736,200757|200794|201143|201952|2594,214.0,145.0,1610612748.0,21400124,False
3,PT07M15.00S,07:15,Q3 07:15,19.25,304,3pt,MISS Millsap 26' 3PT Jump Shot,[],Millsap,0,0,Missed,True,False,200794.0,,3pt made,rebound,,,,200757|200761|200769|200794|201143|201596|201952|202708|2547|2594|2736,200757|200794|201143|201952|2594,200761|200769|201596|202708|2547|2736,-157.0,201.0,1610612737.0,21400124,False
3,PT07M14.00S,07:14,Q3 07:14,19.233333333333334,305,rebound,Bosh REBOUND (Off:0 Def:3),[],Bosh,0,0,,False,False,2547.0,,3pt missed,3pt made,,,,200757|200761|200769|200794|201143|201596|201952|202708|2547|2594|2736,200761|200769|201596|202708|2547|2736,200757|200794|201143|201952|2594,,,1610612748.0,21400124,False
3,PT06M57.00S,06:57,Q3 06:57,18.95,306,3pt,Shaw. Williams 24' 3PT Jump Shot (18 PTS) (Chalmers 9 AST),[],Williams,71,66,Made,True,True,200761.0,201596.0,rebound,2pt made,,,,200757|200761|200769|200794|201143|201596|201952|202708|2547|2594|2736,200761|200769|201596|202708|2547|2736,200757|200794|201143|201952|2594,-235.0,28.0,1610612748.0,21400124,False
3,PT06M42.00S,06:42,Q3 06:42,18.7,307,2pt,Horford 20' Jump Shot (13 PTS) (Teague 7 AST),[],Horford,73,66,Made,True,True,201143.0,201952.0,3pt made,2pt missed,,,,200757|200761|200769|200794|201143|201596|201952|202708|2547|2594|2736,200757|200794|201143|201952|2594,200761|200769|201596|202708|2547|2736,-125.0,160.0,1610612737.0,21400124,False
3,PT06M28.00S,06:28,Q3 06:28,18.46666666666667,308,2pt,MISS Bosh 3' Driving Layup,['pointsinthepaint'],Bosh,0,0,Missed,True,False,2547.0,,2pt made,block,,,,200757|200761|200769|200794|201143|201596|201952|202708|2547|2594|2736,200761|200769|201596|202708|2547|2736,200757|200794|201143|201952|2594,24.0,17.0,1610612748.0,21400124,False
3,PT06M28.00S,06:28,Q3 06:28,18.46666666666667,308,block,Horford BLOCK (1 BLK),[],Horford,0,0,,False,False,201143.0,,2pt missed,rebound,,,201143.0,200757|200761|200769|200794|201143|201596|201952|202708|2547|2594|2736,200757|200794|201143|201952|2594,200761|200769|201596|202708|2547|2736,,,1610612737.0,21400124,False
3,PT06M26.00S,06:26,Q3 06:26,18.433333333333334,309,rebound,Horford REBOUND (Off:0 Def:5),[],Horford,0,0,,False,False,201143.0,,block,2pt made,,,,200757|200761|200769|200794|201143|201596|201952|202708|2547|2594|2736,200757|200794|201143|201952|2594,200761|200769|201596|202708|2547|2736,,,1610612737.0,21400124,False
3,PT06M15.00S,06:15,Q3 06:15,18.25,310,2pt,Sefolosha 2' Driving Layup (10 PTS) (Teague 8 AST),['pointsinthepaint'],Sefolosha,75,66,Made,True,True,200757.0,201952.0,rebound,timeout,,,,200757|200761|200769|200794|201143|201596|201952|202708|2547|2594|2736,200757|200794|201143|201952|2594,200761|200769|201596|202708|2547|2736,-18.0,3.0,1610612737.0,21400124,False
3,PT06M15.00S,06:15,Q3 06:15,18.25,311,timeout,Heat Timeout: Regular (Reg.3 Short 1),[],,0,0,,False,False,0.0,,2pt made,substitution,,,,200757|200761|200769|200794|201143|201596|201952|202708|2547|2594|2736,200761|200769|201596|202708|2547|2736,200757|200794|201143|201952|2594,,,1610612748.0,21400124,False
3,PT06M15.00S,06:15,Q3 06:15,18.25,313,substitution,SUB out: A. Horford,[],Horford,0,0,,False,False,201143.0,,timeout,substitution,,,,200757|200761|200769|200794|201596|201952|202708|2547|2594|2736,200757|200794|201952|2594,200761|200769|201596|202708|2547|2736,,,1610612737.0,21400124,True
3,PT06M15.00S,06:15,Q3 06:15,18.25,314,substitution,SUB in: P. Antic,[],Antic,0,0,,False,False,203544.0,,substitution,3pt missed,,,,200757|200761|200769|200794|201596|201952|202708|203544|2547|2594|2736,200757|200794|201952|203544|2594,200761|200769|201596|202708|2547|2736,,,1610612737.0,21400124,False
3,PT05M57.00S,05:57,Q3 05:57,17.95,315,3pt,MISS Deng 25' 3PT Jump Shot,[],Deng,0,0,Missed,True,False,2736.0,,substitution,rebound,,,,200757|200761|200769|200794|201596|201952|202708|203544|2547|2594|2736,200761|200769|201596|202708|2547|2736,200757|200794|201952|203544|2594,-56.0,246.0,1610612748.0,21400124,False
3,PT05M55.00S,05:55,Q3 05:55,17.916666666666668,316,rebound,Antic REBOUND (Off:0 Def:2),[],Antic,0,0,,False,False,203544.0,,3pt missed,turnover,,,,200757|200761|200769|200794|201596|201952|202708|203544|2547|2594|2736,200757|200794|201952|203544|2594,200761|200769|201596|202708|2547|2736,,,1610612737.0,21400124,False
3,PT05M37.00S,05:37,Q3 05:37,17.616666666666667,317,turnover,Millsap Lost Ball Turnover (P2.T11),[],Millsap,0,0,,False,False,200794.0,,rebound,steal,,,,200757|200761|200769|200794|201596|201952|202708|203544|2547|2594|2736,200757|200794|201952|203544|2594,200761|200769|201596|202708|2547|2736,,,1610612737.0,21400124,False
3,PT05M37.00S,05:37,Q3 05:37,17.616666666666667,317,steal,Cole STEAL (3 STL),[],Cole,0,0,,False,False,202708.0,,turnover,2pt made,,202708.0,,200757|200761|200769|200794|201596|201952|202708|203544|2547|2594|2736,200761|200769|201596|202708|2547|2736,200757|200794|201952|203544|2594,,,1610612748.0,21400124,False
3,PT05M32.00S,05:32,Q3 05:32,17.53333333333333,318,2pt,Cole 1' Running Layup (6 PTS),['pointsinthepaint'],Cole,75,68,Made,True,False,202708.0,,steal,foul,,,,200757|200761|200769|200794|201596|201952|202708|203544|2547|2594|2736,200761|200769|201596|202708|2547|2736,200757|200794|201952|203544|2594,6.0,4.0,1610612748.0,21400124,False
3,PT05M19.00S,05:19,Q3 05:19,17.316666666666666,319,foul,Cole P.FOUL (P4.T1),[],Cole,0,0,,False,False,202708.0,,2pt made,substitution,200757.0,,,200757|200761|200769|200794|201596|201952|202708|203544|2547|2594|2736,200761|200769|201596|202708|2547|2736,200757|200794|201952|203544|2594,,,1610612748.0,21400124,False
3,PT05M19.00S,05:19,Q3 05:19,17.316666666666666,320,substitution,SUB out: N. Cole,[],Cole,0,0,,False,False,202708.0,,foul,substitution,,,,200757|200761|200769|200794|201596|201952|203544|2547|2594|2736,200761|200769|201596|2547|2736,200757|200794|201952|203544|2594,,,1610612748.0,21400124,True
3,PT05M19.00S,05:19,Q3 05:19,17.316666666666666,321,substitution,SUB in: S. Napier,[],Napier,0,0,,False,False,203894.0,,substitution,2pt missed,,,,200757|200761|200769|200794|201596|201952|203544|203894|2547|2594|2736,200761|200769|201596|203894|2547|2736,200757|200794|201952|203544|2594,,,1610612748.0,21400124,False
3,PT05M13.00S,05:13,Q3 05:13,17.21666666666667,321,2pt,MISS Sefolosha 3' Layup,['pointsinthepaint'],Sefolosha,0,0,Missed,True,False,200757.0,,substitution,rebound,,,,200757|200761|200769|200794|201596|201952|203544|203894|2547|2594|2736,200757|200794|201952|203544|2594,200761|200769|201596|203894|2547|2736,26.0,12.0,1610612737.0,21400124,False
3,PT05M11.00S,05:11,Q3 05:11,17.183333333333334,322,rebound,Antic REBOUND (Off:1 Def:2),[],Antic,0,0,,False,False,203544.0,,2pt missed,2pt made,,,,200757|200761|200769|200794|201596|201952|203544|203894|2547|2594|2736,200757|200794|201952|203544|2594,200761|200769|201596|203894|2547|2736,,,1610612737.0,21400124,False
3,PT05M06.00S,05:06,Q3 05:06,17.1,323,2pt,Millsap  Dunk (13 PTS) (Korver 4 AST),['pointsinthepaint'],Millsap,77,68,Made,True,True,200794.0,2594.0,rebound,2pt missed,,,,200757|200761|200769|200794|201596|201952|203544|203894|2547|2594|2736,200757|200794|201952|203544|2594,200761|200769|201596|203894|2547|2736,0.0,1.0,1610612737.0,21400124,False
3,PT04M43.00S,04:43,Q3 04:43,16.71666666666667,324,2pt,MISS Shaw. Williams 13' Jump Shot,[],Williams,0,0,Missed,True,False,200761.0,,2pt made,block,,,,200757|200761|200769|200794|201596|201952|203544|203894|2547|2594|2736,200761|200769|201596|203894|2547|2736,200757|200794|201952|203544|2594,-97.0,91.0,1610612748.0,21400124,False
3,PT04M43.00S,04:43,Q3 04:43,16.71666666666667,324,block,Sefolosha BLOCK (3 BLK),[],Sefolosha,0,0,,False,False,200757.0,,2pt missed,rebound,,,200757.0,200757|200761|200769|200794|201596|201952|203544|203894|2547|2594|2736,200757|200794|201952|203544|2594,200761|200769|201596|203894|2547|2736,,,1610612737.0,21400124,False
3,PT04M41.00S,04:41,Q3 04:41,16.683333333333334,325,rebound,Shaw. Williams REBOUND (Off:2 Def:2),[],Williams,0,0,,False,False,200761.0,,block,2pt made,,,,200757|200761|200769|200794|201596|201952|203544|203894|2547|2594|2736,200761|200769|201596|203894|2547|2736,200757|200794|201952|203544|2594,,,1610612748.0,21400124,False
3,PT04M38.00S,04:38,Q3 04:38,16.633333333333333,326,2pt,Chalmers 19' Jump Shot (14 PTS),[],Chalmers,77,70,Made,True,False,201596.0,,rebound,3pt missed,,,,200757|200761|200769|200794|201596|201952|203544|203894|2547|2594|2736,200761|200769|201596|203894|2547|2736,200757|200794|201952|203544|2594,-188.0,15.0,1610612748.0,21400124,False
3,PT04M25.00S,04:25,Q3 04:25,16.416666666666668,328,3pt,MISS Teague 26' 3PT Jump Shot,[],Teague,0,0,Missed,True,False,201952.0,,2pt made,rebound,,,,200757|200761|200769|200794|201596|201952|203544|203894|2547|2594|2736,200757|200794|201952|203544|2594,200761|200769|201596|203894|2547|2736,23.0,255.0,1610612737.0,21400124,False
3,PT04M23.00S,04:23,Q3 04:23,16.383333333333333,329,rebound,Shaw. Williams REBOUND (Off:2 Def:3),[],Williams,0,0,,False,False,200761.0,,3pt missed,2pt missed,,,,200757|200761|200769|200794|201596|201952|203544|203894|2547|2594|2736,200761|200769|201596|203894|2547|2736,200757|200794|201952|203544|2594,,,1610612748.0,21400124,False
3,PT04M02.00S,04:02,Q3 04:02,16.03333333333333,330,2pt,MISS Bosh 20' Jump Shot,[],Bosh,0,0,Missed,True,False,2547.0,,rebound,rebound,,,,200757|200761|200769|200794|201596|201952|203544|203894|2547|2594|2736,200761|200769|201596|203894|2547|2736,200757|200794|201952|203544|2594,-81.0,184.0,1610612748.0,21400124,False
3,PT04M00.00S,04:00,Q3 04:00,16.0,331,rebound,Sefolosha REBOUND (Off:1 Def:3),[],Sefolosha,0,0,,False,False,200757.0,,2pt missed,foul,,,,200757|200761|200769|200794|201596|201952|203544|203894|2547|2594|2736,200757|200794|201952|203544|2594,200761|200769|201596|203894|2547|2736,,,1610612737.0,21400124,False
3,PT03M52.00S,03:52,Q3 03:52,15.866666666666667,332,foul,Shaw. Williams P.FOUL (P3.T2),[],Williams,0,0,,False,False,200761.0,,rebound,substitution,,,,200757|200761|200769|200794|201596|201952|203544|203894|2547|2594|2736,200761|200769|201596|203894|2547|2736,200757|200794|201952|203544|2594,,,1610612748.0,21400124,False
3,PT03M52.00S,03:52,Q3 03:52,15.866666666666667,333,substitution,SUB out: K. Korver,[],Korver,0,0,,False,False,2594.0,,foul,substitution,,,,200757|200761|200769|200794|201596|201952|203544|203894|2547|2736,200757|200794|201952|203544,200761|200769|201596|203894|2547|2736,,,1610612737.0,21400124,True
3,PT03M52.00S,03:52,Q3 03:52,15.866666666666667,334,substitution,SUB out: J. Teague,[],Teague,0,0,,False,False,201952.0,,substitution,substitution,,,,200757|200761|200769|200794|201596|203544|203894|2547|2736,200757|200794|203544,200761|200769|201596|203894|2547|2736,,,1610612737.0,21400124,False
3,PT03M52.00S,03:52,Q3 03:52,15.866666666666667,335,substitution,SUB out: C. Bosh,[],Bosh,0,0,,False,False,2547.0,,substitution,substitution,,,,200757|200761|200769|200794|201596|203544|203894|2736,200761|200769|201596|203894|2736,200757|200794|203544,,,1610612748.0,21400124,False
3,PT03M52.00S,03:52,Q3 03:52,15.866666666666667,336,substitution,SUB in: S. Mack,[],Mack,0,0,,False,False,202714.0,,substitution,substitution,,,,200757|200761|200769|200794|201596|202714|203544|203894|2736,200757|200794|202714|203544,200761|200769|201596|203894|2736,,,1610612737.0,21400124,False
3,PT03M52.00S,03:52,Q3 03:52,15.866666666666667,337,substitution,SUB in: D. Schroder,[],Schroder,0,0,,False,False,203471.0,,substitution,substitution,,,,200757|200761|200769|200794|201596|202714|203471|203544|203894|2736,200757|200794|202714|203471|203544,200761|200769|201596|203894|2736,,,1610612737.0,21400124,True
3,PT03M52.00S,03:52,Q3 03:52,15.866666666666667,338,substitution,SUB in: U. Haslem,[],Haslem,0,0,,False,False,2617.0,,substitution,2pt made,,,,200757|200761|200769|200794|201596|202714|203471|203544|203894|2617|2736,200761|200769|201596|203894|2617|2736,200757|200794|202714|203471|203544,,,1610612748.0,21400124,False
3,PT03M43.00S,03:43,Q3 03:43,15.716666666666667,336,2pt,Mack 19' Jump Shot (7 PTS) (Schroder 4 AST),[],Mack,79,70,Made,True,True,202714.0,203471.0,substitution,2pt made,,,,200757|200761|200769|200794|201596|202714|203471|203544|203894|2617|2736,200757|200794|202714|203471|203544,200761|200769|201596|203894|2617|2736,-101.0,165.0,1610612737.0,21400124,False
3,PT03M17.00S,03:17,Q3 03:17,15.283333333333333,337,2pt,Chalmers 2' Driving Layup (16 PTS) (Haslem 1 AST),['pointsinthepaint'],Chalmers,79,72,Made,True,True,201596.0,2617.0,2pt made,timeout,,,,200757|200761|200769|200794|201596|202714|203471|203544|203894|2617|2736,200761|200769|201596|203894|2617|2736,200757|200794|202714|203471|203544,23.0,3.0,1610612748.0,21400124,False
3,PT03M16.00S,03:16,Q3 03:16,15.266666666666666,338,timeout,HAWKS Timeout: Regular (Full 3 Short 0),[],,0,0,,False,False,0.0,,2pt made,3pt missed,,,,200757|200761|200769|200794|201596|202714|203471|203544|203894|2617|2736,200757|200794|202714|203471|203544,200761|200769|201596|203894|2617|2736,,,1610612737.0,21400124,False
3,PT02M50.00S,02:50,Q3 02:50,14.833333333333334,342,3pt,MISS Millsap 34' 3PT Jump Shot,[],Millsap,0,0,Missed,True,False,200794.0,,timeout,rebound,,,,200757|200761|200769|200794|201596|202714|203471|203544|203894|2617|2736,200757|200794|202714|203471|203544,200761|200769|201596|203894|2617|2736,-153.0,302.0,1610612737.0,21400124,False
3,PT02M49.00S,02:49,Q3 02:49,14.816666666666666,343,rebound,Deng REBOUND (Off:0 Def:3),[],Deng,0,0,,False,False,2736.0,,3pt missed,3pt made,,,,200757|200761|200769|200794|201596|202714|203471|203544|203894|2617|2736,200761|200769|201596|203894|2617|2736,200757|200794|202714|203471|203544,,,1610612748.0,21400124,False
3,PT02M27.00S,02:27,Q3 02:27,14.45,344,3pt,Deng 24' 3PT Jump Shot (9 PTS) (Chalmers 10 AST),[],Deng,79,75,Made,True,True,2736.0,201596.0,rebound,3pt missed,,,,200757|200761|200769|200794|201596|202714|203471|203544|203894|2617|2736,200761|200769|201596|203894|2617|2736,200757|200794|202714|203471|203544,-228.0,71.0,1610612748.0,21400124,False
3,PT02M12.00S,02:12,Q3 02:12,14.2,345,3pt,MISS Schroder 24' 3PT Jump Shot,[],Schroder,0,0,Missed,True,False,203471.0,,3pt made,rebound,,,,200757|200761|200769|200794|201596|202714|203471|203544|203894|2617|2736,200757|200794|202714|203471|203544,200761|200769|201596|203894|2617|2736,141.0,200.0,1610612737.0,21400124,False
3,PT02M08.00S,02:08,Q3 02:08,14.133333333333333,346,rebound,Millsap REBOUND (Off:1 Def:6),[],Millsap,0,0,,False,False,200794.0,,3pt missed,2pt made,,,,200757|200761|200769|200794|201596|202714|203471|203544|203894|2617|2736,200757|200794|202714|203471|203544,200761|200769|201596|203894|2617|2736,,,1610612737.0,21400124,False
3,PT02M06.00S,02:06,Q3 02:06,14.1,347,2pt,Millsap 1' Putback Layup (15 PTS),['pointsinthepaint'],Millsap,81,75,Made,True,False,200794.0,,rebound,foul,,,,200757|200761|200769|200794|201596|202714|203471|203544|203894|2617|2736,200757|200794|202714|203471|203544,200761|200769|201596|203894|2617|2736,-7.0,0.0,1610612737.0,21400124,False
3,PT01M47.00S,01:47,Q3 01:47,13.783333333333333,348,foul,Antic S.FOUL (P4.T3),[],Antic,0,0,,False,False,203544.0,,2pt made,freethrow,2736.0,,,200757|200761|200769|200794|201596|202714|203471|203544|203894|2617|2736,200757|200794|202714|203471|203544,200761|200769|201596|203894|2617|2736,,,1610612737.0,21400124,False
3,PT01M47.00S,01:47,Q3 01:47,13.783333333333333,349,freethrow,Deng Free Throw 1 of 2 (10 PTS),[],Deng,81,76,Made,False,False,2736.0,,foul,freethrow,,,,200757|200761|200769|200794|201596|202714|203471|203544|203894|2617|2736,200761|200769|201596|203894|2617|2736,200757|200794|202714|203471|203544,,,1610612748.0,21400124,False
3,PT01M47.00S,01:47,Q3 01:47,13.783333333333333,356,freethrow,Deng Free Throw 2 of 2 (11 PTS),[],Deng,81,77,Made,False,False,2736.0,,freethrow,substitution,,,,200757|200761|200769|200794|201596|202714|203471|203544|203894|2617|2736,200761|200769|201596|203894|2617|2736,200757|200794|202714|203471|203544,,,1610612748.0,21400124,False
3,PT01M47.00S,01:47,Q3 01:47,13.783333333333333,351,substitution,SUB out: T. Sefolosha,[],Sefolosha,0,0,,False,False,200757.0,,freethrow,substitution,,,,200761|200769|200794|201596|202714|203471|203544|203894|2617|2736,200794|202714|203471|203544,200761|200769|201596|203894|2617|2736,,,1610612737.0,21400124,True
3,PT01M47.00S,01:47,Q3 01:47,13.783333333333333,352,substitution,SUB out: P. Millsap,[],Millsap,0,0,,False,False,200794.0,,substitution,substitution,,,,200761|200769|201596|202714|203471|203544|203894|2617|2736,202714|203471|203544,200761|200769|201596|203894|2617|2736,,,1610612737.0,21400124,False
3,PT01M47.00S,01:47,Q3 01:47,13.783333333333333,353,substitution,SUB out: P. Antic,[],Antic,0,0,,False,False,203544.0,,substitution,substitution,,,,200761|200769|201596|202714|203471|203894|2617|2736,202714|203471,200761|200769|201596|203894|2617|2736,,,1610612737.0,21400124,False
3,PT01M47.00S,01:47,Q3 01:47,13.783333333333333,354,substitution,SUB out: S. Williams,[],Williams,0,0,,False,False,200761.0,,substitution,substitution,,,,200769|201596|202714|203471|203894|2617|2736,200769|201596|203894|2617|2736,202714|203471,,,1610612748.0,21400124,False
3,PT01M47.00S,01:47,Q3 01:47,13.783333333333333,355,substitution,SUB out: M. Chalmers,[],Chalmers,0,0,,False,False,201596.0,,substitution,substitution,,,,200769|202714|203471|203894|2617|2736,200769|203894|2617|2736,202714|203471,,,1610612748.0,21400124,False
3,PT01M47.00S,01:47,Q3 01:47,13.783333333333333,356,substitution,SUB in: M. Scott,[],Scott,0,0,,False,False,203118.0,,substitution,substitution,,,,200769|202714|203118|203471|203894|2617|2736,202714|203118|203471,200769|203894|2617|2736,,,1610612737.0,21400124,False
3,PT01M47.00S,01:47,Q3 01:47,13.783333333333333,357,substitution,SUB in: A. Horford,[],Horford,0,0,,False,False,201143.0,,substitution,substitution,,,,200769|201143|202714|203118|203471|203894|2617|2736,201143|202714|203118|203471,200769|203894|2617|2736,,,1610612737.0,21400124,False
3,PT01M47.00S,01:47,Q3 01:47,13.783333333333333,358,substitution,SUB in: K. Korver,[],Korver,0,0,,False,False,2594.0,,substitution,substitution,,,,200769|201143|202714|203118|203471|203894|2594|2617|2736,201143|202714|203118|203471|2594,200769|203894|2617|2736,,,1610612737.0,21400124,False
3,PT01M47.00S,01:47,Q3 01:47,13.783333333333333,359,substitution,SUB in: C. Bosh,[],Bosh,0,0,,False,False,2547.0,,substitution,substitution,,,,200769|201143|202714|203118|203471|203894|2547|2594|2617|2736,200769|203894|2547|2617|2736,201143|202714|203118|203471|2594,,,1610612748.0,21400124,True
3,PT01M47.00S,01:47,Q3 01:47,13.783333333333333,360,substitution,SUB in: S. Brown,[],Brown,0,0,,False,False,200769.0,,substitution,2pt missed,,,,200769|201143|202714|203118|203471|203894|2547|2594|2617|2736,200769|203894|2547|2617|2736,201143|202714|203118|203471|2594,,,1610612748.0,21400124,True
3,PT01M29.00S,01:29,Q3 01:29,13.483333333333334,359,2pt,MISS Schroder 2' Driving Layup,['pointsinthepaint'],Schroder,0,0,Missed,True,False,203471.0,,substitution,rebound,,,,200769|201143|202714|203118|203471|203894|2547|2594|2617|2736,201143|202714|203118|203471|2594,200769|203894|2547|2617|2736,-11.0,14.0,1610612737.0,21400124,True
3,PT01M28.00S,01:28,Q3 01:28,13.466666666666667,360,rebound,Haslem REBOUND (Off:1 Def:3),[],Haslem,0,0,,False,False,2617.0,,2pt missed,turnover,,,,200769|201143|202714|203118|203471|203894|2547|2594|2617|2736,200769|203894|2547|2617|2736,201143|202714|203118|203471|2594,,,1610612748.0,21400124,True
3,PT01M24.00S,01:24,Q3 01:24,13.4,361,turnover,Napier Out of Bounds Lost Ball Turnover (P3.T11),[],Napier,0,0,,False,False,203894.0,,rebound,3pt made,,,,200769|201143|202714|203118|203471|203894|2547|2594|2617|2736,200769|203894|2547|2617|2736,201143|202714|203118|203471|2594,,,1610612748.0,21400124,True
3,PT01M07.00S,01:07,Q3 01:07,13.116666666666667,362,3pt,Mack 24' 3PT Jump Shot (10 PTS) (Horford 3 AST),[],Mack,84,77,Made,True,True,202714.0,201143.0,turnover,2pt made,,,,200769|201143|202714|203118|203471|203894|2547|2594|2617|2736,201143|202714|203118|203471|2594,200769|203894|2547|2617|2736,233.0,63.0,1610612737.0,21400124,True
3,PT00M47.50S,00:47,Q3 00:47,12.791666666666666,363,2pt,Bosh 18' Fadeaway Jumper (16 PTS),[],Bosh,84,79,Made,True,False,2547.0,,3pt made,2pt missed,,,,200769|201143|202714|203118|203471|203894|2547|2594|2617|2736,200769|203894|2547|2617|2736,201143|202714|203118|203471|2594,177.0,4.0,1610612748.0,21400124,True
3,PT00M33.90S,00:33,Q3 00:33,12.565,364,2pt,MISS Korver 2' Layup,['pointsinthepaint'],Korver,0,0,Missed,True,False,2594.0,,2pt made,rebound,,,,200769|201143|202714|203118|203471|203894|2547|2594|2617|2736,201143|202714|203118|203471|2594,200769|203894|2547|2617|2736,13.0,14.0,1610612737.0,21400124,True
3,PT00M33.30S,00:33,Q3 00:33,12.555,366,rebound,TEAM offensive REBOUND,['team'],,0,0,,False,False,0.0,,2pt missed,2pt made,,,,200769|201143|202714|203118|203471|203894|2547|2594|2617|2736,201143|202714|203118|203471|2594,200769|203894|2547|2617|2736,,,1610612737.0,21400124,True
3,PT00M30.70S,00:30,Q3 00:30,12.511666666666667,367,2pt,Horford 1' Layup (15 PTS) (Mack 2 AST),"['2ndchance', 'pointsinthepaint']",Horford,86,79,Made,True,True,201143.0,202714.0,rebound,3pt missed,,,,200769|201143|202714|203118|203471|203894|2547|2594|2617|2736,201143|202714|203118|203471|2594,200769|203894|2547|2617|2736,0.0,9.0,1610612737.0,21400124,True
3,PT00M06.90S,00:06,Q3 00:06,12.115,368,3pt,MISS Napier 27' 3PT Jump Shot,[],Napier,0,0,Missed,True,False,203894.0,,2pt made,rebound,,,,200769|201143|202714|203118|203471|203894|2547|2594|2617|2736,200769|203894|2547|2617|2736,201143|202714|203118|203471|2594,141.0,227.0,1610612748.0,21400124,True
3,PT00M04.80S,00:04,Q3 00:04,12.08,369,rebound,Horford REBOUND (Off:0 Def:6),[],Horford,0,0,,False,False,201143.0,,3pt missed,3pt missed,,,,200769|201143|202714|203118|203471|203894|2547|2594|2617|2736,201143|202714|203118|203471|2594,200769|203894|2547|2617|2736,,,1610612737.0,21400124,True
3,PT00M00.00S,00:00,Q3 00:00,12.0,370,3pt,MISS Scott 25' 3PT Jump Shot,[],Scott,0,0,Missed,True,False,203118.0,,rebound,rebound,,,,200769|201143|202714|203118|203471|203894|2547|2594|2617|2736,201143|202714|203118|203471|2594,200769|203894|2547|2617|2736,114.0,225.0,1610612737.0,21400124,True
3,PT00M00.00S,00:00,Q3 00:00,12.0,371,rebound,TEAM offensive REBOUND,['team'],,0,0,,False,False,0.0,,3pt missed,period,,,,200769|201143|202714|203118|203471|203894|2547|2594|2617|2736,201143|202714|203118|203471|2594,200769|203894|2547|2617|2736,,,1610612737.0,21400124,True
3,PT00M00.00S,00:00,Q3 00:00,12.0,372,period,End of 3rd Period (9:18 PM EST),[],,86,79,,False,False,0.0,,rebound,period,,,,200769|201143|202714|203118|203471|203894|2547|2594|2617|2736,201143|202714|203118|203471|2594,200769|203894|2547|2617|2736,,,1610612737.0,21400124,True
4,PT12M00.00S,12:00,Q4 12:00,12.0,374,period,Start of 4th Period (9:20 PM EST),[],,86,79,,False,False,0.0,,period,substitution,,,,200769|201143|202714|203118|203471|203894|2547|2594|2617|2736,201143|202714|203118|203471|2594,200769|203894|2547|2617|2736,,,1610612737.0,21400124,True
4,PT11M38.00S,11:38,Q4 11:38,11.633333333333333,375,3pt,MISS Chalmers 25' 3PT Jump Shot,[],Chalmers,0,0,Missed,True,False,201596.0,,substitution,rebound,,,,200769|201143|201596|202714|203118|203471|203894|2547|2594|2617,200769|201596|203894|2547|2617,201143|202714|203118|203471|2594,-112.0,224.0,1610612748.0,21400124,True
4,PT11M37.00S,11:37,Q4 11:37,11.616666666666667,376,rebound,Korver REBOUND (Off:0 Def:3),[],Korver,0,0,,False,False,2594.0,,3pt missed,foul,,,,200769|201143|201596|202714|203118|203471|203894|2547|2594|2617,201143|202714|203118|203471|2594,200769|201596|203894|2547|2617,,,1610612737.0,21400124,True
4,PT11M23.00S,11:23,Q4 11:23,11.383333333333333,377,foul,Chalmers P.FOUL (P3.T1),[],Chalmers,0,0,,False,False,201596.0,,rebound,2pt made,203118.0,,,200769|201143|201596|202714|203118|203471|203894|2547|2594|2617,200769|201596|203894|2547|2617,201143|202714|203118|203471|2594,,,1610612748.0,21400124,True
4,PT11M16.00S,11:16,Q4 11:16,11.266666666666667,378,2pt,Scott 2' Layup (6 PTS) (Korver 5 AST),['pointsinthepaint'],Scott,88,79,Made,True,True,203118.0,2594.0,foul,foul,,,,200769|201143|201596|202714|203118|203471|203894|2547|2594|2617,201143|202714|203118|203471|2594,200769|201596|203894|2547|2617,-18.0,6.0,1610612737.0,21400124,True
4,PT11M16.00S,11:16,Q4 11:16,11.266666666666667,379,foul,Haslem S.FOUL (P1.T2),[],Haslem,0,0,,False,False,2617.0,,2pt made,freethrow,203118.0,,,200769|201143|201596|202714|203118|203471|203894|2547|2594|2617,200769|201596|203894|2547|2617,201143|202714|203118|203471|2594,,,1610612748.0,21400124,True
4,PT11M16.00S,11:16,Q4 11:16,11.266666666666667,380,freethrow,Scott Free Throw 1 of 1 (7 PTS),[],Scott,89,79,Made,False,False,203118.0,,foul,2pt made,,,,200769|201143|201596|202714|203118|203471|203894|2547|2594|2617,201143|202714|203118|203471|2594,200769|201596|203894|2547|2617,,,1610612737.0,21400124,True
4,PT11M00.00S,11:00,Q4 11:00,11.0,383,2pt,Bosh 21' Jump Shot (18 PTS) (Brown 1 AST),[],Bosh,89,81,Made,True,True,2547.0,200769.0,freethrow,2pt missed,,,,200769|201143|201596|202714|203118|203471|203894|2547|2594|2617,200769|201596|203894|2547|2617,201143|202714|203118|203471|2594,170.0,129.0,1610612748.0,21400124,True
4,PT10M47.00S,10:47,Q4 10:47,10.783333333333333,384,2pt,MISS Korver 21' Jump Shot,[],Korver,0,0,Missed,True,False,2594.0,,2pt made,rebound,,,,200769|201143|201596|202714|203118|203471|203894|2547|2594|2617,201143|202714|203118|203471|2594,200769|201596|203894|2547|2617,-166.0,124.0,1610612737.0,21400124,True
4,PT10M46.00S,10:46,Q4 10:46,10.766666666666667,385,rebound,Napier REBOUND (Off:0 Def:2),[],Napier,0,0,,False,False,203894.0,,2pt missed,2pt missed,,,,200769|201143|201596|202714|203118|203471|203894|2547|2594|2617,200769|201596|203894|2547|2617,201143|202714|203118|203471|2594,,,1610612748.0,21400124,True
4,PT10M28.00S,10:28,Q4 10:28,10.466666666666667,386,2pt,MISS Napier 20' Jump Shot,[],Napier,0,0,Missed,True,False,203894.0,,rebound,rebound,,,,200769|201143|201596|202714|203118|203471|203894|2547|2594|2617,200769|201596|203894|2547|2617,201143|202714|203118|203471|2594,-136.0,148.0,1610612748.0,21400124,True
4,PT10M26.00S,10:26,Q4 10:26,10.433333333333334,387,rebound,Mack REBOUND (Off:0 Def:1),[],Mack,0,0,,False,False,202714.0,,2pt missed,2pt made,,,,200769|201143|201596|202714|203118|203471|203894|2547|2594|2617,201143|202714|203118|203471|2594,200769|201596|203894|2547|2617,,,1610612737.0,21400124,True
4,PT10M22.00S,10:22,Q4 10:22,10.366666666666667,388,2pt,Mack 2' Running Layup (12 PTS),['pointsinthepaint'],Mack,91,81,Made,True,False,202714.0,,rebound,2pt missed,,,,200769|201143|201596|202714|203118|203471|203894|2547|2594|2617,201143|202714|203118|203471|2594,200769|201596|203894|2547|2617,21.0,11.0,1610612737.0,21400124,True
4,PT09M58.00S,09:58,Q4 09:58,9.966666666666667,389,2pt,MISS Chalmers 14' Running Jump Shot,[],Chalmers,0,0,Missed,True,False,201596.0,,2pt made,rebound,,,,200769|201143|201596|202714|203118|203471|203894|2547|2594|2617,200769|201596|203894|2547|2617,201143|202714|203118|203471|2594,-122.0,64.0,1610612748.0,21400124,True
4,PT09M57.00S,09:57,Q4 09:57,9.95,390,rebound,Scott REBOUND (Off:0 Def:1),[],Scott,0,0,,False,False,203118.0,,2pt missed,2pt missed,,,,200769|201143|201596|202714|203118|203471|203894|2547|2594|2617,201143|202714|203118|203471|2594,200769|201596|203894|2547|2617,,,1610612737.0,21400124,True
4,PT09M41.00S,09:41,Q4 09:41,9.683333333333334,391,2pt,MISS Schroder 1' Driving Layup,['pointsinthepaint'],Schroder,0,0,Missed,True,False,203471.0,,rebound,rebound,,,,200769|201143|201596|202714|203118|203471|203894|2547|2594|2617,201143|202714|203118|203471|2594,200769|201596|203894|2547|2617,-11.0,7.0,1610612737.0,21400124,True
4,PT09M40.00S,09:40,Q4 09:40,9.666666666666666,392,rebound,Haslem REBOUND (Off:1 Def:4),[],Haslem,0,0,,False,False,2617.0,,2pt missed,3pt missed,,,,200769|201143|201596|202714|203118|203471|203894|2547|2594|2617,200769|201596|203894|2547|2617,201143|202714|203118|203471|2594,,,1610612748.0,21400124,True
4,PT09M30.00S,09:30,Q4 09:30,9.5,393,3pt,MISS Bosh 25' 3PT Jump Shot,[],Bosh,0,0,Missed,True,False,2547.0,,rebound,rebound,,,,200769|201143|201596|202714|203118|203471|203894|2547|2594|2617,200769|201596|203894|2547|2617,201143|202714|203118|203471|2594,61.0,247.0,1610612748.0,21400124,True
4,PT09M29.00S,09:29,Q4 09:29,9.483333333333333,394,rebound,Korver REBOUND (Off:0 Def:4),[],Korver,0,0,,False,False,2594.0,,3pt missed,2pt made,,,,200769|201143|201596|202714|203118|203471|203894|2547|2594|2617,201143|202714|203118|203471|2594,200769|201596|203894|2547|2617,,,1610612737.0,21400124,True
4,PT09M20.00S,09:20,Q4 09:20,9.333333333333334,395,2pt,Scott 12' Fadeaway Jumper (9 PTS) (Korver 6 AST),['pointsinthepaint'],Scott,93,81,Made,True,True,203118.0,2594.0,rebound,timeout,,,,200769|201143|201596|202714|203118|203471|203894|2547|2594|2617,201143|202714|203118|203471|2594,200769|201596|203894|2547|2617,-34.0,113.0,1610612737.0,21400124,True
4,PT09M20.00S,09:20,Q4 09:20,9.333333333333334,396,timeout,Heat Timeout: Regular (Reg.4 Short 1),[],,0,0,,False,False,0.0,,2pt made,substitution,,,,200769|201143|201596|202714|203118|203471|203894|2547|2594|2617,200769|201596|203894|2547|2617,201143|202714|203118|203471|2594,,,1610612748.0,21400124,True
4,PT09M20.00S,09:20,Q4 09:20,9.333333333333334,399,substitution,SUB out: S. Brown,[],Brown,0,0,,False,False,200769.0,,timeout,substitution,,,,201143|201596|202714|203118|203471|203894|2547|2594|2617,201596|203894|2547|2617,201143|202714|203118|203471|2594,,,1610612748.0,21400124,False
4,PT09M20.00S,09:20,Q4 09:20,9.333333333333334,400,substitution,SUB in: N. Cole,[],Cole,0,0,,False,False,202708.0,,substitution,2pt missed,,,,201143|201596|202708|202714|203118|203471|203894|2547|2594|2617,201596|202708|203894|2547|2617,201143|202714|203118|203471|2594,,,1610612748.0,21400124,True
4,PT09M00.00S,09:00,Q4 09:00,9.0,400,2pt,MISS Haslem 1' Driving Layup,['pointsinthepaint'],Haslem,0,0,Missed,True,False,2617.0,,substitution,rebound,,,,201143|201596|202708|202714|203118|203471|203894|2547|2594|2617,201596|202708|203894|2547|2617,201143|202714|203118|203471|2594,-13.0,3.0,1610612748.0,21400124,True
4,PT08M59.00S,08:59,Q4 08:59,8.983333333333333,401,rebound,Korver REBOUND (Off:0 Def:5),[],Korver,0,0,,False,False,2594.0,,2pt missed,2pt made,,,,201143|201596|202708|202714|203118|203471|203894|2547|2594|2617,201143|202714|203118|203471|2594,201596|202708|203894|2547|2617,,,1610612737.0,21400124,True
4,PT08M37.00S,08:37,Q4 08:37,8.616666666666667,402,2pt,Scott 19' Fadeaway Jumper (11 PTS),[],Scott,95,81,Made,True,False,203118.0,,rebound,2pt missed,,,,201143|201596|202708|202714|203118|203471|203894|2547|2594|2617,201143|202714|203118|203471|2594,201596|202708|203894|2547|2617,-149.0,118.0,1610612737.0,21400124,True
4,PT08M13.00S,08:13,Q4 08:13,8.216666666666667,403,2pt,MISS Bosh 16' Jump Shot,[],Bosh,0,0,Missed,True,False,2547.0,,2pt made,rebound,,,,201143|201596|202708|202714|203118|203471|203894|2547|2594|2617,201596|202708|203894|2547|2617,201143|202714|203118|203471|2594,-139.0,82.0,1610612748.0,21400124,True
4,PT08M12.00S,08:12,Q4 08:12,8.2,404,rebound,Korver REBOUND (Off:0 Def:6),[],Korver,0,0,,False,False,2594.0,,2pt missed,3pt missed,,,,201143|201596|202708|202714|203118|203471|203894|2547|2594|2617,201143|202714|203118|203471|2594,201596|202708|203894|2547|2617,,,1610612737.0,21400124,True
4,PT08M00.00S,08:00,Q4 08:00,8.0,405,3pt,MISS Scott 26' 3PT Jump Shot,[],Scott,0,0,Missed,True,False,203118.0,,rebound,rebound,,,,201143|201596|202708|202714|203118|203471|203894|2547|2594|2617,201143|202714|203118|203471|2594,201596|202708|203894|2547|2617,-98.0,239.0,1610612737.0,21400124,True
4,PT07M58.00S,07:58,Q4 07:58,7.966666666666667,406,rebound,Haslem REBOUND (Off:1 Def:5),[],Haslem,0,0,,False,False,2617.0,,3pt missed,substitution,,,,201143|201596|202708|202714|203118|203471|203894|2547|2594|2617,201596|202708|203894|2547|2617,201143|202714|203118|203471|2594,,,1610612748.0,21400124,True
4,PT07M52.00S,07:52,Q4 07:52,7.866666666666667,408,substitution,SUB out: S. Napier,[],Napier,0,0,,False,False,203894.0,,rebound,substitution,,,,201143|201596|202708|202714|203118|203471|2547|2594|2617,201596|202708|2547|2617,201143|202714|203118|203471|2594,,,1610612748.0,21400124,False
4,PT07M52.00S,07:52,Q4 07:52,7.866666666666667,409,substitution,SUB out: A. Horford,[],Horford,0,0,,False,False,201143.0,,substitution,substitution,,,,201596|202708|202714|203118|203471|2547|2594|2617,202714|203118|203471|2594,201596|202708|2547|2617,,,1610612737.0,21400124,False
4,PT07M52.00S,07:52,Q4 07:52,7.866666666666667,410,substitution,SUB out: S. Mack,[],Mack,0,0,,False,False,202714.0,,substitution,substitution,,,,201596|202708|203118|203471|2547|2594|2617,203118|203471|2594,201596|202708|2547|2617,,,1610612737.0,21400124,False
4,PT07M52.00S,07:52,Q4 07:52,7.866666666666667,411,substitution,SUB in: L. Deng,[],Deng,0,0,,False,False,2736.0,,substitution,substitution,,,,201596|202708|203118|203471|2547|2594|2617|2736,201596|202708|2547|2617|2736,203118|203471|2594,,,1610612748.0,21400124,False
4,PT07M52.00S,07:52,Q4 07:52,7.866666666666667,412,substitution,SUB in: J. Teague,[],Teague,0,0,,False,False,201952.0,,substitution,substitution,,,,201596|201952|202708|203118|203471|2547|2594|2617|2736,201952|203118|203471|2594,201596|202708|2547|2617|2736,,,1610612737.0,21400124,False
4,PT07M52.00S,07:52,Q4 07:52,7.866666666666667,413,substitution,SUB in: P. Millsap,[],Millsap,0,0,,False,False,200794.0,,substitution,2pt made,,,,200794|201596|201952|202708|203118|203471|2547|2594|2617|2736,200794|201952|203118|203471|2594,201596|202708|2547|2617|2736,,,1610612737.0,21400124,True
4,PT07M49.00S,07:49,Q4 07:49,7.816666666666666,411,2pt,Chalmers 4' Running Jump Shot (18 PTS) (Cole 7 AST),['pointsinthepaint'],Chalmers,95,83,Made,True,True,201596.0,202708.0,substitution,turnover,,,,200794|201596|201952|202708|203118|203471|2547|2594|2617|2736,201596|202708|2547|2617|2736,200794|201952|203118|203471|2594,21.0,31.0,1610612748.0,21400124,True
4,PT07M38.00S,07:38,Q4 07:38,7.633333333333333,412,turnover,Korver Bad Pass Turnover (P2.T12),[],Korver,0,0,,False,False,2594.0,,2pt made,steal,,,,200794|201596|201952|202708|203118|203471|2547|2594|2617|2736,200794|201952|203118|203471|2594,201596|202708|2547|2617|2736,,,1610612737.0,21400124,True
4,PT07M38.00S,07:38,Q4 07:38,7.633333333333333,412,steal,Deng STEAL (1 STL),[],Deng,0,0,,False,False,2736.0,,turnover,2pt missed,,2736.0,,200794|201596|201952|202708|203118|203471|2547|2594|2617|2736,201596|202708|2547|2617|2736,200794|201952|203118|203471|2594,,,1610612748.0,21400124,True
4,PT07M33.00S,07:33,Q4 07:33,7.55,413,2pt,MISS Deng 1' Running Layup,['pointsinthepaint'],Deng,0,0,Missed,True,False,2736.0,,steal,rebound,,,,200794|201596|201952|202708|203118|203471|2547|2594|2617|2736,201596|202708|2547|2617|2736,200794|201952|203118|203471|2594,10.0,9.0,1610612748.0,21400124,True
4,PT07M31.00S,07:31,Q4 07:31,7.516666666666667,414,rebound,Scott REBOUND (Off:0 Def:2),[],Scott,0,0,,False,False,203118.0,,2pt missed,2pt made,,,,200794|201596|201952|202708|203118|203471|2547|2594|2617|2736,200794|201952|203118|203471|2594,201596|202708|2547|2617|2736,,,1610612737.0,21400124,True
4,PT07M10.00S,07:10,Q4 07:10,7.166666666666667,415,2pt,Schroder 3' Driving Layup (10 PTS),['pointsinthepaint'],Schroder,97,83,Made,True,False,203471.0,,rebound,foul,,,,200794|201596|201952|202708|203118|203471|2547|2594|2617|2736,200794|201952|203118|203471|2594,201596|202708|2547|2617|2736,20.0,17.0,1610612737.0,21400124,True
4,PT06M58.00S,06:58,Q4 06:58,6.966666666666667,416,foul,Scott S.FOUL (P2.T1),[],Scott,0,0,,False,False,203118.0,,2pt made,freethrow,2617.0,,,200794|201596|201952|202708|203118|203471|2547|2594|2617|2736,200794|201952|203118|203471|2594,201596|202708|2547|2617|2736,,,1610612737.0,21400124,True
4,PT06M58.00S,06:58,Q4 06:58,6.966666666666667,417,freethrow,Haslem Free Throw 1 of 2 (5 PTS),[],Haslem,97,84,Made,False,False,2617.0,,foul,freethrow,,,,200794|201596|201952|202708|203118|203471|2547|2594|2617|2736,201596|202708|2547|2617|2736,200794|201952|203118|203471|2594,,,1610612748.0,21400124,True
4,PT06M58.00S,06:58,Q4 06:58,6.966666666666667,421,freethrow,Haslem Free Throw 2 of 2 (6 PTS),[],Haslem,97,85,Made,False,False,2617.0,,freethrow,substitution,,,,200794|201596|201952|202708|203118|203471|2547|2594|2617|2736,201596|202708|2547|2617|2736,200794|201952|203118|203471|2594,,,1610612748.0,21400124,True
4,PT06M58.00S,06:58,Q4 06:58,6.966666666666667,419,substitution,SUB out: K. Korver,[],Korver,0,0,,False,False,2594.0,,freethrow,substitution,,,,200794|201596|201952|202708|203118|203471|2547|2617|2736,200794|201952|203118|203471,201596|202708|2547|2617|2736,,,1610612737.0,21400124,False
4,PT06M58.00S,06:58,Q4 06:58,6.966666666666667,420,substitution,SUB out: C. Bosh,[],Bosh,0,0,,False,False,2547.0,,substitution,substitution,,,,200794|201596|201952|202708|203118|203471|2617|2736,201596|202708|2617|2736,200794|201952|203118|203471,,,1610612748.0,21400124,False
4,PT06M58.00S,06:58,Q4 06:58,6.966666666666667,421,substitution,SUB in: T. Sefolosha,[],Sefolosha,0,0,,False,False,200757.0,,substitution,substitution,,,,200757|200794|201596|201952|202708|203118|203471|2617|2736,200757|200794|201952|203118|203471,201596|202708|2617|2736,,,1610612737.0,21400124,False
4,PT06M58.00S,06:58,Q4 06:58,6.966666666666667,422,substitution,SUB in: S. Williams,[],Williams,0,0,,False,False,200761.0,,substitution,foul,,,,200757|200761|200794|201596|201952|202708|203118|203471|2617|2736,200761|201596|202708|2617|2736,200757|200794|201952|203118|203471,,,1610612748.0,21400124,True
4,PT06M50.00S,06:50,Q4 06:50,6.833333333333333,424,foul,Shaw. Williams P.FOUL (P4.T3),[],Williams,0,0,,False,False,200761.0,,substitution,2pt missed,203471.0,,,200757|200761|200794|201596|201952|202708|203118|203471|2617|2736,200761|201596|202708|2617|2736,200757|200794|201952|203118|203471,,,1610612748.0,21400124,True
4,PT06M42.00S,06:42,Q4 06:42,6.7,425,2pt,MISS Schroder 8' Driving Jump Shot,['pointsinthepaint'],Schroder,0,0,Missed,True,False,203471.0,,foul,rebound,,,,200757|200761|200794|201596|201952|202708|203118|203471|2617|2736,200757|200794|201952|203118|203471,200761|201596|202708|2617|2736,29.0,77.0,1610612737.0,21400124,True
4,PT06M40.00S,06:40,Q4 06:40,6.666666666666667,426,rebound,Chalmers REBOUND (Off:0 Def:1),[],Chalmers,0,0,,False,False,201596.0,,2pt missed,turnover,,,,200757|200761|200794|201596|201952|202708|203118|203471|2617|2736,200761|201596|202708|2617|2736,200757|200794|201952|203118|203471,,,1610612748.0,21400124,True
4,PT06M33.00S,06:33,Q4 06:33,6.55,427,turnover,Chalmers Bad Pass Turnover (P2.T12),[],Chalmers,0,0,,False,False,201596.0,,rebound,steal,,,,200757|200761|200794|201596|201952|202708|203118|203471|2617|2736,200761|201596|202708|2617|2736,200757|200794|201952|203118|203471,,,1610612748.0,21400124,True
4,PT06M33.00S,06:33,Q4 06:33,6.55,427,steal,Schroder STEAL (1 STL),[],Schroder,0,0,,False,False,203471.0,,turnover,foul,,203471.0,,200757|200761|200794|201596|201952|202708|203118|203471|2617|2736,200757|200794|201952|203118|203471,200761|201596|202708|2617|2736,,,1610612737.0,21400124,True
4,PT06M32.00S,06:32,Q4 06:32,6.533333333333333,428,foul,Chalmers T.FOUL (P3.T4),['inpenalty'],Chalmers,0,0,,False,False,201596.0,,steal,foul,201952.0,,,200757|200761|200794|201596|201952|202708|203118|203471|2617|2736,200761|201596|202708|2617|2736,200757|200794|201952|203118|203471,,,1610612748.0,21400124,True
4,PT06M32.00S,06:32,Q4 06:32,6.533333333333333,429,foul,Haslem P.FOUL (P2.T4),[],Haslem,0,0,,False,False,2617.0,,foul,foul,201952.0,,,200757|200761|200794|201596|201952|202708|203118|203471|2617|2736,200761|201596|202708|2617|2736,200757|200794|201952|203118|203471,,,1610612748.0,21400124,True
4,PT06M32.00S,06:32,Q4 06:32,6.533333333333333,430,foul,Haslem T.FOUL (P2.T4),['inpenalty'],Haslem,0,0,,False,False,2617.0,,foul,timeout,201952.0,,,200757|200761|200794|201596|201952|202708|203118|203471|2617|2736,200761|201596|202708|2617|2736,200757|200794|201952|203118|203471,,,1610612748.0,21400124,True
4,PT06M32.00S,06:32,Q4 06:32,6.533333333333333,431,timeout,Heat Timeout: Regular (Reg.5 Short 1),[],,0,0,,False,False,0.0,,foul,freethrow,,,,200757|200761|200794|201596|201952|202708|203118|203471|2617|2736,200761|201596|202708|2617|2736,200757|200794|201952|203118|203471,,,1610612748.0,21400124,True
4,PT06M32.00S,06:32,Q4 06:32,6.533333333333333,432,freethrow,Teague Free Throw Technical (10 PTS),[],Teague,98,85,Made,False,False,201952.0,,timeout,freethrow,,,,200757|200761|200794|201596|201952|202708|203118|203471|2617|2736,200757|200794|201952|203118|203471,200761|201596|202708|2617|2736,,,1610612737.0,21400124,True
4,PT06M32.00S,06:32,Q4 06:32,6.533333333333333,434,freethrow,Teague Free Throw Technical (11 PTS),[],Teague,99,85,Made,False,False,201952.0,,freethrow,substitution,,,,200757|200761|200794|201596|201952|202708|203118|203471|2617|2736,200757|200794|201952|203118|203471,200761|201596|202708|2617|2736,,,1610612737.0,21400124,True
4,PT06M32.00S,06:32,Q4 06:32,6.533333333333333,436,substitution,SUB out: T. Sefolosha,[],Sefolosha,0,0,,False,False,200757.0,,freethrow,substitution,,,,200761|200794|201596|201952|202708|203118|203471|2617|2736,200794|201952|203118|203471,200761|201596|202708|2617|2736,,,1610612737.0,21400124,False
4,PT06M32.00S,06:32,Q4 06:32,6.533333333333333,437,substitution,SUB out: U. Haslem,[],Haslem,0,0,,False,False,2617.0,,substitution,substitution,,,,200761|200794|201596|201952|202708|203118|203471|2736,200761|201596|202708|2736,200794|201952|203118|203471,,,1610612748.0,21400124,False
4,PT06M32.00S,06:32,Q4 06:32,6.533333333333333,438,substitution,SUB in: K. Korver,[],Korver,0,0,,False,False,2594.0,,substitution,substitution,,,,200761|200794|201596|201952|202708|203118|203471|2594|2736,200794|201952|203118|203471|2594,200761|201596|202708|2736,,,1610612737.0,21400124,False
4,PT06M32.00S,06:32,Q4 06:32,6.533333333333333,439,substitution,SUB in: C. Bosh,[],Bosh,0,0,,False,False,2547.0,,substitution,3pt made,,,,200761|200794|201596|201952|202708|203118|203471|2547|2594|2736,200761|201596|202708|2547|2736,200794|201952|203118|203471|2594,,,1610612748.0,21400124,True
4,PT06M14.00S,06:14,Q4 06:14,6.233333333333333,438,3pt,Millsap  3PT Jump Shot (18 PTS) (Schroder 5 AST),[],Millsap,102,85,Made,True,True,200794.0,203471.0,substitution,turnover,,,,200761|200794|201596|201952|202708|203118|203471|2547|2594|2736,200794|201952|203118|203471|2594,200761|201596|202708|2547|2736,-229.0,-2.0,1610612737.0,21400124,True
4,PT05M58.00S,05:58,Q4 05:58,5.966666666666667,440,turnover,Bosh Lost Ball Turnover (P4.T13),[],Bosh,0,0,,False,False,2547.0,,3pt made,steal,,,,200761|200794|201596|201952|202708|203118|203471|2547|2594|2736,200761|201596|202708|2547|2736,200794|201952|203118|203471|2594,,,1610612748.0,21400124,True
4,PT05M58.00S,05:58,Q4 05:58,5.966666666666667,440,steal,Schroder STEAL (2 STL),[],Schroder,0,0,,False,False,203471.0,,turnover,2pt made,,203471.0,,200761|200794|201596|201952|202708|203118|203471|2547|2594|2736,200794|201952|203118|203471|2594,200761|201596|202708|2547|2736,,,1610612737.0,21400124,True
4,PT05M53.00S,05:53,Q4 05:53,5.883333333333333,441,2pt,Teague  Running Dunk (13 PTS) (Schroder 6 AST),['pointsinthepaint'],Teague,104,85,Made,True,True,201952.0,203471.0,steal,timeout,,,,200761|200794|201596|201952|202708|203118|203471|2547|2594|2736,200794|201952|203118|203471|2594,200761|201596|202708|2547|2736,0.0,1.0,1610612737.0,21400124,True
4,PT05M52.00S,05:52,Q4 05:52,5.866666666666667,442,timeout,Heat Timeout: Short (Reg.5 Short 2),[],,0,0,,False,False,0.0,,2pt made,substitution,,,,200761|200794|201596|201952|202708|203118|203471|2547|2594|2736,200761|201596|202708|2547|2736,200794|201952|203118|203471|2594,,,1610612748.0,21400124,True
4,PT05M52.00S,05:52,Q4 05:52,5.866666666666667,444,substitution,SUB out: K. Korver,[],Korver,0,0,,False,False,2594.0,,timeout,substitution,,,,200761|200794|201596|201952|202708|203118|203471|2547|2736,200794|201952|203118|203471,200761|201596|202708|2547|2736,,,1610612737.0,21400124,False
4,PT05M52.00S,05:52,Q4 05:52,5.866666666666667,445,substitution,SUB in: T. Sefolosha,[],Sefolosha,0,0,,False,False,200757.0,,substitution,foul,,,,200757|200761|200794|201596|201952|202708|203118|203471|2547|2736,200757|200794|201952|203118|203471,200761|201596|202708|2547|2736,,,1610612737.0,21400124,True
4,PT05M34.00S,05:34,Q4 05:34,5.566666666666666,446,foul,Teague S.FOUL (P1.T2),[],Teague,0,0,,False,False,201952.0,,substitution,freethrow,2547.0,,,200757|200761|200794|201596|201952|202708|203118|203471|2547|2736,200757|200794|201952|203118|203471,200761|201596|202708|2547|2736,,,1610612737.0,21400124,True
4,PT05M34.00S,05:34,Q4 05:34,5.566666666666666,447,freethrow,Bosh Free Throw 1 of 2 (19 PTS),[],Bosh,104,86,Made,False,False,2547.0,,foul,freethrow,,,,200757|200761|200794|201596|201952|202708|203118|203471|2547|2736,200761|201596|202708|2547|2736,200757|200794|201952|203118|203471,,,1610612748.0,21400124,True
4,PT05M34.00S,05:34,Q4 05:34,5.566666666666666,449,freethrow,Bosh Free Throw 2 of 2 (20 PTS),[],Bosh,104,87,Made,False,False,2547.0,,freethrow,3pt missed,,,,200757|200761|200794|201596|201952|202708|203118|203471|2547|2736,200761|201596|202708|2547|2736,200757|200794|201952|203118|203471,,,1610612748.0,21400124,True
4,PT05M17.00S,05:17,Q4 05:17,5.283333333333333,451,3pt,MISS Schroder 26' 3PT Jump Shot,[],Schroder,0,0,Missed,True,False,203471.0,,freethrow,rebound,,,,200757|200761|200794|201596|201952|202708|203118|203471|2547|2736,200757|200794|201952|203118|203471,200761|201596|202708|2547|2736,-2.0,258.0,1610612737.0,21400124,True
4,PT05M16.00S,05:16,Q4 05:16,5.266666666666667,452,rebound,Bosh REBOUND (Off:0 Def:4),[],Bosh,0,0,,False,False,2547.0,,3pt missed,foul,,,,200757|200761|200794|201596|201952|202708|203118|203471|2547|2736,200761|201596|202708|2547|2736,200757|200794|201952|203118|203471,,,1610612748.0,21400124,True
4,PT05M11.00S,05:11,Q4 05:11,5.183333333333334,453,foul,Teague P.FOUL (P2.T3),[],Teague,0,0,,False,False,201952.0,,rebound,foul,2547.0,,,200757|200761|200794|201596|201952|202708|203118|203471|2547|2736,200757|200794|201952|203118|203471,200761|201596|202708|2547|2736,,,1610612737.0,21400124,True
4,PT05M11.00S,05:11,Q4 05:11,5.183333333333334,455,foul,"Double Technical - Scott, Shaw. Williams",[],Scott,0,0,,False,False,203118.0,,foul,substitution,2547.0,,,200757|200761|200794|201596|201952|202708|203118|203471|2547|2736,200757|200794|201952|203118|203471,200761|201596|202708|2547|2736,,,1610612737.0,21400124,True
4,PT05M11.00S,05:11,Q4 05:11,5.183333333333334,454,substitution,SUB out: D. Schroder,[],Schroder,0,0,,False,False,203471.0,,foul,substitution,,,,200757|200761|200794|201596|201952|202708|203118|2547|2736,200757|200794|201952|203118,200761|201596|202708|2547|2736,,,1610612737.0,21400124,False
4,PT05M11.00S,05:11,Q4 05:11,5.183333333333334,455,substitution,SUB in: K. Korver,[],Korver,0,0,,False,False,2594.0,,substitution,3pt missed,,,,200757|200761|200794|201596|201952|202708|203118|2547|2594|2736,200757|200794|201952|203118|2594,200761|201596|202708|2547|2736,,,1610612737.0,21400124,True
4,PT04M51.00S,04:51,Q4 04:51,4.85,457,3pt,MISS Bosh 24' 3PT Jump Shot,[],Bosh,0,0,Missed,True,False,2547.0,,substitution,rebound,,,,200757|200761|200794|201596|201952|202708|203118|2547|2594|2736,200761|201596|202708|2547|2736,200757|200794|201952|203118|2594,236.0,48.0,1610612748.0,21400124,True
4,PT04M49.00S,04:49,Q4 04:49,4.816666666666666,458,rebound,Sefolosha REBOUND (Off:1 Def:4),[],Sefolosha,0,0,,False,False,200757.0,,3pt missed,2pt missed,,,,200757|200761|200794|201596|201952|202708|203118|2547|2594|2736,200757|200794|201952|203118|2594,200761|201596|202708|2547|2736,,,1610612737.0,21400124,True
4,PT04M42.00S,04:42,Q4 04:42,4.7,459,2pt,MISS Sefolosha 3' Driving Layup,['pointsinthepaint'],Sefolosha,0,0,Missed,True,False,200757.0,,rebound,block,,,,200757|200761|200794|201596|201952|202708|203118|2547|2594|2736,200757|200794|201952|203118|2594,200761|201596|202708|2547|2736,24.0,9.0,1610612737.0,21400124,True
4,PT04M42.00S,04:42,Q4 04:42,4.7,459,block,Bosh BLOCK (1 BLK),[],Bosh,0,0,,False,False,2547.0,,2pt missed,rebound,,,2547.0,200757|200761|200794|201596|201952|202708|203118|2547|2594|2736,200761|201596|202708|2547|2736,200757|200794|201952|203118|2594,,,1610612748.0,21400124,True
4,PT04M42.00S,04:42,Q4 04:42,4.7,460,rebound,TEAM offensive REBOUND,['team'],,0,0,,False,False,0.0,,block,substitution,,,,200757|200761|200794|201596|201952|202708|203118|2547|2594|2736,200757|200794|201952|203118|2594,200761|201596|202708|2547|2736,,,1610612737.0,21400124,True
4,PT04M42.00S,04:42,Q4 04:42,4.7,461,substitution,SUB out: M. Scott,[],Scott,0,0,,False,False,203118.0,,rebound,substitution,,,,200757|200761|200794|201596|201952|202708|2547|2594|2736,200757|200794|201952|2594,200761|201596|202708|2547|2736,,,1610612737.0,21400124,False
4,PT04M42.00S,04:42,Q4 04:42,4.7,462,substitution,SUB in: A. Horford,[],Horford,0,0,,False,False,201143.0,,substitution,2pt made,,,,200757|200761|200794|201143|201596|201952|202708|2547|2594|2736,200757|200794|201143|201952|2594,200761|201596|202708|2547|2736,,,1610612737.0,21400124,True
4,PT04M39.00S,04:39,Q4 04:39,4.65,462,2pt,Sefolosha 5' Jump Shot (12 PTS) (Korver 7 AST),['pointsinthepaint'],Sefolosha,106,87,Made,True,True,200757.0,2594.0,substitution,2pt missed,,,,200757|200761|200794|201143|201596|201952|202708|2547|2594|2736,200757|200794|201143|201952|2594,200761|201596|202708|2547|2736,7.0,47.0,1610612737.0,21400124,True
4,PT04M15.00S,04:15,Q4 04:15,4.25,464,2pt,MISS Bosh 21' Jump Shot,[],Bosh,0,0,Missed,True,False,2547.0,,2pt made,rebound,,,,200757|200761|200794|201143|201596|201952|202708|2547|2594|2736,200761|201596|202708|2547|2736,200757|200794|201143|201952|2594,-76.0,194.0,1610612748.0,21400124,True
4,PT04M13.00S,04:13,Q4 04:13,4.216666666666667,465,rebound,Deng REBOUND (Off:1 Def:3),[],Deng,0,0,,False,False,2736.0,,2pt missed,3pt made,,,,200757|200761|200794|201143|201596|201952|202708|2547|2594|2736,200761|201596|202708|2547|2736,200757|200794|201143|201952|2594,,,1610612748.0,21400124,True
4,PT04M10.00S,04:10,Q4 04:10,4.166666666666667,466,3pt,Deng 24' 3PT Jump Shot (14 PTS),[],Deng,106,90,Made,True,False,2736.0,,rebound,2pt missed,,,,200757|200761|200794|201143|201596|201952|202708|2547|2594|2736,200761|201596|202708|2547|2736,200757|200794|201143|201952|2594,-224.0,78.0,1610612748.0,21400124,True
4,PT03M54.00S,03:54,Q4 03:54,3.9,467,2pt,MISS Horford 4' Jump Shot,['pointsinthepaint'],Horford,0,0,Missed,True,False,201143.0,,3pt made,block,,,,200757|200761|200794|201143|201596|201952|202708|2547|2594|2736,200757|200794|201143|201952|2594,200761|201596|202708|2547|2736,-32.0,25.0,1610612737.0,21400124,True
4,PT03M54.00S,03:54,Q4 03:54,3.9,467,block,Shaw. Williams BLOCK (1 BLK),[],Williams,0,0,,False,False,200761.0,,2pt missed,rebound,,,200761.0,200757|200761|200794|201143|201596|201952|202708|2547|2594|2736,200761|201596|202708|2547|2736,200757|200794|201143|201952|2594,,,1610612748.0,21400124,True
4,PT03M51.00S,03:51,Q4 03:51,3.85,468,rebound,Bosh REBOUND (Off:0 Def:5),[],Bosh,0,0,,False,False,2547.0,,block,3pt missed,,,,200757|200761|200794|201143|201596|201952|202708|2547|2594|2736,200761|201596|202708|2547|2736,200757|200794|201143|201952|2594,,,1610612748.0,21400124,True
4,PT03M40.00S,03:40,Q4 03:40,3.6666666666666665,469,3pt,MISS Deng 25' 3PT Jump Shot,[],Deng,0,0,Missed,True,False,2736.0,,rebound,rebound,,,,200757|200761|200794|201143|201596|201952|202708|2547|2594|2736,200761|201596|202708|2547|2736,200757|200794|201143|201952|2594,105.0,231.0,1610612748.0,21400124,True
4,PT03M38.00S,03:38,Q4 03:38,3.6333333333333333,470,rebound,Millsap REBOUND (Off:1 Def:7),[],Millsap,0,0,,False,False,200794.0,,3pt missed,3pt missed,,,,200757|200761|200794|201143|201596|201952|202708|2547|2594|2736,200757|200794|201143|201952|2594,200761|201596|202708|2547|2736,,,1610612737.0,21400124,True
4,PT03M32.00S,03:32,Q4 03:32,3.533333333333333,471,3pt,MISS Teague 25' 3PT Jump Shot,[],Teague,0,0,Missed,True,False,201952.0,,rebound,rebound,,,,200757|200761|200794|201143|201596|201952|202708|2547|2594|2736,200757|200794|201143|201952|2594,200761|201596|202708|2547|2736,-101.0,228.0,1610612737.0,21400124,True
4,PT03M30.00S,03:30,Q4 03:30,3.5,472,rebound,Bosh REBOUND (Off:0 Def:6),[],Bosh,0,0,,False,False,2547.0,,3pt missed,2pt made,,,,200757|200761|200794|201143|201596|201952|202708|2547|2594|2736,200761|201596|202708|2547|2736,200757|200794|201143|201952|2594,,,1610612748.0,21400124,True
4,PT03M18.00S,03:18,Q4 03:18,3.3,473,2pt,Deng 2' Layup (16 PTS) (Shaw. Williams 1 AST),['pointsinthepaint'],Deng,106,92,Made,True,False,2736.0,,rebound,foul,,,,200757|200761|200794|201143|201596|201952|202708|2547|2594|2736,200761|201596|202708|2547|2736,200757|200794|201143|201952|2594,-16.0,9.0,1610612748.0,21400124,True
4,PT03M18.00S,03:18,Q4 03:18,3.3,474,foul,Korver S.FOUL (P4.T4),[],Korver,0,0,,False,False,2594.0,,2pt made,freethrow,2736.0,,,200757|200761|200794|201143|201596|201952|202708|2547|2594|2736,200757|200794|201143|201952|2594,200761|201596|202708|2547|2736,,,1610612737.0,21400124,True
4,PT03M18.00S,03:18,Q4 03:18,3.3,475,freethrow,Deng Free Throw 1 of 1 (17 PTS),[],Deng,106,93,Made,False,False,2736.0,,foul,3pt missed,,,,200757|200761|200794|201143|201596|201952|202708|2547|2594|2736,200761|201596|202708|2547|2736,200757|200794|201143|201952|2594,,,1610612748.0,21400124,True
4,PT03M00.00S,03:00,Q4 03:00,3.0,477,3pt,MISS Millsap 25' 3PT Jump Shot,[],Millsap,0,0,Missed,True,False,200794.0,,freethrow,rebound,,,,200757|200761|200794|201143|201596|201952|202708|2547|2594|2736,200757|200794|201143|201952|2594,200761|201596|202708|2547|2736,119.0,222.0,1610612737.0,21400124,True
4,PT02M58.00S,02:58,Q4 02:58,2.966666666666667,478,rebound,Bosh REBOUND (Off:0 Def:7),[],Bosh,0,0,,False,False,2547.0,,3pt missed,3pt missed,,,,200757|200761|200794|201143|201596|201952|202708|2547|2594|2736,200761|201596|202708|2547|2736,200757|200794|201143|201952|2594,,,1610612748.0,21400124,True
4,PT02M49.00S,02:49,Q4 02:49,2.8166666666666664,479,3pt,MISS Bosh 25' 3PT Jump Shot,[],Bosh,0,0,Missed,True,False,2547.0,,rebound,rebound,,,,200757|200761|200794|201143|201596|201952|202708|2547|2594|2736,200761|201596|202708|2547|2736,200757|200794|201143|201952|2594,146.0,206.0,1610612748.0,21400124,True
4,PT02M47.00S,02:47,Q4 02:47,2.783333333333333,480,rebound,Millsap REBOUND (Off:1 Def:8),[],Millsap,0,0,,False,False,200794.0,,3pt missed,timeout,,,,200757|200761|200794|201143|201596|201952|202708|2547|2594|2736,200757|200794|201143|201952|2594,200761|201596|202708|2547|2736,,,1610612737.0,21400124,True
4,PT02M43.00S,02:43,Q4 02:43,2.716666666666667,481,timeout,HAWKS Timeout: Regular (Full 4 Short 0),[],,0,0,,False,False,0.0,,rebound,foul,,,,200757|200761|200794|201143|201596|201952|202708|2547|2594|2736,200757|200794|201143|201952|2594,200761|201596|202708|2547|2736,,,1610612737.0,21400124,True
4,PT02M34.00S,02:34,Q4 02:34,2.5666666666666664,485,foul,Shaw. Williams S.FOUL (P5.PN),['inpenalty'],Williams,0,0,,False,False,200761.0,,timeout,freethrow,200794.0,,,200757|200761|200794|201143|201596|201952|202708|2547|2594|2736,200761|201596|202708|2547|2736,200757|200794|201143|201952|2594,,,1610612748.0,21400124,True
4,PT02M34.00S,02:34,Q4 02:34,2.5666666666666664,486,freethrow,Millsap Free Throw 1 of 2 (19 PTS),[],Millsap,107,93,Made,False,False,200794.0,,foul,freethrow,,,,200757|200761|200794|201143|201596|201952|202708|2547|2594|2736,200757|200794|201143|201952|2594,200761|201596|202708|2547|2736,,,1610612737.0,21400124,True
4,PT02M34.00S,02:34,Q4 02:34,2.5666666666666664,488,freethrow,MISS Millsap Free Throw 2 of 2,[],Millsap,0,0,Missed,False,False,200794.0,,freethrow,rebound,,,,200757|200761|200794|201143|201596|201952|202708|2547|2594|2736,200757|200794|201143|201952|2594,200761|201596|202708|2547|2736,,,1610612737.0,21400124,True
4,PT02M33.00S,02:33,Q4 02:33,2.55,490,rebound,Shaw. Williams REBOUND (Off:2 Def:4),[],Williams,0,0,,False,False,200761.0,,freethrow,foul,,,,200757|200761|200794|201143|201596|201952|202708|2547|2594|2736,200761|201596|202708|2547|2736,200757|200794|201143|201952|2594,,,1610612748.0,21400124,True
4,PT02M22.00S,02:22,Q4 02:22,2.3666666666666667,491,foul,Sefolosha P.FOUL (P2.PN),['inpenalty'],Sefolosha,0,0,,False,False,200757.0,,rebound,freethrow,2736.0,,,200757|200761|200794|201143|201596|201952|202708|2547|2594|2736,200757|200794|201143|201952|2594,200761|201596|202708|2547|2736,,,1610612737.0,21400124,True
4,PT02M22.00S,02:22,Q4 02:22,2.3666666666666667,492,freethrow,Deng Free Throw 1 of 2 (18 PTS),[],Deng,107,94,Made,False,False,2736.0,,foul,freethrow,,,,200757|200761|200794|201143|201596|201952|202708|2547|2594|2736,200761|201596|202708|2547|2736,200757|200794|201143|201952|2594,,,1610612748.0,21400124,True
4,PT02M22.00S,02:22,Q4 02:22,2.3666666666666667,494,freethrow,Deng Free Throw 2 of 2 (19 PTS),[],Deng,107,95,Made,False,False,2736.0,,freethrow,turnover,,,,200757|200761|200794|201143|201596|201952|202708|2547|2594|2736,200761|201596|202708|2547|2736,200757|200794|201143|201952|2594,,,1610612748.0,21400124,True
4,PT02M06.00S,02:06,Q4 02:06,2.1,496,turnover,Korver Bad Pass Turnover (P3.T13),[],Korver,0,0,,False,False,2594.0,,freethrow,steal,,,,200757|200761|200794|201143|201596|201952|202708|2547|2594|2736,200757|200794|201143|201952|2594,200761|201596|202708|2547|2736,,,1610612737.0,21400124,True
4,PT02M06.00S,02:06,Q4 02:06,2.1,496,steal,Cole STEAL (4 STL),[],Cole,0,0,,False,False,202708.0,,turnover,foul,,202708.0,,200757|200761|200794|201143|201596|201952|202708|2547|2594|2736,200761|201596|202708|2547|2736,200757|200794|201143|201952|2594,,,1610612748.0,21400124,True
4,PT02M05.00S,02:05,Q4 02:05,2.0833333333333335,497,foul,Chalmers OFF.Foul (P4),['inpenalty'],Chalmers,0,0,,False,False,201596.0,,steal,turnover,200794.0,,,200757|200761|200794|201143|201596|201952|202708|2547|2594|2736,200761|201596|202708|2547|2736,200757|200794|201143|201952|2594,,,1610612748.0,21400124,True
4,PT02M05.00S,02:05,Q4 02:05,2.0833333333333335,498,turnover,Chalmers Foul Turnover (P3.T14),[],Chalmers,0,0,,False,False,201596.0,,foul,2pt missed,,,,200757|200761|200794|201143|201596|201952|202708|2547|2594|2736,200761|201596|202708|2547|2736,200757|200794|201143|201952|2594,,,1610612748.0,21400124,True
4,PT01M46.00S,01:46,Q4 01:46,1.7666666666666666,499,2pt,MISS Millsap 2' Driving Layup,['pointsinthepaint'],Millsap,0,0,Missed,True,False,200794.0,,turnover,rebound,,,,200757|200761|200794|201143|201596|201952|202708|2547|2594|2736,200757|200794|201143|201952|2594,200761|201596|202708|2547|2736,-15.0,6.0,1610612737.0,21400124,True
4,PT01M44.00S,01:44,Q4 01:44,1.7333333333333334,500,rebound,Bosh REBOUND (Off:0 Def:8),[],Bosh,0,0,,False,False,2547.0,,2pt missed,2pt missed,,,,200757|200761|200794|201143|201596|201952|202708|2547|2594|2736,200761|201596|202708|2547|2736,200757|200794|201143|201952|2594,,,1610612748.0,21400124,True
4,PT01M39.00S,01:39,Q4 01:39,1.65,502,2pt,MISS Deng 17' Jump Shot,[],Deng,0,0,Missed,True,False,2736.0,,rebound,rebound,,,,200757|200761|200794|201143|201596|201952|202708|2547|2594|2736,200761|201596|202708|2547|2736,200757|200794|201143|201952|2594,165.0,45.0,1610612748.0,21400124,True
4,PT01M38.00S,01:38,Q4 01:38,1.6333333333333333,503,rebound,Sefolosha REBOUND (Off:1 Def:5),[],Sefolosha,0,0,,False,False,200757.0,,2pt missed,2pt made,,,,200757|200761|200794|201143|201596|201952|202708|2547|2594|2736,200757|200794|201143|201952|2594,200761|201596|202708|2547|2736,,,1610612737.0,21400124,True
4,PT01M15.00S,01:15,Q4 01:15,1.25,504,2pt,Horford 20' Jump Shot (17 PTS),[],Horford,109,95,Made,True,False,201143.0,,rebound,foul,,,,200757|200761|200794|201143|201596|201952|202708|2547|2594|2736,200757|200794|201143|201952|2594,200761|201596|202708|2547|2736,-59.0,192.0,1610612737.0,21400124,True
4,PT01M15.00S,01:15,Q4 01:15,1.25,505,foul,Sefolosha P.FOUL (P3.PN),['inpenalty'],Sefolosha,0,0,,False,False,200757.0,,2pt made,freethrow,201596.0,,,200757|200761|200794|201143|201596|201952|202708|2547|2594|2736,200757|200794|201143|201952|2594,200761|201596|202708|2547|2736,,,1610612737.0,21400124,True
4,PT01M15.00S,01:15,Q4 01:15,1.25,506,freethrow,Chalmers Free Throw 1 of 2 (19 PTS),[],Chalmers,109,96,Made,False,False,201596.0,,foul,freethrow,,,,200757|200761|200794|201143|201596|201952|202708|2547|2594|2736,200761|201596|202708|2547|2736,200757|200794|201143|201952|2594,,,1610612748.0,21400124,True
4,PT01M15.00S,01:15,Q4 01:15,1.25,512,freethrow,Chalmers Free Throw 2 of 2 (20 PTS),[],Chalmers,109,97,Made,False,False,201596.0,,freethrow,substitution,,,,200757|200761|200794|201143|201596|201952|202708|2547|2594|2736,200761|201596|202708|2547|2736,200757|200794|201143|201952|2594,,,1610612748.0,21400124,True
4,PT01M15.00S,01:15,Q4 01:15,1.25,508,substitution,SUB out: L. Deng,[],Deng,0,0,,False,False,2736.0,,freethrow,substitution,,,,200757|200761|200794|201143|201596|201952|202708|2547|2594,200761|201596|202708|2547,200757|200794|201143|201952|2594,,,1610612748.0,21400124,False
4,PT01M15.00S,01:15,Q4 01:15,1.25,509,substitution,SUB out: C. Bosh,[],Bosh,0,0,,False,False,2547.0,,substitution,substitution,,,,200757|200761|200794|201143|201596|201952|202708|2594,200761|201596|202708,200757|200794|201143|201952|2594,,,1610612748.0,21400124,False
4,PT01M15.00S,01:15,Q4 01:15,1.25,510,substitution,SUB out: T. Sefolosha,[],Sefolosha,0,0,,False,False,200757.0,,substitution,substitution,,,,200761|200794|201143|201596|201952|202708|2594,200794|201143|201952|2594,200761|201596|202708,,,1610612737.0,21400124,False
4,PT01M15.00S,01:15,Q4 01:15,1.25,511,substitution,SUB out: K. Korver,[],Korver,0,0,,False,False,2594.0,,substitution,substitution,,,,200761|200794|201143|201596|201952|202708,200794|201143|201952,200761|201596|202708,,,1610612737.0,21400124,False
4,PT01M15.00S,01:15,Q4 01:15,1.25,512,substitution,SUB in: U. Haslem,[],Haslem,0,0,,False,False,2617.0,,substitution,substitution,,,,200761|200794|201143|201596|201952|202708|2617,200761|201596|202708|2617,200794|201143|201952,,,1610612748.0,21400124,False
4,PT01M15.00S,01:15,Q4 01:15,1.25,513,substitution,SUB in: J. Ennis III,[],Ennis III,0,0,,False,False,203516.0,,substitution,substitution,,,,200761|200794|201143|201596|201952|202708|203516|2617,200761|201596|202708|203516|2617,200794|201143|201952,,,1610612748.0,21400124,False
4,PT01M15.00S,01:15,Q4 01:15,1.25,514,substitution,SUB in: S. Mack,[],Mack,0,0,,False,False,202714.0,,substitution,substitution,,,,200761|200794|201143|201596|201952|202708|202714|203516|2617,200794|201143|201952|202714,200761|201596|202708|203516|2617,,,1610612737.0,21400124,False
4,PT01M15.00S,01:15,Q4 01:15,1.25,515,substitution,SUB in: D. Schroder,[],Schroder,0,0,,False,False,203471.0,,substitution,3pt made,,,,200761|200794|201143|201596|201952|202708|202714|203471|203516|2617,200794|201143|201952|202714|203471,200761|201596|202708|203516|2617,,,1610612737.0,21400124,True
4,PT00M55.70S,00:55,Q4 00:55,0.9283333333333333,514,3pt,Teague 25' 3PT Jump Shot (16 PTS) (Horford 4 AST),[],Teague,112,97,Made,True,True,201952.0,201143.0,substitution,3pt made,,,,200761|200794|201143|201596|201952|202708|202714|203471|203516|2617,200794|201143|201952|202714|203471,200761|201596|202708|203516|2617,-174.0,183.0,1610612737.0,21400124,True
4,PT00M48.10S,00:48,Q4 00:48,0.8016666666666666,515,3pt,Shaw. Williams 25' 3PT Jump Shot (21 PTS) (Chalmers 11 AST),[],Williams,112,100,Made,True,True,200761.0,201596.0,3pt made,2pt made,,,,200761|200794|201143|201596|201952|202708|202714|203471|203516|2617,200761|201596|202708|203516|2617,200794|201143|201952|202714|203471,-95.0,230.0,1610612748.0,21400124,True
4,PT00M26.10S,00:26,Q4 00:26,0.435,516,2pt,Horford 20' Jump Shot (19 PTS) (Teague 9 AST),[],Horford,114,100,Made,True,True,201143.0,201952.0,3pt made,3pt made,,,,200761|200794|201143|201596|201952|202708|202714|203471|203516|2617,200794|201143|201952|202714|203471,200761|201596|202708|203516|2617,-54.0,190.0,1610612737.0,21400124,True
4,PT00M14.20S,00:14,Q4 00:14,0.23666666666666666,517,3pt,Chalmers 26' 3PT Jump Shot (23 PTS) (Cole 8 AST),[],Chalmers,114,103,Made,True,True,201596.0,202708.0,2pt made,period,,,,200761|200794|201143|201596|201952|202708|202714|203471|203516|2617,200761|201596|202708|203516|2617,200794|201143|201952|202714|203471,196.0,176.0,1610612748.0,21400124,True
4,PT00M00.00S,00:00,Q4 00:00,0.0,519,period,End of 4th Period (9:50 PM EST),[],,114,103,,False,False,0.0,,3pt made,,,,,200761|200794|201143|201596|201952|202708|202714|203471|203516|2617,200794|201143|201952|202714|203471,200761|201596|202708|203516|2617,,,1610612737.0,21400124,True
