period,clock,clock_display,game_clock,minutes_left_in_game,actionNumber,actionType,description,qualifier,playerName,scoreHome,scoreAway,shotResult,isFieldGoal,assisted,person_id,assister_id,previous_action,next_action,foulDrawnPersonId,stealPersonId,blockPersonId,players_on,off_players_on,def_players_on,xLegacy,yLegacy,teamId,game_id,poc_ok
1,PT12M00.00S,12:00,Q1 12:00,48.0,0,period,Start of 1st Period (7:11 PM EST),[],,0,0,,False,False,0.0,,,2pt missed,,,,101133|101145|1626167|201582|201588|201600|201962|201967|202087|202331,101133|101145|1626167|201588|202331,201582|201600|201962|201967|202087,,,1610612754.0,21501068,True
1,PT11M43.00S,11:43,Q1 11:43,47.71666666666667,2,2pt,MISS Cunningham 19' Pullup Jump Shot,[],Cunningham,0,0,Missed,True,False,201967.0,,period,rebound,,,,101133|101145|1626167|201582|201588|201600|201962|201967|202087|202331,201582|201600|201962|201967|202087,101133|101145|1626167|201588|202331,176.0,72.0,1610612740.0,21501068,True
1,PT11M42.00S,11:42,Q1 11:42,47.7,3,rebound,Asik REBOUND (Off:1 Def:0),[],Asik,0,0,,False,False,201600.0,,2pt missed,foul,,,,101133|101145|1626167|201582|201588|201600|201962|201967|202087|202331,201582|201600|201962|201967|202087,101133|101145|1626167|201588|202331,,,1610612740.0,21501068,True
1,PT11M42.00S,11:42,Q1 11:42,47.7,4,foul,Mahinmi S.FOUL (P1.T1) (L.Holtkamp),[],Mahinmi,0,0,,False,False,101133.0,,rebound,freethrow,201600.0,,,101133|101145|1626167|201582|201588|201600|201962|201967|202087|202331,101133|101145|1626167|201588|202331,201582|201600|201962|201967|202087,,,1610612754.0,21501068,True
1,PT11M42.00S,11:42,Q1 11:42,47.7,5,freethrow,MISS Asik Free Throw 1 of 2,[],Asik,0,0,Missed,False,False,201600.0,,foul,rebound,,,,101133|101145|1626167|201582|201588|201600|201962|201967|202087|202331,201582|201600|201962|201967|202087,101133|101145|1626167|201588|202331,,,1610612740.0,21501068,True
1,PT11M42.00S,11:42,Q1 11:42,47.7,6,rebound,TEAM offensive REBOUND,['team'],,0,0,,False,False,0.0,,freethrow,freethrow,,,,101133|101145|1626167|201582|201588|201600|201962|201967|202087|202331,201582|201600|201962|201967|202087,101133|101145|1626167|201588|202331,,,1610612740.0,21501068,True
1,PT11M42.00S,11:42,Q1 11:42,47.7,7,freethrow,MISS Asik Free Throw 2 of 2,['2ndchance'],Asik,0,0,Missed,False,False,201600.0,,rebound,rebound,,,,101133|101145|1626167|201582|201588|201600|201962|201967|202087|202331,201582|201600|201962|201967|202087,101133|101145|1626167|201588|202331,,,1610612740.0,21501068,True
1,PT11M42.00S,11:42,Q1 11:42,47.7,9,rebound,Mahinmi REBOUND (Off:0 Def:1),[],Mahinmi,0,0,,False,False,101133.0,,freethrow,2pt made,,,,101133|101145|1626167|201582|201588|201600|201962|201967|202087|202331,101133|101145|1626167|201588|202331,201582|201600|201962|201967|202087,,,1610612754.0,21501068,True
1,PT11M25.00S,11:25,Q1 11:25,47.416666666666664,10,2pt,George 13' Step Back Jump Shot (2 PTS),[],George,2,0,Made,True,False,202331.0,,rebound,2pt made,,,,101133|101145|1626167|201582|201588|201600|201962|201967|202087|202331,101133|101145|1626167|201588|202331,201582|201600|201962|201967|202087,109.0,65.0,1610612754.0,21501068,True
1,PT11M04.00S,11:04,Q1 11:04,47.06666666666666,11,2pt,Ajinca 7' Jump Shot (2 PTS),['pointsinthepaint'],Ajinca,2,2,Made,True,False,201582.0,,2pt made,3pt missed,,,,101133|101145|1626167|201582|201588|201600|201962|201967|202087|202331,201582|201600|201962|201967|202087,101133|101145|1626167|201588|202331,-35.0,65.0,1610612740.0,21501068,True
1,PT10M43.00S,10:43,Q1 10:43,46.71666666666667,12,3pt,MISS G. Hill 28' 3PT Jump Shot,[],Hill,2,2,Missed,True,False,201588.0,,2pt made,rebound,,,,101133|101145|1626167|201582|201588|201600|201962|201967|202087|202331,101133|101145|1626167|201588|202331,201582|201600|201962|201967|202087,169.0,218.0,1610612754.0,21501068,True
1,PT10M42.00S,10:42,Q1 10:42,46.7,13,rebound,Mahinmi REBOUND (Off:1 Def:1),[],Mahinmi,2,2,,False,False,101133.0,,3pt missed,2pt made,,,,101133|101145|1626167|201582|201588|201600|201962|201967|202087|202331,101133|101145|1626167|201588|202331,201582|201600|201962|201967|202087,,,1610612754.0,21501068,True
1,PT10M31.00S,10:31,Q1 10:31,46.516666666666666,14,2pt,Turner 19' Jump Shot (2 PTS) (G. Hill 1 AST),[],Turner,4,2,Made,True,True,1626167.0,201588.0,rebound,2pt made,,,,101133|101145|1626167|201582|201588|201600|201962|201967|202087|202331,101133|101145|1626167|201588|202331,201582|201600|201962|201967|202087,99.0,164.0,1610612754.0,21501068,True
1,PT10M16.00S,10:16,Q1 10:16,46.266666666666666,15,2pt,Ajinca 21' Jump Shot (4 PTS) (Douglas 1 AST),[],Ajinca,4,4,Made,True,True,201582.0,201962.0,2pt made,2pt missed,,,,101133|101145|1626167|201582|201588|201600|201962|201967|202087|202331,201582|201600|201962|201967|202087,101133|101145|1626167|201588|202331,-117.0,169.0,1610612740.0,21501068,True
1,PT10M08.00S,10:08,Q1 10:08,46.13333333333333,16,2pt,MISS Ellis Running Layup,['pointsinthepaint'],Ellis,4,4,Missed,True,False,101145.0,,2pt made,2pt missed,,,,101133|101145|1626167|201582|201588|201600|201962|201967|202087|202331,101133|101145|1626167|201588|202331,201582|201600|201962|201967|202087,-2.0,3.0,1610612754.0,21501068,True
1,PT10M07.00S,10:07,Q1 10:07,46.11666666666667,17,2pt,MISS Turner Tip Layup Shot,['pointsinthepaint'],Turner,4,4,Missed,True,False,1626167.0,,2pt missed,rebound,,,,101133|101145|1626167|201582|201588|201600|201962|201967|202087|202331,101133|101145|1626167|201588|202331,201582|201600|201962|201967|202087,0.0,2.0,1610612754.0,21501068,True
1,PT10M07.00S,10:07,Q1 10:07,46.11666666666667,18,rebound,Turner REBOUND (Off:1 Def:0),[],Turner,4,4,,False,False,1626167.0,,2pt missed,rebound,,,,101133|101145|1626167|201582|201588|201600|201962|201967|202087|202331,101133|101145|1626167|201588|202331,201582|201600|201962|201967|202087,,,1610612754.0,21501068,True
1,PT10M06.00S,10:06,Q1 10:06,46.1,19,rebound,Asik REBOUND (Off:1 Def:1),[],Asik,4,4,,False,False,201600.0,,rebound,2pt made,,,,101133|101145|1626167|201582|201588|201600|201962|201967|202087|202331,201582|201600|201962|201967|202087,101133|101145|1626167|201588|202331,,,1610612740.0,21501068,True
1,PT09M57.00S,09:57,Q1 09:57,45.95,20,2pt,Douglas 19' Pullup Jump Shot (2 PTS),[],Douglas,4,6,Made,True,False,201962.0,,rebound,2pt made,,,,101133|101145|1626167|201582|201588|201600|201962|201967|202087|202331,201582|201600|201962|201967|202087,101133|101145|1626167|201588|202331,-94.0,164.0,1610612740.0,21501068,True
1,PT09M38.00S,09:38,Q1 09:38,45.63333333333333,21,2pt,Turner 15' Jump Shot (4 PTS) (Mahinmi 1 AST),[],Turner,6,6,Made,True,True,1626167.0,101133.0,2pt made,2pt missed,,,,101133|101145|1626167|201582|201588|201600|201962|201967|202087|202331,101133|101145|1626167|201588|202331,201582|201600|201962|201967|202087,153.0,-19.0,1610612754.0,21501068,True
1,PT09M21.00S,09:21,Q1 09:21,45.35,22,2pt,MISS Ajinca 20' Jump Shot,[],Ajinca,6,6,Missed,True,False,201582.0,,2pt made,rebound,,,,101133|101145|1626167|201582|201588|201600|201962|201967|202087|202331,201582|201600|201962|201967|202087,101133|101145|1626167|201588|202331,141.0,141.0,1610612740.0,21501068,True
1,PT09M21.00S,09:21,Q1 09:21,45.35,23,rebound,George REBOUND (Off:0 Def:1),[],George,6,6,,False,False,202331.0,,2pt missed,2pt made,,,,101133|101145|1626167|201582|201588|201600|201962|201967|202087|202331,101133|101145|1626167|201588|202331,201582|201600|201962|201967|202087,,,1610612754.0,21501068,True
1,PT09M09.00S,09:09,Q1 09:09,45.15,24,2pt,George 19' Step Back Jump Shot (4 PTS),[],George,8,6,Made,True,False,202331.0,,rebound,2pt missed,,,,101133|101145|1626167|201582|201588|201600|201962|201967|202087|202331,101133|101145|1626167|201588|202331,201582|201600|201962|201967|202087,-143.0,124.0,1610612754.0,21501068,True
1,PT08M50.00S,08:50,Q1 08:50,44.833333333333336,25,2pt,MISS Asik 2' Layup,['pointsinthepaint'],Asik,8,6,Missed,True,False,201600.0,,2pt made,block,,,,101133|101145|1626167|201582|201588|201600|201962|201967|202087|202331,201582|201600|201962|201967|202087,101133|101145|1626167|201588|202331,22.0,7.0,1610612740.0,21501068,True
1,PT08M50.00S,08:50,Q1 08:50,44.833333333333336,25,block,Turner BLOCK (1 BLK),[],Turner,8,6,,False,False,1626167.0,,2pt missed,rebound,,,1626167.0,101133|101145|1626167|201582|201588|201600|201962|201967|202087|202331,101133|101145|1626167|201588|202331,201582|201600|201962|201967|202087,,,1610612754.0,21501068,True
1,PT08M50.00S,08:50,Q1 08:50,44.833333333333336,26,rebound,TEAM offensive REBOUND,['team'],,8,6,,False,False,0.0,,block,2pt missed,,,,101133|101145|1626167|201582|201588|201600|201962|201967|202087|202331,201582|201600|201962|201967|202087,101133|101145|1626167|201588|202331,,,1610612740.0,21501068,True
1,PT08M46.00S,08:46,Q1 08:46,44.766666666666666,27,2pt,MISS Ajinca 19' Jump Shot,['2ndchance'],Ajinca,8,6,Missed,True,False,201582.0,,rebound,rebound,,,,101133|101145|1626167|201582|201588|201600|201962|201967|202087|202331,201582|201600|201962|201967|202087,101133|101145|1626167|201588|202331,-97.0,160.0,1610612740.0,21501068,True
1,PT08M45.00S,08:45,Q1 08:45,44.75,28,rebound,Ellis REBOUND (Off:0 Def:1),[],Ellis,8,6,,False,False,101145.0,,2pt missed,3pt made,,,,101133|101145|1626167|201582|201588|201600|201962|201967|202087|202331,101133|101145|1626167|201588|202331,201582|201600|201962|201967|202087,,,1610612754.0,21501068,True
1,PT08M31.00S,08:31,Q1 08:31,44.516666666666666,29,3pt,Ellis 24' 3PT Jump Shot (3 PTS) (G. Hill 2 AST),[],Ellis,11,6,Made,True,True,101145.0,201588.0,rebound,turnover,,,,101133|101145|1626167|201582|201588|201600|201962|201967|202087|202331,101133|101145|1626167|201588|202331,201582|201600|201962|201967|202087,-240.0,-16.0,1610612754.0,21501068,True
1,PT08M19.00S,08:19,Q1 08:19,44.31666666666666,30,turnover,Gee Out of Bounds - Bad Pass Turnover Turnover (P1.T1),[],Gee,11,6,,False,False,202087.0,,3pt made,2pt missed,,,,101133|101145|1626167|201582|201588|201600|201962|201967|202087|202331,201582|201600|201962|201967|202087,101133|101145|1626167|201588|202331,,,1610612740.0,21501068,True
1,PT08M08.00S,08:08,Q1 08:08,44.13333333333333,31,2pt,MISS George 13' Pullup Jump Shot,['pointsinthepaint'],George,11,6,Missed,True,False,202331.0,,turnover,rebound,,,,101133|101145|1626167|201582|201588|201600|201962|201967|202087|202331,101133|101145|1626167|201588|202331,201582|201600|201962|201967|202087,-38.0,124.0,1610612754.0,21501068,True
1,PT08M07.00S,08:07,Q1 08:07,44.11666666666667,32,rebound,Asik REBOUND (Off:1 Def:2),[],Asik,11,6,,False,False,201600.0,,2pt missed,3pt missed,,,,101133|101145|1626167|201582|201588|201600|201962|201967|202087|202331,201582|201600|201962|201967|202087,101133|101145|1626167|201588|202331,,,1610612740.0,21501068,True
1,PT07M53.00S,07:53,Q1 07:53,43.88333333333333,33,3pt,MISS Cunningham 24' 3PT Jump Shot,[],Cunningham,11,6,Missed,True,False,201967.0,,rebound,rebound,,,,101133|101145|1626167|201582|201588|201600|201962|201967|202087|202331,201582|201600|201962|201967|202087,101133|101145|1626167|201588|202331,-241.0,-6.0,1610612740.0,21501068,True
1,PT07M50.00S,07:50,Q1 07:50,43.833333333333336,34,rebound,Cunningham REBOUND (Off:1 Def:0),[],Cunningham,11,6,,False,False,201967.0,,3pt missed,2pt made,,,,101133|101145|1626167|201582|201588|201600|201962|201967|202087|202331,201582|201600|201962|201967|202087,101133|101145|1626167|201588|202331,,,1610612740.0,21501068,True
1,PT07M40.00S,07:40,Q1 07:40,43.666666666666664,35,2pt,Ajinca Dunk (6 PTS) (Douglas 2 AST),['pointsinthepaint'],Ajinca,11,8,Made,True,True,201582.0,201962.0,rebound,2pt missed,,,,101133|101145|1626167|201582|201588|201600|201962|201967|202087|202331,201582|201600|201962|201967|202087,101133|101145|1626167|201588|202331,0.0,1.0,1610612740.0,21501068,True
1,PT07M19.00S,07:19,Q1 07:19,43.31666666666666,36,2pt,MISS Mahinmi 5' Driving Jump Shot,['pointsinthepaint'],Mahinmi,11,8,Missed,True,False,101133.0,,2pt made,rebound,,,,101133|101145|1626167|201582|201588|201600|201962|201967|202087|202331,101133|101145|1626167|201588|202331,201582|201600|201962|201967|202087,1.0,46.0,1610612754.0,21501068,True
1,PT07M19.00S,07:19,Q1 07:19,43.31666666666666,37,rebound,Asik REBOUND (Off:1 Def:3),[],Asik,11,8,,False,False,201600.0,,2pt missed,2pt missed,,,,101133|101145|1626167|201582|201588|201600|201962|201967|202087|202331,201582|201600|201962|201967|202087,101133|101145|1626167|201588|202331,,,1610612740.0,21501068,True
1,PT07M04.00S,07:04,Q1 07:04,43.06666666666666,38,2pt,MISS Ajinca 6' Driving Hook Shot,['pointsinthepaint'],Ajinca,11,8,Missed,True,False,201582.0,,rebound,rebound,,,,101133|101145|1626167|201582|201588|201600|201962|201967|202087|202331,201582|201600|201962|201967|202087,101133|101145|1626167|201588|202331,-11.0,57.0,1610612740.0,21501068,True
1,PT07M04.00S,07:04,Q1 07:04,43.06666666666666,39,rebound,Turner REBOUND (Off:1 Def:1),[],Turner,11,8,,False,False,1626167.0,,2pt missed,turnover,,,,101133|101145|1626167|201582|201588|201600|201962|201967|202087|202331,101133|101145|1626167|201588|202331,201582|201600|201962|201967|202087,,,1610612754.0,21501068,True
1,PT06M54.00S,06:54,Q1 06:54,42.9,40,turnover,G. Hill Backcourt Turnover (P1.T1),[],Hill,11,8,,False,False,201588.0,,rebound,3pt made,,,,101133|101145|1626167|201582|201588|201600|201962|201967|202087|202331,101133|101145|1626167|201588|202331,201582|201600|201962|201967|202087,,,1610612754.0,21501068,True
1,PT06M43.00S,06:43,Q1 06:43,42.71666666666667,41,3pt,Cunningham 24' 3PT Jump Shot (3 PTS) (Ajinca 1 AST),[],Cunningham,11,11,Made,True,True,201967.0,201582.0,turnover,2pt made,,,,101133|101145|1626167|201582|201588|201600|201962|201967|202087|202331,201582|201600|201962|201967|202087,101133|101145|1626167|201588|202331,-240.0,-21.0,1610612740.0,21501068,True
1,PT06M17.00S,06:17,Q1 06:17,42.28333333333333,42,2pt,George 18' Pullup Jump Shot (6 PTS) (G. Hill 3 AST),[],George,13,11,Made,True,True,202331.0,201588.0,3pt made,foul,,,,101133|101145|1626167|201582|201588|201600|201962|201967|202087|202331,101133|101145|1626167|201588|202331,201582|201600|201962|201967|202087,176.0,47.0,1610612754.0,21501068,True
1,PT06M17.00S,06:17,Q1 06:17,42.28333333333333,43,foul,Cunningham S.FOUL (P1.T1) (T.Washington),[],Cunningham,13,11,,False,False,201967.0,,2pt made,freethrow,202331.0,,,101133|101145|1626167|201582|201588|201600|201962|201967|202087|202331,201582|201600|201962|201967|202087,101133|101145|1626167|201588|202331,,,1610612740.0,21501068,True
1,PT06M17.00S,06:17,Q1 06:17,42.28333333333333,44,freethrow,MISS George Free Throw 1 of 1,[],George,13,11,Missed,False,False,202331.0,,foul,rebound,,,,101133|101145|1626167|201582|201588|201600|201962|201967|202087|202331,101133|101145|1626167|201588|202331,201582|201600|201962|201967|202087,,,1610612754.0,21501068,True
1,PT06M17.00S,06:17,Q1 06:17,42.28333333333333,46,rebound,Ajinca REBOUND (Off:0 Def:1),[],Ajinca,13,11,,False,False,201582.0,,freethrow,2pt missed,,,,101133|101145|1626167|201582|201588|201600|201962|201967|202087|202331,201582|201600|201962|201967|202087,101133|101145|1626167|201588|202331,,,1610612740.0,21501068,True
1,PT06M05.00S,06:05,Q1 06:05,42.083333333333336,47,2pt,MISS Cunningham 22' Jump Shot,[],Cunningham,13,11,Missed,True,False,201967.0,,rebound,rebound,,,,101133|101145|1626167|201582|201588|201600|201962|201967|202087|202331,201582|201600|201962|201967|202087,101133|101145|1626167|201588|202331,-32.0,218.0,1610612740.0,21501068,True
1,PT06M05.00S,06:05,Q1 06:05,42.083333333333336,48,rebound,Turner REBOUND (Off:1 Def:2),[],Turner,13,11,,False,False,1626167.0,,2pt missed,timeout,,,,101133|101145|1626167|201582|201588|201600|201962|201967|202087|202331,101133|101145|1626167|201588|202331,201582|201600|201962|201967|202087,,,1610612754.0,21501068,True
1,PT05M58.00S,05:58,Q1 05:58,41.96666666666667,49,timeout,PACERS Timeout: Regular (Full 1 Short 0),[],,13,11,,False,False,0.0,,rebound,3pt missed,,,,101133|101145|1626167|201582|201588|201600|201962|201967|202087|202331,101133|101145|1626167|201588|202331,201582|201600|201962|201967|202087,,,1610612754.0,21501068,True
1,PT05M49.00S,05:49,Q1 05:49,41.81666666666666,51,3pt,MISS George 24' 3PT Jump Shot,[],George,13,11,Missed,True,False,202331.0,,timeout,rebound,,,,101133|101145|1626167|201582|201588|201600|201962|201967|202087|202331,101133|101145|1626167|201588|202331,201582|201600|201962|201967|202087,-243.0,-19.0,1610612754.0,21501068,True
1,PT05M49.00S,05:49,Q1 05:49,41.81666666666666,52,rebound,Douglas REBOUND (Off:0 Def:1),[],Douglas,13,11,,False,False,201962.0,,3pt missed,2pt missed,,,,101133|101145|1626167|201582|201588|201600|201962|201967|202087|202331,201582|201600|201962|201967|202087,101133|101145|1626167|201588|202331,,,1610612740.0,21501068,True
1,PT05M36.00S,05:36,Q1 05:36,41.6,53,2pt,MISS Ajinca 10' Running Jump Shot,[],Ajinca,13,11,Missed,True,False,201582.0,,rebound,rebound,,,,101133|101145|1626167|201582|201588|201600|201962|201967|202087|202331,201582|201600|201962|201967|202087,101133|101145|1626167|201588|202331,97.0,16.0,1610612740.0,21501068,True
1,PT05M34.00S,05:34,Q1 05:34,41.56666666666666,54,rebound,Turner REBOUND (Off:1 Def:3),[],Turner,13,11,,False,False,1626167.0,,2pt missed,2pt made,,,,101133|101145|1626167|201582|201588|201600|201962|201967|202087|202331,101133|101145|1626167|201588|202331,201582|201600|201962|201967|202087,,,1610612754.0,21501068,True
1,PT05M19.00S,05:19,Q1 05:19,41.31666666666666,55,2pt,Turner 18' Jump Shot (6 PTS) (Mahinmi 2 AST),[],Turner,15,11,Made,True,True,1626167.0,101133.0,rebound,turnover,,,,101133|101145|1626167|201582|201588|201600|201962|201967|202087|202331,101133|101145|1626167|201588|202331,201582|201600|201962|201967|202087,-130.0,131.0,1610612754.0,21501068,True
1,PT05M04.00S,05:04,Q1 05:04,41.06666666666666,56,turnover,Ajinca Lost Ball Turnover (P1.T2),[],Ajinca,15,11,,False,False,201582.0,,2pt made,steal,,,,101133|101145|1626167|201582|201588|201600|201962|201967|202087|202331,201582|201600|201962|201967|202087,101133|101145|1626167|201588|202331,,,1610612740.0,21501068,True
1,PT05M04.00S,05:04,Q1 05:04,41.06666666666666,56,steal,Ellis STEAL (1 STL),[],Ellis,15,11,,False,False,101145.0,,turnover,3pt missed,,101145.0,,101133|101145|1626167|201582|201588|201600|201962|201967|202087|202331,101133|101145|1626167|201588|202331,201582|201600|201962|201967|202087,,,1610612754.0,21501068,True
1,PT04M54.00S,04:54,Q1 04:54,40.9,57,3pt,MISS G. Hill 3PT Jump Shot,[],Hill,15,11,Missed,True,False,201588.0,,steal,rebound,,,,101133|101145|1626167|201582|201588|201600|201962|201967|202087|202331,101133|101145|1626167|201588|202331,201582|201600|201962|201967|202087,232.0,-21.0,1610612754.0,21501068,True
1,PT04M53.00S,04:53,Q1 04:53,40.88333333333333,58,rebound,Asik REBOUND (Off:1 Def:4),[],Asik,15,11,,False,False,201600.0,,3pt missed,2pt missed,,,,101133|101145|1626167|201582|201588|201600|201962|201967|202087|202331,201582|201600|201962|201967|202087,101133|101145|1626167|201588|202331,,,1610612740.0,21501068,True
1,PT04M42.00S,04:42,Q1 04:42,40.7,59,2pt,MISS Douglas 19' Pullup Jump Shot,[],Douglas,15,11,Missed,True,False,201962.0,,rebound,rebound,,,,101133|101145|1626167|201582|201588|201600|201962|201967|202087|202331,201582|201600|201962|201967|202087,101133|101145|1626167|201588|202331,122.0,144.0,1610612740.0,21501068,True
1,PT04M42.00S,04:42,Q1 04:42,40.7,60,rebound,G. Hill REBOUND (Off:0 Def:1),[],Hill,15,11,,False,False,201588.0,,2pt missed,turnover,,,,101133|101145|1626167|201582|201588|201600|201962|201967|202087|202331,101133|101145|1626167|201588|202331,201582|201600|201962|201967|202087,,,1610612754.0,21501068,True
1,PT04M38.00S,04:38,Q1 04:38,40.63333333333333,61,turnover,G. Hill Out of Bounds - Bad Pass Turnover Turnover (P2.T2),[],Hill,15,11,,False,False,201588.0,,rebound,substitution,,,,101133|101145|1626167|201582|201588|201600|201962|201967|202087|202331,101133|101145|1626167|201588|202331,201582|201600|201962|201967|202087,,,1610612754.0,21501068,True
1,PT04M38.00S,04:38,Q1 04:38,40.63333333333333,62,substitution,SUB out: O. Asik,[],Asik,15,11,,False,False,201600.0,,turnover,substitution,,,,101133|101145|1626167|201582|201588|201962|201967|202087|202331,201582|201962|201967|202087,101133|101145|1626167|201588|202331,,,1610612740.0,21501068,False
1,PT04M38.00S,04:38,Q1 04:38,40.63333333333333,63,substitution,SUB in: K. Perkins,[],Perkins,15,11,,False,False,2570.0,,substitution,foul,,,,101133|101145|1626167|201582|201588|201962|201967|202087|202331|2570,201582|201962|201967|202087|2570,101133|101145|1626167|201588|202331,,,1610612740.0,21501068,True
1,PT04M23.00S,04:23,Q1 04:23,40.38333333333333,63,foul,Mahinmi S.FOUL (P2.T2) (T.Washington),[],Mahinmi,15,11,,False,False,101133.0,,substitution,freethrow,2570.0,,,101133|101145|1626167|201582|201588|201962|201967|202087|202331|2570,101133|101145|1626167|201588|202331,201582|201962|201967|202087|2570,,,1610612754.0,21501068,True
1,PT04M23.00S,04:23,Q1 04:23,40.38333333333333,64,freethrow,MISS Perkins Free Throw 1 of 2,[],Perkins,15,11,Missed,False,False,2570.0,,foul,rebound,,,,101133|101145|1626167|201582|201588|201962|201967|202087|202331|2570,201582|201962|201967|202087|2570,101133|101145|1626167|201588|202331,,,1610612740.0,21501068,True
1,PT04M23.00S,04:23,Q1 04:23,40.38333333333333,65,rebound,TEAM offensive REBOUND,['team'],,15,11,,False,False,0.0,,freethrow,freethrow,,,,101133|101145|1626167|201582|201588|201962|201967|202087|202331|2570,201582|201962|201967|202087|2570,101133|101145|1626167|201588|202331,,,1610612740.0,21501068,True
1,PT04M23.00S,04:23,Q1 04:23,40.38333333333333,67,freethrow,Perkins Free Throw 2 of 2 (1 PTS),[],Perkins,15,12,Made,False,False,2570.0,,rebound,substitution,,,,101133|101145|1626167|201582|201588|201962|201967|202087|202331|2570,201582|201962|201967|202087|2570,101133|101145|1626167|201588|202331,,,1610612740.0,21501068,True
1,PT04M23.00S,04:23,Q1 04:23,40.38333333333333,66,substitution,SUB out: I. Mahinmi,[],Mahinmi,15,11,,False,False,101133.0,,substitution,substitution,,,,101145|1626167|201582|201588|201941|201962|201967|202087|202331|2570,101145|1626167|201588|201941|202331,201582|201962|201967|202087|2570,,,1610612754.0,21501068,True
1,PT04M23.00S,04:23,Q1 04:23,40.38333333333333,67,substitution,SUB in: G. Hill,[],Hill,15,11,,False,False,201588.0,,substitution,3pt missed,,,,101145|1626167|201582|201588|201941|201962|201967|202087|202331|2570,101145|1626167|201588|201941|202331,201582|201962|201967|202087|2570,,,1610612754.0,21501068,True
1,PT04M11.00S,04:11,Q1 04:11,40.18333333333334,69,3pt,MISS Ellis 25' 3PT Jump Shot,[],Ellis,15,12,Missed,True,False,101145.0,,substitution,rebound,,,,101145|1626167|201582|201588|201941|201962|201967|202087|202331|2570,101145|1626167|201588|201941|202331,201582|201962|201967|202087|2570,-245.0,28.0,1610612754.0,21501068,True
1,PT04M11.00S,04:11,Q1 04:11,40.18333333333334,70,rebound,Douglas REBOUND (Off:0 Def:2),[],Douglas,15,12,,False,False,201962.0,,3pt missed,2pt missed,,,,101145|1626167|201582|201588|201941|201962|201967|202087|202331|2570,201582|201962|201967|202087|2570,101145|1626167|201588|201941|202331,,,1610612740.0,21501068,True
1,PT03M52.00S,03:52,Q1 03:52,39.86666666666667,71,2pt,MISS Ajinca 20' Jump Shot,[],Ajinca,15,12,Missed,True,False,201582.0,,rebound,rebound,,,,101145|1626167|201582|201588|201941|201962|201967|202087|202331|2570,201582|201962|201967|202087|2570,101145|1626167|201588|201941|202331,4.0,195.0,1610612740.0,21501068,True
1,PT03M51.00S,03:51,Q1 03:51,39.85,72,rebound,Ellis REBOUND (Off:0 Def:2),[],Ellis,15,12,,False,False,101145.0,,2pt missed,2pt missed,,,,101145|1626167|201582|201588|201941|201962|201967|202087|202331|2570,101145|1626167|201588|201941|202331,201582|201962|201967|202087|2570,,,1610612754.0,21501068,True
1,PT03M39.00S,03:39,Q1 03:39,39.65,73,2pt,MISS J. Hill 20' Jump Shot,[],Hill,15,12,Missed,True,False,201941.0,,rebound,rebound,,,,101145|1626167|201582|201588|201941|201962|201967|202087|202331|2570,101145|1626167|201588|201941|202331,201582|201962|201967|202087|2570,12.0,198.0,1610612754.0,21501068,True
1,PT03M39.00S,03:39,Q1 03:39,39.65,74,rebound,Ajinca REBOUND (Off:0 Def:2),[],Ajinca,15,12,,False,False,201582.0,,2pt missed,2pt missed,,,,101145|1626167|201582|201588|201941|201962|201967|202087|202331|2570,201582|201962|201967|202087|2570,101145|1626167|201588|201941|202331,,,1610612740.0,21501068,True
1,PT03M24.00S,03:24,Q1 03:24,39.4,75,2pt,MISS Cunningham 11' Jump Shot,[],Cunningham,15,12,Missed,True,False,201967.0,,rebound,rebound,,,,101145|1626167|201582|201588|201941|201962|201967|202087|202331|2570,201582|201962|201967|202087|2570,101145|1626167|201588|201941|202331,110.0,2.0,1610612740.0,21501068,True
1,PT03M24.00S,03:24,Q1 03:24,39.4,76,rebound,G. Hill REBOUND (Off:0 Def:2),[],Hill,15,12,,False,False,201588.0,,2pt missed,2pt made,,,,101145|1626167|201582|201588|201941|201962|201967|202087|202331|2570,101145|1626167|201588|201941|202331,201582|201962|201967|202087|2570,,,1610612754.0,21501068,True
1,PT03M18.00S,03:18,Q1 03:18,39.3,77,2pt,Turner Cutting Dunk Shot (8 PTS) (G. Hill 4 AST),['pointsinthepaint'],Turner,17,12,Made,True,True,1626167.0,201588.0,rebound,3pt made,,,,101145|1626167|201582|201588|201941|201962|201967|202087|202331|2570,101145|1626167|201588|201941|202331,201582|201962|201967|202087|2570,0.0,1.0,1610612754.0,21501068,True
1,PT03M00.00S,03:00,Q1 03:00,39.0,78,3pt,Gee 25' 3PT Jump Bank Shot (3 PTS) (Ajinca 2 AST),[],Gee,17,15,Made,True,True,202087.0,201582.0,2pt made,foul,,,,101145|1626167|201582|201588|201941|201962|201967|202087|202331|2570,201582|201962|201967|202087|2570,101145|1626167|201588|201941|202331,222.0,124.0,1610612740.0,21501068,True
1,PT02M37.00S,02:37,Q1 02:37,38.61666666666667,79,foul,Perkins S.FOUL (P1.T2) (B.Forte),[],Perkins,17,15,,False,False,2570.0,,3pt made,timeout,202331.0,,,101145|1626167|201582|201588|201941|201962|201967|202087|202331|2570,201582|201962|201967|202087|2570,101145|1626167|201588|201941|202331,,,1610612740.0,21501068,True
1,PT02M37.00S,02:37,Q1 02:37,38.61666666666667,80,timeout,Pelicans Timeout: Regular (Reg.1 Short 0),[],,17,15,,False,False,0.0,,foul,freethrow,,,,101145|1626167|201582|201588|201941|201962|201967|202087|202331|2570,201582|201962|201967|202087|2570,101145|1626167|201588|201941|202331,,,1610612740.0,21501068,True
1,PT02M37.00S,02:37,Q1 02:37,38.61666666666667,86,freethrow,George Free Throw 1 of 2 (7 PTS),[],George,18,15,Made,False,False,202331.0,,timeout,freethrow,,,,101145|1626167|201582|201588|201941|201962|201967|202087|202331|2570,101145|1626167|201588|201941|202331,201582|201962|201967|202087|2570,,,1610612754.0,21501068,True
1,PT02M37.00S,02:37,Q1 02:37,38.61666666666667,88,freethrow,George Free Throw 2 of 2 (8 PTS),[],George,19,15,Made,False,False,202331.0,,freethrow,substitution,,,,101145|1626167|201582|201588|201941|201962|201967|202087|202331|2570,101145|1626167|201588|201941|202331,201582|201962|201967|202087|2570,,,1610612754.0,21501068,True
1,PT02M37.00S,02:37,Q1 02:37,38.61666666666667,82,substitution,SUB out: A. Ajinca,[],Ajinca,17,15,,False,False,201582.0,,freethrow,substitution,,,,101145|1626167|201588|201941|201962|201967|202087|202331|2570,201962|201967|202087|2570,101145|1626167|201588|201941|202331,,,1610612740.0,21501068,False
1,PT02M37.00S,02:37,Q1 02:37,38.61666666666667,83,substitution,SUB out: T. Douglas,[],Douglas,17,15,,False,False,201962.0,,substitution,substitution,,,,101145|1626167|201588|201941|201967|202087|202331|2570,201967|202087|2570,101145|1626167|201588|201941|202331,,,1610612740.0,21501068,False
1,PT02M37.00S,02:37,Q1 02:37,38.61666666666667,84,substitution,SUB out: M. Turner,[],Turner,17,15,,False,False,1626167.0,,substitution,substitution,,,,101145|201588|201941|201967|202087|202331|2570,101145|201588|201941|202331,201967|202087|2570,,,1610612754.0,21501068,False
1,PT02M37.00S,02:37,Q1 02:37,38.61666666666667,85,substitution,SUB out: M. Ellis,[],Ellis,17,15,,False,False,101145.0,,substitution,substitution,,,,201588|201941|201967|202087|202331|2570,201588|201941|202331,201967|202087|2570,,,1610612754.0,21501068,False
1,PT02M37.00S,02:37,Q1 02:37,38.61666666666667,86,substitution,SUB in: L. Babbitt,[],Babbitt,17,15,,False,False,202337.0,,substitution,substitution,,,,201588|201941|201967|202087|202331|202337|2570,201967|202087|202337|2570,201588|201941|202331,,,1610612740.0,21501068,False
1,PT02M37.00S,02:37,Q1 02:37,38.61666666666667,87,substitution,SUB in: T. Frazier,[],Frazier,17,15,,False,False,204025.0,,substitution,substitution,,,,201588|201941|201967|202087|202331|202337|204025|2570,201967|202087|202337|204025|2570,201588|201941|202331,,,1610612740.0,21501068,False
1,PT02M37.00S,02:37,Q1 02:37,38.61666666666667,88,substitution,SUB in: L. Allen,[],Allen,17,15,,False,False,202730.0,,substitution,substitution,,,,201588|201941|201967|202087|202331|202337|202730|204025|2570,201588|201941|202331|202730,201967|202087|202337|204025|2570,,,1610612754.0,21501068,False
1,PT02M37.00S,02:37,Q1 02:37,38.61666666666667,89,substitution,SUB in: R. Stuckey,[],Stuckey,17,15,,False,False,201155.0,,substitution,2pt missed,,,,201155|201588|201941|201967|202087|202331|202337|202730|204025|2570,201155|201588|201941|202331|202730,201967|202087|202337|204025|2570,,,1610612754.0,21501068,True
1,PT02M19.00S,02:19,Q1 02:19,38.31666666666666,90,2pt,MISS Gee 7' Running Jump Shot,['pointsinthepaint'],Gee,19,15,Missed,True,False,202087.0,,substitution,rebound,,,,201155|201588|201941|201967|202087|202331|202337|202730|204025|2570,201967|202087|202337|204025|2570,201155|201588|201941|202331|202730,1.0,72.0,1610612740.0,21501068,True
1,PT02M18.00S,02:18,Q1 02:18,38.3,91,rebound,George REBOUND (Off:0 Def:2),[],George,19,15,,False,False,202331.0,,2pt missed,2pt missed,,,,201155|201588|201941|201967|202087|202331|202337|202730|204025|2570,201155|201588|201941|202331|202730,201967|202087|202337|204025|2570,,,1610612754.0,21501068,True
1,PT01M58.00S,01:58,Q1 01:58,37.96666666666667,92,2pt,MISS Stuckey 20' Pullup Jump Shot,[],Stuckey,19,15,Missed,True,False,201155.0,,rebound,rebound,,,,201155|201588|201941|201967|202087|202331|202337|202730|204025|2570,201155|201588|201941|202331|202730,201967|202087|202337|204025|2570,141.0,144.0,1610612754.0,21501068,True
1,PT01M57.00S,01:57,Q1 01:57,37.95,93,rebound,Perkins REBOUND (Off:0 Def:1),[],Perkins,19,15,,False,False,2570.0,,2pt missed,2pt made,,,,201155|201588|201941|201967|202087|202331|202337|202730|204025|2570,201967|202087|202337|204025|2570,201155|201588|201941|202331|202730,,,1610612740.0,21501068,True
1,PT01M49.00S,01:49,Q1 01:49,37.81666666666667,94,2pt,Gee Driving Dunk (5 PTS) (Frazier 1 AST),['pointsinthepaint'],Gee,19,17,Made,True,True,202087.0,204025.0,rebound,turnover,,,,201155|201588|201941|201967|202087|202331|202337|202730|204025|2570,201967|202087|202337|204025|2570,201155|201588|201941|202331|202730,0.0,1.0,1610612740.0,21501068,True
1,PT01M27.00S,01:27,Q1 01:27,37.45,95,turnover,George Bad Pass Turnover (P1.T3),[],George,19,17,,False,False,202331.0,,2pt made,steal,,,,201155|201588|201941|201967|202087|202331|202337|202730|204025|2570,201155|201588|201941|202331|202730,201967|202087|202337|204025|2570,,,1610612754.0,21501068,True
1,PT01M27.00S,01:27,Q1 01:27,37.45,95,steal,Babbitt STEAL (1 STL),[],Babbitt,19,17,,False,False,202337.0,,turnover,3pt missed,,202337.0,,201155|201588|201941|201967|202087|202331|202337|202730|204025|2570,201967|202087|202337|204025|2570,201155|201588|201941|202331|202730,,,1610612740.0,21501068,True
1,PT01M10.00S,01:10,Q1 01:10,37.166666666666664,96,3pt,MISS Cunningham 26' 3PT Jump Shot,[],Cunningham,19,17,Missed,True,False,201967.0,,steal,rebound,,,,201155|201588|201941|201967|202087|202331|202337|202730|204025|2570,201967|202087|202337|204025|2570,201155|201588|201941|202331|202730,-220.0,131.0,1610612740.0,21501068,True
1,PT01M09.00S,01:09,Q1 01:09,37.15,97,rebound,Gee REBOUND (Off:1 Def:0),[],Gee,19,17,,False,False,202087.0,,3pt missed,3pt missed,,,,201155|201588|201941|201967|202087|202331|202337|202730|204025|2570,201967|202087|202337|204025|2570,201155|201588|201941|202331|202730,,,1610612740.0,21501068,True
1,PT01M05.00S,01:05,Q1 01:05,37.083333333333336,98,3pt,MISS Babbitt 27' 3PT Jump Shot,[],Babbitt,19,17,Missed,True,False,202337.0,,rebound,rebound,,,,201155|201588|201941|201967|202087|202331|202337|202730|204025|2570,201967|202087|202337|204025|2570,201155|201588|201941|202331|202730,156.0,218.0,1610612740.0,21501068,True
1,PT01M04.00S,01:04,Q1 01:04,37.06666666666667,99,rebound,G. Hill REBOUND (Off:0 Def:3),[],Hill,19,17,,False,False,201588.0,,3pt missed,2pt made,,,,201155|201588|201941|201967|202087|202331|202337|202730|204025|2570,201155|201588|201941|202331|202730,201967|202087|202337|204025|2570,,,1610612754.0,21501068,True
1,PT00M53.60S,00:53,Q1 00:53,36.89333333333333,100,2pt,Stuckey 1' Layup (2 PTS) (Allen 1 AST),['pointsinthepaint'],Stuckey,21,17,Made,True,True,201155.0,202730.0,rebound,2pt made,,,,201155|201588|201941|201967|202087|202331|202337|202730|204025|2570,201155|201588|201941|202331|202730,201967|202087|202337|204025|2570,7.0,2.0,1610612754.0,21501068,True
1,PT00M33.70S,00:33,Q1 00:33,36.56166666666667,101,2pt,Cunningham 20' Jump Shot (5 PTS),[],Cunningham,21,19,Made,True,False,201967.0,,2pt made,3pt made,,,,201155|201588|201941|201967|202087|202331|202337|202730|204025|2570,201967|202087|202337|204025|2570,201155|201588|201941|202331|202730,-107.0,169.0,1610612740.0,21501068,True
1,PT00M21.50S,00:21,Q1 00:21,36.358333333333334,102,3pt,George 29' 3PT Jump Shot (11 PTS) (Allen 2 AST),[],George,24,19,Made,True,True,202331.0,202730.0,2pt made,2pt made,,,,201155|201588|201941|201967|202087|202331|202337|202730|204025|2570,201155|201588|201941|202331|202730,201967|202087|202337|204025|2570,-37.0,283.0,1610612754.0,21501068,True
1,PT00M00.20S,00:00,Q1 00:00,36.00333333333333,103,2pt,Frazier 19' Fadeaway Jumper (2 PTS),[],Frazier,24,21,Made,True,False,204025.0,,3pt made,foul,,,,201155|201588|201941|201967|202087|202331|202337|202730|204025|2570,201967|202087|202337|204025|2570,201155|201588|201941|202331|202730,-66.0,183.0,1610612740.0,21501068,True
1,PT00M00.20S,00:00,Q1 00:00,36.00333333333333,104,foul,G. Hill S.FOUL (P1.T3) (B.Forte),[],Hill,24,21,,False,False,201588.0,,2pt made,freethrow,204025.0,,,201155|201588|201941|201967|202087|202331|202337|202730|204025|2570,201155|201588|201941|202331|202730,201967|202087|202337|204025|2570,,,1610612754.0,21501068,True
1,PT00M00.20S,00:00,Q1 00:00,36.00333333333333,105,freethrow,Frazier Free Throw 1 of 1 (3 PTS),[],Frazier,24,22,Made,False,False,204025.0,,foul,period,,,,201155|201588|201941|201967|202087|202331|202337|202730|204025|2570,201967|202087|202337|204025|2570,201155|201588|201941|202331|202730,,,1610612740.0,21501068,True
1,PT00M00.00S,00:00,Q1 00:00,36.0,107,period,End of 1st Period (7:33 PM EST),[],,24,22,,False,False,0.0,,freethrow,period,,,,201155|201588|201941|201967|202087|202331|202337|202730|204025|2570,201155|201588|201941|202331|202730,201967|202087|202337|204025|2570,,,1610612754.0,21501068,True
2,PT12M00.00S,12:00,Q2 12:00,36.0,109,period,Start of 2nd Period (7:35 PM EST),[],,24,22,,False,False,0.0,,period,substitution,,,,201155|201588|201941|201967|202087|202331|202337|202730|204025|2570,201155|201588|201941|202331|202730,201967|202087|202337|204025|2570,,,1610612754.0,21501068,True
2,PT11M33.00S,11:33,Q2 11:33,35.55,111,3pt,MISS Lawson 40' 3PT Jump Shot,[],Lawson,24,22,Missed,True,False,201951.0,,substitution,rebound,,,,101139|201155|201582|201941|201951|202087|202337|202730|204025|2570,101139|201155|201941|201951|202730,201582|202087|202337|204025|2570,-196.0,345.0,1610612754.0,21501068,True
2,PT11M33.00S,11:33,Q2 11:33,35.55,112,rebound,TEAM offensive REBOUND,['team'],,24,22,,False,False,0.0,,3pt missed,turnover,,,,101139|201155|201582|201941|201951|202087|202337|202730|204025|2570,101139|201155|201941|201951|202730,201582|202087|202337|204025|2570,,,1610612754.0,21501068,True
2,PT11M33.00S,11:33,Q2 11:33,35.55,113,turnover,PACERS Turnover: Shot Clock (T#4),[],,24,22,,False,False,1610612754.0,,rebound,2pt missed,,,,101139|201155|201582|201941|201951|202087|202337|202730|204025|2570,101139|201155|201941|201951|202730,201582|202087|202337|204025|2570,,,0.0,21501068,True
2,PT11M16.00S,11:16,Q2 11:16,35.266666666666666,114,2pt,MISS Perkins 7' Turnaround Bank Shot,['pointsinthepaint'],Perkins,24,22,Missed,True,False,2570.0,,turnover,rebound,,,,101139|201155|201582|201941|201951|202087|202337|202730|204025|2570,201582|202087|202337|204025|2570,101139|201155|201941|201951|202730,-60.0,36.0,1610612740.0,21501068,True
2,PT11M16.00S,11:16,Q2 11:16,35.266666666666666,115,rebound,Miles REBOUND (Off:0 Def:1),[],Miles,24,22,,False,False,101139.0,,2pt missed,2pt missed,,,,101139|201155|201582|201941|201951|202087|202337|202730|204025|2570,101139|201155|201941|201951|202730,201582|202087|202337|204025|2570,,,1610612754.0,21501068,True
2,PT11M00.00S,11:00,Q2 11:00,35.0,116,2pt,MISS Stuckey 18' Pullup Jump Shot,[],Stuckey,24,22,Missed,True,False,201155.0,,rebound,rebound,,,,101139|201155|201582|201941|201951|202087|202337|202730|204025|2570,101139|201155|201941|201951|202730,201582|202087|202337|204025|2570,110.0,141.0,1610612754.0,21501068,True
2,PT10M59.00S,10:59,Q2 10:59,34.983333333333334,117,rebound,Perkins REBOUND (Off:0 Def:2),[],Perkins,24,22,,False,False,2570.0,,2pt missed,2pt missed,,,,101139|201155|201582|201941|201951|202087|202337|202730|204025|2570,201582|202087|202337|204025|2570,101139|201155|201941|201951|202730,,,1610612740.0,21501068,True
2,PT10M52.00S,10:52,Q2 10:52,34.86666666666667,118,2pt,MISS Frazier 19' Pullup Jump Shot,[],Frazier,24,22,Missed,True,False,204025.0,,rebound,rebound,,,,101139|201155|201582|201941|201951|202087|202337|202730|204025|2570,201582|202087|202337|204025|2570,101139|201155|201941|201951|202730,96.0,169.0,1610612740.0,21501068,True
2,PT10M51.00S,10:51,Q2 10:51,34.85,119,rebound,J. Hill REBOUND (Off:0 Def:1),[],Hill,24,22,,False,False,201941.0,,2pt missed,2pt made,,,,101139|201155|201582|201941|201951|202087|202337|202730|204025|2570,101139|201155|201941|201951|202730,201582|202087|202337|204025|2570,,,1610612754.0,21501068,True
2,PT10M43.00S,10:43,Q2 10:43,34.71666666666667,120,2pt,J. Hill 18' Jump Shot (2 PTS) (Lawson 1 AST),[],Hill,26,22,Made,True,True,201941.0,201951.0,rebound,2pt made,,,,101139|201155|201582|201941|201951|202087|202337|202730|204025|2570,101139|201155|201941|201951|202730,201582|202087|202337|204025|2570,-17.0,178.0,1610612754.0,21501068,True
2,PT10M26.00S,10:26,Q2 10:26,34.43333333333334,121,2pt,Gee 4' Driving Layup (7 PTS),['pointsinthepaint'],Gee,26,24,Made,True,False,202087.0,,2pt made,2pt missed,,,,101139|201155|201582|201941|201951|202087|202337|202730|204025|2570,201582|202087|202337|204025|2570,101139|201155|201941|201951|202730,40.0,8.0,1610612740.0,21501068,True
2,PT10M15.00S,10:15,Q2 10:15,34.25,122,2pt,MISS Miles 13' Driving Floating Jump Shot,['pointsinthepaint'],Miles,26,24,Missed,True,False,101139.0,,2pt made,rebound,,,,101139|201155|201582|201941|201951|202087|202337|202730|204025|2570,101139|201155|201941|201951|202730,201582|202087|202337|204025|2570,-4.0,134.0,1610612754.0,21501068,True
2,PT10M12.00S,10:12,Q2 10:12,34.2,123,rebound,TEAM defensive REBOUND,['team'],,26,24,,False,False,0.0,,2pt missed,2pt made,,,,101139|201155|201582|201941|201951|202087|202337|202730|204025|2570,201582|202087|202337|204025|2570,101139|201155|201941|201951|202730,,,1610612740.0,21501068,True
2,PT10M01.00S,10:01,Q2 10:01,34.016666666666666,124,2pt,Ajinca 19' Pullup Bank Shot (8 PTS) (Frazier 2 AST),[],Ajinca,26,26,Made,True,True,201582.0,204025.0,rebound,turnover,,,,101139|201155|201582|201941|201951|202087|202337|202730|204025|2570,201582|202087|202337|204025|2570,101139|201155|201941|201951|202730,125.0,149.0,1610612740.0,21501068,True
2,PT09M44.00S,09:44,Q2 09:44,33.733333333333334,125,turnover,Miles Bad Pass Turnover (P1.T5),[],Miles,26,26,,False,False,101139.0,,2pt made,steal,,,,101139|201155|201582|201941|201951|202087|202337|202730|204025|2570,101139|201155|201941|201951|202730,201582|202087|202337|204025|2570,,,1610612754.0,21501068,True
2,PT09M44.00S,09:44,Q2 09:44,33.733333333333334,125,steal,Ajinca STEAL (1 STL),[],Ajinca,26,26,,False,False,201582.0,,turnover,foul,,201582.0,,101139|201155|201582|201941|201951|202087|202337|202730|204025|2570,201582|202087|202337|204025|2570,101139|201155|201941|201951|202730,,,1610612740.0,21501068,True
2,PT09M36.00S,09:36,Q2 09:36,33.6,126,foul,Miles S.FOUL (P1.T1) (L.Holtkamp),[],Miles,26,26,,False,False,101139.0,,steal,freethrow,202087.0,,,101139|201155|201582|201941|201951|202087|202337|202730|204025|2570,101139|201155|201941|201951|202730,201582|202087|202337|204025|2570,,,1610612754.0,21501068,True
2,PT09M36.00S,09:36,Q2 09:36,33.6,127,freethrow,Gee Free Throw 1 of 2 (8 PTS),[],Gee,26,27,Made,False,False,202087.0,,foul,freethrow,,,,101139|201155|201582|201941|201951|202087|202337|202730|204025|2570,201582|202087|202337|204025|2570,101139|201155|201941|201951|202730,,,1610612740.0,21501068,True
2,PT09M36.00S,09:36,Q2 09:36,33.6,129,freethrow,MISS Gee Free Throw 2 of 2,[],Gee,26,27,Missed,False,False,202087.0,,freethrow,rebound,,,,101139|201155|201582|201941|201951|202087|202337|202730|204025|2570,201582|202087|202337|204025|2570,101139|201155|201941|201951|202730,,,1610612740.0,21501068,True
2,PT09M36.00S,09:36,Q2 09:36,33.6,131,rebound,Allen REBOUND (Off:0 Def:1),[],Allen,26,27,,False,False,202730.0,,freethrow,2pt missed,,,,101139|201155|201582|201941|201951|202087|202337|202730|204025|2570,101139|201155|201941|201951|202730,201582|202087|202337|204025|2570,,,1610612754.0,21501068,True
2,PT09M23.00S,09:23,Q2 09:23,33.38333333333333,132,2pt,MISS Miles 13' Floating Jump Shot,['pointsinthepaint'],Miles,26,27,Missed,True,False,101139.0,,rebound,rebound,,,,101139|201155|201582|201941|201951|202087|202337|202730|204025|2570,101139|201155|201941|201951|202730,201582|202087|202337|204025|2570,48.0,120.0,1610612754.0,21501068,True
2,PT09M21.00S,09:21,Q2 09:21,33.35,133,rebound,TEAM defensive REBOUND,['team'],,26,27,,False,False,0.0,,2pt missed,2pt missed,,,,101139|201155|201582|201941|201951|202087|202337|202730|204025|2570,201582|202087|202337|204025|2570,101139|201155|201941|201951|202730,,,1610612740.0,21501068,True
2,PT09M01.00S,09:01,Q2 09:01,33.016666666666666,134,2pt,MISS Ajinca 12' Hook Shot,[],Ajinca,26,27,Missed,True,False,201582.0,,rebound,rebound,,,,101139|201155|201582|201941|201951|202087|202337|202730|204025|2570,201582|202087|202337|204025|2570,101139|201155|201941|201951|202730,115.0,-6.0,1610612740.0,21501068,True
2,PT09M01.00S,09:01,Q2 09:01,33.016666666666666,135,rebound,Allen REBOUND (Off:0 Def:2),[],Allen,26,27,,False,False,202730.0,,2pt missed,foul,,,,101139|201155|201582|201941|201951|202087|202337|202730|204025|2570,101139|201155|201941|201951|202730,201582|202087|202337|204025|2570,,,1610612754.0,21501068,True
2,PT09M01.00S,09:01,Q2 09:01,33.016666666666666,136,foul,Ajinca P.FOUL (P1.T1) (T.Washington),[],Ajinca,26,27,,False,False,201582.0,,rebound,2pt missed,201951.0,,,101139|201155|201582|201941|201951|202087|202337|202730|204025|2570,201582|202087|202337|204025|2570,101139|201155|201941|201951|202730,,,1610612740.0,21501068,True
2,PT08M43.00S,08:43,Q2 08:43,32.71666666666667,137,2pt,MISS Lawson 20' Jump Shot,[],Lawson,26,27,Missed,True,False,201951.0,,foul,rebound,,,,101139|201155|201582|201941|201951|202087|202337|202730|204025|2570,101139|201155|201941|201951|202730,201582|202087|202337|204025|2570,-204.0,13.0,1610612754.0,21501068,True
2,PT08M43.00S,08:43,Q2 08:43,32.71666666666667,138,rebound,Gee REBOUND (Off:1 Def:1),[],Gee,26,27,,False,False,202087.0,,2pt missed,2pt missed,,,,101139|201155|201582|201941|201951|202087|202337|202730|204025|2570,201582|202087|202337|204025|2570,101139|201155|201941|201951|202730,,,1610612740.0,21501068,True
2,PT08M34.00S,08:34,Q2 08:34,32.56666666666666,139,2pt,MISS Perkins 6' Floating Jump Shot,['pointsinthepaint'],Perkins,26,27,Missed,True,False,2570.0,,rebound,rebound,,,,101139|201155|201582|201941|201951|202087|202337|202730|204025|2570,201582|202087|202337|204025|2570,101139|201155|201941|201951|202730,-7.0,62.0,1610612740.0,21501068,True
2,PT08M32.00S,08:32,Q2 08:32,32.53333333333333,140,rebound,Allen REBOUND (Off:0 Def:3),[],Allen,26,27,,False,False,202730.0,,2pt missed,2pt made,,,,101139|201155|201582|201941|201951|202087|202337|202730|204025|2570,101139|201155|201941|201951|202730,201582|202087|202337|204025|2570,,,1610612754.0,21501068,True
2,PT08M16.00S,08:16,Q2 08:16,32.266666666666666,141,2pt,Miles 18' Pullup Jump Shot (2 PTS) (J. Hill 1 AST),[],Miles,28,27,Made,True,True,101139.0,201941.0,rebound,turnover,,,,101139|201155|201582|201941|201951|202087|202337|202730|204025|2570,101139|201155|201941|201951|202730,201582|202087|202337|204025|2570,-109.0,146.0,1610612754.0,21501068,True
2,PT08M03.00S,08:03,Q2 08:03,32.05,142,turnover,Frazier Lost Ball Turnover (P1.T3),[],Frazier,28,27,,False,False,204025.0,,2pt made,steal,,,,101139|201155|201582|201941|201951|202087|202337|202730|204025|2570,201582|202087|202337|204025|2570,101139|201155|201941|201951|202730,,,1610612740.0,21501068,True
2,PT08M03.00S,08:03,Q2 08:03,32.05,142,steal,Lawson STEAL (1 STL),[],Lawson,28,27,,False,False,201951.0,,turnover,2pt made,,201951.0,,101139|201155|201582|201941|201951|202087|202337|202730|204025|2570,101139|201155|201941|201951|202730,201582|202087|202337|204025|2570,,,1610612754.0,21501068,True
2,PT07M59.00S,07:59,Q2 07:59,31.983333333333334,143,2pt,Lawson Layup (2 PTS) (Stuckey 1 AST),['pointsinthepaint'],Lawson,30,27,Made,True,True,201951.0,201155.0,steal,turnover,,,,101139|201155|201582|201941|201951|202087|202337|202730|204025|2570,101139|201155|201941|201951|202730,201582|202087|202337|204025|2570,1.0,3.0,1610612754.0,21501068,True
2,PT07M44.00S,07:44,Q2 07:44,31.733333333333334,144,turnover,Frazier Bad Pass Turnover (P2.T4),[],Frazier,30,27,,False,False,204025.0,,2pt made,steal,,,,101139|201155|201582|201941|201951|202087|202337|202730|204025|2570,201582|202087|202337|204025|2570,101139|201155|201941|201951|202730,,,1610612740.0,21501068,True
2,PT07M44.00S,07:44,Q2 07:44,31.733333333333334,144,steal,J. Hill STEAL (1 STL),[],Hill,30,27,,False,False,201941.0,,turnover,2pt missed,,201941.0,,101139|201155|201582|201941|201951|202087|202337|202730|204025|2570,101139|201155|201941|201951|202730,201582|202087|202337|204025|2570,,,1610612754.0,21501068,True
2,PT07M39.00S,07:39,Q2 07:39,31.65,145,2pt,MISS Lawson 1' Cutting Layup Shot,['pointsinthepaint'],Lawson,30,27,Missed,True,False,201951.0,,steal,rebound,,,,101139|201155|201582|201941|201951|202087|202337|202730|204025|2570,101139|201155|201941|201951|202730,201582|202087|202337|204025|2570,1.0,-6.0,1610612754.0,21501068,True
2,PT07M38.00S,07:38,Q2 07:38,31.633333333333333,146,rebound,Ajinca REBOUND (Off:0 Def:3),[],Ajinca,30,27,,False,False,201582.0,,2pt missed,2pt made,,,,101139|201155|201582|201941|201951|202087|202337|202730|204025|2570,201582|202087|202337|204025|2570,101139|201155|201941|201951|202730,,,1610612740.0,21501068,True
2,PT07M24.00S,07:24,Q2 07:24,31.4,147,2pt,Babbitt 8' Fadeaway Bank Shot (2 PTS) (Perkins 1 AST),['pointsinthepaint'],Babbitt,30,29,Made,True,True,202337.0,2570.0,rebound,timeout,,,,101139|201155|201582|201941|201951|202087|202337|202730|204025|2570,201582|202087|202337|204025|2570,101139|201155|201941|201951|202730,73.0,21.0,1610612740.0,21501068,True
2,PT07M20.00S,07:20,Q2 07:20,31.333333333333332,148,timeout,PACERS Timeout: Regular (Full 2 Short 0),[],,30,29,,False,False,0.0,,2pt made,substitution,,,,101139|201155|201582|201941|201951|202087|202337|202730|204025|2570,101139|201155|201941|201951|202730,201582|202087|202337|204025|2570,,,1610612754.0,21501068,True
2,PT07M20.00S,07:20,Q2 07:20,31.333333333333332,150,substitution,SUB out: K. Perkins,[],Perkins,30,29,,False,False,2570.0,,timeout,substitution,,,,101139|201155|201582|201941|201951|202087|202337|202730|204025,201582|202087|202337|204025,101139|201155|201941|201951|202730,,,1610612740.0,21501068,False
2,PT07M20.00S,07:20,Q2 07:20,31.333333333333332,151,substitution,SUB in: O. Asik,[],Asik,30,29,,False,False,201600.0,,substitution,2pt missed,,,,101139|201155|201582|201600|201941|201951|202087|202337|202730|204025,201582|201600|202087|202337|204025,101139|201155|201941|201951|202730,,,1610612740.0,21501068,True
2,PT07M04.00S,07:04,Q2 07:04,31.066666666666666,152,2pt,MISS J. Hill 2' Finger Roll Layup,['pointsinthepaint'],Hill,30,29,Missed,True,False,201941.0,,substitution,rebound,,,,101139|201155|201582|201600|201941|201951|202087|202337|202730|204025,101139|201155|201941|201951|202730,201582|201600|202087|202337|204025,-14.0,11.0,1610612754.0,21501068,True
2,PT07M04.00S,07:04,Q2 07:04,31.066666666666666,153,rebound,Ajinca REBOUND (Off:0 Def:4),[],Ajinca,30,29,,False,False,201582.0,,2pt missed,2pt made,,,,101139|201155|201582|201600|201941|201951|202087|202337|202730|204025,201582|201600|202087|202337|204025,101139|201155|201941|201951|202730,,,1610612740.0,21501068,True
2,PT06M49.00S,06:49,Q2 06:49,30.816666666666666,154,2pt,Ajinca 19' Jump Shot (10 PTS) (Frazier 3 AST),[],Ajinca,30,31,Made,True,True,201582.0,204025.0,rebound,foul,,,,101139|201155|201582|201600|201941|201951|202087|202337|202730|204025,201582|201600|202087|202337|204025,101139|201155|201941|201951|202730,94.0,169.0,1610612740.0,21501068,True
2,PT06M42.00S,06:42,Q2 06:42,30.7,155,foul,Asik S.FOUL (P1.T2) (B.Forte),[],Asik,30,31,,False,False,201600.0,,2pt made,freethrow,201155.0,,,101139|201155|201582|201600|201941|201951|202087|202337|202730|204025,201582|201600|202087|202337|204025,101139|201155|201941|201951|202730,,,1610612740.0,21501068,True
2,PT06M42.00S,06:42,Q2 06:42,30.7,156,freethrow,Stuckey Free Throw 1 of 2 (3 PTS),[],Stuckey,31,31,Made,False,False,201155.0,,foul,freethrow,,,,101139|201155|201582|201600|201941|201951|202087|202337|202730|204025,101139|201155|201941|201951|202730,201582|201600|202087|202337|204025,,,1610612754.0,21501068,True
2,PT06M42.00S,06:42,Q2 06:42,30.7,158,freethrow,Stuckey Free Throw 2 of 2 (4 PTS),[],Stuckey,32,31,Made,False,False,201155.0,,freethrow,2pt missed,,,,101139|201155|201582|201600|201941|201951|202087|202337|202730|204025,101139|201155|201941|201951|202730,201582|201600|202087|202337|204025,,,1610612754.0,21501068,True
2,PT06M24.00S,06:24,Q2 06:24,30.4,160,2pt,MISS Asik 2' Layup,['pointsinthepaint'],Asik,32,31,Missed,True,False,201600.0,,freethrow,2pt made,,,,101139|201155|201582|201600|201941|201951|202087|202337|202730|204025,201582|201600|202087|202337|204025,101139|201155|201941|201951|202730,-19.0,0.0,1610612740.0,21501068,True
2,PT06M23.00S,06:23,Q2 06:23,30.383333333333333,161,2pt,Ajinca 1' Tip Layup Shot (12 PTS),['pointsinthepaint'],Ajinca,32,33,Made,True,False,201582.0,,2pt missed,rebound,,,,101139|201155|201582|201600|201941|201951|202087|202337|202730|204025,201582|201600|202087|202337|204025,101139|201155|201941|201951|202730,-1.0,-6.0,1610612740.0,21501068,True
2,PT06M23.00S,06:23,Q2 06:23,30.383333333333333,162,rebound,Ajinca REBOUND (Off:1 Def:4),[],Ajinca,32,31,,False,False,201582.0,,2pt made,2pt made,,,,101139|201155|201582|201600|201941|201951|202087|202337|202730|204025,201582|201600|202087|202337|204025,101139|201155|201941|201951|202730,,,1610612740.0,21501068,True
2,PT06M10.00S,06:10,Q2 06:10,30.166666666666668,163,2pt,Stuckey 18' Pullup Jump Shot (6 PTS),[],Stuckey,34,33,Made,True,False,201155.0,,rebound,foul,,,,101139|201155|201582|201600|201941|201951|202087|202337|202730|204025,101139|201155|201941|201951|202730,201582|201600|202087|202337|204025,-101.0,154.0,1610612754.0,21501068,True
2,PT06M01.00S,06:01,Q2 06:01,30.016666666666666,164,foul,Ajinca OFF.Foul (P2) (T.Washington),[],Ajinca,34,33,,False,False,201582.0,,2pt made,turnover,101139.0,,,101139|201155|201582|201600|201941|201951|202087|202337|202730|204025,201582|201600|202087|202337|204025,101139|201155|201941|201951|202730,,,1610612740.0,21501068,True
2,PT06M01.00S,06:01,Q2 06:01,30.016666666666666,165,turnover,Ajinca Foul Turnover (P2.T5),[],Ajinca,34,33,,False,False,201582.0,,foul,substitution,,,,101139|201155|201582|201600|201941|201951|202087|202337|202730|204025,201582|201600|202087|202337|204025,101139|201155|201941|201951|202730,,,1610612740.0,21501068,True
2,PT06M01.00S,06:01,Q2 06:01,30.016666666666666,166,substitution,SUB out: R. Stuckey,[],Stuckey,34,33,,False,False,201155.0,,turnover,substitution,,,,101139|201582|201600|201941|201951|202087|202337|202730|204025,101139|201941|201951|202730,201582|201600|202087|202337|204025,,,1610612754.0,21501068,False
2,PT06M01.00S,06:01,Q2 06:01,30.016666666666666,167,substitution,SUB out: L. Allen,[],Allen,34,33,,False,False,202730.0,,substitution,substitution,,,,101139|201582|201600|201941|201951|202087|202337|204025,101139|201941|201951,201582|201600|202087|202337|204025,,,1610612754.0,21501068,False
2,PT06M01.00S,06:01,Q2 06:01,30.016666666666666,168,substitution,SUB in: M. Ellis,[],Ellis,34,33,,False,False,101145.0,,substitution,substitution,,,,101139|101145|201582|201600|201941|201951|202087|202337|204025,101139|101145|201941|201951,201582|201600|202087|202337|204025,,,1610612754.0,21501068,False
2,PT06M01.00S,06:01,Q2 06:01,30.016666666666666,169,substitution,SUB in: M. Turner,[],Turner,34,33,,False,False,1626167.0,,substitution,2pt made,,,,101139|101145|1626167|201582|201600|201941|201951|202087|202337|204025,101139|101145|1626167|201941|201951,201582|201600|202087|202337|204025,,,1610612754.0,21501068,True
2,PT05M47.00S,05:47,Q2 05:47,29.78333333333333,168,2pt,Miles 15' Fadeaway Jumper (4 PTS) (J. Hill 2 AST),[],Miles,36,33,Made,True,True,101139.0,201941.0,substitution,2pt made,,,,101139|101145|1626167|201582|201600|201941|201951|202087|202337|204025,101139|101145|1626167|201941|201951,201582|201600|202087|202337|204025,145.0,-5.0,1610612754.0,21501068,True
2,PT05M36.00S,05:36,Q2 05:36,29.6,169,2pt,Frazier 7' Driving Bank Shot (5 PTS),['pointsinthepaint'],Frazier,36,35,Made,True,False,204025.0,,2pt made,2pt missed,,,,101139|101145|1626167|201582|201600|201941|201951|202087|202337|204025,201582|201600|202087|202337|204025,101139|101145|1626167|201941|201951,64.0,16.0,1610612740.0,21501068,True
2,PT05M25.00S,05:25,Q2 05:25,29.416666666666668,170,2pt,MISS Turner 20' Jump Shot,[],Turner,36,35,Missed,True,False,1626167.0,,2pt made,rebound,,,,101139|101145|1626167|201582|201600|201941|201951|202087|202337|204025,101139|101145|1626167|201941|201951,201582|201600|202087|202337|204025,69.0,183.0,1610612754.0,21501068,True
2,PT05M24.00S,05:24,Q2 05:24,29.4,171,rebound,Asik REBOUND (Off:1 Def:5),[],Asik,36,35,,False,False,201600.0,,2pt missed,2pt missed,,,,101139|101145|1626167|201582|201600|201941|201951|202087|202337|204025,201582|201600|202087|202337|204025,101139|101145|1626167|201941|201951,,,1610612740.0,21501068,True
2,PT05M14.00S,05:14,Q2 05:14,29.233333333333334,172,2pt,MISS Asik 2' Cutting Layup Shot,['pointsinthepaint'],Asik,36,35,Missed,True,False,201600.0,,rebound,rebound,,,,101139|101145|1626167|201582|201600|201941|201951|202087|202337|204025,201582|201600|202087|202337|204025,101139|101145|1626167|201941|201951,22.0,2.0,1610612740.0,21501068,True
2,PT05M13.00S,05:13,Q2 05:13,29.21666666666667,173,rebound,Ellis REBOUND (Off:0 Def:3),[],Ellis,36,35,,False,False,101145.0,,2pt missed,2pt made,,,,101139|101145|1626167|201582|201600|201941|201951|202087|202337|204025,101139|101145|1626167|201941|201951,201582|201600|202087|202337|204025,,,1610612754.0,21501068,True
2,PT05M09.00S,05:09,Q2 05:09,29.15,174,2pt,Turner Cutting Layup Shot (10 PTS) (Ellis 1 AST),['pointsinthepaint'],Turner,38,35,Made,True,True,1626167.0,101145.0,rebound,foul,,,,101139|101145|1626167|201582|201600|201941|201951|202087|202337|204025,101139|101145|1626167|201941|201951,201582|201600|202087|202337|204025,-1.0,2.0,1610612754.0,21501068,True
2,PT05M09.00S,05:09,Q2 05:09,29.15,175,foul,Frazier S.FOUL (P1.T3) (T.Washington),[],Frazier,38,35,,False,False,204025.0,,2pt made,timeout,1626167.0,,,101139|101145|1626167|201582|201600|201941|201951|202087|202337|204025,201582|201600|202087|202337|204025,101139|101145|1626167|201941|201951,,,1610612740.0,21501068,True
2,PT05M09.00S,05:09,Q2 05:09,29.15,176,timeout,Timeout: Official,[],,38,35,,False,False,0.0,,foul,freethrow,,,,101139|101145|1626167|201582|201600|201941|201951|202087|202337|204025,101139|101145|1626167|201941|201951,201582|201600|202087|202337|204025,,,0.0,21501068,True
2,PT05M09.00S,05:09,Q2 05:09,29.15,182,freethrow,Turner Free Throw 1 of 1 (11 PTS),[],Turner,39,35,Made,False,False,1626167.0,,timeout,substitution,,,,101139|101145|1626167|201582|201600|201941|201951|202087|202337|204025,101139|101145|1626167|201941|201951,201582|201600|202087|202337|204025,,,1610612754.0,21501068,True
2,PT05M09.00S,05:09,Q2 05:09,29.15,178,substitution,SUB out: J. Hill,[],Hill,38,35,,False,False,201941.0,,freethrow,substitution,,,,101139|101145|1626167|201582|201600|201951|202087|202337|204025,101139|101145|1626167|201951,201582|201600|202087|202337|204025,,,1610612754.0,21501068,False
2,PT05M09.00S,05:09,Q2 05:09,29.15,179,substitution,SUB out: T. Lawson,[],Lawson,38,35,,False,False,201951.0,,substitution,substitution,,,,101139|101145|1626167|201582|201600|202087|202337|204025,101139|101145|1626167,201582|201600|202087|202337|204025,,,1610612754.0,21501068,False
2,PT05M09.00S,05:09,Q2 05:09,29.15,180,substitution,SUB out: A. Gee,[],Gee,38,35,,False,False,202087.0,,substitution,substitution,,,,101139|101145|1626167|201582|201600|202337|204025,201582|201600|202337|204025,101139|101145|1626167,,,1610612740.0,21501068,False
2,PT05M09.00S,05:09,Q2 05:09,29.15,181,substitution,SUB out: T. Frazier,[],Frazier,38,35,,False,False,204025.0,,substitution,substitution,,,,101139|101145|1626167|201582|201600|202337,201582|201600|202337,101139|101145|1626167,,,1610612740.0,21501068,False
2,PT05M09.00S,05:09,Q2 05:09,29.15,182,substitution,SUB in: G. Hill,[],Hill,38,35,,False,False,201588.0,,substitution,substitution,,,,101139|101145|1626167|201582|201588|201600|202337,101139|101145|1626167|201588,201582|201600|202337,,,1610612754.0,21501068,False
2,PT05M09.00S,05:09,Q2 05:09,29.15,183,substitution,SUB in: I. Mahinmi,[],Mahinmi,38,35,,False,False,101133.0,,substitution,substitution,,,,101133|101139|101145|1626167|201582|201588|201600|202337,101133|101139|101145|1626167|201588,201582|201600|202337,,,1610612754.0,21501068,False
2,PT05M09.00S,05:09,Q2 05:09,29.15,184,substitution,SUB in: T. Douglas,[],Douglas,38,35,,False,False,201962.0,,substitution,substitution,,,,101133|101139|101145|1626167|201582|201588|201600|201962|202337,201582|201600|201962|202337,101133|101139|101145|1626167|201588,,,1610612740.0,21501068,False
2,PT05M09.00S,05:09,Q2 05:09,29.15,185,substitution,SUB in: D. Cunningham,[],Cunningham,38,35,,False,False,201967.0,,substitution,2pt missed,,,,101133|101139|101145|1626167|201582|201588|201600|201962|201967|202337,201582|201600|201962|201967|202337,101133|101139|101145|1626167|201588,,,1610612740.0,21501068,True
2,PT04M47.00S,04:47,Q2 04:47,28.78333333333333,184,2pt,MISS Ajinca 10' Driving Floating Jump Shot,['pointsinthepaint'],Ajinca,39,35,Missed,True,False,201582.0,,substitution,rebound,,,,101133|101139|101145|1626167|201582|201588|201600|201962|201967|202337,201582|201600|201962|201967|202337,101133|101139|101145|1626167|201588,1.0,95.0,1610612740.0,21501068,True
2,PT04M46.00S,04:46,Q2 04:46,28.766666666666666,185,rebound,Mahinmi REBOUND (Off:1 Def:2),[],Mahinmi,39,35,,False,False,101133.0,,2pt missed,2pt made,,,,101133|101139|101145|1626167|201582|201588|201600|201962|201967|202337,101133|101139|101145|1626167|201588,201582|201600|201962|201967|202337,,,1610612754.0,21501068,True
2,PT04M27.00S,04:27,Q2 04:27,28.45,186,2pt,Turner 20' Step Back Jump Shot (13 PTS) (G. Hill 5 AST),[],Turner,41,35,Made,True,True,1626167.0,201588.0,rebound,2pt missed,,,,101133|101139|101145|1626167|201582|201588|201600|201962|201967|202337,101133|101139|101145|1626167|201588,201582|201600|201962|201967|202337,138.0,144.0,1610612754.0,21501068,True
2,PT04M17.00S,04:17,Q2 04:17,28.28333333333333,187,2pt,MISS Douglas 16' Pullup Jump Shot,[],Douglas,41,35,Missed,True,False,201962.0,,2pt made,rebound,,,,101133|101139|101145|1626167|201582|201588|201600|201962|201967|202337,201582|201600|201962|201967|202337,101133|101139|101145|1626167|201588,-145.0,70.0,1610612740.0,21501068,True
2,PT04M16.00S,04:16,Q2 04:16,28.266666666666666,188,rebound,Turner REBOUND (Off:1 Def:4),[],Turner,41,35,,False,False,1626167.0,,2pt missed,2pt missed,,,,101133|101139|101145|1626167|201582|201588|201600|201962|201967|202337,101133|101139|101145|1626167|201588,201582|201600|201962|201967|202337,,,1610612754.0,21501068,True
2,PT04M06.00S,04:06,Q2 04:06,28.1,189,2pt,MISS G. Hill 16' Pullup Bank Shot,[],Hill,41,35,Missed,True,False,201588.0,,rebound,rebound,,,,101133|101139|101145|1626167|201582|201588|201600|201962|201967|202337,101133|101139|101145|1626167|201588,201582|201600|201962|201967|202337,156.0,33.0,1610612754.0,21501068,True
2,PT04M06.00S,04:06,Q2 04:06,28.1,190,rebound,Asik REBOUND (Off:1 Def:6),[],Asik,41,35,,False,False,201600.0,,2pt missed,2pt missed,,,,101133|101139|101145|1626167|201582|201588|201600|201962|201967|202337,201582|201600|201962|201967|202337,101133|101139|101145|1626167|201588,,,1610612740.0,21501068,True
2,PT03M49.00S,03:49,Q2 03:49,27.816666666666666,191,2pt,MISS Babbitt 11' Turnaround Hook Shot,[],Babbitt,41,35,Missed,True,False,202337.0,,rebound,rebound,,,,101133|101139|101145|1626167|201582|201588|201600|201962|201967|202337,201582|201600|201962|201967|202337,101133|101139|101145|1626167|201588,-107.0,7.0,1610612740.0,21501068,True
2,PT03M49.00S,03:49,Q2 03:49,27.816666666666666,192,rebound,Turner REBOUND (Off:1 Def:5),[],Turner,41,35,,False,False,1626167.0,,2pt missed,turnover,,,,101133|101139|101145|1626167|201582|201588|201600|201962|201967|202337,101133|101139|101145|1626167|201588,201582|201600|201962|201967|202337,,,1610612754.0,21501068,True
2,PT03M43.00S,03:43,Q2 03:43,27.71666666666667,193,turnover,Turner Lost Ball Turnover (P1.T6),[],Turner,41,35,,False,False,1626167.0,,rebound,steal,,,,101133|101139|101145|1626167|201582|201588|201600|201962|201967|202337,101133|101139|101145|1626167|201588,201582|201600|201962|201967|202337,,,1610612754.0,21501068,True
2,PT03M43.00S,03:43,Q2 03:43,27.71666666666667,193,steal,Douglas STEAL (1 STL),[],Douglas,41,35,,False,False,201962.0,,turnover,2pt missed,,201962.0,,101133|101139|101145|1626167|201582|201588|201600|201962|201967|202337,201582|201600|201962|201967|202337,101133|101139|101145|1626167|201588,,,1610612740.0,21501068,True
2,PT03M29.00S,03:29,Q2 03:29,27.483333333333334,194,2pt,MISS Cunningham 17' Pullup Jump Shot,[],Cunningham,41,35,Missed,True,False,201967.0,,steal,rebound,,,,101133|101139|101145|1626167|201582|201588|201600|201962|201967|202337,201582|201600|201962|201967|202337,101133|101139|101145|1626167|201588,-119.0,120.0,1610612740.0,21501068,True
2,PT03M29.00S,03:29,Q2 03:29,27.483333333333334,195,rebound,Turner REBOUND (Off:1 Def:6),[],Turner,41,35,,False,False,1626167.0,,2pt missed,turnover,,,,101133|101139|101145|1626167|201582|201588|201600|201962|201967|202337,101133|101139|101145|1626167|201588,201582|201600|201962|201967|202337,,,1610612754.0,21501068,True
2,PT03M25.00S,03:25,Q2 03:25,27.416666666666668,196,turnover,Ellis Out of Bounds - Bad Pass Turnover Turnover (P1.T7),[],Ellis,41,35,,False,False,101145.0,,rebound,substitution,,,,101133|101139|101145|1626167|201582|201588|201600|201962|201967|202337,101133|101139|101145|1626167|201588,201582|201600|201962|201967|202337,,,1610612754.0,21501068,True
2,PT03M25.00S,03:25,Q2 03:25,27.416666666666668,197,substitution,SUB out: C. Miles,[],Miles,41,35,,False,False,101139.0,,turnover,substitution,,,,101133|101145|1626167|201582|201588|201600|201962|201967|202337,101133|101145|1626167|201588,201582|201600|201962|201967|202337,,,1610612754.0,21501068,False
2,PT03M25.00S,03:25,Q2 03:25,27.416666666666668,198,substitution,SUB in: P. George,[],George,41,35,,False,False,202331.0,,substitution,substitution,,,,101133|101145|1626167|201582|201588|201600|201962|201967|202331|202337,101133|101145|1626167|201588|202331,201582|201600|201962|201967|202337,,,1610612754.0,21501068,True
2,PT03M22.00S,03:22,Q2 03:22,27.366666666666667,198,substitution,SUB out: L. Babbitt,[],Babbitt,41,35,,False,False,202337.0,,substitution,substitution,,,,101133|101145|1626167|201582|201588|201600|201962|201967|202331,201582|201600|201962|201967,101133|101145|1626167|201588|202331,,,1610612740.0,21501068,False
2,PT03M22.00S,03:22,Q2 03:22,27.366666666666667,199,substitution,SUB in: T. Frazier,[],Frazier,41,35,,False,False,204025.0,,substitution,2pt missed,,,,101133|101145|1626167|201582|201588|201600|201962|201967|202331|204025,201582|201600|201962|201967|204025,101133|101145|1626167|201588|202331,,,1610612740.0,21501068,True
2,PT03M04.00S,03:04,Q2 03:04,27.066666666666666,199,2pt,MISS Ajinca 20' Jump Shot,[],Ajinca,41,35,Missed,True,False,201582.0,,substitution,rebound,,,,101133|101145|1626167|201582|201588|201600|201962|201967|202331|204025,201582|201600|201962|201967|204025,101133|101145|1626167|201588|202331,114.0,159.0,1610612740.0,21501068,True
2,PT03M04.00S,03:04,Q2 03:04,27.066666666666666,200,rebound,G. Hill REBOUND (Off:0 Def:4),[],Hill,41,35,,False,False,201588.0,,2pt missed,2pt made,,,,101133|101145|1626167|201582|201588|201600|201962|201967|202331|204025,101133|101145|1626167|201588|202331,201582|201600|201962|201967|204025,,,1610612754.0,21501068,True
2,PT02M48.00S,02:48,Q2 02:48,26.8,201,2pt,Turner 2' Layup (15 PTS),['pointsinthepaint'],Turner,43,35,Made,True,False,1626167.0,,rebound,foul,,,,101133|101145|1626167|201582|201588|201600|201962|201967|202331|204025,101133|101145|1626167|201588|202331,201582|201600|201962|201967|204025,-17.0,0.0,1610612754.0,21501068,True
2,PT02M48.00S,02:48,Q2 02:48,26.8,202,foul,Ajinca S.FOUL (P3.T4) (L.Holtkamp),['inpenalty'],Ajinca,43,35,,False,False,201582.0,,2pt made,timeout,1626167.0,,,101133|101145|1626167|201582|201588|201600|201962|201967|202331|204025,201582|201600|201962|201967|204025,101133|101145|1626167|201588|202331,,,1610612740.0,21501068,True
2,PT02M48.00S,02:48,Q2 02:48,26.8,203,timeout,Pelicans Timeout: Regular (Reg.2 Short 0),[],,43,35,,False,False,0.0,,foul,freethrow,,,,101133|101145|1626167|201582|201588|201600|201962|201967|202331|204025,201582|201600|201962|201967|204025,101133|101145|1626167|201588|202331,,,1610612740.0,21501068,True
2,PT02M48.00S,02:48,Q2 02:48,26.8,206,freethrow,Turner Free Throw 1 of 1 (16 PTS),[],Turner,44,35,Made,False,False,1626167.0,,timeout,substitution,,,,101133|101145|1626167|201582|201588|201600|201962|201967|202331|204025,101133|101145|1626167|201588|202331,201582|201600|201962|201967|204025,,,1610612754.0,21501068,True
2,PT02M48.00S,02:48,Q2 02:48,26.8,205,substitution,SUB out: A. Ajinca,[],Ajinca,43,35,,False,False,201582.0,,freethrow,substitution,,,,101133|101145|1626167|201588|201600|201962|201967|202331|204025,201600|201962|201967|204025,101133|101145|1626167|201588|202331,,,1610612740.0,21501068,False
2,PT02M48.00S,02:48,Q2 02:48,26.8,206,substitution,SUB in: A. Gee,[],Gee,43,35,,False,False,202087.0,,substitution,3pt missed,,,,101133|101145|1626167|201588|201600|201962|201967|202087|202331|204025,201600|201962|201967|202087|204025,101133|101145|1626167|201588|202331,,,1610612740.0,21501068,True
2,PT02M28.00S,02:28,Q2 02:28,26.46666666666667,208,3pt,MISS Gee 24' 3PT Jump Shot,[],Gee,44,35,Missed,True,False,202087.0,,substitution,rebound,,,,101133|101145|1626167|201588|201600|201962|201967|202087|202331|204025,201600|201962|201967|202087|204025,101133|101145|1626167|201588|202331,-237.0,-16.0,1610612740.0,21501068,True
2,PT02M27.00S,02:27,Q2 02:27,26.45,209,rebound,Turner REBOUND (Off:1 Def:7),[],Turner,44,35,,False,False,1626167.0,,3pt missed,2pt missed,,,,101133|101145|1626167|201588|201600|201962|201967|202087|202331|204025,101133|101145|1626167|201588|202331,201600|201962|201967|202087|204025,,,1610612754.0,21501068,True
2,PT02M06.00S,02:06,Q2 02:06,26.1,210,2pt,MISS Ellis 1' Cutting Finger Roll Layup Shot,['pointsinthepaint'],Ellis,44,35,Missed,True,False,101145.0,,rebound,rebound,,,,101133|101145|1626167|201588|201600|201962|201967|202087|202331|204025,101133|101145|1626167|201588|202331,201600|201962|201967|202087|204025,-12.0,2.0,1610612754.0,21501068,True
2,PT02M05.00S,02:05,Q2 02:05,26.083333333333332,211,rebound,Asik REBOUND (Off:1 Def:7),[],Asik,44,35,,False,False,201600.0,,2pt missed,2pt made,,,,101133|101145|1626167|201588|201600|201962|201967|202087|202331|204025,201600|201962|201967|202087|204025,101133|101145|1626167|201588|202331,,,1610612740.0,21501068,True
2,PT01M57.00S,01:57,Q2 01:57,25.95,212,2pt,Frazier 1' Layup (7 PTS),['pointsinthepaint'],Frazier,44,37,Made,True,False,204025.0,,rebound,3pt made,,,,101133|101145|1626167|201588|201600|201962|201967|202087|202331|204025,201600|201962|201967|202087|204025,101133|101145|1626167|201588|202331,-1.0,7.0,1610612740.0,21501068,True
2,PT01M40.00S,01:40,Q2 01:40,25.666666666666668,213,3pt,G. Hill 3PT Jump Shot (3 PTS) (Ellis 2 AST),[],Hill,47,37,Made,True,True,201588.0,101145.0,2pt made,turnover,,,,101133|101145|1626167|201588|201600|201962|201967|202087|202331|204025,101133|101145|1626167|201588|202331,201600|201962|201967|202087|204025,-222.0,-11.0,1610612754.0,21501068,True
2,PT01M37.00S,01:37,Q2 01:37,25.616666666666667,214,turnover,Asik Bad Pass Turnover (P1.T6),[],Asik,47,37,,False,False,201600.0,,3pt made,steal,,,,101133|101145|1626167|201588|201600|201962|201967|202087|202331|204025,201600|201962|201967|202087|204025,101133|101145|1626167|201588|202331,,,1610612740.0,21501068,True
2,PT01M37.00S,01:37,Q2 01:37,25.616666666666667,214,steal,George STEAL (1 STL),[],George,47,37,,False,False,202331.0,,turnover,2pt made,,202331.0,,101133|101145|1626167|201588|201600|201962|201967|202087|202331|204025,101133|101145|1626167|201588|202331,201600|201962|201967|202087|204025,,,1610612754.0,21501068,True
2,PT01M34.00S,01:34,Q2 01:34,25.566666666666666,215,2pt,George Driving Layup (13 PTS),['pointsinthepaint'],George,49,37,Made,True,False,202331.0,,steal,3pt missed,,,,101133|101145|1626167|201588|201600|201962|201967|202087|202331|204025,101133|101145|1626167|201588|202331,201600|201962|201967|202087|204025,-1.0,3.0,1610612754.0,21501068,True
2,PT01M05.00S,01:05,Q2 01:05,25.083333333333332,216,3pt,MISS Douglas 24' 3PT Jump Shot,[],Douglas,49,37,Missed,True,False,201962.0,,2pt made,rebound,,,,101133|101145|1626167|201588|201600|201962|201967|202087|202331|204025,201600|201962|201967|202087|204025,101133|101145|1626167|201588|202331,-238.0,7.0,1610612740.0,21501068,True
2,PT01M04.00S,01:04,Q2 01:04,25.066666666666666,217,rebound,George REBOUND (Off:0 Def:3),[],George,49,37,,False,False,202331.0,,3pt missed,turnover,,,,101133|101145|1626167|201588|201600|201962|201967|202087|202331|204025,101133|101145|1626167|201588|202331,201600|201962|201967|202087|204025,,,1610612754.0,21501068,True
2,PT00M51.80S,00:51,Q2 00:51,24.863333333333333,218,turnover,G. Hill Bad Pass Turnover (P3.T8),[],Hill,49,37,,False,False,201588.0,,rebound,steal,,,,101133|101145|1626167|201588|201600|201962|201967|202087|202331|204025,101133|101145|1626167|201588|202331,201600|201962|201967|202087|204025,,,1610612754.0,21501068,True
2,PT00M51.80S,00:51,Q2 00:51,24.863333333333333,218,steal,Douglas STEAL (2 STL),[],Douglas,49,37,,False,False,201962.0,,turnover,2pt made,,201962.0,,101133|101145|1626167|201588|201600|201962|201967|202087|202331|204025,201600|201962|201967|202087|204025,101133|101145|1626167|201588|202331,,,1610612740.0,21501068,True
2,PT00M48.70S,00:48,Q2 00:48,24.811666666666667,219,2pt,Douglas 1' Running Finger Roll Layup (4 PTS),['pointsinthepaint'],Douglas,49,39,Made,True,False,201962.0,,steal,2pt missed,,,,101133|101145|1626167|201588|201600|201962|201967|202087|202331|204025,201600|201962|201967|202087|204025,101133|101145|1626167|201588|202331,-2.0,7.0,1610612740.0,21501068,True
2,PT00M28.90S,00:28,Q2 00:28,24.481666666666666,220,2pt,MISS Ellis 19' Jump Shot,[],Ellis,49,39,Missed,True,False,101145.0,,2pt made,rebound,,,,101133|101145|1626167|201588|201600|201962|201967|202087|202331|204025,101133|101145|1626167|201588|202331,201600|201962|201967|202087|204025,4.0,190.0,1610612754.0,21501068,True
2,PT00M28.70S,00:28,Q2 00:28,24.47833333333333,221,rebound,Asik REBOUND (Off:1 Def:8),[],Asik,49,39,,False,False,201600.0,,2pt missed,timeout,,,,101133|101145|1626167|201588|201600|201962|201967|202087|202331|204025,201600|201962|201967|202087|204025,101133|101145|1626167|201588|202331,,,1610612740.0,21501068,True
2,PT00M19.20S,00:19,Q2 00:19,24.32,222,timeout,Pelicans Timeout: Short (Reg.2 Short 1),[],,49,39,,False,False,0.0,,rebound,substitution,,,,101133|101145|1626167|201588|201600|201962|201967|202087|202331|204025,201600|201962|201967|202087|204025,101133|101145|1626167|201588|202331,,,1610612740.0,21501068,True
2,PT00M19.20S,00:19,Q2 00:19,24.32,224,substitution,SUB out: I. Mahinmi,[],Mahinmi,49,39,,False,False,101133.0,,timeout,substitution,,,,101145|1626167|201588|201600|201962|201967|202087|202331|204025,101145|1626167|201588|202331,201600|201962|201967|202087|204025,,,1610612754.0,21501068,False
2,PT00M19.20S,00:19,Q2 00:19,24.32,225,substitution,SUB out: O. Asik,[],Asik,49,39,,False,False,201600.0,,substitution,substitution,,,,101145|1626167|201588|201962|201967|202087|202331|204025,201962|201967|202087|204025,101145|1626167|201588|202331,,,1610612740.0,21501068,False
2,PT00M19.20S,00:19,Q2 00:19,24.32,226,substitution,SUB in: R. Stuckey,[],Stuckey,49,39,,False,False,201155.0,,substitution,substitution,,,,101145|1626167|201155|201588|201962|201967|202087|202331|204025,101145|1626167|201155|201588|202331,201962|201967|202087|204025,,,1610612754.0,21501068,False
2,PT00M19.20S,00:19,Q2 00:19,24.32,227,substitution,SUB in: L. Babbitt,[],Babbitt,49,39,,False,False,202337.0,,substitution,2pt missed,,,,101145|1626167|201155|201588|201962|201967|202087|202331|202337|204025,201962|201967|202087|202337|204025,101145|1626167|201155|201588|202331,,,1610612740.0,21501068,True
2,PT00M03.90S,00:03,Q2 00:03,24.065,226,2pt,MISS Gee 13' Running Jump Shot,[],Gee,49,39,Missed,True,False,202087.0,,substitution,rebound,,,,101145|1626167|201155|201588|201962|201967|202087|202331|202337|204025,201962|201967|202087|202337|204025,101145|1626167|201155|201588|202331,127.0,21.0,1610612740.0,21501068,True
2,PT00M02.90S,00:02,Q2 00:02,24.048333333333332,227,rebound,TEAM offensive REBOUND,['team'],,49,39,,False,False,0.0,,2pt missed,foul,,,,101145|1626167|201155|201588|201962|201967|202087|202331|202337|204025,201962|201967|202087|202337|204025,101145|1626167|201155|201588|202331,,,1610612740.0,21501068,True
2,PT00M02.20S,00:02,Q2 00:02,24.036666666666665,228,foul,Stuckey P.FOUL (P1.T2) (B.Forte),[],Stuckey,49,39,,False,False,201155.0,,rebound,2pt missed,204025.0,,,101145|1626167|201155|201588|201962|201967|202087|202331|202337|204025,101145|1626167|201155|201588|202331,201962|201967|202087|202337|204025,,,1610612754.0,21501068,True
2,PT00M00.00S,00:00,Q2 00:00,24.0,229,2pt,MISS Frazier 17' Pullup Jump Shot,[],Frazier,49,39,Missed,True,False,204025.0,,foul,block,,,,101145|1626167|201155|201588|201962|201967|202087|202331|202337|204025,201962|201967|202087|202337|204025,101145|1626167|201155|201588|202331,143.0,100.0,1610612740.0,21501068,True
2,PT00M00.00S,00:00,Q2 00:00,24.0,229,block,Turner BLOCK (2 BLK),[],Turner,49,39,,False,False,1626167.0,,2pt missed,rebound,,,1626167.0,101145|1626167|201155|201588|201962|201967|202087|202331|202337|204025,101145|1626167|201155|201588|202331,201962|201967|202087|202337|204025,,,1610612754.0,21501068,True
2,PT00M00.00S,00:00,Q2 00:00,24.0,230,rebound,Turner REBOUND (Off:1 Def:8),[],Turner,49,39,,False,False,1626167.0,,block,period,,,,101145|1626167|201155|201588|201962|201967|202087|202331|202337|204025,101145|1626167|201155|201588|202331,201962|201967|202087|202337|204025,,,1610612754.0,21501068,True
2,PT00M00.00S,00:00,Q2 00:00,24.0,231,period,End of 2nd Period (8:02 PM EST),[],,49,39,,False,False,0.0,,rebound,period,,,,101145|1626167|201155|201588|201962|201967|202087|202331|202337|204025,101145|1626167|201155|201588|202331,201962|201967|202087|202337|204025,,,1610612754.0,21501068,True
3,PT12M00.00S,12:00,Q3 12:00,24.0,233,period,Start of 3rd Period (8:19 PM EST),[],,49,39,,False,False,0.0,,period,substitution,,,,101145|1626167|201155|201588|201962|201967|202087|202331|202337|204025,101145|1626167|201155|201588|202331,201962|201967|202087|202337|204025,,,1610612754.0,21501068,True
3,PT11M42.00S,11:42,Q3 11:42,23.7,234,2pt,MISS Ellis 17' Jump Shot,[],Ellis,49,39,Missed,True,False,101145.0,,substitution,rebound,,,,101133|101145|1626167|201582|201588|201600|201962|201967|202087|202331,101133|101145|1626167|201588|202331,201582|201600|201962|201967|202087,-171.0,-21.0,1610612754.0,21501068,True
3,PT11M40.00S,11:40,Q3 11:40,23.666666666666664,235,rebound,Asik REBOUND (Off:1 Def:9),[],Asik,49,39,,False,False,201600.0,,2pt missed,2pt made,,,,101133|101145|1626167|201582|201588|201600|201962|201967|202087|202331,201582|201600|201962|201967|202087,101133|101145|1626167|201588|202331,,,1610612740.0,21501068,True
3,PT11M17.00S,11:17,Q3 11:17,23.28333333333333,236,2pt,Ajinca 6' Turnaround Jump Shot (14 PTS),['pointsinthepaint'],Ajinca,49,41,Made,True,False,201582.0,,rebound,3pt made,,,,101133|101145|1626167|201582|201588|201600|201962|201967|202087|202331,201582|201600|201962|201967|202087,101133|101145|1626167|201588|202331,27.0,51.0,1610612740.0,21501068,True
3,PT11M05.00S,11:05,Q3 11:05,23.083333333333336,237,3pt,G. Hill 26' 3PT Jump Shot (6 PTS) (George 1 AST),[],Hill,52,41,Made,True,True,201588.0,202331.0,2pt made,turnover,,,,101133|101145|1626167|201582|201588|201600|201962|201967|202087|202331,101133|101145|1626167|201588|202331,201582|201600|201962|201967|202087,-7.0,262.0,1610612754.0,21501068,True
3,PT10M54.00S,10:54,Q3 10:54,22.9,238,turnover,Ajinca Out of Bounds - Bad Pass Turnover Turnover (P3.T7),[],Ajinca,52,41,,False,False,201582.0,,3pt made,2pt missed,,,,101133|101145|1626167|201582|201588|201600|201962|201967|202087|202331,201582|201600|201962|201967|202087,101133|101145|1626167|201588|202331,,,1610612740.0,21501068,True
3,PT10M42.00S,10:42,Q3 10:42,22.7,239,2pt,MISS Turner 17' Jump Shot,[],Turner,52,41,Missed,True,False,1626167.0,,turnover,rebound,,,,101133|101145|1626167|201582|201588|201600|201962|201967|202087|202331,101133|101145|1626167|201588|202331,201582|201600|201962|201967|202087,168.0,2.0,1610612754.0,21501068,True
3,PT10M41.00S,10:41,Q3 10:41,22.683333333333334,240,rebound,Asik REBOUND (Off:1 Def:10),[],Asik,52,41,,False,False,201600.0,,2pt missed,2pt made,,,,101133|101145|1626167|201582|201588|201600|201962|201967|202087|202331,201582|201600|201962|201967|202087,101133|101145|1626167|201588|202331,,,1610612740.0,21501068,True
3,PT10M28.00S,10:28,Q3 10:28,22.46666666666667,241,2pt,Cunningham 10' Driving Floating Jump Shot (7 PTS),[],Cunningham,52,43,Made,True,False,201967.0,,rebound,turnover,,,,101133|101145|1626167|201582|201588|201600|201962|201967|202087|202331,201582|201600|201962|201967|202087,101133|101145|1626167|201588|202331,102.0,-10.0,1610612740.0,21501068,True
3,PT10M14.00S,10:14,Q3 10:14,22.233333333333334,242,turnover,G. Hill Kicked Ball Violation Turnover (P4.T9),[],Hill,52,43,,False,False,201588.0,,2pt made,turnover,,,,101133|101145|1626167|201582|201588|201600|201962|201967|202087|202331,101133|101145|1626167|201588|202331,201582|201600|201962|201967|202087,,,1610612754.0,21501068,True
3,PT10M04.00S,10:04,Q3 10:04,22.066666666666666,243,turnover,Douglas Bad Pass Turnover (P1.T8),[],Douglas,52,43,,False,False,201962.0,,turnover,steal,,,,101133|101145|1626167|201582|201588|201600|201962|201967|202087|202331,201582|201600|201962|201967|202087,101133|101145|1626167|201588|202331,,,1610612740.0,21501068,True
3,PT10M04.00S,10:04,Q3 10:04,22.066666666666666,243,steal,Mahinmi STEAL (1 STL),[],Mahinmi,52,43,,False,False,101133.0,,turnover,2pt made,,101133.0,,101133|101145|1626167|201582|201588|201600|201962|201967|202087|202331,101133|101145|1626167|201588|202331,201582|201600|201962|201967|202087,,,1610612754.0,21501068,True
3,PT09M55.00S,09:55,Q3 09:55,21.916666666666664,244,2pt,George 1' Driving Layup (15 PTS),['pointsinthepaint'],George,54,43,Made,True,False,202331.0,,steal,2pt made,,,,101133|101145|1626167|201582|201588|201600|201962|201967|202087|202331,101133|101145|1626167|201588|202331,201582|201600|201962|201967|202087,4.0,11.0,1610612754.0,21501068,True
3,PT09M31.00S,09:31,Q3 09:31,21.516666666666666,245,2pt,Ajinca Dunk (16 PTS),['pointsinthepaint'],Ajinca,54,45,Made,True,False,201582.0,,2pt made,3pt missed,,,,101133|101145|1626167|201582|201588|201600|201962|201967|202087|202331,201582|201600|201962|201967|202087,101133|101145|1626167|201588|202331,0.0,1.0,1610612740.0,21501068,True
3,PT09M13.00S,09:13,Q3 09:13,21.21666666666667,246,3pt,MISS George 26' 3PT Jump Shot,[],George,54,45,Missed,True,False,202331.0,,2pt made,rebound,,,,101133|101145|1626167|201582|201588|201600|201962|201967|202087|202331,101133|101145|1626167|201588|202331,201582|201600|201962|201967|202087,-6.0,257.0,1610612754.0,21501068,True
3,PT09M12.00S,09:12,Q3 09:12,21.2,247,rebound,Asik REBOUND (Off:1 Def:11),[],Asik,54,45,,False,False,201600.0,,3pt missed,2pt missed,,,,101133|101145|1626167|201582|201588|201600|201962|201967|202087|202331,201582|201600|201962|201967|202087,101133|101145|1626167|201588|202331,,,1610612740.0,21501068,True
3,PT09M00.00S,09:00,Q3 09:00,21.0,248,2pt,MISS Douglas 21' Pullup Jump Shot,[],Douglas,54,45,Missed,True,False,201962.0,,rebound,rebound,,,,101133|101145|1626167|201582|201588|201600|201962|201967|202087|202331,201582|201600|201962|201967|202087,101133|101145|1626167|201588|202331,-83.0,195.0,1610612740.0,21501068,True
3,PT09M00.00S,09:00,Q3 09:00,21.0,249,rebound,Turner REBOUND (Off:1 Def:9),[],Turner,54,45,,False,False,1626167.0,,2pt missed,2pt made,,,,101133|101145|1626167|201582|201588|201600|201962|201967|202087|202331,101133|101145|1626167|201588|202331,201582|201600|201962|201967|202087,,,1610612754.0,21501068,True
3,PT08M44.00S,08:44,Q3 08:44,20.733333333333334,250,2pt,Turner 21' Jump Shot (18 PTS) (George 2 AST),[],Turner,56,45,Made,True,True,1626167.0,202331.0,rebound,2pt missed,,,,101133|101145|1626167|201582|201588|201600|201962|201967|202087|202331,101133|101145|1626167|201588|202331,201582|201600|201962|201967|202087,69.0,203.0,1610612754.0,21501068,True
3,PT08M21.00S,08:21,Q3 08:21,20.35,251,2pt,MISS Cunningham 10' Pullup Jump Shot,[],Cunningham,56,45,Missed,True,False,201967.0,,2pt made,block,,,,101133|101145|1626167|201582|201588|201600|201962|201967|202087|202331,201582|201600|201962|201967|202087,101133|101145|1626167|201588|202331,101.0,8.0,1610612740.0,21501068,True
3,PT08M21.00S,08:21,Q3 08:21,20.35,251,block,George BLOCK (1 BLK),[],George,56,45,,False,False,202331.0,,2pt missed,rebound,,,202331.0,101133|101145|1626167|201582|201588|201600|201962|201967|202087|202331,101133|101145|1626167|201588|202331,201582|201600|201962|201967|202087,,,1610612754.0,21501068,True
3,PT08M20.00S,08:20,Q3 08:20,20.333333333333336,252,rebound,Turner REBOUND (Off:1 Def:10),[],Turner,56,45,,False,False,1626167.0,,block,turnover,,,,101133|101145|1626167|201582|201588|201600|201962|201967|202087|202331,101133|101145|1626167|201588|202331,201582|201600|201962|201967|202087,,,1610612754.0,21501068,True
3,PT08M08.00S,08:08,Q3 08:08,20.133333333333333,253,turnover,Turner Bad Pass Turnover (P2.T10),[],Turner,56,45,,False,False,1626167.0,,rebound,foul,,,,101133|101145|1626167|201582|201588|201600|201962|201967|202087|202331,101133|101145|1626167|201588|202331,201582|201600|201962|201967|202087,,,1610612754.0,21501068,True
3,PT08M08.00S,08:08,Q3 08:08,20.133333333333333,254,foul,Ellis L.B.FOUL (P1.T1) (B.Forte),[],Ellis,56,45,,False,False,101145.0,,turnover,2pt missed,202087.0,,,101133|101145|1626167|201582|201588|201600|201962|201967|202087|202331,101133|101145|1626167|201588|202331,201582|201600|201962|201967|202087,,,1610612754.0,21501068,True
3,PT07M52.00S,07:52,Q3 07:52,19.866666666666667,255,2pt,MISS Gee 22' Jump Shot,[],Gee,56,45,Missed,True,False,202087.0,,foul,rebound,,,,101133|101145|1626167|201582|201588|201600|201962|201967|202087|202331,201582|201600|201962|201967|202087,101133|101145|1626167|201588|202331,-220.0,-10.0,1610612740.0,21501068,True
3,PT07M51.00S,07:51,Q3 07:51,19.85,256,rebound,George REBOUND (Off:0 Def:4),[],George,56,45,,False,False,202331.0,,2pt missed,3pt missed,,,,101133|101145|1626167|201582|201588|201600|201962|201967|202087|202331,101133|101145|1626167|201588|202331,201582|201600|201962|201967|202087,,,1610612754.0,21501068,True
3,PT07M41.00S,07:41,Q3 07:41,19.683333333333334,257,3pt,MISS G. Hill 26' 3PT Jump Shot,[],Hill,56,45,Missed,True,False,201588.0,,rebound,rebound,,,,101133|101145|1626167|201582|201588|201600|201962|201967|202087|202331,101133|101145|1626167|201588|202331,201582|201600|201962|201967|202087,161.0,203.0,1610612754.0,21501068,True
3,PT07M40.00S,07:40,Q3 07:40,19.666666666666668,258,rebound,Asik REBOUND (Off:1 Def:12),[],Asik,56,45,,False,False,201600.0,,3pt missed,2pt missed,,,,101133|101145|1626167|201582|201588|201600|201962|201967|202087|202331,201582|201600|201962|201967|202087,101133|101145|1626167|201588|202331,,,1610612740.0,21501068,True
3,PT07M33.00S,07:33,Q3 07:33,19.55,259,2pt,MISS Gee Driving Layup,['pointsinthepaint'],Gee,56,45,Missed,True,False,202087.0,,rebound,rebound,,,,101133|101145|1626167|201582|201588|201600|201962|201967|202087|202331,201582|201600|201962|201967|202087,101133|101145|1626167|201588|202331,1.0,-1.0,1610612740.0,21501068,True
3,PT07M32.00S,07:32,Q3 07:32,19.53333333333333,260,rebound,Turner REBOUND (Off:1 Def:11),[],Turner,56,45,,False,False,1626167.0,,2pt missed,foul,,,,101133|101145|1626167|201582|201588|201600|201962|201967|202087|202331,101133|101145|1626167|201588|202331,201582|201600|201962|201967|202087,,,1610612754.0,21501068,True
3,PT07M31.00S,07:31,Q3 07:31,19.516666666666666,261,foul,Douglas P.FOUL (P1.T1) (B.Forte),[],Douglas,56,45,,False,False,201962.0,,rebound,substitution,101133.0,,,101133|101145|1626167|201582|201588|201600|201962|201967|202087|202331,201582|201600|201962|201967|202087,101133|101145|1626167|201588|202331,,,1610612740.0,21501068,True
3,PT07M31.00S,07:31,Q3 07:31,19.516666666666666,262,substitution,SUB out: P. George,[],George,56,45,,False,False,202331.0,,foul,substitution,,,,101133|101145|1626167|201582|201588|201600|201962|201967|202087,101133|101145|1626167|201588,201582|201600|201962|201967|202087,,,1610612754.0,21501068,False
3,PT07M31.00S,07:31,Q3 07:31,19.516666666666666,263,substitution,SUB in: C. Miles,[],Miles,56,45,,False,False,101139.0,,substitution,2pt missed,,,,101133|101139|101145|1626167|201582|201588|201600|201962|201967|202087,101133|101139|101145|1626167|201588,201582|201600|201962|201967|202087,,,1610612754.0,21501068,True
3,PT07M14.00S,07:14,Q3 07:14,19.233333333333334,263,2pt,MISS Mahinmi 7' Turnaround Jump Shot,['pointsinthepaint'],Mahinmi,56,45,Missed,True,False,101133.0,,substitution,rebound,,,,101133|101139|101145|1626167|201582|201588|201600|201962|201967|202087,101133|101139|101145|1626167|201588,201582|201600|201962|201967|202087,66.0,26.0,1610612754.0,21501068,True
3,PT07M13.00S,07:13,Q3 07:13,19.21666666666667,264,rebound,Asik REBOUND (Off:1 Def:13),[],Asik,56,45,,False,False,201600.0,,2pt missed,foul,,,,101133|101139|101145|1626167|201582|201588|201600|201962|201967|202087,201582|201600|201962|201967|202087,101133|101139|101145|1626167|201588,,,1610612740.0,21501068,True
3,PT07M05.00S,07:05,Q3 07:05,19.083333333333332,266,foul,Turner S.FOUL (P1.T2) (L.Holtkamp),[],Turner,56,45,,False,False,1626167.0,,rebound,freethrow,201582.0,,,101133|101139|101145|1626167|201582|201588|201600|201962|201967|202087,101133|101139|101145|1626167|201588,201582|201600|201962|201967|202087,,,1610612754.0,21501068,True
3,PT07M05.00S,07:05,Q3 07:05,19.083333333333332,267,freethrow,Ajinca Free Throw 1 of 2 (17 PTS),[],Ajinca,56,46,Made,False,False,201582.0,,foul,freethrow,,,,101133|101139|101145|1626167|201582|201588|201600|201962|201967|202087,201582|201600|201962|201967|202087,101133|101139|101145|1626167|201588,,,1610612740.0,21501068,True
3,PT07M05.00S,07:05,Q3 07:05,19.083333333333332,269,freethrow,Ajinca Free Throw 2 of 2 (18 PTS),[],Ajinca,56,47,Made,False,False,201582.0,,freethrow,2pt made,,,,101133|101139|101145|1626167|201582|201588|201600|201962|201967|202087,201582|201600|201962|201967|202087,101133|101139|101145|1626167|201588,,,1610612740.0,21501068,True
3,PT06M53.00S,06:53,Q3 06:53,18.883333333333333,272,2pt,Turner 20' Jump Shot (20 PTS) (Ellis 3 AST),[],Turner,58,47,Made,True,True,1626167.0,101145.0,freethrow,3pt missed,,,,101133|101139|101145|1626167|201582|201588|201600|201962|201967|202087,101133|101139|101145|1626167|201588,201582|201600|201962|201967|202087,-9.0,203.0,1610612754.0,21501068,True
3,PT06M41.00S,06:41,Q3 06:41,18.683333333333334,273,3pt,MISS Douglas 27' 3PT Jump Shot,[],Douglas,58,47,Missed,True,False,201962.0,,2pt made,rebound,,,,101133|101139|101145|1626167|201582|201588|201600|201962|201967|202087,201582|201600|201962|201967|202087,101133|101139|101145|1626167|201588,-94.0,252.0,1610612740.0,21501068,True
3,PT06M40.00S,06:40,Q3 06:40,18.666666666666668,274,rebound,Turner REBOUND (Off:1 Def:12),[],Turner,58,47,,False,False,1626167.0,,3pt missed,2pt missed,,,,101133|101139|101145|1626167|201582|201588|201600|201962|201967|202087,101133|101139|101145|1626167|201588,201582|201600|201962|201967|202087,,,1610612754.0,21501068,True
3,PT06M31.00S,06:31,Q3 06:31,18.516666666666666,275,2pt,MISS Ellis 16' Pullup Jump Shot,[],Ellis,58,47,Missed,True,False,101145.0,,rebound,rebound,,,,101133|101139|101145|1626167|201582|201588|201600|201962|201967|202087,101133|101139|101145|1626167|201588,201582|201600|201962|201967|202087,-161.0,2.0,1610612754.0,21501068,True
3,PT06M30.00S,06:30,Q3 06:30,18.5,276,rebound,Ajinca REBOUND (Off:1 Def:5),[],Ajinca,58,47,,False,False,201582.0,,2pt missed,foul,,,,101133|101139|101145|1626167|201582|201588|201600|201962|201967|202087,201582|201600|201962|201967|202087,101133|101139|101145|1626167|201588,,,1610612740.0,21501068,True
3,PT06M21.00S,06:21,Q3 06:21,18.35,277,foul,Miles P.FOUL (P2.T3) (T.Washington),[],Miles,58,47,,False,False,101139.0,,rebound,2pt made,201962.0,,,101133|101139|101145|1626167|201582|201588|201600|201962|201967|202087,101133|101139|101145|1626167|201588,201582|201600|201962|201967|202087,,,1610612754.0,21501068,True
3,PT06M08.00S,06:08,Q3 06:08,18.133333333333333,278,2pt,Douglas 17' Pullup Jump Shot (6 PTS),[],Douglas,58,49,Made,True,False,201962.0,,foul,timeout,,,,101133|101139|101145|1626167|201582|201588|201600|201962|201967|202087,201582|201600|201962|201967|202087,101133|101139|101145|1626167|201588,166.0,-16.0,1610612740.0,21501068,True
3,PT06M01.00S,06:01,Q3 06:01,18.016666666666666,279,timeout,PACERS Timeout: Regular (Full 3 Short 0),[],,58,49,,False,False,0.0,,2pt made,substitution,,,,101133|101139|101145|1626167|201582|201588|201600|201962|201967|202087,101133|101139|101145|1626167|201588,201582|201600|201962|201967|202087,,,1610612754.0,21501068,True
3,PT06M01.00S,06:01,Q3 06:01,18.016666666666666,281,substitution,SUB out: A. Gee,[],Gee,58,49,,False,False,202087.0,,timeout,substitution,,,,101133|101139|101145|1626167|201582|201588|201600|201962|201967,201582|201600|201962|201967,101133|101139|101145|1626167|201588,,,1610612740.0,21501068,False
3,PT06M01.00S,06:01,Q3 06:01,18.016666666666666,282,substitution,SUB in: T. Frazier,[],Frazier,58,49,,False,False,204025.0,,substitution,3pt missed,,,,101133|101139|101145|1626167|201582|201588|201600|201962|201967|204025,201582|201600|201962|201967|204025,101133|101139|101145|1626167|201588,,,1610612740.0,21501068,True
3,PT05M39.00S,05:39,Q3 05:39,17.65,283,3pt,MISS Ellis 27' 3PT Pullup Jump Shot,[],Ellis,58,49,Missed,True,False,101145.0,,substitution,rebound,,,,101133|101139|101145|1626167|201582|201588|201600|201962|201967|204025,101133|101139|101145|1626167|201588,201582|201600|201962|201967|204025,-160.0,223.0,1610612754.0,21501068,True
3,PT05M39.00S,05:39,Q3 05:39,17.65,284,rebound,Ajinca REBOUND (Off:1 Def:6),[],Ajinca,58,49,,False,False,201582.0,,3pt missed,foul,,,,101133|101139|101145|1626167|201582|201588|201600|201962|201967|204025,201582|201600|201962|201967|204025,101133|101139|101145|1626167|201588,,,1610612740.0,21501068,True
3,PT05M29.00S,05:29,Q3 05:29,17.483333333333334,285,foul,Ellis S.FOUL (P2.T4) (L.Holtkamp),[],Ellis,58,49,,False,False,101145.0,,rebound,freethrow,204025.0,,,101133|101139|101145|1626167|201582|201588|201600|201962|201967|204025,101133|101139|101145|1626167|201588,201582|201600|201962|201967|204025,,,1610612754.0,21501068,True
3,PT05M29.00S,05:29,Q3 05:29,17.483333333333334,286,freethrow,Frazier Free Throw 1 of 2 (8 PTS),[],Frazier,58,50,Made,False,False,204025.0,,foul,freethrow,,,,101133|101139|101145|1626167|201582|201588|201600|201962|201967|204025,201582|201600|201962|201967|204025,101133|101139|101145|1626167|201588,,,1610612740.0,21501068,True
3,PT05M29.00S,05:29,Q3 05:29,17.483333333333334,288,freethrow,Frazier Free Throw 2 of 2 (9 PTS),[],Frazier,58,51,Made,False,False,204025.0,,freethrow,2pt missed,,,,101133|101139|101145|1626167|201582|201588|201600|201962|201967|204025,201582|201600|201962|201967|204025,101133|101139|101145|1626167|201588,,,1610612740.0,21501068,True
3,PT05M14.00S,05:14,Q3 05:14,17.233333333333334,290,2pt,MISS Turner 12' Turnaround Jump Shot,[],Turner,58,51,Missed,True,False,1626167.0,,freethrow,rebound,,,,101133|101139|101145|1626167|201582|201588|201600|201962|201967|204025,101133|101139|101145|1626167|201588,201582|201600|201962|201967|204025,115.0,18.0,1610612754.0,21501068,True
3,PT05M14.00S,05:14,Q3 05:14,17.233333333333334,291,rebound,Asik REBOUND (Off:1 Def:14),[],Asik,58,51,,False,False,201600.0,,2pt missed,turnover,,,,101133|101139|101145|1626167|201582|201588|201600|201962|201967|204025,201582|201600|201962|201967|204025,101133|101139|101145|1626167|201588,,,1610612740.0,21501068,True
3,PT05M00.00S,05:00,Q3 05:00,17.0,292,turnover,Ajinca Bad Pass Turnover (P4.T9),[],Ajinca,58,51,,False,False,201582.0,,rebound,steal,,,,101133|101139|101145|1626167|201582|201588|201600|201962|201967|204025,201582|201600|201962|201967|204025,101133|101139|101145|1626167|201588,,,1610612740.0,21501068,True
3,PT05M00.00S,05:00,Q3 05:00,17.0,292,steal,Ellis STEAL (2 STL),[],Ellis,58,51,,False,False,101145.0,,turnover,3pt made,,101145.0,,101133|101139|101145|1626167|201582|201588|201600|201962|201967|204025,101133|101139|101145|1626167|201588,201582|201600|201962|201967|204025,,,1610612754.0,21501068,True
3,PT04M50.00S,04:50,Q3 04:50,16.833333333333332,293,3pt,Miles 28' 3PT Jump Shot (7 PTS) (G. Hill 6 AST),[],Miles,61,51,Made,True,True,101139.0,201588.0,steal,2pt missed,,,,101133|101139|101145|1626167|201582|201588|201600|201962|201967|204025,101133|101139|101145|1626167|201588,201582|201600|201962|201967|204025,81.0,267.0,1610612754.0,21501068,True
3,PT04M35.00S,04:35,Q3 04:35,16.583333333333332,294,2pt,MISS Ajinca 6' Hook Shot,['pointsinthepaint'],Ajinca,61,51,Missed,True,False,201582.0,,3pt made,rebound,,,,101133|101139|101145|1626167|201582|201588|201600|201962|201967|204025,201582|201600|201962|201967|204025,101133|101139|101145|1626167|201588,60.0,16.0,1610612740.0,21501068,True
3,PT04M33.00S,04:33,Q3 04:33,16.55,295,rebound,Douglas REBOUND (Off:1 Def:2),[],Douglas,61,51,,False,False,201962.0,,2pt missed,3pt missed,,,,101133|101139|101145|1626167|201582|201588|201600|201962|201967|204025,201582|201600|201962|201967|204025,101133|101139|101145|1626167|201588,,,1610612740.0,21501068,True
3,PT04M30.00S,04:30,Q3 04:30,16.5,296,3pt,MISS Douglas 25' 3PT Jump Shot,[],Douglas,61,51,Missed,True,False,201962.0,,rebound,2pt made,,,,101133|101139|101145|1626167|201582|201588|201600|201962|201967|204025,201582|201600|201962|201967|204025,101133|101139|101145|1626167|201588,-251.0,-1.0,1610612740.0,21501068,True
3,PT04M27.00S,04:27,Q3 04:27,16.45,297,2pt,Ajinca 1' Tip Layup Shot (20 PTS),['pointsinthepaint'],Ajinca,61,53,Made,True,False,201582.0,,3pt missed,rebound,,,,101133|101139|101145|1626167|201582|201588|201600|201962|201967|204025,201582|201600|201962|201967|204025,101133|101139|101145|1626167|201588,-11.0,7.0,1610612740.0,21501068,True
3,PT04M27.00S,04:27,Q3 04:27,16.45,298,rebound,Ajinca REBOUND (Off:2 Def:6),[],Ajinca,61,51,,False,False,201582.0,,2pt made,2pt made,,,,101133|101139|101145|1626167|201582|201588|201600|201962|201967|204025,201582|201600|201962|201967|204025,101133|101139|101145|1626167|201588,,,1610612740.0,21501068,True
3,PT04M14.00S,04:14,Q3 04:14,16.233333333333334,299,2pt,Miles 6' Driving Floating Jump Shot (9 PTS) (Ellis 4 AST),['pointsinthepaint'],Miles,63,53,Made,True,True,101139.0,101145.0,rebound,2pt made,,,,101133|101139|101145|1626167|201582|201588|201600|201962|201967|204025,101133|101139|101145|1626167|201588,201582|201600|201962|201967|204025,-38.0,46.0,1610612754.0,21501068,True
3,PT03M51.00S,03:51,Q3 03:51,15.85,300,2pt,Asik 2' Reverse Layup (2 PTS),['pointsinthepaint'],Asik,63,55,Made,True,False,201600.0,,2pt made,2pt made,,,,101133|101139|101145|1626167|201582|201588|201600|201962|201967|204025,201582|201600|201962|201967|204025,101133|101139|101145|1626167|201588,-20.0,-6.0,1610612740.0,21501068,True
3,PT03M35.00S,03:35,Q3 03:35,15.583333333333334,301,2pt,Turner 20' Pullup Jump Shot (22 PTS),[],Turner,65,55,Made,True,False,1626167.0,,2pt made,turnover,,,,101133|101139|101145|1626167|201582|201588|201600|201962|201967|204025,101133|101139|101145|1626167|201588,201582|201600|201962|201967|204025,68.0,183.0,1610612754.0,21501068,True
3,PT03M23.00S,03:23,Q3 03:23,15.383333333333333,302,turnover,Frazier Out of Bounds - Bad Pass Turnover Turnover (P3.T10),[],Frazier,65,55,,False,False,204025.0,,2pt made,substitution,,,,101133|101139|101145|1626167|201582|201588|201600|201962|201967|204025,201582|201600|201962|201967|204025,101133|101139|101145|1626167|201588,,,1610612740.0,21501068,True
3,PT03M23.00S,03:23,Q3 03:23,15.383333333333333,303,substitution,SUB out: M. Ellis,[],Ellis,65,55,,False,False,101145.0,,turnover,substitution,,,,101133|101139|1626167|201582|201588|201600|201962|201967|204025,101133|101139|1626167|201588,201582|201600|201962|201967|204025,,,1610612754.0,21501068,False
3,PT03M23.00S,03:23,Q3 03:23,15.383333333333333,304,substitution,SUB in: R. Stuckey,[],Stuckey,65,55,,False,False,201155.0,,substitution,2pt missed,,,,101133|101139|1626167|201155|201582|201588|201600|201962|201967|204025,101133|101139|1626167|201155|201588,201582|201600|201962|201967|204025,,,1610612754.0,21501068,True
3,PT02M59.00S,02:59,Q3 02:59,14.983333333333334,304,2pt,MISS Mahinmi 9' Turnaround Hook Shot,[],Mahinmi,65,55,Missed,True,False,101133.0,,substitution,rebound,,,,101133|101139|1626167|201155|201582|201588|201600|201962|201967|204025,101133|101139|1626167|201155|201588,201582|201600|201962|201967|204025,87.0,36.0,1610612754.0,21501068,True
3,PT02M58.00S,02:58,Q3 02:58,14.966666666666667,305,rebound,Frazier REBOUND (Off:0 Def:1),[],Frazier,65,55,,False,False,204025.0,,2pt missed,2pt missed,,,,101133|101139|1626167|201155|201582|201588|201600|201962|201967|204025,201582|201600|201962|201967|204025,101133|101139|1626167|201155|201588,,,1610612740.0,21501068,True
3,PT02M51.00S,02:51,Q3 02:51,14.85,306,2pt,MISS Frazier 1' Jump Shot,['pointsinthepaint'],Frazier,65,55,Missed,True,False,204025.0,,rebound,block,,,,101133|101139|1626167|201155|201582|201588|201600|201962|201967|204025,201582|201600|201962|201967|204025,101133|101139|1626167|201155|201588,-14.0,3.0,1610612740.0,21501068,True
3,PT02M51.00S,02:51,Q3 02:51,14.85,306,block,G. Hill BLOCK (1 BLK),[],Hill,65,55,,False,False,201588.0,,2pt missed,rebound,,,201588.0,101133|101139|1626167|201155|201582|201588|201600|201962|201967|204025,101133|101139|1626167|201155|201588,201582|201600|201962|201967|204025,,,1610612754.0,21501068,True
3,PT02M50.00S,02:50,Q3 02:50,14.833333333333334,307,rebound,Frazier REBOUND (Off:1 Def:1),[],Frazier,65,55,,False,False,204025.0,,block,2pt made,,,,101133|101139|1626167|201155|201582|201588|201600|201962|201967|204025,201582|201600|201962|201967|204025,101133|101139|1626167|201155|201588,,,1610612740.0,21501068,True
3,PT02M47.00S,02:47,Q3 02:47,14.783333333333333,308,2pt,Ajinca 17' Jump Shot (22 PTS) (Frazier 4 AST),[],Ajinca,65,57,Made,True,True,201582.0,204025.0,rebound,foul,,,,101133|101139|1626167|201155|201582|201588|201600|201962|201967|204025,201582|201600|201962|201967|204025,101133|101139|1626167|201155|201588,66.0,159.0,1610612740.0,21501068,True
3,PT02M30.00S,02:30,Q3 02:30,14.5,309,foul,Douglas S.FOUL (P2.T2) (L.Holtkamp),[],Douglas,65,57,,False,False,201962.0,,2pt made,timeout,201155.0,,,101133|101139|1626167|201155|201582|201588|201600|201962|201967|204025,201582|201600|201962|201967|204025,101133|101139|1626167|201155|201588,,,1610612740.0,21501068,True
3,PT02M30.00S,02:30,Q3 02:30,14.5,310,timeout,Pelicans Timeout: Regular (Reg.3 Short 1),[],,65,57,,False,False,0.0,,foul,freethrow,,,,101133|101139|1626167|201155|201582|201588|201600|201962|201967|204025,201582|201600|201962|201967|204025,101133|101139|1626167|201155|201588,,,1610612740.0,21501068,True
3,PT02M30.00S,02:30,Q3 02:30,14.5,317,freethrow,Stuckey Free Throw 1 of 2 (7 PTS),[],Stuckey,66,57,Made,False,False,201155.0,,timeout,freethrow,,,,101133|101139|1626167|201155|201582|201588|201600|201962|201967|204025,101133|101139|1626167|201155|201588,201582|201600|201962|201967|204025,,,1610612754.0,21501068,True
3,PT02M30.00S,02:30,Q3 02:30,14.5,319,freethrow,Stuckey Free Throw 2 of 2 (8 PTS),[],Stuckey,67,57,Made,False,False,201155.0,,freethrow,substitution,,,,101133|101139|1626167|201155|201582|201588|201600|201962|201967|204025,101133|101139|1626167|201155|201588,201582|201600|201962|201967|204025,,,1610612754.0,21501068,True
3,PT02M30.00S,02:30,Q3 02:30,14.5,312,substitution,SUB out: I. Mahinmi,[],Mahinmi,65,57,,False,False,101133.0,,substitution,substitution,,,,101139|1626167|201155|201582|201588|201600|201962|201967|203524|204025,101139|1626167|201155|201588|203524,201582|201600|201962|201967|204025,,,1610612754.0,21501068,True
3,PT02M30.00S,02:30,Q3 02:30,14.5,313,substitution,SUB out: G. Hill,[],Hill,65,57,,False,False,201588.0,,substitution,substitution,,,,101139|1626167|201155|201582|201600|201962|201967|203524|204025,101139|1626167|201155|203524,201582|201600|201962|201967|204025,,,1610612754.0,21501068,False
3,PT02M30.00S,02:30,Q3 02:30,14.5,314,substitution,SUB out: D. Cunningham,[],Cunningham,65,57,,False,False,201967.0,,substitution,substitution,,,,101139|1626167|201155|201582|201600|201962|203524|204025,201582|201600|201962|204025,101139|1626167|201155|203524,,,1610612740.0,21501068,False
3,PT02M30.00S,02:30,Q3 02:30,14.5,315,substitution,SUB out: O. Asik,[],Asik,65,57,,False,False,201600.0,,substitution,substitution,,,,101139|1626167|201155|201582|201962|203524|204025,201582|201962|204025,101139|1626167|201155|203524,,,1610612740.0,21501068,False
3,PT02M30.00S,02:30,Q3 02:30,14.5,316,substitution,SUB out: T. Douglas,[],Douglas,65,57,,False,False,201962.0,,substitution,substitution,,,,101139|1626167|201155|201582|203524|204025,201582|204025,101139|1626167|201155|203524,,,1610612740.0,21501068,False
3,PT02M30.00S,02:30,Q3 02:30,14.5,317,substitution,SUB in: T. Lawson,[],Lawson,65,57,,False,False,201951.0,,substitution,substitution,,,,101139|1626167|201155|201582|201951|203524|204025,101139|1626167|201155|201951|203524,201582|204025,,,1610612754.0,21501068,False
3,PT02M30.00S,02:30,Q3 02:30,14.5,318,substitution,SUB in: J. Hill,[],Hill,65,57,,False,False,201941.0,,substitution,substitution,,,,101139|1626167|201155|201582|201941|201951|203524|204025,101139|1626167|201155|201941|201951|203524,201582|204025,,,1610612754.0,21501068,False
3,PT02M30.00S,02:30,Q3 02:30,14.5,319,substitution,SUB in: K. Perkins,[],Perkins,65,57,,False,False,2570.0,,substitution,substitution,,,,101139|1626167|201155|201582|201941|201951|203524|204025|2570,201582|204025|2570,101139|1626167|201155|201941|201951|203524,,,1610612740.0,21501068,False
3,PT02M30.00S,02:30,Q3 02:30,14.5,320,substitution,SUB in: A. Gee,[],Gee,65,57,,False,False,202087.0,,substitution,substitution,,,,101139|1626167|201155|201582|201941|201951|202087|203524|204025|2570,201582|202087|204025|2570,101139|1626167|201155|201941|201951|203524,,,1610612740.0,21501068,True
3,PT02M30.00S,02:30,Q3 02:30,14.5,321,substitution,SUB in: L. Babbitt,[],Babbitt,65,57,,False,False,202337.0,,substitution,2pt made,,,,101139|1626167|201155|201582|201941|201951|202087|202337|203524|204025|2570,201582|202087|202337|204025|2570,101139|1626167|201155|201941|201951|203524,,,1610612740.0,21501068,False
3,PT02M07.00S,02:07,Q3 02:07,14.116666666666667,321,2pt,Gee Driving Dunk (10 PTS),['pointsinthepaint'],Gee,67,59,Made,True,False,202087.0,,substitution,3pt missed,,,,101139|1626167|201155|201582|201941|201951|202087|202337|203524|204025|2570,201582|202087|202337|204025|2570,101139|1626167|201155|201941|201951|203524,0.0,1.0,1610612740.0,21501068,False
3,PT01M48.00S,01:48,Q3 01:48,13.8,322,3pt,MISS Miles 28' 3PT Jump Shot,[],Miles,67,59,Missed,True,False,101139.0,,2pt made,rebound,,,,101139|1626167|201155|201582|201941|201951|202087|202337|203524|204025|2570,101139|1626167|201155|201941|201951|203524,201582|202087|202337|204025|2570,187.0,208.0,1610612754.0,21501068,False
3,PT01M47.00S,01:47,Q3 01:47,13.783333333333333,323,rebound,Frazier REBOUND (Off:1 Def:2),[],Frazier,67,59,,False,False,204025.0,,3pt missed,2pt missed,,,,101139|1626167|201155|201582|201941|201951|202087|202337|203524|204025|2570,201582|202087|202337|204025|2570,101139|1626167|201155|201941|201951|203524,,,1610612740.0,21501068,False
3,PT01M32.00S,01:32,Q3 01:32,13.533333333333333,324,2pt,MISS Ajinca 6' Turnaround Jump Shot,['pointsinthepaint'],Ajinca,67,59,Missed,True,False,201582.0,,rebound,rebound,,,,101139|1626167|201155|201582|201941|201951|202087|202337|203524|204025|2570,201582|202087|202337|204025|2570,101139|1626167|201155|201941|201951|203524,-32.0,46.0,1610612740.0,21501068,False
3,PT01M30.00S,01:30,Q3 01:30,13.5,325,rebound,Perkins REBOUND (Off:1 Def:2),[],Perkins,67,59,,False,False,2570.0,,2pt missed,2pt missed,,,,101139|1626167|201155|201582|201941|201951|202087|202337|203524|204025|2570,201582|202087|202337|204025|2570,101139|1626167|201155|201941|201951|203524,,,1610612740.0,21501068,False
3,PT01M28.00S,01:28,Q3 01:28,13.466666666666667,326,2pt,MISS Perkins 4' Jump Shot,['pointsinthepaint'],Perkins,67,59,Missed,True,False,2570.0,,rebound,rebound,,,,101139|1626167|201155|201582|201941|201951|202087|202337|203524|204025|2570,201582|202087|202337|204025|2570,101139|1626167|201155|201941|201951|203524,-7.0,41.0,1610612740.0,21501068,False
3,PT01M27.00S,01:27,Q3 01:27,13.45,327,rebound,Miles REBOUND (Off:0 Def:2),[],Miles,67,59,,False,False,101139.0,,2pt missed,foul,,,,101139|1626167|201155|201582|201941|201951|202087|202337|203524|204025|2570,101139|1626167|201155|201941|201951|203524,201582|202087|202337|204025|2570,,,1610612754.0,21501068,False
3,PT01M26.00S,01:26,Q3 01:26,13.433333333333334,328,foul,Perkins Personal Take Foul (P2.T3) (B.Forte),[],Perkins,67,59,,False,False,2570.0,,rebound,2pt missed,1626167.0,,,101139|1626167|201155|201582|201941|201951|202087|202337|203524|204025|2570,201582|202087|202337|204025|2570,101139|1626167|201155|201941|201951|203524,,,1610612740.0,21501068,False
3,PT01M12.00S,01:12,Q3 01:12,13.2,330,2pt,MISS Turner 20' Jump Shot,[],Turner,67,59,Missed,True,False,1626167.0,,foul,rebound,,,,101139|1626167|201155|201582|201941|201951|202087|202337|203524|204025|2570,101139|1626167|201155|201941|201951|203524,201582|202087|202337|204025|2570,55.0,190.0,1610612754.0,21501068,False
3,PT01M11.00S,01:11,Q3 01:11,13.183333333333334,331,rebound,Gee REBOUND (Off:1 Def:2),[],Gee,67,59,,False,False,202087.0,,2pt missed,2pt missed,,,,101139|1626167|201155|201582|201941|201951|202087|202337|203524|204025|2570,201582|202087|202337|204025|2570,101139|1626167|201155|201941|201951|203524,,,1610612740.0,21501068,False
3,PT00M49.90S,00:49,Q3 00:49,12.831666666666667,332,2pt,MISS Babbitt 11' Running Jump Shot,['pointsinthepaint'],Babbitt,67,59,Missed,True,False,202337.0,,rebound,block,,,,101139|1626167|201155|201582|201941|201951|202087|202337|203524|204025|2570,201582|202087|202337|204025|2570,101139|1626167|201155|201941|201951|203524,-1.0,111.0,1610612740.0,21501068,False
3,PT00M49.90S,00:49,Q3 00:49,12.831666666666667,332,block,Turner BLOCK (3 BLK),[],Turner,67,59,,False,False,1626167.0,,2pt missed,rebound,,,1626167.0,101139|1626167|201155|201582|201941|201951|202087|202337|203524|204025|2570,101139|1626167|201155|201941|201951|203524,201582|202087|202337|204025|2570,,,1610612754.0,21501068,False
3,PT00M48.60S,00:48,Q3 00:48,12.81,333,rebound,S. Hill REBOUND (Off:0 Def:1),[],Hill,67,59,,False,False,203524.0,,block,3pt missed,,,,101139|1626167|201155|201582|201941|201951|202087|202337|203524|204025|2570,101139|1626167|201155|201941|201951|203524,201582|202087|202337|204025|2570,,,1610612754.0,21501068,False
3,PT00M32.90S,00:32,Q3 00:32,12.548333333333334,334,3pt,MISS Miles 27' 3PT Jump Shot,[],Miles,67,59,Missed,True,False,101139.0,,rebound,rebound,,,,101139|1626167|201155|201582|201941|201951|202087|202337|203524|204025|2570,101139|1626167|201155|201941|201951|203524,201582|202087|202337|204025|2570,19.0,272.0,1610612754.0,21501068,False
3,PT00M31.90S,00:31,Q3 00:31,12.531666666666666,335,rebound,Babbitt REBOUND (Off:0 Def:1),[],Babbitt,67,59,,False,False,202337.0,,3pt missed,2pt made,,,,101139|1626167|201155|201582|201941|201951|202087|202337|203524|204025|2570,201582|202087|202337|204025|2570,101139|1626167|201155|201941|201951|203524,,,1610612740.0,21501068,False
3,PT00M26.90S,00:26,Q3 00:26,12.448333333333334,336,2pt,Frazier 17' Pullup Jump Shot (11 PTS) (Babbitt 1 AST),[],Frazier,67,61,Made,True,True,204025.0,202337.0,rebound,3pt made,,,,101139|1626167|201155|201582|201941|201951|202087|202337|203524|204025|2570,201582|202087|202337|204025|2570,101139|1626167|201155|201941|201951|203524,123.0,124.0,1610612740.0,21501068,False
3,PT00M04.00S,00:04,Q3 00:04,12.066666666666666,337,3pt,Miles 3PT Jump Shot (12 PTS) (Turner 1 AST),[],Miles,70,61,Made,True,True,101139.0,1626167.0,2pt made,turnover,,,,101139|1626167|201155|201582|201941|201951|202087|202337|203524|204025|2570,101139|1626167|201155|201941|201951|203524,201582|202087|202337|204025|2570,232.0,-11.0,1610612754.0,21501068,False
3,PT00M01.90S,00:01,Q3 00:01,12.031666666666666,338,turnover,Ajinca Lost Ball Turnover (P5.T11),[],Ajinca,70,61,,False,False,201582.0,,3pt made,steal,,,,101139|1626167|201155|201582|201941|201951|202087|202337|203524|204025|2570,201582|202087|202337|204025|2570,101139|1626167|201155|201941|201951|203524,,,1610612740.0,21501068,False
3,PT00M01.90S,00:01,Q3 00:01,12.031666666666666,338,steal,Lawson STEAL (2 STL),[],Lawson,70,61,,False,False,201951.0,,turnover,period,,201951.0,,101139|1626167|201155|201582|201941|201951|202087|202337|203524|204025|2570,101139|1626167|201155|201941|201951|203524,201582|202087|202337|204025|2570,,,1610612754.0,21501068,False
3,PT00M00.00S,00:00,Q3 00:00,12.0,339,period,End of 3rd Period (8:41 PM EST),[],,70,61,,False,False,0.0,,steal,period,,,,101139|1626167|201155|201582|201941|201951|202087|202337|203524|204025|2570,101139|1626167|201155|201941|201951|203524,201582|202087|202337|204025|2570,,,1610612754.0,21501068,False
4,PT12M00.00S,12:00,Q4 12:00,12.0,341,period,Start of 4th Period (8:43 PM EST),[],,70,61,,False,False,0.0,,period,substitution,,,,101139|1626167|201155|201582|201941|201951|202087|202337|203524|204025|2570,101139|1626167|201155|201941|201951|203524,201582|202087|202337|204025|2570,,,1610612754.0,21501068,False
4,PT11M47.00S,11:47,Q4 11:47,11.783333333333333,342,2pt,Frazier 20' Pullup Jump Shot (13 PTS) (Perkins 2 AST),[],Frazier,70,63,Made,True,True,204025.0,2570.0,substitution,3pt made,,,,101139|201155|201582|201941|201951|202087|202337|203524|204025|2570,201582|202087|202337|204025|2570,101139|201155|201941|201951|203524,81.0,180.0,1610612740.0,21501068,True
4,PT11M29.00S,11:29,Q4 11:29,11.483333333333333,343,3pt,Miles 3PT Jump Shot (15 PTS) (Stuckey 2 AST),[],Miles,73,63,Made,True,True,101139.0,201155.0,2pt made,turnover,,,,101139|201155|201582|201941|201951|202087|202337|203524|204025|2570,101139|201155|201941|201951|203524,201582|202087|202337|204025|2570,227.0,-6.0,1610612754.0,21501068,True
4,PT11M16.00S,11:16,Q4 11:16,11.266666666666667,344,turnover,Frazier Bad Pass Turnover (P4.T12),[],Frazier,73,63,,False,False,204025.0,,3pt made,steal,,,,101139|201155|201582|201941|201951|202087|202337|203524|204025|2570,201582|202087|202337|204025|2570,101139|201155|201941|201951|203524,,,1610612740.0,21501068,True
4,PT11M16.00S,11:16,Q4 11:16,11.266666666666667,344,steal,Lawson STEAL (3 STL),[],Lawson,73,63,,False,False,201951.0,,turnover,2pt made,,201951.0,,101139|201155|201582|201941|201951|202087|202337|203524|204025|2570,101139|201155|201941|201951|203524,201582|202087|202337|204025|2570,,,1610612754.0,21501068,True
4,PT11M07.00S,11:07,Q4 11:07,11.116666666666667,345,2pt,Miles 1' Driving Finger Roll Layup (17 PTS) (Lawson 2 AST),['pointsinthepaint'],Miles,75,63,Made,True,True,101139.0,201951.0,steal,timeout,,,,101139|201155|201582|201941|201951|202087|202337|203524|204025|2570,101139|201155|201941|201951|203524,201582|202087|202337|204025|2570,-9.0,-6.0,1610612754.0,21501068,True
4,PT11M07.00S,11:07,Q4 11:07,11.116666666666667,346,timeout,Pelicans Timeout: Regular (Reg.4 Short 1),[],,75,63,,False,False,0.0,,2pt made,substitution,,,,101139|201155|201582|201941|201951|202087|202337|203524|204025|2570,201582|202087|202337|204025|2570,101139|201155|201941|201951|203524,,,1610612740.0,21501068,True
4,PT11M07.00S,11:07,Q4 11:07,11.116666666666667,348,substitution,SUB out: A. Ajinca,[],Ajinca,75,63,,False,False,201582.0,,timeout,substitution,,,,101139|201155|201941|201951|202087|202337|203524|204025|2570,202087|202337|204025|2570,101139|201155|201941|201951|203524,,,1610612740.0,21501068,False
4,PT11M07.00S,11:07,Q4 11:07,11.116666666666667,349,substitution,SUB in: D. Cunningham,[],Cunningham,75,63,,False,False,201967.0,,substitution,2pt made,,,,101139|201155|201941|201951|201967|202087|202337|203524|204025|2570,201967|202087|202337|204025|2570,101139|201155|201941|201951|203524,,,1610612740.0,21501068,True
4,PT10M54.00S,10:54,Q4 10:54,10.9,349,2pt,Gee 1' Driving Layup (12 PTS),['pointsinthepaint'],Gee,75,65,Made,True,False,202087.0,,substitution,foul,,,,101139|201155|201941|201951|201967|202087|202337|203524|204025|2570,201967|202087|202337|204025|2570,101139|201155|201941|201951|203524,7.0,11.0,1610612740.0,21501068,True
4,PT10M54.00S,10:54,Q4 10:54,10.9,350,foul,J. Hill S.FOUL (P1.T1) (B.Forte),[],Hill,75,65,,False,False,201941.0,,2pt made,freethrow,202087.0,,,101139|201155|201941|201951|201967|202087|202337|203524|204025|2570,101139|201155|201941|201951|203524,201967|202087|202337|204025|2570,,,1610612754.0,21501068,True
4,PT10M54.00S,10:54,Q4 10:54,10.9,351,freethrow,Gee Free Throw 1 of 1 (13 PTS),[],Gee,75,66,Made,False,False,202087.0,,foul,2pt made,,,,101139|201155|201941|201951|201967|202087|202337|203524|204025|2570,201967|202087|202337|204025|2570,101139|201155|201941|201951|203524,,,1610612740.0,21501068,True
4,PT10M38.00S,10:38,Q4 10:38,10.633333333333333,353,2pt,J. Hill 15' Jump Shot (4 PTS) (Miles 1 AST),[],Hill,77,66,Made,True,True,201941.0,101139.0,freethrow,2pt missed,,,,101139|201155|201941|201951|201967|202087|202337|203524|204025|2570,101139|201155|201941|201951|203524,201967|202087|202337|204025|2570,-132.0,65.0,1610612754.0,21501068,True
4,PT10M11.00S,10:11,Q4 10:11,10.183333333333334,354,2pt,MISS Gee 15' Pullup Jump Shot,[],Gee,77,66,Missed,True,False,202087.0,,2pt made,rebound,,,,101139|201155|201941|201951|201967|202087|202337|203524|204025|2570,201967|202087|202337|204025|2570,101139|201155|201941|201951|203524,140.0,65.0,1610612740.0,21501068,True
4,PT10M10.00S,10:10,Q4 10:10,10.166666666666666,355,rebound,Lawson REBOUND (Off:0 Def:1),[],Lawson,77,66,,False,False,201951.0,,2pt missed,3pt missed,,,,101139|201155|201941|201951|201967|202087|202337|203524|204025|2570,101139|201155|201941|201951|203524,201967|202087|202337|204025|2570,,,1610612754.0,21501068,True
4,PT10M03.00S,10:03,Q4 10:03,10.05,356,3pt,MISS Miles 26' 3PT Jump Shot,[],Miles,77,66,Missed,True,False,101139.0,,rebound,rebound,,,,101139|201155|201941|201951|201967|202087|202337|203524|204025|2570,101139|201155|201941|201951|203524,201967|202087|202337|204025|2570,14.0,264.0,1610612754.0,21501068,True
4,PT10M01.00S,10:01,Q4 10:01,10.016666666666667,357,rebound,Perkins REBOUND (Off:1 Def:3),[],Perkins,77,66,,False,False,2570.0,,3pt missed,foul,,,,101139|201155|201941|201951|201967|202087|202337|203524|204025|2570,201967|202087|202337|204025|2570,101139|201155|201941|201951|203524,,,1610612740.0,21501068,True
4,PT09M52.00S,09:52,Q4 09:52,9.866666666666667,358,foul,Babbitt Offensive Charge Foul (P1) (T.Washington),[],Babbitt,77,66,,False,False,202337.0,,rebound,turnover,201951.0,,,101139|201155|201941|201951|201967|202087|202337|203524|204025|2570,201967|202087|202337|204025|2570,101139|201155|201941|201951|203524,,,1610612740.0,21501068,True
4,PT09M52.00S,09:52,Q4 09:52,9.866666666666667,359,turnover,Babbitt Foul Turnover (P1.T13),[],Babbitt,77,66,,False,False,202337.0,,foul,2pt made,,,,101139|201155|201941|201951|201967|202087|202337|203524|204025|2570,201967|202087|202337|204025|2570,101139|201155|201941|201951|203524,,,1610612740.0,21501068,True
4,PT09M43.00S,09:43,Q4 09:43,9.716666666666667,360,2pt,Lawson 1' Driving Finger Roll Layup (4 PTS),['pointsinthepaint'],Lawson,79,66,Made,True,False,201951.0,,turnover,3pt missed,,,,101139|201155|201941|201951|201967|202087|202337|203524|204025|2570,101139|201155|201941|201951|203524,201967|202087|202337|204025|2570,4.0,7.0,1610612754.0,21501068,True
4,PT09M33.00S,09:33,Q4 09:33,9.55,361,3pt,MISS Cunningham 25' 3PT Jump Shot,[],Cunningham,79,66,Missed,True,False,201967.0,,2pt made,rebound,,,,101139|201155|201941|201951|201967|202087|202337|203524|204025|2570,201967|202087|202337|204025|2570,101139|201155|201941|201951|203524,-6.0,252.0,1610612740.0,21501068,True
4,PT09M31.00S,09:31,Q4 09:31,9.516666666666667,362,rebound,Frazier REBOUND (Off:2 Def:2),[],Frazier,79,66,,False,False,204025.0,,3pt missed,2pt made,,,,101139|201155|201941|201951|201967|202087|202337|203524|204025|2570,201967|202087|202337|204025|2570,101139|201155|201941|201951|203524,,,1610612740.0,21501068,True
4,PT09M28.00S,09:28,Q4 09:28,9.466666666666667,363,2pt,Gee Cutting Dunk Shot (15 PTS) (Frazier 5 AST),['pointsinthepaint'],Gee,79,68,Made,True,True,202087.0,204025.0,rebound,turnover,,,,101139|201155|201941|201951|201967|202087|202337|203524|204025|2570,201967|202087|202337|204025|2570,101139|201155|201941|201951|203524,0.0,1.0,1610612740.0,21501068,True
4,PT09M00.00S,09:00,Q4 09:00,9.0,364,turnover,J. Hill Lost Ball Turnover (P1.T11),[],Hill,79,68,,False,False,201941.0,,2pt made,steal,,,,101139|201155|201941|201951|201967|202087|202337|203524|204025|2570,101139|201155|201941|201951|203524,201967|202087|202337|204025|2570,,,1610612754.0,21501068,True
4,PT09M00.00S,09:00,Q4 09:00,9.0,364,steal,Cunningham STEAL (1 STL),[],Cunningham,79,68,,False,False,201967.0,,turnover,3pt missed,,201967.0,,101139|201155|201941|201951|201967|202087|202337|203524|204025|2570,201967|202087|202337|204025|2570,101139|201155|201941|201951|203524,,,1610612740.0,21501068,True
4,PT08M54.00S,08:54,Q4 08:54,8.9,365,3pt,MISS Babbitt 24' 3PT Jump Shot,[],Babbitt,79,68,Missed,True,False,202337.0,,steal,rebound,,,,101139|201155|201941|201951|201967|202087|202337|203524|204025|2570,201967|202087|202337|204025|2570,101139|201155|201941|201951|203524,-124.0,205.0,1610612740.0,21501068,True
4,PT08M53.00S,08:53,Q4 08:53,8.883333333333333,366,rebound,J. Hill REBOUND (Off:0 Def:2),[],Hill,79,68,,False,False,201941.0,,3pt missed,2pt missed,,,,101139|201155|201941|201951|201967|202087|202337|203524|204025|2570,101139|201155|201941|201951|203524,201967|202087|202337|204025|2570,,,1610612754.0,21501068,True
4,PT08M40.00S,08:40,Q4 08:40,8.666666666666666,367,2pt,MISS Stuckey Driving Layup,['pointsinthepaint'],Stuckey,79,68,Missed,True,False,201155.0,,rebound,2pt missed,,,,101139|201155|201941|201951|201967|202087|202337|203524|204025|2570,101139|201155|201941|201951|203524,201967|202087|202337|204025|2570,-2.0,0.0,1610612754.0,21501068,True
4,PT08M38.00S,08:38,Q4 08:38,8.633333333333333,368,2pt,MISS J. Hill Putback Dunk,['pointsinthepaint'],Hill,79,68,Missed,True,False,201941.0,,2pt missed,rebound,,,,101139|201155|201941|201951|201967|202087|202337|203524|204025|2570,101139|201155|201941|201951|203524,201967|202087|202337|204025|2570,0.0,1.0,1610612754.0,21501068,True
4,PT08M38.00S,08:38,Q4 08:38,8.633333333333333,369,rebound,J. Hill REBOUND (Off:1 Def:2),[],Hill,79,68,,False,False,201941.0,,2pt missed,rebound,,,,101139|201155|201941|201951|201967|202087|202337|203524|204025|2570,101139|201155|201941|201951|203524,201967|202087|202337|204025|2570,,,1610612754.0,21501068,True
4,PT08M37.00S,08:37,Q4 08:37,8.616666666666667,370,rebound,Babbitt REBOUND (Off:0 Def:2),[],Babbitt,79,68,,False,False,202337.0,,rebound,foul,,,,101139|201155|201941|201951|201967|202087|202337|203524|204025|2570,201967|202087|202337|204025|2570,101139|201155|201941|201951|203524,,,1610612740.0,21501068,True
4,PT08M36.00S,08:36,Q4 08:36,8.6,371,foul,S. Hill P.FOUL (P1.T2) (L.Holtkamp),[],Hill,79,68,,False,False,203524.0,,rebound,2pt missed,202337.0,,,101139|201155|201941|201951|201967|202087|202337|203524|204025|2570,101139|201155|201941|201951|203524,201967|202087|202337|204025|2570,,,1610612754.0,21501068,True
4,PT08M28.00S,08:28,Q4 08:28,8.466666666666667,372,2pt,MISS Babbitt 8' Jump Shot,['pointsinthepaint'],Babbitt,79,68,Missed,True,False,202337.0,,foul,rebound,,,,101139|201155|201941|201951|201967|202087|202337|203524|204025|2570,201967|202087|202337|204025|2570,101139|201155|201941|201951|203524,1.0,80.0,1610612740.0,21501068,True
4,PT08M27.00S,08:27,Q4 08:27,8.45,373,rebound,J. Hill REBOUND (Off:1 Def:3),[],Hill,79,68,,False,False,201941.0,,2pt missed,2pt missed,,,,101139|201155|201941|201951|201967|202087|202337|203524|204025|2570,101139|201155|201941|201951|203524,201967|202087|202337|204025|2570,,,1610612754.0,21501068,True
4,PT08M06.00S,08:06,Q4 08:06,8.1,374,2pt,MISS J. Hill 18' Fadeaway Jumper,[],Hill,79,68,Missed,True,False,201941.0,,rebound,rebound,,,,101139|201155|201941|201951|201967|202087|202337|203524|204025|2570,101139|201155|201941|201951|203524,201967|202087|202337|204025|2570,132.0,115.0,1610612754.0,21501068,True
4,PT08M05.00S,08:05,Q4 08:05,8.083333333333334,375,rebound,Cunningham REBOUND (Off:1 Def:1),[],Cunningham,79,68,,False,False,201967.0,,2pt missed,2pt made,,,,101139|201155|201941|201951|201967|202087|202337|203524|204025|2570,201967|202087|202337|204025|2570,101139|201155|201941|201951|203524,,,1610612740.0,21501068,True
4,PT07M52.00S,07:52,Q4 07:52,7.866666666666667,376,2pt,Frazier 10' Running Jump Shot (15 PTS),['pointsinthepaint'],Frazier,79,70,Made,True,False,204025.0,,rebound,timeout,,,,101139|201155|201941|201951|201967|202087|202337|203524|204025|2570,201967|202087|202337|204025|2570,101139|201155|201941|201951|203524,-24.0,92.0,1610612740.0,21501068,True
4,PT07M52.00S,07:52,Q4 07:52,7.866666666666667,377,timeout,PACERS Timeout: Regular (Full 4 Short 0),[],,79,70,,False,False,0.0,,2pt made,substitution,,,,101139|201155|201941|201951|201967|202087|202337|203524|204025|2570,101139|201155|201941|201951|203524,201967|202087|202337|204025|2570,,,1610612754.0,21501068,True
4,PT07M52.00S,07:52,Q4 07:52,7.866666666666667,379,substitution,SUB out: J. Hill,[],Hill,79,70,,False,False,201941.0,,timeout,substitution,,,,101139|201155|201951|201967|202087|202337|203524|204025|2570,101139|201155|201951|203524,201967|202087|202337|204025|2570,,,1610612754.0,21501068,False
4,PT07M52.00S,07:52,Q4 07:52,7.866666666666667,380,substitution,SUB out: C. Miles,[],Miles,79,70,,False,False,101139.0,,substitution,substitution,,,,201155|201951|201967|202087|202337|203524|204025|2570,201155|201951|203524,201967|202087|202337|204025|2570,,,1610612754.0,21501068,False
4,PT07M52.00S,07:52,Q4 07:52,7.866666666666667,381,substitution,SUB in: M. Ellis,[],Ellis,79,70,,False,False,101145.0,,substitution,substitution,,,,101145|201155|201951|201967|202087|202337|203524|204025|2570,101145|201155|201951|203524,201967|202087|202337|204025|2570,,,1610612754.0,21501068,False
4,PT07M52.00S,07:52,Q4 07:52,7.866666666666667,382,substitution,SUB in: I. Mahinmi,[],Mahinmi,79,70,,False,False,101133.0,,substitution,turnover,,,,101133|101145|201155|201951|201967|202087|202337|203524|204025|2570,101133|101145|201155|201951|203524,201967|202087|202337|204025|2570,,,1610612754.0,21501068,True
4,PT07M45.00S,07:45,Q4 07:45,7.75,381,turnover,Lawson Poss Lost Ball Turnover (P1.T12),[],Lawson,79,70,,False,False,201951.0,,substitution,turnover,,,,101133|101145|201155|201951|201967|202087|202337|203524|204025|2570,101133|101145|201155|201951|203524,201967|202087|202337|204025|2570,,,1610612754.0,21501068,True
4,PT07M29.00S,07:29,Q4 07:29,7.483333333333333,382,turnover,Frazier Bad Pass Turnover (P5.T14),[],Frazier,79,70,,False,False,204025.0,,turnover,steal,,,,101133|101145|201155|201951|201967|202087|202337|203524|204025|2570,201967|202087|202337|204025|2570,101133|101145|201155|201951|203524,,,1610612740.0,21501068,True
4,PT07M29.00S,07:29,Q4 07:29,7.483333333333333,382,steal,Ellis STEAL (3 STL),[],Ellis,79,70,,False,False,101145.0,,turnover,2pt missed,,101145.0,,101133|101145|201155|201951|201967|202087|202337|203524|204025|2570,101133|101145|201155|201951|203524,201967|202087|202337|204025|2570,,,1610612754.0,21501068,True
4,PT07M11.00S,07:11,Q4 07:11,7.183333333333334,383,2pt,MISS Ellis 17' Pullup Jump Shot,[],Ellis,79,70,Missed,True,False,101145.0,,steal,rebound,,,,101133|101145|201155|201951|201967|202087|202337|203524|204025|2570,101133|101145|201155|201951|203524,201967|202087|202337|204025|2570,112.0,126.0,1610612754.0,21501068,True
4,PT07M09.00S,07:09,Q4 07:09,7.15,384,rebound,Perkins REBOUND (Off:1 Def:4),[],Perkins,79,70,,False,False,2570.0,,2pt missed,3pt made,,,,101133|101145|201155|201951|201967|202087|202337|203524|204025|2570,201967|202087|202337|204025|2570,101133|101145|201155|201951|203524,,,1610612740.0,21501068,True
4,PT06M51.00S,06:51,Q4 06:51,6.85,385,3pt,Frazier 26' 3PT Pullup Jump Shot (18 PTS),[],Frazier,79,73,Made,True,False,204025.0,,rebound,2pt missed,,,,101133|101145|201155|201951|201967|202087|202337|203524|204025|2570,201967|202087|202337|204025|2570,101133|101145|201155|201951|203524,1.0,257.0,1610612740.0,21501068,True
4,PT06M37.00S,06:37,Q4 06:37,6.616666666666667,386,2pt,MISS Lawson 19' Jump Shot,[],Lawson,79,73,Missed,True,False,201951.0,,3pt made,rebound,,,,101133|101145|201155|201951|201967|202087|202337|203524|204025|2570,101133|101145|201155|201951|203524,201967|202087|202337|204025|2570,110.0,151.0,1610612754.0,21501068,True
4,PT06M36.00S,06:36,Q4 06:36,6.6,387,rebound,Babbitt REBOUND (Off:0 Def:3),[],Babbitt,79,73,,False,False,202337.0,,2pt missed,turnover,,,,101133|101145|201155|201951|201967|202087|202337|203524|204025|2570,201967|202087|202337|204025|2570,101133|101145|201155|201951|203524,,,1610612740.0,21501068,True
4,PT06M17.00S,06:17,Q4 06:17,6.283333333333333,388,turnover,Babbitt Lost Ball Turnover (P2.T15),[],Babbitt,79,73,,False,False,202337.0,,rebound,steal,,,,101133|101145|201155|201951|201967|202087|202337|203524|204025|2570,201967|202087|202337|204025|2570,101133|101145|201155|201951|203524,,,1610612740.0,21501068,True
4,PT06M17.00S,06:17,Q4 06:17,6.283333333333333,388,steal,Mahinmi STEAL (2 STL),[],Mahinmi,79,73,,False,False,101133.0,,turnover,2pt made,,101133.0,,101133|101145|201155|201951|201967|202087|202337|203524|204025|2570,101133|101145|201155|201951|203524,201967|202087|202337|204025|2570,,,1610612754.0,21501068,True
4,PT06M13.00S,06:13,Q4 06:13,6.216666666666667,389,2pt,Ellis 1' Running Finger Roll Layup (5 PTS),['pointsinthepaint'],Ellis,81,73,Made,True,False,101145.0,,steal,turnover,,,,101133|101145|201155|201951|201967|202087|202337|203524|204025|2570,101133|101145|201155|201951|203524,201967|202087|202337|204025|2570,6.0,2.0,1610612754.0,21501068,True
4,PT05M59.00S,05:59,Q4 05:59,5.983333333333333,390,turnover,Frazier Out of Bounds - Bad Pass Turnover Turnover (P6.T16),[],Frazier,81,73,,False,False,204025.0,,2pt made,substitution,,,,101133|101145|201155|201951|201967|202087|202337|203524|204025|2570,201967|202087|202337|204025|2570,101133|101145|201155|201951|203524,,,1610612740.0,21501068,True
4,PT05M59.00S,05:59,Q4 05:59,5.983333333333333,391,substitution,SUB out: S. Hill,[],Hill,81,73,,False,False,203524.0,,turnover,substitution,,,,101133|101145|201155|201951|201967|202087|202337|204025|2570,101133|101145|201155|201951,201967|202087|202337|204025|2570,,,1610612754.0,21501068,False
4,PT05M59.00S,05:59,Q4 05:59,5.983333333333333,392,substitution,SUB out: T. Lawson,[],Lawson,81,73,,False,False,201951.0,,substitution,substitution,,,,101133|101145|201155|201967|202087|202337|204025|2570,101133|101145|201155,201967|202087|202337|204025|2570,,,1610612754.0,21501068,False
4,PT05M59.00S,05:59,Q4 05:59,5.983333333333333,393,substitution,SUB out: R. Stuckey,[],Stuckey,81,73,,False,False,201155.0,,substitution,substitution,,,,101133|101145|201967|202087|202337|204025|2570,101133|101145,201967|202087|202337|204025|2570,,,1610612754.0,21501068,False
4,PT05M59.00S,05:59,Q4 05:59,5.983333333333333,394,substitution,SUB in: M. Turner,[],Turner,81,73,,False,False,1626167.0,,substitution,substitution,,,,101133|101145|1626167|201967|202087|202337|204025|2570,101133|101145|1626167,201967|202087|202337|204025|2570,,,1610612754.0,21501068,False
4,PT05M59.00S,05:59,Q4 05:59,5.983333333333333,395,substitution,SUB in: G. Hill,[],Hill,81,73,,False,False,201588.0,,substitution,substitution,,,,101133|101145|1626167|201588|201967|202087|202337|204025|2570,101133|101145|1626167|201588,201967|202087|202337|204025|2570,,,1610612754.0,21501068,False
4,PT05M59.00S,05:59,Q4 05:59,5.983333333333333,396,substitution,SUB in: C. Miles,[],Miles,81,73,,False,False,101139.0,,substitution,2pt made,,,,101133|101139|101145|1626167|201588|201967|202087|202337|204025|2570,101133|101139|101145|1626167|201588,201967|202087|202337|204025|2570,,,1610612754.0,21501068,True
4,PT05M41.00S,05:41,Q4 05:41,5.683333333333334,394,2pt,Mahinmi 1' Layup (2 PTS) (G. Hill 7 AST),['pointsinthepaint'],Mahinmi,83,73,Made,True,True,101133.0,201588.0,substitution,2pt missed,,,,101133|101139|101145|1626167|201588|201967|202087|202337|204025|2570,101133|101139|101145|1626167|201588,201967|202087|202337|204025|2570,-11.0,-6.0,1610612754.0,21501068,True
4,PT05M17.00S,05:17,Q4 05:17,5.283333333333333,395,2pt,MISS Babbitt 2' Driving Layup,['pointsinthepaint'],Babbitt,83,73,Missed,True,False,202337.0,,2pt made,rebound,,,,101133|101139|101145|1626167|201588|201967|202087|202337|204025|2570,201967|202087|202337|204025|2570,101133|101139|101145|1626167|201588,-17.0,3.0,1610612740.0,21501068,True
4,PT05M16.00S,05:16,Q4 05:16,5.266666666666667,396,rebound,Miles REBOUND (Off:0 Def:3),[],Miles,83,73,,False,False,101139.0,,2pt missed,3pt missed,,,,101133|101139|101145|1626167|201588|201967|202087|202337|204025|2570,101133|101139|101145|1626167|201588,201967|202087|202337|204025|2570,,,1610612754.0,21501068,True
4,PT05M08.00S,05:08,Q4 05:08,5.133333333333334,397,3pt,MISS Miles 25' 3PT Jump Shot,[],Miles,83,73,Missed,True,False,101139.0,,rebound,rebound,,,,101133|101139|101145|1626167|201588|201967|202087|202337|204025|2570,101133|101139|101145|1626167|201588,201967|202087|202337|204025|2570,32.0,252.0,1610612754.0,21501068,True
4,PT05M06.00S,05:06,Q4 05:06,5.1,398,rebound,Frazier REBOUND (Off:2 Def:3),[],Frazier,83,73,,False,False,204025.0,,3pt missed,2pt missed,,,,101133|101139|101145|1626167|201588|201967|202087|202337|204025|2570,201967|202087|202337|204025|2570,101133|101139|101145|1626167|201588,,,1610612740.0,21501068,True
4,PT05M00.00S,05:00,Q4 05:00,5.0,399,2pt,MISS Frazier 21' Pullup Jump Shot,[],Frazier,83,73,Missed,True,False,204025.0,,rebound,rebound,,,,101133|101139|101145|1626167|201588|201967|202087|202337|204025|2570,201967|202087|202337|204025|2570,101133|101139|101145|1626167|201588,-73.0,195.0,1610612740.0,21501068,True
4,PT04M59.00S,04:59,Q4 04:59,4.983333333333333,400,rebound,Turner REBOUND (Off:1 Def:13),[],Turner,83,73,,False,False,1626167.0,,2pt missed,foul,,,,101133|101139|101145|1626167|201588|201967|202087|202337|204025|2570,101133|101139|101145|1626167|201588,201967|202087|202337|204025|2570,,,1610612754.0,21501068,True
4,PT04M41.00S,04:41,Q4 04:41,4.683333333333334,401,foul,Babbitt P.FOUL (P2.T1) (L.Holtkamp),[],Babbitt,83,73,,False,False,202337.0,,rebound,substitution,1626167.0,,,101133|101139|101145|1626167|201588|201967|202087|202337|204025|2570,201967|202087|202337|204025|2570,101133|101139|101145|1626167|201588,,,1610612740.0,21501068,True
4,PT04M41.00S,04:41,Q4 04:41,4.683333333333334,402,substitution,SUB out: T. Frazier,[],Frazier,83,73,,False,False,204025.0,,foul,substitution,,,,101133|101139|101145|1626167|201588|201967|202087|202337|2570,201967|202087|202337|2570,101133|101139|101145|1626167|201588,,,1610612740.0,21501068,False
4,PT04M41.00S,04:41,Q4 04:41,4.683333333333334,403,substitution,SUB out: K. Perkins,[],Perkins,83,73,,False,False,2570.0,,substitution,substitution,,,,101133|101139|101145|1626167|201588|201967|202087|202337,201967|202087|202337,101133|101139|101145|1626167|201588,,,1610612740.0,21501068,False
4,PT04M41.00S,04:41,Q4 04:41,4.683333333333334,404,substitution,SUB in: T. Douglas,[],Douglas,83,73,,False,False,201962.0,,substitution,substitution,,,,101133|101139|101145|1626167|201588|201962|201967|202087|202337,201962|201967|202087|202337,101133|101139|101145|1626167|201588,,,1610612740.0,21501068,False
4,PT04M41.00S,04:41,Q4 04:41,4.683333333333334,405,substitution,SUB in: A. Ajinca,[],Ajinca,83,73,,False,False,201582.0,,substitution,2pt missed,,,,101133|101139|101145|1626167|201582|201588|201962|201967|202087|202337,201582|201962|201967|202087|202337,101133|101139|101145|1626167|201588,,,1610612740.0,21501068,True
4,PT04M30.00S,04:30,Q4 04:30,4.5,404,2pt,MISS Turner 13' Step Back Jump Shot,[],Turner,83,73,Missed,True,False,1626167.0,,substitution,rebound,,,,101133|101139|101145|1626167|201582|201588|201962|201967|202087|202337,101133|101139|101145|1626167|201588,201582|201962|201967|202087|202337,91.0,95.0,1610612754.0,21501068,True
4,PT04M29.00S,04:29,Q4 04:29,4.483333333333333,405,rebound,Ajinca REBOUND (Off:2 Def:7),[],Ajinca,83,73,,False,False,201582.0,,2pt missed,2pt made,,,,101133|101139|101145|1626167|201582|201588|201962|201967|202087|202337,201582|201962|201967|202087|202337,101133|101139|101145|1626167|201588,,,1610612740.0,21501068,True
4,PT04M21.00S,04:21,Q4 04:21,4.35,406,2pt,Gee 1' Driving Layup (17 PTS) (Douglas 3 AST),['pointsinthepaint'],Gee,83,75,Made,True,True,202087.0,201962.0,rebound,2pt made,,,,101133|101139|101145|1626167|201582|201588|201962|201967|202087|202337,201582|201962|201967|202087|202337,101133|101139|101145|1626167|201588,-1.0,13.0,1610612740.0,21501068,True
4,PT03M57.00S,03:57,Q4 03:57,3.95,407,2pt,Ellis 5' Driving Bank Shot (7 PTS),['pointsinthepaint'],Ellis,85,75,Made,True,False,101145.0,,2pt made,2pt made,,,,101133|101139|101145|1626167|201582|201588|201962|201967|202087|202337,101133|101139|101145|1626167|201588,201582|201962|201967|202087|202337,50.0,18.0,1610612754.0,21501068,True
4,PT03M40.00S,03:40,Q4 03:40,3.6666666666666665,408,2pt,Cunningham 11' Turnaround Jump Shot (9 PTS),['pointsinthepaint'],Cunningham,85,77,Made,True,False,201967.0,,2pt made,2pt made,,,,101133|101139|101145|1626167|201582|201588|201962|201967|202087|202337,201582|201962|201967|202087|202337,101133|101139|101145|1626167|201588,-76.0,82.0,1610612740.0,21501068,True
4,PT03M17.00S,03:17,Q4 03:17,3.283333333333333,409,2pt,Turner Driving Dunk (24 PTS) (G. Hill 8 AST),['pointsinthepaint'],Turner,87,77,Made,True,True,1626167.0,201588.0,2pt made,3pt missed,,,,101133|101139|101145|1626167|201582|201588|201962|201967|202087|202337,101133|101139|101145|1626167|201588,201582|201962|201967|202087|202337,0.0,1.0,1610612754.0,21501068,True
4,PT03M03.00S,03:03,Q4 03:03,3.05,410,3pt,MISS Cunningham 28' 3PT Jump Shot,[],Cunningham,87,77,Missed,True,False,201967.0,,2pt made,rebound,,,,101133|101139|101145|1626167|201582|201588|201962|201967|202087|202337,201582|201962|201967|202087|202337,101133|101139|101145|1626167|201588,-9.0,277.0,1610612740.0,21501068,True
4,PT03M03.00S,03:03,Q4 03:03,3.05,411,rebound,Turner REBOUND (Off:1 Def:14),[],Turner,87,77,,False,False,1626167.0,,3pt missed,2pt missed,,,,101133|101139|101145|1626167|201582|201588|201962|201967|202087|202337,101133|101139|101145|1626167|201588,201582|201962|201967|202087|202337,,,1610612754.0,21501068,True
4,PT02M37.00S,02:37,Q4 02:37,2.6166666666666667,413,2pt,MISS Ellis 20' Pullup Jump Shot,[],Ellis,87,77,Missed,True,False,101145.0,,rebound,rebound,,,,101133|101139|101145|1626167|201582|201588|201962|201967|202087|202337,101133|101139|101145|1626167|201588,201582|201962|201967|202087|202337,99.0,174.0,1610612754.0,21501068,True
4,PT02M35.00S,02:35,Q4 02:35,2.5833333333333335,414,rebound,Douglas REBOUND (Off:1 Def:3),[],Douglas,87,77,,False,False,201962.0,,2pt missed,foul,,,,101133|101139|101145|1626167|201582|201588|201962|201967|202087|202337,201582|201962|201967|202087|202337,101133|101139|101145|1626167|201588,,,1610612740.0,21501068,True
4,PT02M30.00S,02:30,Q4 02:30,2.5,415,foul,G. Hill S.FOUL (P2.T3) (T.Washington),[],Hill,87,77,,False,False,201588.0,,rebound,timeout,201962.0,,,101133|101139|101145|1626167|201582|201588|201962|201967|202087|202337,101133|101139|101145|1626167|201588,201582|201962|201967|202087|202337,,,1610612754.0,21501068,True
4,PT02M30.00S,02:30,Q4 02:30,2.5,416,timeout,Timeout: Official,[],,87,77,,False,False,0.0,,foul,freethrow,,,,101133|101139|101145|1626167|201582|201588|201962|201967|202087|202337,101133|101139|101145|1626167|201588,201582|201962|201967|202087|202337,,,0.0,21501068,True
4,PT02M30.00S,02:30,Q4 02:30,2.5,419,freethrow,Douglas Free Throw 1 of 2 (7 PTS),[],Douglas,87,78,Made,False,False,201962.0,,timeout,freethrow,,,,101133|101139|101145|1626167|201582|201588|201962|201967|202087|202337,201582|201962|201967|202087|202337,101133|101139|101145|1626167|201588,,,1610612740.0,21501068,True
4,PT02M30.00S,02:30,Q4 02:30,2.5,421,freethrow,Douglas Free Throw 2 of 2 (8 PTS),[],Douglas,87,79,Made,False,False,201962.0,,freethrow,substitution,,,,101133|101139|101145|1626167|201582|201588|201962|201967|202087|202337,201582|201962|201967|202087|202337,101133|101139|101145|1626167|201588,,,1610612740.0,21501068,True
4,PT02M30.00S,02:30,Q4 02:30,2.5,418,substitution,SUB out: L. Babbitt,[],Babbitt,87,77,,False,False,202337.0,,freethrow,substitution,,,,101133|101139|101145|1626167|201582|201588|201962|201967|202087,201582|201962|201967|202087,101133|101139|101145|1626167|201588,,,1610612740.0,21501068,False
4,PT02M30.00S,02:30,Q4 02:30,2.5,419,substitution,SUB in: T. Frazier,[],Frazier,87,77,,False,False,204025.0,,substitution,foul,,,,101133|101139|101145|1626167|201582|201588|201962|201967|202087|204025,201582|201962|201967|202087|204025,101133|101139|101145|1626167|201588,,,1610612740.0,21501068,True
4,PT02M11.00S,02:11,Q4 02:11,2.183333333333333,423,foul,Ajinca S.FOUL (P4.T2) (L.Holtkamp),[],Ajinca,87,79,,False,False,201582.0,,substitution,freethrow,101133.0,,,101133|101139|101145|1626167|201582|201588|201962|201967|202087|204025,201582|201962|201967|202087|204025,101133|101139|101145|1626167|201588,,,1610612740.0,21501068,True
4,PT02M11.00S,02:11,Q4 02:11,2.183333333333333,424,freethrow,MISS Mahinmi Free Throw 1 of 2,[],Mahinmi,87,79,Missed,False,False,101133.0,,foul,rebound,,,,101133|101139|101145|1626167|201582|201588|201962|201967|202087|204025,101133|101139|101145|1626167|201588,201582|201962|201967|202087|204025,,,1610612754.0,21501068,True
4,PT02M11.00S,02:11,Q4 02:11,2.183333333333333,425,rebound,TEAM offensive REBOUND,['team'],,87,79,,False,False,0.0,,freethrow,freethrow,,,,101133|101139|101145|1626167|201582|201588|201962|201967|202087|204025,101133|101139|101145|1626167|201588,201582|201962|201967|202087|204025,,,1610612754.0,21501068,True
4,PT02M11.00S,02:11,Q4 02:11,2.183333333333333,426,freethrow,Mahinmi Free Throw 2 of 2 (3 PTS),['2ndchance'],Mahinmi,88,79,Made,False,False,101133.0,,rebound,2pt missed,,,,101133|101139|101145|1626167|201582|201588|201962|201967|202087|204025,101133|101139|101145|1626167|201588,201582|201962|201967|202087|204025,,,1610612754.0,21501068,True
4,PT01M48.00S,01:48,Q4 01:48,1.8,428,2pt,MISS Douglas 6' Jump Shot,['pointsinthepaint'],Douglas,88,79,Missed,True,False,201962.0,,freethrow,block,,,,101133|101139|101145|1626167|201582|201588|201962|201967|202087|204025,201582|201962|201967|202087|204025,101133|101139|101145|1626167|201588,61.0,8.0,1610612740.0,21501068,True
4,PT01M48.00S,01:48,Q4 01:48,1.8,428,block,Ellis BLOCK (1 BLK),[],Ellis,88,79,,False,False,101145.0,,2pt missed,rebound,,,101145.0,101133|101139|101145|1626167|201582|201588|201962|201967|202087|204025,101133|101139|101145|1626167|201588,201582|201962|201967|202087|204025,,,1610612754.0,21501068,True
4,PT01M47.00S,01:47,Q4 01:47,1.7833333333333332,429,rebound,Turner REBOUND (Off:1 Def:15),[],Turner,88,79,,False,False,1626167.0,,block,turnover,,,,101133|101139|101145|1626167|201582|201588|201962|201967|202087|204025,101133|101139|101145|1626167|201588,201582|201962|201967|202087|204025,,,1610612754.0,21501068,True
4,PT01M25.00S,01:25,Q4 01:25,1.4166666666666667,430,turnover,G. Hill Bad Pass Turnover (P5.T13),[],Hill,88,79,,False,False,201588.0,,rebound,steal,,,,101133|101139|101145|1626167|201582|201588|201962|201967|202087|204025,101133|101139|101145|1626167|201588,201582|201962|201967|202087|204025,,,1610612754.0,21501068,True
4,PT01M25.00S,01:25,Q4 01:25,1.4166666666666667,430,steal,Cunningham STEAL (2 STL),[],Cunningham,88,79,,False,False,201967.0,,turnover,2pt made,,201967.0,,101133|101139|101145|1626167|201582|201588|201962|201967|202087|204025,201582|201962|201967|202087|204025,101133|101139|101145|1626167|201588,,,1610612740.0,21501068,True
4,PT01M21.00S,01:21,Q4 01:21,1.35,431,2pt,Douglas Cutting Layup Shot (10 PTS) (Cunningham 1 AST),['pointsinthepaint'],Douglas,88,81,Made,True,True,201962.0,201967.0,steal,turnover,,,,101133|101139|101145|1626167|201582|201588|201962|201967|202087|204025,201582|201962|201967|202087|204025,101133|101139|101145|1626167|201588,4.0,2.0,1610612740.0,21501068,True
4,PT01M09.00S,01:09,Q4 01:09,1.15,432,turnover,Turner Lost Ball Turnover (P3.T14),[],Turner,88,81,,False,False,1626167.0,,2pt made,steal,,,,101133|101139|101145|1626167|201582|201588|201962|201967|202087|204025,101133|101139|101145|1626167|201588,201582|201962|201967|202087|204025,,,1610612754.0,21501068,True
4,PT01M09.00S,01:09,Q4 01:09,1.15,432,steal,Douglas STEAL (3 STL),[],Douglas,88,81,,False,False,201962.0,,turnover,3pt made,,201962.0,,101133|101139|101145|1626167|201582|201588|201962|201967|202087|204025,201582|201962|201967|202087|204025,101133|101139|101145|1626167|201588,,,1610612740.0,21501068,True
4,PT01M03.00S,01:03,Q4 01:03,1.05,433,3pt,Douglas 26' 3PT Jump Shot (13 PTS) (Gee 1 AST),[],Douglas,88,84,Made,True,True,201962.0,202087.0,steal,timeout,,,,101133|101139|101145|1626167|201582|201588|201962|201967|202087|204025,201582|201962|201967|202087|204025,101133|101139|101145|1626167|201588,-228.0,124.0,1610612740.0,21501068,True
4,PT01M03.00S,01:03,Q4 01:03,1.05,434,timeout,PACERS Timeout: Short (Full 4 Short 1),[],,88,84,,False,False,0.0,,3pt made,foul,,,,101133|101139|101145|1626167|201582|201588|201962|201967|202087|204025,101133|101139|101145|1626167|201588,201582|201962|201967|202087|204025,,,1610612754.0,21501068,True
4,PT00M52.20S,00:52,Q4 00:52,0.87,436,foul,Douglas Personal Take Foul (P3.T3) (T.Washington),[],Douglas,88,84,,False,False,201962.0,,timeout,foul,101139.0,,,101133|101139|101145|1626167|201582|201588|201962|201967|202087|204025,201582|201962|201967|202087|204025,101133|101139|101145|1626167|201588,,,1610612740.0,21501068,True
4,PT00M46.60S,00:46,Q4 00:46,0.7766666666666667,437,foul,Frazier Personal Take Foul (P2.PN) (L.Holtkamp),[],Frazier,88,84,,False,False,204025.0,,foul,freethrow,101139.0,,,101133|101139|101145|1626167|201582|201588|201962|201967|202087|204025,201582|201962|201967|202087|204025,101133|101139|101145|1626167|201588,,,1610612740.0,21501068,True
4,PT00M46.60S,00:46,Q4 00:46,0.7766666666666667,438,freethrow,Miles Free Throw 1 of 2 (18 PTS),[],Miles,89,84,Made,False,False,101139.0,,foul,freethrow,,,,101133|101139|101145|1626167|201582|201588|201962|201967|202087|204025,101133|101139|101145|1626167|201588,201582|201962|201967|202087|204025,,,1610612754.0,21501068,True
4,PT00M46.60S,00:46,Q4 00:46,0.7766666666666667,440,freethrow,Miles Free Throw 2 of 2 (19 PTS),[],Miles,90,84,Made,False,False,101139.0,,freethrow,timeout,,,,101133|101139|101145|1626167|201582|201588|201962|201967|202087|204025,101133|101139|101145|1626167|201588,201582|201962|201967|202087|204025,,,1610612754.0,21501068,True
4,PT00M46.60S,00:46,Q4 00:46,0.7766666666666667,442,timeout,Pelicans Timeout: Regular (Reg.5 Short 1),[],,90,84,,False,False,0.0,,freethrow,substitution,,,,101133|101139|101145|1626167|201582|201588|201962|201967|202087|204025,201582|201962|201967|202087|204025,101133|101139|101145|1626167|201588,,,1610612740.0,21501068,True
4,PT00M46.60S,00:46,Q4 00:46,0.7766666666666667,444,substitution,SUB out: A. Gee,[],Gee,90,84,,False,False,202087.0,,substitution,substitution,,,,101133|101139|101145|1626167|201582|201588|201962|201967|203524|204025,201582|201962|201967|204025,101133|101139|101145|1626167|201588|203524,,,1610612740.0,21501068,True
4,PT00M46.60S,00:46,Q4 00:46,0.7766666666666667,445,substitution,SUB out: M. Turner,[],Turner,90,84,,False,False,1626167.0,,substitution,substitution,,,,101133|101139|101145|201582|201588|201962|201967|203524|204025,101133|101139|101145|201588|203524,201582|201962|201967|204025,,,1610612754.0,21501068,False
4,PT00M46.60S,00:46,Q4 00:46,0.7766666666666667,446,substitution,SUB in: L. Babbitt,[],Babbitt,90,84,,False,False,202337.0,,substitution,substitution,,,,101133|101139|101145|201582|201588|201962|201967|202337|203524|204025,201582|201962|201967|202337|204025,101133|101139|101145|201588|203524,,,1610612740.0,21501068,True
4,PT00M46.60S,00:46,Q4 00:46,0.7766666666666667,447,substitution,SUB in: G. Hill,[],Hill,90,84,,False,False,201588.0,,substitution,3pt missed,,,,101133|101139|101145|201582|201588|201962|201967|202337|203524|204025,101133|101139|101145|201588|203524,201582|201962|201967|202337|204025,,,1610612754.0,21501068,True
4,PT00M43.90S,00:43,Q4 00:43,0.7316666666666667,446,3pt,MISS Babbitt 29' 3PT Jump Shot,[],Babbitt,90,84,Missed,True,False,202337.0,,substitution,rebound,,,,101133|101139|101145|201582|201588|201962|201967|202337|203524|204025,201582|201962|201967|202337|204025,101133|101139|101145|201588|203524,-153.0,242.0,1610612740.0,21501068,True
4,PT00M41.90S,00:41,Q4 00:41,0.6983333333333334,447,rebound,Ellis REBOUND (Off:0 Def:4),[],Ellis,90,84,,False,False,101145.0,,3pt missed,foul,,,,101133|101139|101145|201582|201588|201962|201967|202337|203524|204025,101133|101139|101145|201588|203524,201582|201962|201967|202337|204025,,,1610612754.0,21501068,True
4,PT00M40.10S,00:40,Q4 00:40,0.6683333333333333,448,foul,Douglas P.FOUL (P4.PN) (L.Holtkamp),['inpenalty'],Douglas,90,84,,False,False,201962.0,,rebound,freethrow,101145.0,,,101133|101139|101145|201582|201588|201962|201967|202337|203524|204025,201582|201962|201967|202337|204025,101133|101139|101145|201588|203524,,,1610612740.0,21501068,True
4,PT00M40.10S,00:40,Q4 00:40,0.6683333333333333,449,freethrow,Ellis Free Throw 1 of 2 (8 PTS),[],Ellis,91,84,Made,False,False,101145.0,,foul,freethrow,,,,101133|101139|101145|201582|201588|201962|201967|202337|203524|204025,101133|101139|101145|201588|203524,201582|201962|201967|202337|204025,,,1610612754.0,21501068,True
4,PT00M40.10S,00:40,Q4 00:40,0.6683333333333333,451,freethrow,Ellis Free Throw 2 of 2 (9 PTS),[],Ellis,92,84,Made,False,False,101145.0,,freethrow,timeout,,,,101133|101139|101145|201582|201588|201962|201967|202337|203524|204025,101133|101139|101145|201588|203524,201582|201962|201967|202337|204025,,,1610612754.0,21501068,True
4,PT00M40.10S,00:40,Q4 00:40,0.6683333333333333,453,timeout,Pelicans Timeout: Short (Reg.5 Short 2),[],,92,84,,False,False,0.0,,freethrow,3pt missed,,,,101133|101139|101145|201582|201588|201962|201967|202337|203524|204025,201582|201962|201967|202337|204025,101133|101139|101145|201588|203524,,,1610612740.0,21501068,True
4,PT00M30.90S,00:30,Q4 00:30,0.515,456,3pt,MISS Douglas 27' 3PT Jump Shot,[],Douglas,92,84,Missed,True,False,201962.0,,timeout,rebound,,,,101133|101139|101145|201582|201588|201962|201967|202337|203524|204025,201582|201962|201967|202337|204025,101133|101139|101145|201588|203524,-223.0,160.0,1610612740.0,21501068,True
4,PT00M30.50S,00:30,Q4 00:30,0.5083333333333333,457,rebound,S. Hill REBOUND (Off:0 Def:2),[],Hill,92,84,,False,False,203524.0,,3pt missed,3pt missed,,,,101133|101139|101145|201582|201588|201962|201967|202337|203524|204025,101133|101139|101145|201588|203524,201582|201962|201967|202337|204025,,,1610612754.0,21501068,True
4,PT00M08.80S,00:08,Q4 00:08,0.14666666666666667,458,3pt,MISS Miles 3PT Jump Shot,[],Miles,92,84,Missed,True,False,101139.0,,rebound,rebound,,,,101133|101139|101145|201582|201588|201962|201967|202337|203524|204025,101133|101139|101145|201588|203524,201582|201962|201967|202337|204025,-233.0,-16.0,1610612754.0,21501068,True
4,PT00M07.90S,00:07,Q4 00:07,0.13166666666666668,459,rebound,Douglas REBOUND (Off:1 Def:4),[],Douglas,92,84,,False,False,201962.0,,3pt missed,period,,,,101133|101139|101145|201582|201588|201962|201967|202337|203524|204025,201582|201962|201967|202337|204025,101133|101139|101145|201588|203524,,,1610612740.0,21501068,True
4,PT00M00.00S,00:00,Q4 00:00,0.0,460,period,End of 4th Period (9:14 PM EST),[],,92,84,,False,False,0.0,,rebound,,,,,101133|101139|101145|201582|201588|201962|201967|202337|203524|204025,101133|101139|101145|201588|203524,201582|201962|201967|202337|204025,,,1610612754.0,21501068,True
