period,clock,clock_display,game_clock,minutes_left_in_game,actionNumber,actionType,description,qualifier,playerName,scoreHome,scoreAway,shotResult,isFieldGoal,assisted,person_id,assister_id,previous_action,next_action,foulDrawnPersonId,stealPersonId,blockPersonId,players_on,off_players_on,def_players_on,xLegacy,yLegacy,teamId,game_id,poc_ok
1,PT12M00.00S,12:00,Q1 12:00,48.0,0,period,Start of 1st Period (7:11 PM EST),[],,0,0,,False,False,0.0,,,2pt made,,,,101162|1626143|201162|202066|202322|202397|203457|203490|203496|203917,1626143|202397|203457|203496|203917,101162|201162|202066|202322|203490,,,1610612755.0,21500862,True
1,PT11M41.00S,11:41,Q1 11:41,47.68333333333334,2,2pt,Okafor 8' Jump Shot (2 PTS) (Smith 1 AST),['pointsinthepaint'],Okafor,2,0,Made,True,True,1626143.0,202397.0,period,2pt missed,,,,101162|1626143|201162|202066|202322|202397|203457|203490|203496|203917,1626143|202397|203457|203496|203917,101162|201162|202066|202322|203490,-7.0,77.0,1610612755.0,21500862,True
1,PT11M23.00S,11:23,Q1 11:23,47.38333333333333,3,2pt,MISS Gortat 3' Jump Shot,['pointsinthepaint'],Gortat,0,0,Missed,True,False,101162.0,,2pt made,block,,,,101162|1626143|201162|202066|202322|202397|203457|203490|203496|203917,101162|201162|202066|202322|203490,1626143|202397|203457|203496|203917,30.0,7.0,1610612764.0,21500862,True
1,PT11M23.00S,11:23,Q1 11:23,47.38333333333333,3,block,Covington BLOCK (1 BLK),[],Covington,0,0,,False,False,203496.0,,2pt missed,rebound,,,203496.0,101162|1626143|201162|202066|202322|202397|203457|203490|203496|203917,1626143|202397|203457|203496|203917,101162|201162|202066|202322|203490,,,1610612755.0,21500862,True
1,PT11M21.00S,11:21,Q1 11:21,47.35,4,rebound,Covington REBOUND (Off:0 Def:1),[],Covington,0,0,,False,False,203496.0,,block,2pt made,,,,101162|1626143|201162|202066|202322|202397|203457|203490|203496|203917,1626143|202397|203457|203496|203917,101162|201162|202066|202322|203490,,,1610612755.0,21500862,True
1,PT11M10.00S,11:10,Q1 11:10,47.166666666666664,5,2pt,Noel 5' Turnaround Jump Shot (2 PTS) (Stauskas 1 AST),['pointsinthepaint'],Noel,4,0,Made,True,True,203457.0,203917.0,rebound,3pt made,,,,101162|1626143|201162|202066|202322|202397|203457|203490|203496|203917,1626143|202397|203457|203496|203917,101162|201162|202066|202322|203490,48.0,8.0,1610612755.0,21500862,True
1,PT10M51.00S,10:51,Q1 10:51,46.85,6,3pt,Porter Jr. 26' 3PT Jump Shot (3 PTS) (Wall 1 AST),[],Porter Jr.,4,3,Made,True,True,203490.0,202322.0,2pt made,2pt missed,,,,101162|1626143|201162|202066|202322|202397|203457|203490|203496|203917,101162|201162|202066|202322|203490,1626143|202397|203457|203496|203917,-181.0,193.0,1610612764.0,21500862,True
1,PT10M36.00S,10:36,Q1 10:36,46.6,7,2pt,MISS Okafor 12' Step Back Jump Shot,['pointsinthepaint'],Okafor,0,0,Missed,True,False,1626143.0,,3pt made,rebound,,,,101162|1626143|201162|202066|202322|202397|203457|203490|203496|203917,1626143|202397|203457|203496|203917,101162|201162|202066|202322|203490,-11.0,124.0,1610612755.0,21500862,True
1,PT10M34.00S,10:34,Q1 10:34,46.56666666666666,8,rebound,Wall REBOUND (Off:0 Def:1),[],Wall,0,0,,False,False,202322.0,,2pt missed,2pt made,,,,101162|1626143|201162|202066|202322|202397|203457|203490|203496|203917,101162|201162|202066|202322|203490,1626143|202397|203457|203496|203917,,,1610612764.0,21500862,True
1,PT10M28.00S,10:28,Q1 10:28,46.46666666666667,9,2pt,Gortat  Layup (2 PTS) (Wall 2 AST),['pointsinthepaint'],Gortat,4,5,Made,True,True,101162.0,202322.0,rebound,2pt missed,,,,101162|1626143|201162|202066|202322|202397|203457|203490|203496|203917,101162|201162|202066|202322|203490,1626143|202397|203457|203496|203917,0.0,-1.0,1610612764.0,21500862,True
1,PT10M07.00S,10:07,Q1 10:07,46.11666666666667,10,2pt,MISS Noel 3' Jump Shot,['pointsinthepaint'],Noel,0,0,Missed,True,False,203457.0,,2pt made,rebound,,,,101162|1626143|201162|202066|202322|202397|203457|203490|203496|203917,1626143|202397|203457|203496|203917,101162|201162|202066|202322|203490,-2.0,33.0,1610612755.0,21500862,True
1,PT10M05.00S,10:05,Q1 10:05,46.083333333333336,11,rebound,Gortat REBOUND (Off:0 Def:1),[],Gortat,0,0,,False,False,101162.0,,2pt missed,2pt missed,,,,101162|1626143|201162|202066|202322|202397|203457|203490|203496|203917,101162|201162|202066|202322|203490,1626143|202397|203457|203496|203917,,,1610612764.0,21500862,True
1,PT10M00.00S,10:00,Q1 10:00,46.0,12,2pt,MISS Wall 3' Running Layup,['pointsinthepaint'],Wall,0,0,Missed,True,False,202322.0,,rebound,rebound,,,,101162|1626143|201162|202066|202322|202397|203457|203490|203496|203917,101162|201162|202066|202322|203490,1626143|202397|203457|203496|203917,22.0,-15.0,1610612764.0,21500862,True
1,PT09M57.00S,09:57,Q1 09:57,45.95,13,rebound,Noel REBOUND (Off:0 Def:1),[],Noel,0,0,,False,False,203457.0,,2pt missed,3pt missed,,,,101162|1626143|201162|202066|202322|202397|203457|203490|203496|203917,1626143|202397|203457|203496|203917,101162|201162|202066|202322|203490,,,1610612755.0,21500862,True
1,PT09M49.00S,09:49,Q1 09:49,45.81666666666666,14,3pt,MISS Stauskas  3PT Jump Shot,[],Stauskas,0,0,Missed,True,False,203917.0,,rebound,rebound,,,,101162|1626143|201162|202066|202322|202397|203457|203490|203496|203917,1626143|202397|203457|203496|203917,101162|201162|202066|202322|203490,222.0,-15.0,1610612755.0,21500862,True
1,PT09M48.00S,09:48,Q1 09:48,45.8,15,rebound,Gortat REBOUND (Off:0 Def:2),[],Gortat,0,0,,False,False,101162.0,,3pt missed,3pt missed,,,,101162|1626143|201162|202066|202322|202397|203457|203490|203496|203917,101162|201162|202066|202322|203490,1626143|202397|203457|203496|203917,,,1610612764.0,21500862,True
1,PT09M42.00S,09:42,Q1 09:42,45.7,16,3pt,MISS Porter Jr.  3PT Jump Shot,[],Porter Jr.,0,0,Missed,True,False,203490.0,,rebound,rebound,,,,101162|1626143|201162|202066|202322|202397|203457|203490|203496|203917,101162|201162|202066|202322|203490,1626143|202397|203457|203496|203917,225.0,-6.0,1610612764.0,21500862,True
1,PT09M40.00S,09:40,Q1 09:40,45.666666666666664,17,rebound,Noel REBOUND (Off:0 Def:2),[],Noel,0,0,,False,False,203457.0,,3pt missed,3pt missed,,,,101162|1626143|201162|202066|202322|202397|203457|203490|203496|203917,1626143|202397|203457|203496|203917,101162|201162|202066|202322|203490,,,1610612755.0,21500862,True
1,PT09M25.00S,09:25,Q1 09:25,45.416666666666664,18,3pt,MISS Covington 29' 3PT Jump Shot,[],Covington,0,0,Missed,True,False,203496.0,,rebound,rebound,,,,101162|1626143|201162|202066|202322|202397|203457|203490|203496|203917,1626143|202397|203457|203496|203917,101162|201162|202066|202322|203490,-142.0,254.0,1610612755.0,21500862,True
1,PT09M23.00S,09:23,Q1 09:23,45.38333333333333,19,rebound,Gortat REBOUND (Off:0 Def:3),[],Gortat,0,0,,False,False,101162.0,,3pt missed,2pt missed,,,,101162|1626143|201162|202066|202322|202397|203457|203490|203496|203917,101162|201162|202066|202322|203490,1626143|202397|203457|203496|203917,,,1610612764.0,21500862,True
1,PT09M03.00S,09:03,Q1 09:03,45.05,20,2pt,MISS Dudley 18' Jump Shot,[],Dudley,0,0,Missed,True,False,201162.0,,rebound,rebound,,,,101162|1626143|201162|202066|202322|202397|203457|203490|203496|203917,101162|201162|202066|202322|203490,1626143|202397|203457|203496|203917,-2.0,175.0,1610612764.0,21500862,True
1,PT09M02.00S,09:02,Q1 09:02,45.03333333333333,21,rebound,Noel REBOUND (Off:0 Def:3),[],Noel,0,0,,False,False,203457.0,,2pt missed,turnover,,,,101162|1626143|201162|202066|202322|202397|203457|203490|203496|203917,1626143|202397|203457|203496|203917,101162|201162|202066|202322|203490,,,1610612755.0,21500862,True
1,PT08M56.00S,08:56,Q1 08:56,44.93333333333334,22,turnover,Smith Out of Bounds - Bad Pass Turnover Turnover (P1.T1),[],Smith,0,0,,False,False,202397.0,,rebound,2pt made,,,,101162|1626143|201162|202066|202322|202397|203457|203490|203496|203917,1626143|202397|203457|203496|203917,101162|201162|202066|202322|203490,,,1610612755.0,21500862,True
1,PT08M39.00S,08:39,Q1 08:39,44.65,24,2pt,Gortat 1' Cutting Layup Shot (4 PTS) (Porter Jr. 1 AST),['pointsinthepaint'],Gortat,4,7,Made,True,True,101162.0,203490.0,turnover,3pt missed,,,,101162|1626143|201162|202066|202322|202397|203457|203490|203496|203917,101162|201162|202066|202322|203490,1626143|202397|203457|203496|203917,-11.0,3.0,1610612764.0,21500862,True
1,PT08M22.00S,08:22,Q1 08:22,44.36666666666667,25,3pt,MISS Covington  3PT Jump Shot,[],Covington,0,0,Missed,True,False,203496.0,,2pt made,rebound,,,,101162|1626143|201162|202066|202322|202397|203457|203490|203496|203917,1626143|202397|203457|203496|203917,101162|201162|202066|202322|203490,230.0,-16.0,1610612755.0,21500862,True
1,PT08M21.00S,08:21,Q1 08:21,44.35,26,rebound,Gortat REBOUND (Off:0 Def:4),[],Gortat,0,0,,False,False,101162.0,,3pt missed,2pt missed,,,,101162|1626143|201162|202066|202322|202397|203457|203490|203496|203917,101162|201162|202066|202322|203490,1626143|202397|203457|203496|203917,,,1610612764.0,21500862,True
1,PT08M12.00S,08:12,Q1 08:12,44.2,28,2pt,MISS Porter Jr. 17' Jump Shot,[],Porter Jr.,0,0,Missed,True,False,203490.0,,rebound,block,,,,101162|1626143|201162|202066|202322|202397|203457|203490|203496|203917,101162|201162|202066|202322|203490,1626143|202397|203457|203496|203917,-119.0,124.0,1610612764.0,21500862,True
1,PT08M12.00S,08:12,Q1 08:12,44.2,28,block,Okafor BLOCK (1 BLK),[],Okafor,0,0,,False,False,1626143.0,,2pt missed,rebound,,,1626143.0,101162|1626143|201162|202066|202322|202397|203457|203490|203496|203917,1626143|202397|203457|203496|203917,101162|201162|202066|202322|203490,,,1610612755.0,21500862,True
1,PT08M09.00S,08:09,Q1 08:09,44.15,29,rebound,Okafor REBOUND (Off:0 Def:1),[],Okafor,0,0,,False,False,1626143.0,,block,2pt missed,,,,101162|1626143|201162|202066|202322|202397|203457|203490|203496|203917,1626143|202397|203457|203496|203917,101162|201162|202066|202322|203490,,,1610612755.0,21500862,True
1,PT08M00.00S,08:00,Q1 08:00,44.0,30,2pt,MISS Okafor 1' Layup,['pointsinthepaint'],Okafor,0,0,Missed,True,False,1626143.0,,rebound,rebound,,,,101162|1626143|201162|202066|202322|202397|203457|203490|203496|203917,1626143|202397|203457|203496|203917,101162|201162|202066|202322|203490,9.0,11.0,1610612755.0,21500862,True
1,PT07M59.00S,07:59,Q1 07:59,43.983333333333334,31,rebound,Gortat REBOUND (Off:0 Def:5),[],Gortat,0,0,,False,False,101162.0,,2pt missed,3pt missed,,,,101162|1626143|201162|202066|202322|202397|203457|203490|203496|203917,101162|201162|202066|202322|203490,1626143|202397|203457|203496|203917,,,1610612764.0,21500862,True
1,PT07M53.00S,07:53,Q1 07:53,43.88333333333333,32,3pt,MISS Dudley 26' 3PT Jump Shot,[],Dudley,0,0,Missed,True,False,201162.0,,rebound,rebound,,,,101162|1626143|201162|202066|202322|202397|203457|203490|203496|203917,101162|201162|202066|202322|203490,1626143|202397|203457|203496|203917,156.0,213.0,1610612764.0,21500862,True
1,PT07M52.00S,07:52,Q1 07:52,43.86666666666667,33,rebound,Smith REBOUND (Off:0 Def:1),[],Smith,0,0,,False,False,202397.0,,3pt missed,2pt made,,,,101162|1626143|201162|202066|202322|202397|203457|203490|203496|203917,1626143|202397|203457|203496|203917,101162|201162|202066|202322|203490,,,1610612755.0,21500862,True
1,PT07M42.00S,07:42,Q1 07:42,43.7,34,2pt,Okafor 7' Jump Bank Shot (4 PTS) (Smith 2 AST),['pointsinthepaint'],Okafor,6,7,Made,True,True,1626143.0,202397.0,rebound,2pt missed,,,,101162|1626143|201162|202066|202322|202397|203457|203490|203496|203917,1626143|202397|203457|203496|203917,101162|201162|202066|202322|203490,69.0,18.0,1610612755.0,21500862,True
1,PT07M29.00S,07:29,Q1 07:29,43.483333333333334,35,2pt,MISS Temple 16' Jump Shot,[],Temple,0,0,Missed,True,False,202066.0,,2pt made,rebound,,,,101162|1626143|201162|202066|202322|202397|203457|203490|203496|203917,101162|201162|202066|202322|203490,1626143|202397|203457|203496|203917,78.0,141.0,1610612764.0,21500862,True
1,PT07M27.00S,07:27,Q1 07:27,43.45,36,rebound,Smith REBOUND (Off:0 Def:2),[],Smith,0,0,,False,False,202397.0,,2pt missed,foul,,,,101162|1626143|201162|202066|202322|202397|203457|203490|203496|203917,1626143|202397|203457|203496|203917,101162|201162|202066|202322|203490,,,1610612755.0,21500862,True
1,PT07M21.00S,07:21,Q1 07:21,43.35,37,foul,Gortat P.FOUL (P1.T1) (Z.Zarba),[],Gortat,0,0,,False,False,101162.0,,rebound,foul,203917.0,,,101162|1626143|201162|202066|202322|202397|203457|203490|203496|203917,101162|201162|202066|202322|203490,1626143|202397|203457|203496|203917,,,1610612764.0,21500862,True
1,PT07M09.00S,07:09,Q1 07:09,43.15,40,foul,Dudley Shooting Block Foul (P1.T2) (Z.Zarba),[],Dudley,0,0,,False,False,201162.0,,foul,freethrow,203917.0,,,101162|1626143|201162|202066|202322|202397|203457|203490|203496|203917,101162|201162|202066|202322|203490,1626143|202397|203457|203496|203917,,,1610612764.0,21500862,True
1,PT07M09.00S,07:09,Q1 07:09,43.15,41,freethrow,Stauskas Free Throw 1 of 2 (1 PTS),[],Stauskas,7,7,Made,False,False,203917.0,,foul,freethrow,,,,101162|1626143|201162|202066|202322|202397|203457|203490|203496|203917,1626143|202397|203457|203496|203917,101162|201162|202066|202322|203490,,,1610612755.0,21500862,True
1,PT07M09.00S,07:09,Q1 07:09,43.15,43,freethrow,Stauskas Free Throw 2 of 2 (2 PTS),[],Stauskas,8,7,Made,False,False,203917.0,,freethrow,3pt missed,,,,101162|1626143|201162|202066|202322|202397|203457|203490|203496|203917,1626143|202397|203457|203496|203917,101162|201162|202066|202322|203490,,,1610612755.0,21500862,True
1,PT06M56.00S,06:56,Q1 06:56,42.93333333333334,45,3pt,MISS Wall 26' 3PT Jump Shot,[],Wall,0,0,Missed,True,False,202322.0,,freethrow,rebound,,,,101162|1626143|201162|202066|202322|202397|203457|203490|203496|203917,101162|201162|202066|202322|203490,1626143|202397|203457|203496|203917,-151.0,208.0,1610612764.0,21500862,True
1,PT06M55.00S,06:55,Q1 06:55,42.916666666666664,46,rebound,Noel REBOUND (Off:0 Def:4),[],Noel,0,0,,False,False,203457.0,,3pt missed,2pt missed,,,,101162|1626143|201162|202066|202322|202397|203457|203490|203496|203917,1626143|202397|203457|203496|203917,101162|201162|202066|202322|203490,,,1610612755.0,21500862,True
1,PT06M44.00S,06:44,Q1 06:44,42.733333333333334,47,2pt,MISS Smith 19' Jump Shot,[],Smith,0,0,Missed,True,False,202397.0,,rebound,rebound,,,,101162|1626143|201162|202066|202322|202397|203457|203490|203496|203917,1626143|202397|203457|203496|203917,101162|201162|202066|202322|203490,145.0,126.0,1610612755.0,21500862,True
1,PT06M43.00S,06:43,Q1 06:43,42.71666666666667,48,rebound,Gortat REBOUND (Off:0 Def:6),[],Gortat,0,0,,False,False,101162.0,,2pt missed,turnover,,,,101162|1626143|201162|202066|202322|202397|203457|203490|203496|203917,101162|201162|202066|202322|203490,1626143|202397|203457|203496|203917,,,1610612764.0,21500862,True
1,PT06M37.00S,06:37,Q1 06:37,42.61666666666667,49,turnover,Wall Bad Pass Turnover (P1.T1),[],Wall,0,0,,False,False,202322.0,,rebound,steal,,,,101162|1626143|201162|202066|202322|202397|203457|203490|203496|203917,101162|201162|202066|202322|203490,1626143|202397|203457|203496|203917,,,1610612764.0,21500862,True
1,PT06M37.00S,06:37,Q1 06:37,42.61666666666667,49,steal,Covington STEAL (1 STL),[],Covington,0,0,,False,False,203496.0,,turnover,turnover,,203496.0,,101162|1626143|201162|202066|202322|202397|203457|203490|203496|203917,1626143|202397|203457|203496|203917,101162|201162|202066|202322|203490,,,1610612755.0,21500862,True
1,PT06M32.00S,06:32,Q1 06:32,42.53333333333333,50,turnover,Stauskas Bad Pass Turnover (P1.T2),[],Stauskas,0,0,,False,False,203917.0,,steal,steal,,,,101162|1626143|201162|202066|202322|202397|203457|203490|203496|203917,1626143|202397|203457|203496|203917,101162|201162|202066|202322|203490,,,1610612755.0,21500862,True
1,PT06M32.00S,06:32,Q1 06:32,42.53333333333333,50,steal,Porter Jr. STEAL (1 STL),[],Porter Jr.,0,0,,False,False,203490.0,,turnover,2pt missed,,203490.0,,101162|1626143|201162|202066|202322|202397|203457|203490|203496|203917,101162|201162|202066|202322|203490,1626143|202397|203457|203496|203917,,,1610612764.0,21500862,True
1,PT06M22.00S,06:22,Q1 06:22,42.36666666666667,51,2pt,MISS Temple 17' Jump Shot,[],Temple,0,0,Missed,True,False,202066.0,,steal,rebound,,,,101162|1626143|201162|202066|202322|202397|203457|203490|203496|203917,101162|201162|202066|202322|203490,1626143|202397|203457|203496|203917,-140.0,90.0,1610612764.0,21500862,True
1,PT06M20.00S,06:20,Q1 06:20,42.333333333333336,52,rebound,Gortat REBOUND (Off:1 Def:6),[],Gortat,0,0,,False,False,101162.0,,2pt missed,2pt missed,,,,101162|1626143|201162|202066|202322|202397|203457|203490|203496|203917,101162|201162|202066|202322|203490,1626143|202397|203457|203496|203917,,,1610612764.0,21500862,True
1,PT06M18.00S,06:18,Q1 06:18,42.3,53,2pt,MISS Gortat 10' Jump Shot,[],Gortat,0,0,Missed,True,False,101162.0,,rebound,2pt made,,,,101162|1626143|201162|202066|202322|202397|203457|203490|203496|203917,101162|201162|202066|202322|203490,1626143|202397|203457|203496|203917,-92.0,36.0,1610612764.0,21500862,True
1,PT06M16.00S,06:16,Q1 06:16,42.266666666666666,54,2pt,Porter Jr. 1' Tip Layup Shot (5 PTS),['pointsinthepaint'],Porter Jr.,8,9,Made,True,False,203490.0,,2pt missed,rebound,,,,101162|1626143|201162|202066|202322|202397|203457|203490|203496|203917,101162|201162|202066|202322|203490,1626143|202397|203457|203496|203917,6.0,8.0,1610612764.0,21500862,True
1,PT06M16.00S,06:16,Q1 06:16,42.266666666666666,55,rebound,Porter Jr. REBOUND (Off:1 Def:0),[],Porter Jr.,0,0,,False,False,203490.0,,2pt made,timeout,,,,101162|1626143|201162|202066|202322|202397|203457|203490|203496|203917,101162|201162|202066|202322|203490,1626143|202397|203457|203496|203917,,,1610612764.0,21500862,True
1,PT06M16.00S,06:16,Q1 06:16,42.266666666666666,56,timeout,76ERS Timeout: Regular (Full 1 Short 0),[],,0,0,,False,False,0.0,,rebound,substitution,,,,101162|1626143|201162|202066|202322|202397|203457|203490|203496|203917,1626143|202397|203457|203496|203917,101162|201162|202066|202322|203490,,,1610612755.0,21500862,True
1,PT06M16.00S,06:16,Q1 06:16,42.266666666666666,58,substitution,SUB out: G. Temple,[],Temple,0,0,,False,False,202066.0,,timeout,substitution,,,,101162|1626143|201162|202322|202397|203457|203490|203496|203917,101162|201162|202322|203490,1626143|202397|203457|203496|203917,,,1610612764.0,21500862,False
1,PT06M16.00S,06:16,Q1 06:16,42.266666666666666,59,substitution,SUB out: J. Okafor,[],Okafor,0,0,,False,False,1626143.0,,substitution,substitution,,,,101162|201162|202322|202397|203457|203490|203496|203917,202397|203457|203496|203917,101162|201162|202322|203490,,,1610612755.0,21500862,False
1,PT06M16.00S,06:16,Q1 06:16,42.266666666666666,60,substitution,SUB in: B. Beal,[],Beal,0,0,,False,False,203078.0,,substitution,substitution,,,,101162|201162|202322|202397|203078|203457|203490|203496|203917,101162|201162|202322|203078|203490,202397|203457|203496|203917,,,1610612764.0,21500862,False
1,PT06M16.00S,06:16,Q1 06:16,42.266666666666666,61,substitution,SUB in: J. Grant,[],Grant,0,0,,False,False,203924.0,,substitution,3pt made,,,,101162|201162|202322|202397|203078|203457|203490|203496|203917|203924,202397|203457|203496|203917|203924,101162|201162|202322|203078|203490,,,1610612755.0,21500862,True
1,PT05M57.00S,05:57,Q1 05:57,41.95,60,3pt,Covington 26' 3PT Jump Shot (3 PTS),[],Covington,11,9,Made,True,False,203496.0,,substitution,2pt missed,,,,101162|201162|202322|202397|203078|203457|203490|203496|203917|203924,202397|203457|203496|203917|203924,101162|201162|202322|203078|203490,-124.0,223.0,1610612755.0,21500862,True
1,PT05M42.00S,05:42,Q1 05:42,41.7,61,2pt,MISS Wall 3' Jump Shot,['pointsinthepaint'],Wall,0,0,Missed,True,False,202322.0,,3pt made,rebound,,,,101162|201162|202322|202397|203078|203457|203490|203496|203917|203924,101162|201162|202322|203078|203490,202397|203457|203496|203917|203924,27.0,16.0,1610612764.0,21500862,True
1,PT05M39.00S,05:39,Q1 05:39,41.65,62,rebound,Wall REBOUND (Off:1 Def:1),[],Wall,0,0,,False,False,202322.0,,2pt missed,3pt missed,,,,101162|201162|202322|202397|203078|203457|203490|203496|203917|203924,101162|201162|202322|203078|203490,202397|203457|203496|203917|203924,,,1610612764.0,21500862,True
1,PT05M35.00S,05:35,Q1 05:35,41.583333333333336,63,3pt,MISS Beal 25' 3PT Jump Shot,[],Beal,0,0,Missed,True,False,203078.0,,rebound,rebound,,,,101162|201162|202322|202397|203078|203457|203490|203496|203917|203924,101162|201162|202322|203078|203490,202397|203457|203496|203917|203924,73.0,239.0,1610612764.0,21500862,True
1,PT05M34.00S,05:34,Q1 05:34,41.56666666666666,64,rebound,Grant REBOUND (Off:0 Def:1),[],Grant,0,0,,False,False,203924.0,,3pt missed,2pt made,,,,101162|201162|202322|202397|203078|203457|203490|203496|203917|203924,202397|203457|203496|203917|203924,101162|201162|202322|203078|203490,,,1610612755.0,21500862,True
1,PT05M23.00S,05:23,Q1 05:23,41.38333333333333,65,2pt,Grant 4' Turnaround Jump Shot (2 PTS) (Smith 3 AST),['pointsinthepaint'],Grant,13,9,Made,True,True,203924.0,202397.0,rebound,2pt made,,,,101162|201162|202322|202397|203078|203457|203490|203496|203917|203924,202397|203457|203496|203917|203924,101162|201162|202322|203078|203490,1.0,38.0,1610612755.0,21500862,True
1,PT05M10.00S,05:10,Q1 05:10,41.166666666666664,66,2pt,Beal 8' Floating Jump Shot (2 PTS),['pointsinthepaint'],Beal,13,11,Made,True,False,203078.0,,2pt made,2pt made,,,,101162|201162|202322|202397|203078|203457|203490|203496|203917|203924,101162|201162|202322|203078|203490,202397|203457|203496|203917|203924,-60.0,57.0,1610612764.0,21500862,True
1,PT04M54.00S,04:54,Q1 04:54,40.9,67,2pt,Smith 16' Pullup Jump Shot (2 PTS),[],Smith,15,11,Made,True,False,202397.0,,2pt made,2pt made,,,,101162|201162|202322|202397|203078|203457|203490|203496|203917|203924,202397|203457|203496|203917|203924,101162|201162|202322|203078|203490,-138.0,75.0,1610612755.0,21500862,True
1,PT04M35.00S,04:35,Q1 04:35,40.583333333333336,68,2pt,Porter Jr. 4' Jump Shot (7 PTS) (Dudley 1 AST),['pointsinthepaint'],Porter Jr.,15,13,Made,True,True,203490.0,201162.0,2pt made,2pt made,,,,101162|201162|202322|202397|203078|203457|203490|203496|203917|203924,101162|201162|202322|203078|203490,202397|203457|203496|203917|203924,0.0,41.0,1610612764.0,21500862,True
1,PT04M24.00S,04:24,Q1 04:24,40.4,69,2pt,Noel  Cutting Dunk Shot (4 PTS) (Grant 1 AST),['pointsinthepaint'],Noel,17,13,Made,True,True,203457.0,203924.0,2pt made,2pt made,,,,101162|201162|202322|202397|203078|203457|203490|203496|203917|203924,202397|203457|203496|203917|203924,101162|201162|202322|203078|203490,0.0,1.0,1610612755.0,21500862,True
1,PT03M58.00S,03:58,Q1 03:58,39.96666666666667,70,2pt,Porter Jr. 16' Pullup Jump Shot (9 PTS),[],Porter Jr.,17,15,Made,True,False,203490.0,,2pt made,2pt missed,,,,101162|201162|202322|202397|203078|203457|203490|203496|203917|203924,101162|201162|202322|203078|203490,202397|203457|203496|203917|203924,2.0,164.0,1610612764.0,21500862,True
1,PT03M41.00S,03:41,Q1 03:41,39.68333333333334,71,2pt,MISS Grant 4' Jump Shot,['pointsinthepaint'],Grant,0,0,Missed,True,False,203924.0,,2pt made,block,,,,101162|201162|202322|202397|203078|203457|203490|203496|203917|203924,202397|203457|203496|203917|203924,101162|201162|202322|203078|203490,6.0,41.0,1610612755.0,21500862,True
1,PT03M41.00S,03:41,Q1 03:41,39.68333333333334,71,block,Wall BLOCK (1 BLK),[],Wall,0,0,,False,False,202322.0,,2pt missed,rebound,,,202322.0,101162|201162|202322|202397|203078|203457|203490|203496|203917|203924,101162|201162|202322|203078|203490,202397|203457|203496|203917|203924,,,1610612764.0,21500862,True
1,PT03M39.00S,03:39,Q1 03:39,39.65,72,rebound,Porter Jr. REBOUND (Off:1 Def:1),[],Porter Jr.,0,0,,False,False,203490.0,,block,2pt made,,,,101162|201162|202322|202397|203078|203457|203490|203496|203917|203924,101162|201162|202322|203078|203490,202397|203457|203496|203917|203924,,,1610612764.0,21500862,True
1,PT03M34.00S,03:34,Q1 03:34,39.56666666666666,73,2pt,Beal 22' Jump Shot (4 PTS) (Wall 3 AST),[],Beal,17,17,Made,True,True,203078.0,202322.0,rebound,2pt made,,,,101162|201162|202322|202397|203078|203457|203490|203496|203917|203924,101162|201162|202322|203078|203490,202397|203457|203496|203917|203924,-207.0,85.0,1610612764.0,21500862,True
1,PT03M21.00S,03:21,Q1 03:21,39.35,74,2pt,Smith 1' Driving Layup (4 PTS),['pointsinthepaint'],Smith,19,17,Made,True,False,202397.0,,2pt made,foul,,,,101162|201162|202322|202397|203078|203457|203490|203496|203917|203924,202397|203457|203496|203917|203924,101162|201162|202322|203078|203490,10.0,3.0,1610612755.0,21500862,True
1,PT03M21.00S,03:21,Q1 03:21,39.35,75,foul,Beal S.FOUL (P1.T3) (Z.Zarba),[],Beal,0,0,,False,False,203078.0,,2pt made,freethrow,202397.0,,,101162|201162|202322|202397|203078|203457|203490|203496|203917|203924,101162|201162|202322|203078|203490,202397|203457|203496|203917|203924,,,1610612764.0,21500862,True
1,PT03M21.00S,03:21,Q1 03:21,39.35,79,freethrow,MISS Smith Free Throw 1 of 1,[],Smith,0,0,Missed,False,False,202397.0,,foul,substitution,,,,101162|201162|202322|202397|203078|203457|203490|203496|203917|203924,202397|203457|203496|203917|203924,101162|201162|202322|203078|203490,,,1610612755.0,21500862,True
1,PT03M21.00S,03:21,Q1 03:21,39.35,76,substitution,SUB out: J. Dudley,[],Dudley,0,0,,False,False,201162.0,,freethrow,substitution,,,,101162|202322|202397|203078|203457|203490|203496|203917|203924,101162|202322|203078|203490,202397|203457|203496|203917|203924,,,1610612764.0,21500862,False
1,PT03M21.00S,03:21,Q1 03:21,39.35,77,substitution,SUB out: N. Stauskas,[],Stauskas,0,0,,False,False,203917.0,,substitution,substitution,,,,101162|202322|202397|203078|203457|203490|203496|203924,202397|203457|203496|203924,101162|202322|203078|203490,,,1610612755.0,21500862,False
1,PT03M21.00S,03:21,Q1 03:21,39.35,78,substitution,SUB out: N. Noel,[],Noel,0,0,,False,False,203457.0,,substitution,substitution,,,,101162|202322|202397|203078|203490|203496|203924,202397|203496|203924,101162|202322|203078|203490,,,1610612755.0,21500862,False
1,PT03M21.00S,03:21,Q1 03:21,39.35,79,substitution,SUB in: M. Morris,[],Morris,0,0,,False,False,202693.0,,substitution,substitution,,,,101162|202322|202397|202693|203078|203490|203496|203924,101162|202322|202693|203078|203490,202397|203496|203924,,,1610612764.0,21500862,False
1,PT03M21.00S,03:21,Q1 03:21,39.35,80,substitution,SUB in: R. Holmes,[],Holmes,0,0,,False,False,1626158.0,,substitution,substitution,,,,101162|1626158|202322|202397|202693|203078|203490|203496|203924,1626158|202397|203496|203924,101162|202322|202693|203078|203490,,,1610612755.0,21500862,False
1,PT03M21.00S,03:21,Q1 03:21,39.35,81,substitution,SUB in: H. Thompson,[],Thompson,0,0,,False,False,203138.0,,substitution,rebound,,,,101162|1626158|202322|202397|202693|203078|203138|203490|203496|203924,1626158|202397|203138|203496|203924,101162|202322|202693|203078|203490,,,1610612755.0,21500862,True
1,PT03M20.00S,03:20,Q1 03:20,39.333333333333336,81,rebound,Porter Jr. REBOUND (Off:1 Def:2),[],Porter Jr.,0,0,,False,False,203490.0,,substitution,2pt missed,,,,101162|1626158|202322|202397|202693|203078|203138|203490|203496|203924,101162|202322|202693|203078|203490,1626158|202397|203138|203496|203924,,,1610612764.0,21500862,True
1,PT03M04.00S,03:04,Q1 03:04,39.06666666666667,84,2pt,MISS Mark Morris 8' Jump Shot,['pointsinthepaint'],Morris,0,0,Missed,True,False,202693.0,,rebound,rebound,,,,101162|1626158|202322|202397|202693|203078|203138|203490|203496|203924,101162|202322|202693|203078|203490,1626158|202397|203138|203496|203924,24.0,77.0,1610612764.0,21500862,True
1,PT03M03.00S,03:03,Q1 03:03,39.05,85,rebound,Porter Jr. REBOUND (Off:2 Def:2),[],Porter Jr.,0,0,,False,False,203490.0,,2pt missed,2pt missed,,,,101162|1626158|202322|202397|202693|203078|203138|203490|203496|203924,101162|202322|202693|203078|203490,1626158|202397|203138|203496|203924,,,1610612764.0,21500862,True
1,PT02M54.00S,02:54,Q1 02:54,38.9,86,2pt,MISS Beal 16' Jump Shot,[],Beal,0,0,Missed,True,False,203078.0,,rebound,rebound,,,,101162|1626158|202322|202397|202693|203078|203138|203490|203496|203924,101162|202322|202693|203078|203490,1626158|202397|203138|203496|203924,-1.0,156.0,1610612764.0,21500862,True
1,PT02M52.00S,02:52,Q1 02:52,38.86666666666667,87,rebound,Smith REBOUND (Off:0 Def:3),[],Smith,0,0,,False,False,202397.0,,2pt missed,3pt made,,,,101162|1626158|202322|202397|202693|203078|203138|203490|203496|203924,1626158|202397|203138|203496|203924,101162|202322|202693|203078|203490,,,1610612755.0,21500862,True
1,PT02M43.00S,02:43,Q1 02:43,38.71666666666667,88,3pt,Covington 26' 3PT Jump Shot (6 PTS) (Grant 2 AST),[],Covington,22,17,Made,True,True,203496.0,203924.0,rebound,2pt missed,,,,101162|1626158|202322|202397|202693|203078|203138|203490|203496|203924,1626158|202397|203138|203496|203924,101162|202322|202693|203078|203490,141.0,218.0,1610612755.0,21500862,True
1,PT02M29.00S,02:29,Q1 02:29,38.483333333333334,90,2pt,MISS Porter Jr. 13' Jump Shot,[],Porter Jr.,0,0,Missed,True,False,203490.0,,3pt made,rebound,,,,101162|1626158|202322|202397|202693|203078|203138|203490|203496|203924,101162|202322|202693|203078|203490,1626158|202397|203138|203496|203924,127.0,2.0,1610612764.0,21500862,True
1,PT02M28.00S,02:28,Q1 02:28,38.46666666666667,91,rebound,Gortat REBOUND (Off:2 Def:6),[],Gortat,0,0,,False,False,101162.0,,2pt missed,turnover,,,,101162|1626158|202322|202397|202693|203078|203138|203490|203496|203924,101162|202322|202693|203078|203490,1626158|202397|203138|203496|203924,,,1610612764.0,21500862,True
1,PT02M25.00S,02:25,Q1 02:25,38.416666666666664,92,turnover,Beal Lost Ball Turnover (P1.T2),[],Beal,0,0,,False,False,203078.0,,rebound,steal,,,,101162|1626158|202322|202397|202693|203078|203138|203490|203496|203924,101162|202322|202693|203078|203490,1626158|202397|203138|203496|203924,,,1610612764.0,21500862,True
1,PT02M25.00S,02:25,Q1 02:25,38.416666666666664,92,steal,Covington STEAL (2 STL),[],Covington,0,0,,False,False,203496.0,,turnover,foul,,203496.0,,101162|1626158|202322|202397|202693|203078|203138|203490|203496|203924,1626158|202397|203138|203496|203924,101162|202322|202693|203078|203490,,,1610612755.0,21500862,True
1,PT02M22.00S,02:22,Q1 02:22,38.36666666666667,93,foul,Wall P.FOUL (P1.T4) (J.VanDuyne),[],Wall,0,0,,False,False,202322.0,,steal,timeout,,,,101162|1626158|202322|202397|202693|203078|203138|203490|203496|203924,101162|202322|202693|203078|203490,1626158|202397|203138|203496|203924,,,1610612764.0,21500862,True
1,PT02M22.00S,02:22,Q1 02:22,38.36666666666667,94,timeout,Wizards Timeout: Regular (Reg.1 Short 0),[],,0,0,,False,False,0.0,,foul,substitution,,,,101162|1626158|202322|202397|202693|203078|203138|203490|203496|203924,101162|202322|202693|203078|203490,1626158|202397|203138|203496|203924,,,1610612764.0,21500862,True
1,PT02M22.00S,02:22,Q1 02:22,38.36666666666667,96,substitution,SUB out: J. Wall,[],Wall,0,0,,False,False,202322.0,,timeout,substitution,,,,101162|1626158|202397|202693|203078|203138|203490|203496|203924,101162|202693|203078|203490,1626158|202397|203138|203496|203924,,,1610612764.0,21500862,False
1,PT02M22.00S,02:22,Q1 02:22,38.36666666666667,97,substitution,SUB out: I. Smith,[],Smith,0,0,,False,False,202397.0,,substitution,substitution,,,,101162|1626158|202693|203078|203138|203490|203496|203924,1626158|203138|203496|203924,101162|202693|203078|203490,,,1610612755.0,21500862,False
1,PT02M22.00S,02:22,Q1 02:22,38.36666666666667,98,substitution,SUB out: R. Covington,[],Covington,0,0,,False,False,203496.0,,substitution,substitution,,,,101162|1626158|202693|203078|203138|203490|203924,1626158|203138|203924,101162|202693|203078|203490,,,1610612755.0,21500862,False
1,PT02M22.00S,02:22,Q1 02:22,38.36666666666667,99,substitution,SUB in: R. Sessions,[],Sessions,0,0,,False,False,201196.0,,substitution,substitution,,,,101162|1626158|201196|202693|203078|203138|203490|203924,101162|201196|202693|203078|203490,1626158|203138|203924,,,1610612764.0,21500862,False
1,PT02M22.00S,02:22,Q1 02:22,38.36666666666667,100,substitution,SUB in: T. McConnell,[],McConnell,0,0,,False,False,204456.0,,substitution,substitution,,,,101162|1626158|201196|202693|203078|203138|203490|203924|204456,1626158|203138|203924|204456,101162|201196|202693|203078|203490,,,1610612755.0,21500862,False
1,PT02M22.00S,02:22,Q1 02:22,38.36666666666667,101,substitution,SUB in: I. Canaan,[],Canaan,0,0,,False,False,203477.0,,substitution,2pt missed,,,,101162|1626158|201196|202693|203078|203138|203477|203490|203924|204456,1626158|203138|203477|203924|204456,101162|201196|202693|203078|203490,,,1610612755.0,21500862,True
1,PT02M08.00S,02:08,Q1 02:08,38.13333333333333,99,2pt,MISS Grant 5' Jump Shot,['pointsinthepaint'],Grant,0,0,Missed,True,False,203924.0,,substitution,block,,,,101162|1626158|201196|202693|203078|203138|203477|203490|203924|204456,1626158|203138|203477|203924|204456,101162|201196|202693|203078|203490,37.0,31.0,1610612755.0,21500862,True
1,PT02M08.00S,02:08,Q1 02:08,38.13333333333333,99,block,Gortat BLOCK (1 BLK),[],Gortat,0,0,,False,False,101162.0,,2pt missed,rebound,,,101162.0,101162|1626158|201196|202693|203078|203138|203477|203490|203924|204456,101162|201196|202693|203078|203490,1626158|203138|203477|203924|204456,,,1610612764.0,21500862,True
1,PT02M05.00S,02:05,Q1 02:05,38.083333333333336,100,rebound,Mark Morris REBOUND (Off:0 Def:1),[],Morris,0,0,,False,False,202693.0,,block,2pt made,,,,101162|1626158|201196|202693|203078|203138|203477|203490|203924|204456,101162|201196|202693|203078|203490,1626158|203138|203477|203924|204456,,,1610612764.0,21500862,True
1,PT02M02.00S,02:02,Q1 02:02,38.03333333333333,101,2pt,Sessions 3' Running Jump Shot (2 PTS),['pointsinthepaint'],Sessions,22,19,Made,True,False,201196.0,,rebound,turnover,,,,101162|1626158|201196|202693|203078|203138|203477|203490|203924|204456,101162|201196|202693|203078|203490,1626158|203138|203477|203924|204456,-30.0,2.0,1610612764.0,21500862,True
1,PT01M45.00S,01:45,Q1 01:45,37.75,102,turnover,Holmes Bad Pass Turnover (P1.T3),[],Holmes,0,0,,False,False,1626158.0,,2pt made,steal,,,,101162|1626158|201196|202693|203078|203138|203477|203490|203924|204456,1626158|203138|203477|203924|204456,101162|201196|202693|203078|203490,,,1610612755.0,21500862,True
1,PT01M45.00S,01:45,Q1 01:45,37.75,102,steal,Gortat STEAL (1 STL),[],Gortat,0,0,,False,False,101162.0,,turnover,2pt missed,,101162.0,,101162|1626158|201196|202693|203078|203138|203477|203490|203924|204456,101162|201196|202693|203078|203490,1626158|203138|203477|203924|204456,,,1610612764.0,21500862,True
1,PT01M39.00S,01:39,Q1 01:39,37.65,103,2pt,MISS Beal 13' Jump Shot,[],Beal,0,0,Missed,True,False,203078.0,,steal,rebound,,,,101162|1626158|201196|202693|203078|203138|203477|203490|203924|204456,101162|201196|202693|203078|203490,1626158|203138|203477|203924|204456,-125.0,3.0,1610612764.0,21500862,True
1,PT01M37.00S,01:37,Q1 01:37,37.61666666666667,104,rebound,McConnell REBOUND (Off:0 Def:1),[],McConnell,0,0,,False,False,204456.0,,2pt missed,3pt missed,,,,101162|1626158|201196|202693|203078|203138|203477|203490|203924|204456,1626158|203138|203477|203924|204456,101162|201196|202693|203078|203490,,,1610612755.0,21500862,True
1,PT01M31.00S,01:31,Q1 01:31,37.516666666666666,105,3pt,MISS Thompson 25' 3PT Jump Shot,[],Thompson,0,0,Missed,True,False,203138.0,,rebound,rebound,,,,101162|1626158|201196|202693|203078|203138|203477|203490|203924|204456,1626158|203138|203477|203924|204456,101162|201196|202693|203078|203490,171.0,185.0,1610612755.0,21500862,True
1,PT01M29.00S,01:29,Q1 01:29,37.483333333333334,106,rebound,Mark Morris REBOUND (Off:0 Def:2),[],Morris,0,0,,False,False,202693.0,,3pt missed,turnover,,,,101162|1626158|201196|202693|203078|203138|203477|203490|203924|204456,101162|201196|202693|203078|203490,1626158|203138|203477|203924|204456,,,1610612764.0,21500862,True
1,PT01M19.00S,01:19,Q1 01:19,37.31666666666667,107,turnover,Porter Jr. Bad Pass Turnover (P1.T3),[],Porter Jr.,0,0,,False,False,203490.0,,rebound,steal,,,,101162|1626158|201196|202693|203078|203138|203477|203490|203924|204456,101162|201196|202693|203078|203490,1626158|203138|203477|203924|204456,,,1610612764.0,21500862,True
1,PT01M19.00S,01:19,Q1 01:19,37.31666666666667,107,steal,Grant STEAL (1 STL),[],Grant,0,0,,False,False,203924.0,,turnover,2pt made,,203924.0,,101162|1626158|201196|202693|203078|203138|203477|203490|203924|204456,1626158|203138|203477|203924|204456,101162|201196|202693|203078|203490,,,1610612755.0,21500862,True
1,PT01M15.00S,01:15,Q1 01:15,37.25,108,2pt,Grant  Running Dunk (4 PTS),['pointsinthepaint'],Grant,24,19,Made,True,False,203924.0,,steal,2pt missed,,,,101162|1626158|201196|202693|203078|203138|203477|203490|203924|204456,1626158|203138|203477|203924|204456,101162|201196|202693|203078|203490,0.0,1.0,1610612755.0,21500862,True
1,PT00M57.90S,00:57,Q1 00:57,36.965,109,2pt,MISS Sessions 3' Driving Reverse Layup,['pointsinthepaint'],Sessions,0,0,Missed,True,False,201196.0,,2pt made,rebound,,,,101162|1626158|201196|202693|203078|203138|203477|203490|203924|204456,101162|201196|202693|203078|203490,1626158|203138|203477|203924|204456,27.0,-6.0,1610612764.0,21500862,True
1,PT00M56.80S,00:56,Q1 00:56,36.946666666666665,110,rebound,TEAM defensive REBOUND,['team'],,0,0,,False,False,0.0,,2pt missed,substitution,,,,101162|1626158|201196|202693|203078|203138|203477|203490|203924|204456,1626158|203138|203477|203924|204456,101162|201196|202693|203078|203490,,,1610612755.0,21500862,True
1,PT00M56.80S,00:56,Q1 00:56,36.946666666666665,111,substitution,SUB: Nene FOR Gortat,[],Gortat,0,0,,False,False,101162.0,,substitution,substitution,,,,1626158|201196|202693|203078|203138|203477|203490|203924|204456|2403,201196|202693|203078|203490|2403,1626158|203138|203477|203924|204456,,,1610612764.0,21500862,True
1,PT00M56.80S,00:56,Q1 00:56,36.946666666666665,112,substitution,SUB out: O. Porter Jr.,[],Porter Jr.,0,0,,False,False,203490.0,,substitution,substitution,,,,1626158|201196|202693|203078|203138|203477|203924|204456|2403,201196|202693|203078|2403,1626158|203138|203477|203924|204456,,,1610612764.0,21500862,False
1,PT00M56.80S,00:56,Q1 00:56,36.946666666666665,114,substitution,SUB in: A. Anderson,[],Anderson,0,0,,False,False,101187.0,,substitution,2pt made,,,,101187|1626158|201196|202693|203078|203138|203477|203924|204456|2403,101187|201196|202693|203078|2403,1626158|203138|203477|203924|204456,,,1610612764.0,21500862,True
1,PT00M45.90S,00:45,Q1 00:45,36.765,113,2pt,McConnell 18' Pullup Jump Shot (2 PTS) (Grant 3 AST),[],McConnell,26,19,Made,True,True,204456.0,203924.0,substitution,2pt made,,,,101187|1626158|201196|202693|203078|203138|203477|203924|204456|2403,1626158|203138|203477|203924|204456,101187|201196|202693|203078|2403,127.0,126.0,1610612755.0,21500862,True
1,PT00M30.80S,00:30,Q1 00:30,36.513333333333335,114,2pt,Sessions 4' Driving Floating Jump Shot (4 PTS),['pointsinthepaint'],Sessions,26,21,Made,True,False,201196.0,,2pt made,2pt missed,,,,101187|1626158|201196|202693|203078|203138|203477|203924|204456|2403,101187|201196|202693|203078|2403,1626158|203138|203477|203924|204456,14.0,41.0,1610612764.0,21500862,True
1,PT00M06.90S,00:06,Q1 00:06,36.115,115,2pt,MISS Canaan 4' Jump Shot,['pointsinthepaint'],Canaan,0,0,Missed,True,False,203477.0,,2pt made,block,,,,101187|1626158|201196|202693|203078|203138|203477|203924|204456|2403,1626158|203138|203477|203924|204456,101187|201196|202693|203078|2403,-38.0,21.0,1610612755.0,21500862,True
1,PT00M06.90S,00:06,Q1 00:06,36.115,115,block,Nene BLOCK (1 BLK),[],Hilario,0,0,,False,False,2403.0,,2pt missed,rebound,,,2403.0,101187|1626158|201196|202693|203078|203138|203477|203924|204456|2403,101187|201196|202693|203078|2403,1626158|203138|203477|203924|204456,,,1610612764.0,21500862,True
1,PT00M04.60S,00:04,Q1 00:04,36.07666666666667,116,rebound,Mark Morris REBOUND (Off:0 Def:3),[],Morris,0,0,,False,False,202693.0,,block,foul,,,,101187|1626158|201196|202693|203078|203138|203477|203924|204456|2403,101187|201196|202693|203078|2403,1626158|203138|203477|203924|204456,,,1610612764.0,21500862,True
1,PT00M02.00S,00:02,Q1 00:02,36.03333333333333,117,foul,McConnell P.FOUL (P1.T1) (D.Jones),[],McConnell,0,0,,False,False,204456.0,,rebound,2pt missed,203078.0,,,101187|1626158|201196|202693|203078|203138|203477|203924|204456|2403,1626158|203138|203477|203924|204456,101187|201196|202693|203078|2403,,,1610612755.0,21500862,True
1,PT00M01.00S,00:01,Q1 00:01,36.016666666666666,118,2pt,MISS Beal 14' Jump Shot,[],Beal,0,0,Missed,True,False,203078.0,,foul,rebound,,,,101187|1626158|201196|202693|203078|203138|203477|203924|204456|2403,101187|201196|202693|203078|2403,1626158|203138|203477|203924|204456,133.0,-31.0,1610612764.0,21500862,True
1,PT00M00.00S,00:00,Q1 00:00,36.0,119,rebound,TEAM offensive REBOUND,['team'],,0,0,,False,False,0.0,,2pt missed,period,,,,101187|1626158|201196|202693|203078|203138|203477|203924|204456|2403,101187|201196|202693|203078|2403,1626158|203138|203477|203924|204456,,,1610612764.0,21500862,True
1,PT00M00.00S,00:00,Q1 00:00,36.0,120,period,End of 1st Period (7:31 PM EST),[],,26,21,,False,False,0.0,,rebound,period,,,,101187|1626158|201196|202693|203078|203138|203477|203924|204456|2403,1626158|203138|203477|203924|204456,101187|201196|202693|203078|2403,,,1610612755.0,21500862,True
2,PT12M00.00S,12:00,Q2 12:00,36.0,121,period,Start of 2nd Period (7:34 PM EST),[],,26,21,,False,False,0.0,,period,2pt made,,,,101187|1626158|201196|202693|203078|203138|203477|203924|204456|2403,1626158|203138|203477|203924|204456,101187|201196|202693|203078|2403,,,1610612755.0,21500862,True
2,PT11M55.00S,11:55,Q2 11:55,35.916666666666664,122,2pt,Nene 2' Layup (2 PTS) (Beal 1 AST),['pointsinthepaint'],Hilario,26,23,Made,True,True,2403.0,203078.0,period,2pt missed,,,,101187|1626158|201196|202693|203078|203138|203477|203924|204456|2403,101187|201196|202693|203078|2403,1626158|203138|203477|203924|204456,-22.0,-1.0,1610612764.0,21500862,True
2,PT11M41.00S,11:41,Q2 11:41,35.68333333333334,123,2pt,MISS McConnell 20' Jump Shot,[],McConnell,0,0,Missed,True,False,204456.0,,2pt made,rebound,,,,101187|1626158|201196|202693|203078|203138|203477|203924|204456|2403,1626158|203138|203477|203924|204456,101187|201196|202693|203078|2403,-30.0,198.0,1610612755.0,21500862,True
2,PT11M39.00S,11:39,Q2 11:39,35.65,124,rebound,Nene REBOUND (Off:0 Def:1),[],Hilario,0,0,,False,False,2403.0,,2pt missed,2pt missed,,,,101187|1626158|201196|202693|203078|203138|203477|203924|204456|2403,101187|201196|202693|203078|2403,1626158|203138|203477|203924|204456,,,1610612764.0,21500862,True
2,PT11M29.00S,11:29,Q2 11:29,35.483333333333334,125,2pt,MISS Sessions 6' Jump Shot,['pointsinthepaint'],Sessions,0,0,Missed,True,False,201196.0,,rebound,rebound,,,,101187|1626158|201196|202693|203078|203138|203477|203924|204456|2403,101187|201196|202693|203078|2403,1626158|203138|203477|203924|204456,30.0,47.0,1610612764.0,21500862,True
2,PT11M28.00S,11:28,Q2 11:28,35.46666666666667,126,rebound,Nene REBOUND (Off:1 Def:1),[],Hilario,0,0,,False,False,2403.0,,2pt missed,foul,,,,101187|1626158|201196|202693|203078|203138|203477|203924|204456|2403,101187|201196|202693|203078|2403,1626158|203138|203477|203924|204456,,,1610612764.0,21500862,True
2,PT11M22.00S,11:22,Q2 11:22,35.36666666666667,127,foul,Holmes S.FOUL (P1.T1) (Z.Zarba),[],Holmes,0,0,,False,False,1626158.0,,rebound,freethrow,101187.0,,,101187|1626158|201196|202693|203078|203138|203477|203924|204456|2403,1626158|203138|203477|203924|204456,101187|201196|202693|203078|2403,,,1610612755.0,21500862,True
2,PT11M22.00S,11:22,Q2 11:22,35.36666666666667,128,freethrow,Anderson Free Throw 1 of 2 (1 PTS),[],Anderson,26,24,Made,False,False,101187.0,,foul,freethrow,,,,101187|1626158|201196|202693|203078|203138|203477|203924|204456|2403,101187|201196|202693|203078|2403,1626158|203138|203477|203924|204456,,,1610612764.0,21500862,True
2,PT11M22.00S,11:22,Q2 11:22,35.36666666666667,130,freethrow,Anderson Free Throw 2 of 2 (2 PTS),[],Anderson,26,25,Made,False,False,101187.0,,freethrow,3pt missed,,,,101187|1626158|201196|202693|203078|203138|203477|203924|204456|2403,101187|201196|202693|203078|2403,1626158|203138|203477|203924|204456,,,1610612764.0,21500862,True
2,PT11M05.00S,11:05,Q2 11:05,35.083333333333336,132,3pt,MISS Thompson 27' 3PT Jump Shot,[],Thompson,0,0,Missed,True,False,203138.0,,freethrow,rebound,,,,101187|1626158|201196|202693|203078|203138|203477|203924|204456|2403,1626158|203138|203477|203924|204456,101187|201196|202693|203078|2403,-183.0,193.0,1610612755.0,21500862,True
2,PT11M03.00S,11:03,Q2 11:03,35.05,133,rebound,Mark Morris REBOUND (Off:0 Def:4),[],Morris,0,0,,False,False,202693.0,,3pt missed,turnover,,,,101187|1626158|201196|202693|203078|203138|203477|203924|204456|2403,101187|201196|202693|203078|2403,1626158|203138|203477|203924|204456,,,1610612764.0,21500862,True
2,PT10M48.00S,10:48,Q2 10:48,34.8,134,turnover,Sessions Bad Pass Turnover (P1.T4),[],Sessions,0,0,,False,False,201196.0,,rebound,steal,,,,101187|1626158|201196|202693|203078|203138|203477|203924|204456|2403,101187|201196|202693|203078|2403,1626158|203138|203477|203924|204456,,,1610612764.0,21500862,True
2,PT10M48.00S,10:48,Q2 10:48,34.8,134,steal,Holmes STEAL (1 STL),[],Holmes,0,0,,False,False,1626158.0,,turnover,2pt missed,,1626158.0,,101187|1626158|201196|202693|203078|203138|203477|203924|204456|2403,1626158|203138|203477|203924|204456,101187|201196|202693|203078|2403,,,1610612755.0,21500862,True
2,PT10M34.00S,10:34,Q2 10:34,34.56666666666666,135,2pt,MISS Canaan 4' Jump Shot,['pointsinthepaint'],Canaan,0,0,Missed,True,False,203477.0,,steal,rebound,,,,101187|1626158|201196|202693|203078|203138|203477|203924|204456|2403,1626158|203138|203477|203924|204456,101187|201196|202693|203078|2403,-38.0,21.0,1610612755.0,21500862,True
2,PT10M34.00S,10:34,Q2 10:34,34.56666666666666,136,rebound,Nene REBOUND (Off:1 Def:2),[],Hilario,0,0,,False,False,2403.0,,2pt missed,foul,,,,101187|1626158|201196|202693|203078|203138|203477|203924|204456|2403,101187|201196|202693|203078|2403,1626158|203138|203477|203924|204456,,,1610612764.0,21500862,True
2,PT10M34.00S,10:34,Q2 10:34,34.56666666666666,137,foul,Holmes L.B.FOUL (P2.T2) (J.VanDuyne),[],Holmes,0,0,,False,False,1626158.0,,rebound,3pt missed,203078.0,,,101187|1626158|201196|202693|203078|203138|203477|203924|204456|2403,1626158|203138|203477|203924|204456,101187|201196|202693|203078|2403,,,1610612755.0,21500862,True
2,PT10M23.00S,10:23,Q2 10:23,34.38333333333333,138,3pt,MISS Beal 25' 3PT Jump Shot,[],Beal,0,0,Missed,True,False,203078.0,,foul,rebound,,,,101187|1626158|201196|202693|203078|203138|203477|203924|204456|2403,101187|201196|202693|203078|2403,1626158|203138|203477|203924|204456,-45.0,244.0,1610612764.0,21500862,True
2,PT10M22.00S,10:22,Q2 10:22,34.36666666666667,139,rebound,TEAM defensive REBOUND,['team'],,0,0,,False,False,0.0,,3pt missed,foul,,,,101187|1626158|201196|202693|203078|203138|203477|203924|204456|2403,1626158|203138|203477|203924|204456,101187|201196|202693|203078|2403,,,1610612755.0,21500862,True
2,PT10M09.00S,10:09,Q2 10:09,34.15,140,foul,Anderson P.FOUL (P1.T1) (D.Jones),[],Anderson,0,0,,False,False,101187.0,,rebound,2pt missed,203924.0,,,101187|1626158|201196|202693|203078|203138|203477|203924|204456|2403,101187|201196|202693|203078|2403,1626158|203138|203477|203924|204456,,,1610612764.0,21500862,True
2,PT09M58.00S,09:58,Q2 09:58,33.96666666666667,141,2pt,MISS Grant 12' Jump Shot,[],Grant,0,0,Missed,True,False,203924.0,,foul,rebound,,,,101187|1626158|201196|202693|203078|203138|203477|203924|204456|2403,1626158|203138|203477|203924|204456,101187|201196|202693|203078|2403,-115.0,-34.0,1610612755.0,21500862,True
2,PT09M58.00S,09:58,Q2 09:58,33.96666666666667,142,rebound,TEAM defensive REBOUND,['team'],,0,0,,False,False,0.0,,2pt missed,turnover,,,,101187|1626158|201196|202693|203078|203138|203477|203924|204456|2403,101187|201196|202693|203078|2403,1626158|203138|203477|203924|204456,,,1610612764.0,21500862,True
2,PT09M47.00S,09:47,Q2 09:47,33.78333333333333,143,turnover,Nene Lost Ball Turnover (P1.T5),[],Hilario,0,0,,False,False,2403.0,,rebound,steal,,,,101187|1626158|201196|202693|203078|203138|203477|203924|204456|2403,101187|201196|202693|203078|2403,1626158|203138|203477|203924|204456,,,1610612764.0,21500862,True
2,PT09M47.00S,09:47,Q2 09:47,33.78333333333333,143,steal,Holmes STEAL (2 STL),[],Holmes,0,0,,False,False,1626158.0,,turnover,foul,,1626158.0,,101187|1626158|201196|202693|203078|203138|203477|203924|204456|2403,1626158|203138|203477|203924|204456,101187|201196|202693|203078|2403,,,1610612755.0,21500862,True
2,PT09M43.00S,09:43,Q2 09:43,33.71666666666667,144,foul,Anderson P.FOUL (P2.T2) (J.VanDuyne),[],Anderson,0,0,,False,False,101187.0,,steal,3pt made,203477.0,,,101187|1626158|201196|202693|203078|203138|203477|203924|204456|2403,101187|201196|202693|203078|2403,1626158|203138|203477|203924|204456,,,1610612764.0,21500862,True
2,PT09M25.00S,09:25,Q2 09:25,33.416666666666664,145,3pt,Canaan 25' 3PT Jump Shot (3 PTS) (McConnell 1 AST),[],Canaan,29,25,Made,True,True,203477.0,204456.0,foul,turnover,,,,101187|1626158|201196|202693|203078|203138|203477|203924|204456|2403,1626158|203138|203477|203924|204456,101187|201196|202693|203078|2403,123.0,219.0,1610612755.0,21500862,True
2,PT09M08.00S,09:08,Q2 09:08,33.13333333333333,146,turnover,Nene Out of Bounds - Bad Pass Turnover Turnover (P2.T6),[],Hilario,0,0,,False,False,2403.0,,3pt made,timeout,,,,101187|1626158|201196|202693|203078|203138|203477|203924|204456|2403,101187|201196|202693|203078|2403,1626158|203138|203477|203924|204456,,,1610612764.0,21500862,True
2,PT09M08.00S,09:08,Q2 09:08,33.13333333333333,147,timeout,76ERS Timeout: Regular (Full 2 Short 0),[],,0,0,,False,False,0.0,,turnover,substitution,,,,101187|1626158|201196|202693|203078|203138|203477|203924|204456|2403,1626158|203138|203477|203924|204456,101187|201196|202693|203078|2403,,,1610612755.0,21500862,True
2,PT09M08.00S,09:08,Q2 09:08,33.13333333333333,149,substitution,SUB out: B. Beal,[],Beal,0,0,,False,False,203078.0,,timeout,substitution,,,,101187|1626158|201196|202693|203138|203477|203924|204456|2403,101187|201196|202693|2403,1626158|203138|203477|203924|204456,,,1610612764.0,21500862,False
2,PT09M08.00S,09:08,Q2 09:08,33.13333333333333,150,substitution,SUB out: R. Holmes,[],Holmes,0,0,,False,False,1626158.0,,substitution,substitution,,,,101187|201196|202693|203138|203477|203924|204456|2403,203138|203477|203924|204456,101187|201196|202693|2403,,,1610612755.0,21500862,False
2,PT09M08.00S,09:08,Q2 09:08,33.13333333333333,151,substitution,SUB in: J. Wall,[],Wall,0,0,,False,False,202322.0,,substitution,substitution,,,,101187|201196|202322|202693|203138|203477|203924|204456|2403,101187|201196|202322|202693|2403,203138|203477|203924|204456,,,1610612764.0,21500862,False
2,PT09M08.00S,09:08,Q2 09:08,33.13333333333333,152,substitution,SUB in: J. Okafor,[],Okafor,0,0,,False,False,1626143.0,,substitution,2pt missed,,,,101187|1626143|201196|202322|202693|203138|203477|203924|204456|2403,1626143|203138|203477|203924|204456,101187|201196|202322|202693|2403,,,1610612755.0,21500862,True
2,PT08M44.00S,08:44,Q2 08:44,32.733333333333334,151,2pt,MISS Grant 18' Jump Shot,[],Grant,0,0,Missed,True,False,203924.0,,substitution,rebound,,,,101187|1626143|201196|202322|202693|203138|203477|203924|204456|2403,1626143|203138|203477|203924|204456,101187|201196|202322|202693|2403,-122.0,126.0,1610612755.0,21500862,True
2,PT08M43.00S,08:43,Q2 08:43,32.71666666666667,152,rebound,TEAM offensive REBOUND,['team'],,0,0,,False,False,0.0,,2pt missed,turnover,,,,101187|1626143|201196|202322|202693|203138|203477|203924|204456|2403,1626143|203138|203477|203924|204456,101187|201196|202322|202693|2403,,,1610612755.0,21500862,True
2,PT08M43.00S,08:43,Q2 08:43,32.71666666666667,153,turnover,76ERS Turnover: Shot Clock (T#4),[],,0,0,,False,False,1610612755.0,,rebound,3pt missed,,,,101187|1626143|201196|202322|202693|203138|203477|203924|204456|2403,1626143|203138|203477|203924|204456,101187|201196|202322|202693|2403,,,0.0,21500862,True
2,PT08M31.00S,08:31,Q2 08:31,32.516666666666666,154,3pt,MISS Mark Morris 29' 3PT Jump Shot,[],Morris,0,0,Missed,True,False,202693.0,,turnover,rebound,,,,101187|1626143|201196|202322|202693|203138|203477|203924|204456|2403,101187|201196|202322|202693|2403,1626143|203138|203477|203924|204456,-192.0,214.0,1610612764.0,21500862,True
2,PT08M26.00S,08:26,Q2 08:26,32.43333333333334,155,rebound,Grant REBOUND (Off:0 Def:2),[],Grant,0,0,,False,False,203924.0,,3pt missed,2pt made,,,,101187|1626143|201196|202322|202693|203138|203477|203924|204456|2403,1626143|203138|203477|203924|204456,101187|201196|202322|202693|2403,,,1610612755.0,21500862,True
2,PT08M22.00S,08:22,Q2 08:22,32.36666666666667,156,2pt,McConnell 16' Pullup Jump Shot (4 PTS),[],McConnell,31,25,Made,True,False,204456.0,,rebound,2pt made,,,,101187|1626143|201196|202322|202693|203138|203477|203924|204456|2403,1626143|203138|203477|203924|204456,101187|201196|202322|202693|2403,-101.0,124.0,1610612755.0,21500862,True
2,PT08M09.00S,08:09,Q2 08:09,32.15,157,2pt,Sessions 3' Layup (6 PTS) (Nene 1 AST),['pointsinthepaint'],Sessions,31,27,Made,True,False,201196.0,,2pt made,3pt made,,,,101187|1626143|201196|202322|202693|203138|203477|203924|204456|2403,101187|201196|202322|202693|2403,1626143|203138|203477|203924|204456,-24.0,11.0,1610612764.0,21500862,True
2,PT07M59.00S,07:59,Q2 07:59,31.983333333333334,158,3pt,Thompson 25' 3PT Jump Shot (3 PTS) (Grant 4 AST),[],Thompson,34,27,Made,True,True,203138.0,203924.0,2pt made,substitution,,,,101187|1626143|201196|202322|202693|203138|203477|203924|204456|2403,1626143|203138|203477|203924|204456,101187|201196|202322|202693|2403,-250.0,-11.0,1610612755.0,21500862,True
2,PT07M50.00S,07:50,Q2 07:50,31.833333333333332,162,substitution,SUB out: J. Grant,[],Grant,0,0,,False,False,203924.0,,3pt made,substitution,,,,101187|1626143|201196|202322|202693|203138|203477|204456|2403,1626143|203138|203477|204456,101187|201196|202322|202693|2403,,,1610612755.0,21500862,False
2,PT07M50.00S,07:50,Q2 07:50,31.833333333333332,163,substitution,SUB in: N. Noel,[],Noel,0,0,,False,False,203457.0,,substitution,2pt made,,,,101187|1626143|201196|202322|202693|203138|203457|203477|204456|2403,1626143|203138|203457|203477|204456,101187|201196|202322|202693|2403,,,1610612755.0,21500862,True
2,PT07M36.00S,07:36,Q2 07:36,31.6,164,2pt,Mark Morris 2' Layup (2 PTS) (Sessions 1 AST),['pointsinthepaint'],Morris,34,29,Made,True,True,202693.0,201196.0,substitution,foul,,,,101187|1626143|201196|202322|202693|203138|203457|203477|204456|2403,101187|201196|202322|202693|2403,1626143|203138|203457|203477|204456,-17.0,-1.0,1610612764.0,21500862,True
2,PT07M24.00S,07:24,Q2 07:24,31.4,165,foul,Wizards T.Foul (Def. 3 Sec Mark Morris ) (J.VanDuyne),[],Morris,0,0,,False,False,202693.0,,2pt made,freethrow,203477.0,,,101187|1626143|201196|202322|202693|203138|203457|203477|204456|2403,101187|201196|202322|202693|2403,1626143|203138|203457|203477|204456,,,1610612764.0,21500862,True
2,PT07M24.00S,07:24,Q2 07:24,31.4,166,freethrow,Canaan Free Throw Technical (4 PTS),[],Canaan,35,29,Made,False,False,203477.0,,foul,2pt made,,,,101187|1626143|201196|202322|202693|203138|203457|203477|204456|2403,1626143|203138|203457|203477|204456,101187|201196|202322|202693|2403,,,1610612755.0,21500862,True
2,PT07M13.00S,07:13,Q2 07:13,31.21666666666667,168,2pt,McConnell 2' Cutting Layup Shot (6 PTS) (Noel 1 AST),['pointsinthepaint'],McConnell,37,29,Made,True,True,204456.0,203457.0,freethrow,foul,,,,101187|1626143|201196|202322|202693|203138|203457|203477|204456|2403,1626143|203138|203457|203477|204456,101187|201196|202322|202693|2403,-19.0,-10.0,1610612755.0,21500862,True
2,PT07M08.00S,07:08,Q2 07:08,31.133333333333333,169,foul,Canaan Personal Block Foul (P1.T3) (Z.Zarba),[],Canaan,0,0,,False,False,203477.0,,2pt made,2pt made,202322.0,,,101187|1626143|201196|202322|202693|203138|203457|203477|204456|2403,1626143|203138|203457|203477|204456,101187|201196|202322|202693|2403,,,1610612755.0,21500862,True
2,PT07M00.00S,07:00,Q2 07:00,31.0,171,2pt,Wall 2' Driving Finger Roll Layup (2 PTS),['pointsinthepaint'],Wall,37,31,Made,True,False,202322.0,,foul,3pt missed,,,,101187|1626143|201196|202322|202693|203138|203457|203477|204456|2403,101187|201196|202322|202693|2403,1626143|203138|203457|203477|204456,1.0,-16.0,1610612764.0,21500862,True
2,PT06M39.00S,06:39,Q2 06:39,30.65,173,3pt,MISS Canaan 26' 3PT Jump Shot,[],Canaan,0,0,Missed,True,False,203477.0,,2pt made,rebound,,,,101187|1626143|201196|202322|202693|203138|203457|203477|204456|2403,1626143|203138|203457|203477|204456,101187|201196|202322|202693|2403,-40.0,257.0,1610612755.0,21500862,True
2,PT06M37.00S,06:37,Q2 06:37,30.616666666666667,174,rebound,Mark Morris REBOUND (Off:0 Def:5),[],Morris,0,0,,False,False,202693.0,,3pt missed,3pt made,,,,101187|1626143|201196|202322|202693|203138|203457|203477|204456|2403,101187|201196|202322|202693|2403,1626143|203138|203457|203477|204456,,,1610612764.0,21500862,True
2,PT06M31.00S,06:31,Q2 06:31,30.516666666666666,176,3pt,Anderson 28' 3PT Jump Shot (5 PTS) (Wall 4 AST),[],Anderson,37,34,Made,True,True,101187.0,202322.0,rebound,substitution,,,,101187|1626143|201196|202322|202693|203138|203457|203477|204456|2403,101187|201196|202322|202693|2403,1626143|203138|203457|203477|204456,-219.0,175.0,1610612764.0,21500862,True
2,PT06M17.00S,06:17,Q2 06:17,30.28333333333333,178,substitution,SUB out: H. Thompson,[],Thompson,0,0,,False,False,203138.0,,3pt made,substitution,,,,101187|1626143|201196|202322|202693|203457|203477|204456|2403,1626143|203457|203477|204456,101187|201196|202322|202693|2403,,,1610612755.0,21500862,False
2,PT06M17.00S,06:17,Q2 06:17,30.28333333333333,179,substitution,SUB out: A. Anderson,[],Anderson,0,0,,False,False,101187.0,,substitution,substitution,,,,1626143|201196|202322|202693|203457|203477|204456|2403,201196|202322|202693|2403,1626143|203457|203477|204456,,,1610612764.0,21500862,False
2,PT06M17.00S,06:17,Q2 06:17,30.28333333333333,180,substitution,SUB in: N. Stauskas,[],Stauskas,0,0,,False,False,203917.0,,substitution,substitution,,,,1626143|201196|202322|202693|203457|203477|203917|204456|2403,1626143|203457|203477|203917|204456,201196|202322|202693|2403,,,1610612755.0,21500862,False
2,PT06M17.00S,06:17,Q2 06:17,30.28333333333333,181,substitution,SUB in: O. Porter Jr.,[],Porter Jr.,0,0,,False,False,203490.0,,substitution,3pt missed,,,,1626143|201196|202322|202693|203457|203477|203490|203917|204456|2403,201196|202322|202693|203490|2403,1626143|203457|203477|203917|204456,,,1610612764.0,21500862,True
2,PT06M14.00S,06:14,Q2 06:14,30.233333333333334,181,3pt,MISS Canaan 24' 3PT Jump Shot,[],Canaan,0,0,Missed,True,False,203477.0,,substitution,rebound,,,,1626143|201196|202322|202693|203457|203477|203490|203917|204456|2403,1626143|203457|203477|203917|204456,201196|202322|202693|203490|2403,-241.0,-31.0,1610612755.0,21500862,True
2,PT06M13.00S,06:13,Q2 06:13,30.21666666666667,182,rebound,Mark Morris REBOUND (Off:0 Def:6),[],Morris,0,0,,False,False,202693.0,,3pt missed,2pt made,,,,1626143|201196|202322|202693|203457|203477|203490|203917|204456|2403,201196|202322|202693|203490|2403,1626143|203457|203477|203917|204456,,,1610612764.0,21500862,True
2,PT06M05.00S,06:05,Q2 06:05,30.083333333333332,183,2pt,Mark Morris 16' Pullup Jump Shot (4 PTS) (Wall 5 AST),[],Morris,37,36,Made,True,True,202693.0,202322.0,rebound,2pt missed,,,,1626143|201196|202322|202693|203457|203477|203490|203917|204456|2403,201196|202322|202693|203490|2403,1626143|203457|203477|203917|204456,4.0,159.0,1610612764.0,21500862,True
2,PT05M45.00S,05:45,Q2 05:45,29.75,184,2pt,MISS Okafor 15' Jump Shot,[],Okafor,0,0,Missed,True,False,1626143.0,,2pt made,rebound,,,,1626143|201196|202322|202693|203457|203477|203490|203917|204456|2403,1626143|203457|203477|203917|204456,201196|202322|202693|203490|2403,-9.0,149.0,1610612755.0,21500862,True
2,PT05M45.00S,05:45,Q2 05:45,29.75,185,rebound,TEAM defensive REBOUND,['team'],,0,0,,False,False,0.0,,2pt missed,timeout,,,,1626143|201196|202322|202693|203457|203477|203490|203917|204456|2403,201196|202322|202693|203490|2403,1626143|203457|203477|203917|204456,,,1610612764.0,21500862,True
2,PT05M45.00S,05:45,Q2 05:45,29.75,186,timeout,Timeout: Official,[],,0,0,,False,False,0.0,,rebound,substitution,,,,1626143|201196|202322|202693|203457|203477|203490|203917|204456|2403,1626143|203457|203477|203917|204456,201196|202322|202693|203490|2403,,,0.0,21500862,True
2,PT05M45.00S,05:45,Q2 05:45,29.75,187,substitution,SUB out: R. Sessions,[],Sessions,0,0,,False,False,201196.0,,timeout,substitution,,,,1626143|202322|202693|203457|203477|203490|203917|204456|2403,202322|202693|203490|2403,1626143|203457|203477|203917|204456,,,1610612764.0,21500862,False
2,PT05M45.00S,05:45,Q2 05:45,29.75,188,substitution,SUB out: T. McConnell,[],McConnell,0,0,,False,False,204456.0,,substitution,substitution,,,,1626143|202322|202693|203457|203477|203490|203917|2403,1626143|203457|203477|203917,202322|202693|203490|2403,,,1610612755.0,21500862,False
2,PT05M45.00S,05:45,Q2 05:45,29.75,189,substitution,SUB out: I. Canaan,[],Canaan,0,0,,False,False,203477.0,,substitution,substitution,,,,1626143|202322|202693|203457|203490|203917|2403,1626143|203457|203917,202322|202693|203490|2403,,,1610612755.0,21500862,False
2,PT05M45.00S,05:45,Q2 05:45,29.75,190,substitution,SUB in: B. Beal,[],Beal,0,0,,False,False,203078.0,,substitution,substitution,,,,1626143|202322|202693|203078|203457|203490|203917|2403,202322|202693|203078|203490|2403,1626143|203457|203917,,,1610612764.0,21500862,False
2,PT05M45.00S,05:45,Q2 05:45,29.75,191,substitution,SUB in: I. Smith,[],Smith,0,0,,False,False,202397.0,,substitution,substitution,,,,1626143|202322|202397|202693|203078|203457|203490|203917|2403,1626143|202397|203457|203917,202322|202693|203078|203490|2403,,,1610612755.0,21500862,False
2,PT05M45.00S,05:45,Q2 05:45,29.75,192,substitution,SUB in: R. Covington,[],Covington,0,0,,False,False,203496.0,,substitution,3pt made,,,,1626143|202322|202397|202693|203078|203457|203490|203496|203917|2403,1626143|202397|203457|203496|203917,202322|202693|203078|203490|2403,,,1610612755.0,21500862,True
2,PT05M26.00S,05:26,Q2 05:26,29.433333333333334,190,3pt,Beal 24' 3PT Step Back Jump Shot (7 PTS) (Wall 6 AST),[],Beal,37,39,Made,True,True,203078.0,202322.0,substitution,foul,,,,1626143|202322|202397|202693|203078|203457|203490|203496|203917|2403,202322|202693|203078|203490|2403,1626143|202397|203457|203496|203917,169.0,169.0,1610612764.0,21500862,True
2,PT05M11.00S,05:11,Q2 05:11,29.183333333333334,191,foul,Mark Morris S.FOUL (P1.T3) (J.VanDuyne),[],Morris,0,0,,False,False,202693.0,,3pt made,freethrow,203917.0,,,1626143|202322|202397|202693|203078|203457|203490|203496|203917|2403,202322|202693|203078|203490|2403,1626143|202397|203457|203496|203917,,,1610612764.0,21500862,True
2,PT05M11.00S,05:11,Q2 05:11,29.183333333333334,192,freethrow,Stauskas Free Throw 1 of 2 (3 PTS),[],Stauskas,38,39,Made,False,False,203917.0,,foul,freethrow,,,,1626143|202322|202397|202693|203078|203457|203490|203496|203917|2403,1626143|202397|203457|203496|203917,202322|202693|203078|203490|2403,,,1610612755.0,21500862,True
2,PT05M11.00S,05:11,Q2 05:11,29.183333333333334,194,freethrow,Stauskas Free Throw 2 of 2 (4 PTS),[],Stauskas,39,39,Made,False,False,203917.0,,freethrow,2pt made,,,,1626143|202322|202397|202693|203078|203457|203490|203496|203917|2403,1626143|202397|203457|203496|203917,202322|202693|203078|203490|2403,,,1610612755.0,21500862,True
2,PT04M58.00S,04:58,Q2 04:58,28.96666666666667,196,2pt,Mark Morris 15' Jump Shot (6 PTS) (Beal 2 AST),[],Morris,39,41,Made,True,True,202693.0,203078.0,freethrow,foul,,,,1626143|202322|202397|202693|203078|203457|203490|203496|203917|2403,202322|202693|203078|203490|2403,1626143|202397|203457|203496|203917,-7.0,154.0,1610612764.0,21500862,True
2,PT04M46.00S,04:46,Q2 04:46,28.766666666666666,197,foul,Porter Jr. P.FOUL (P1.T4) (J.VanDuyne),['inpenalty'],Porter Jr.,0,0,,False,False,203490.0,,2pt made,2pt missed,202397.0,,,1626143|202322|202397|202693|203078|203457|203490|203496|203917|2403,202322|202693|203078|203490|2403,1626143|202397|203457|203496|203917,,,1610612764.0,21500862,True
2,PT04M31.00S,04:31,Q2 04:31,28.516666666666666,198,2pt,MISS Smith 19' Pullup Jump Shot,[],Smith,0,0,Missed,True,False,202397.0,,foul,rebound,,,,1626143|202322|202397|202693|203078|203457|203490|203496|203917|2403,1626143|202397|203457|203496|203917,202322|202693|203078|203490|2403,-4.0,193.0,1610612755.0,21500862,True
2,PT04M28.00S,04:28,Q2 04:28,28.46666666666667,199,rebound,Nene REBOUND (Off:1 Def:3),[],Hilario,0,0,,False,False,2403.0,,2pt missed,turnover,,,,1626143|202322|202397|202693|203078|203457|203490|203496|203917|2403,202322|202693|203078|203490|2403,1626143|202397|203457|203496|203917,,,1610612764.0,21500862,True
2,PT04M24.00S,04:24,Q2 04:24,28.4,200,turnover,Wall Lost Ball Turnover (P2.T7),[],Wall,0,0,,False,False,202322.0,,rebound,steal,,,,1626143|202322|202397|202693|203078|203457|203490|203496|203917|2403,202322|202693|203078|203490|2403,1626143|202397|203457|203496|203917,,,1610612764.0,21500862,True
2,PT04M24.00S,04:24,Q2 04:24,28.4,200,steal,Noel STEAL (1 STL),[],Noel,0,0,,False,False,203457.0,,turnover,2pt made,,203457.0,,1626143|202322|202397|202693|203078|203457|203490|203496|203917|2403,1626143|202397|203457|203496|203917,202322|202693|203078|203490|2403,,,1610612755.0,21500862,True
2,PT04M18.00S,04:18,Q2 04:18,28.3,201,2pt,Okafor  Running Dunk (6 PTS) (Smith 4 AST),['pointsinthepaint'],Okafor,41,41,Made,True,True,1626143.0,202397.0,steal,2pt missed,,,,1626143|202322|202397|202693|203078|203457|203490|203496|203917|2403,1626143|202397|203457|203496|203917,202322|202693|203078|203490|2403,0.0,1.0,1610612755.0,21500862,True
2,PT04M00.00S,04:00,Q2 04:00,28.0,202,2pt,MISS Nene 14' Jump Shot,[],Hilario,0,0,Missed,True,False,2403.0,,2pt made,rebound,,,,1626143|202322|202397|202693|203078|203457|203490|203496|203917|2403,202322|202693|203078|203490|2403,1626143|202397|203457|203496|203917,0.0,139.0,1610612764.0,21500862,True
2,PT03M59.00S,03:59,Q2 03:59,27.983333333333334,203,rebound,Noel REBOUND (Off:0 Def:5),[],Noel,0,0,,False,False,203457.0,,2pt missed,turnover,,,,1626143|202322|202397|202693|203078|203457|203490|203496|203917|2403,1626143|202397|203457|203496|203917,202322|202693|203078|203490|2403,,,1610612755.0,21500862,True
2,PT03M45.00S,03:45,Q2 03:45,27.75,204,turnover,Smith Lost Ball Turnover (P2.T5),[],Smith,0,0,,False,False,202397.0,,rebound,steal,,,,1626143|202322|202397|202693|203078|203457|203490|203496|203917|2403,1626143|202397|203457|203496|203917,202322|202693|203078|203490|2403,,,1610612755.0,21500862,True
2,PT03M45.00S,03:45,Q2 03:45,27.75,204,steal,Mark Morris STEAL (1 STL),[],Morris,0,0,,False,False,202693.0,,turnover,foul,,202693.0,,1626143|202322|202397|202693|203078|203457|203490|203496|203917|2403,202322|202693|203078|203490|2403,1626143|202397|203457|203496|203917,,,1610612764.0,21500862,True
2,PT03M40.00S,03:40,Q2 03:40,27.666666666666668,205,foul,Stauskas S.FOUL (P1.T4) (Z.Zarba),[],Stauskas,0,0,,False,False,203917.0,,steal,freethrow,202693.0,,,1626143|202322|202397|202693|203078|203457|203490|203496|203917|2403,1626143|202397|203457|203496|203917,202322|202693|203078|203490|2403,,,1610612755.0,21500862,True
2,PT03M40.00S,03:40,Q2 03:40,27.666666666666668,206,freethrow,Mark Morris Free Throw 1 of 2 (7 PTS),[],Morris,41,42,Made,False,False,202693.0,,foul,freethrow,,,,1626143|202322|202397|202693|203078|203457|203490|203496|203917|2403,202322|202693|203078|203490|2403,1626143|202397|203457|203496|203917,,,1610612764.0,21500862,True
2,PT03M40.00S,03:40,Q2 03:40,27.666666666666668,209,freethrow,Mark Morris Free Throw 2 of 2 (8 PTS),[],Morris,41,43,Made,False,False,202693.0,,freethrow,substitution,,,,1626143|202322|202397|202693|203078|203457|203490|203496|203917|2403,202322|202693|203078|203490|2403,1626143|202397|203457|203496|203917,,,1610612764.0,21500862,True
2,PT03M40.00S,03:40,Q2 03:40,27.666666666666668,208,substitution,SUB out: N. Hilario,[],Hilario,0,0,,False,False,2403.0,,freethrow,substitution,,,,1626143|202322|202397|202693|203078|203457|203490|203496|203917,202322|202693|203078|203490,1626143|202397|203457|203496|203917,,,1610612764.0,21500862,False
2,PT03M40.00S,03:40,Q2 03:40,27.666666666666668,209,substitution,SUB in: M. Gortat,[],Gortat,0,0,,False,False,101162.0,,substitution,3pt made,,,,101162|1626143|202322|202397|202693|203078|203457|203490|203496|203917,101162|202322|202693|203078|203490,1626143|202397|203457|203496|203917,,,1610612764.0,21500862,True
2,PT03M20.00S,03:20,Q2 03:20,27.333333333333332,213,3pt,Stauskas 25' 3PT Jump Shot (7 PTS) (Smith 5 AST),[],Stauskas,44,43,Made,True,True,203917.0,202397.0,substitution,2pt missed,,,,101162|1626143|202322|202397|202693|203078|203457|203490|203496|203917,1626143|202397|203457|203496|203917,101162|202322|202693|203078|203490,-194.0,159.0,1610612755.0,21500862,True
2,PT03M07.00S,03:07,Q2 03:07,27.116666666666667,214,2pt,MISS Mark Morris 6' Jump Shot,['pointsinthepaint'],Morris,0,0,Missed,True,False,202693.0,,3pt made,rebound,,,,101162|1626143|202322|202397|202693|203078|203457|203490|203496|203917,101162|202322|202693|203078|203490,1626143|202397|203457|203496|203917,-58.0,21.0,1610612764.0,21500862,True
2,PT03M05.00S,03:05,Q2 03:05,27.083333333333332,215,rebound,Okafor REBOUND (Off:0 Def:2),[],Okafor,0,0,,False,False,1626143.0,,2pt missed,2pt missed,,,,101162|1626143|202322|202397|202693|203078|203457|203490|203496|203917,1626143|202397|203457|203496|203917,101162|202322|202693|203078|203490,,,1610612755.0,21500862,True
2,PT02M55.00S,02:55,Q2 02:55,26.916666666666668,216,2pt,MISS Noel 4' Jump Shot,['pointsinthepaint'],Noel,0,0,Missed,True,False,203457.0,,rebound,block,,,,101162|1626143|202322|202397|202693|203078|203457|203490|203496|203917,1626143|202397|203457|203496|203917,101162|202322|202693|203078|203490,-38.0,2.0,1610612755.0,21500862,True
2,PT02M55.00S,02:55,Q2 02:55,26.916666666666668,216,block,Mark Morris BLOCK (1 BLK),[],Morris,0,0,,False,False,202693.0,,2pt missed,rebound,,,202693.0,101162|1626143|202322|202397|202693|203078|203457|203490|203496|203917,101162|202322|202693|203078|203490,1626143|202397|203457|203496|203917,,,1610612764.0,21500862,True
2,PT02M53.00S,02:53,Q2 02:53,26.883333333333333,217,rebound,Okafor REBOUND (Off:1 Def:2),[],Okafor,0,0,,False,False,1626143.0,,block,turnover,,,,101162|1626143|202322|202397|202693|203078|203457|203490|203496|203917,1626143|202397|203457|203496|203917,101162|202322|202693|203078|203490,,,1610612755.0,21500862,True
2,PT02M48.00S,02:48,Q2 02:48,26.8,218,turnover,Covington Lost Ball Turnover (P1.T6),[],Covington,0,0,,False,False,203496.0,,rebound,steal,,,,101162|1626143|202322|202397|202693|203078|203457|203490|203496|203917,1626143|202397|203457|203496|203917,101162|202322|202693|203078|203490,,,1610612755.0,21500862,True
2,PT02M48.00S,02:48,Q2 02:48,26.8,218,steal,Porter Jr. STEAL (2 STL),[],Porter Jr.,0,0,,False,False,203490.0,,turnover,2pt missed,,203490.0,,101162|1626143|202322|202397|202693|203078|203457|203490|203496|203917,101162|202322|202693|203078|203490,1626143|202397|203457|203496|203917,,,1610612764.0,21500862,True
2,PT02M42.00S,02:42,Q2 02:42,26.7,219,2pt,MISS Beal 4' Jump Shot,['pointsinthepaint'],Beal,0,0,Missed,True,False,203078.0,,steal,rebound,,,,101162|1626143|202322|202397|202693|203078|203457|203490|203496|203917,101162|202322|202693|203078|203490,1626143|202397|203457|203496|203917,30.0,21.0,1610612764.0,21500862,True
2,PT02M40.00S,02:40,Q2 02:40,26.666666666666668,220,rebound,Porter Jr. REBOUND (Off:3 Def:2),[],Porter Jr.,0,0,,False,False,203490.0,,2pt missed,2pt missed,,,,101162|1626143|202322|202397|202693|203078|203457|203490|203496|203917,101162|202322|202693|203078|203490,1626143|202397|203457|203496|203917,,,1610612764.0,21500862,True
2,PT02M39.00S,02:39,Q2 02:39,26.65,221,2pt,MISS Porter Jr. 3' Layup,['pointsinthepaint'],Porter Jr.,0,0,Missed,True,False,203490.0,,rebound,block,,,,101162|1626143|202322|202397|202693|203078|203457|203490|203496|203917,101162|202322|202693|203078|203490,1626143|202397|203457|203496|203917,-25.0,0.0,1610612764.0,21500862,True
2,PT02M39.00S,02:39,Q2 02:39,26.65,221,block,Covington BLOCK (2 BLK),[],Covington,0,0,,False,False,203496.0,,2pt missed,rebound,,,203496.0,101162|1626143|202322|202397|202693|203078|203457|203490|203496|203917,1626143|202397|203457|203496|203917,101162|202322|202693|203078|203490,,,1610612755.0,21500862,True
2,PT02M36.00S,02:36,Q2 02:36,26.6,222,rebound,Noel REBOUND (Off:0 Def:6),[],Noel,0,0,,False,False,203457.0,,block,foul,,,,101162|1626143|202322|202397|202693|203078|203457|203490|203496|203917,1626143|202397|203457|203496|203917,101162|202322|202693|203078|203490,,,1610612755.0,21500862,True
2,PT02M35.00S,02:35,Q2 02:35,26.583333333333332,223,foul,Mark Morris S.FOUL (P2.PN) (Z.Zarba),['inpenalty'],Morris,0,0,,False,False,202693.0,,rebound,timeout,203457.0,,,101162|1626143|202322|202397|202693|203078|203457|203490|203496|203917,101162|202322|202693|203078|203490,1626143|202397|203457|203496|203917,,,1610612764.0,21500862,True
2,PT02M35.00S,02:35,Q2 02:35,26.583333333333332,224,timeout,Wizards Timeout: Regular (Reg.2 Short 0),[],,0,0,,False,False,0.0,,foul,freethrow,,,,101162|1626143|202322|202397|202693|203078|203457|203490|203496|203917,101162|202322|202693|203078|203490,1626143|202397|203457|203496|203917,,,1610612764.0,21500862,True
2,PT02M35.00S,02:35,Q2 02:35,26.583333333333332,227,freethrow,Noel Free Throw 1 of 2 (5 PTS),[],Noel,45,43,Made,False,False,203457.0,,timeout,freethrow,,,,101162|1626143|202322|202397|202693|203078|203457|203490|203496|203917,1626143|202397|203457|203496|203917,101162|202322|202693|203078|203490,,,1610612755.0,21500862,True
2,PT02M35.00S,02:35,Q2 02:35,26.583333333333332,229,freethrow,Noel Free Throw 2 of 2 (6 PTS),[],Noel,46,43,Made,False,False,203457.0,,freethrow,substitution,,,,101162|1626143|202322|202397|202693|203078|203457|203490|203496|203917,1626143|202397|203457|203496|203917,101162|202322|202693|203078|203490,,,1610612755.0,21500862,True
2,PT02M35.00S,02:35,Q2 02:35,26.583333333333332,226,substitution,SUB out: M. Morris,[],Morris,0,0,,False,False,202693.0,,freethrow,substitution,,,,101162|1626143|202322|202397|203078|203457|203490|203496|203917,101162|202322|203078|203490,1626143|202397|203457|203496|203917,,,1610612764.0,21500862,False
2,PT02M35.00S,02:35,Q2 02:35,26.583333333333332,227,substitution,SUB in: J. Dudley,[],Dudley,0,0,,False,False,201162.0,,substitution,2pt missed,,,,101162|1626143|201162|202322|202397|203078|203457|203490|203496|203917,101162|201162|202322|203078|203490,1626143|202397|203457|203496|203917,,,1610612764.0,21500862,True
2,PT02M24.00S,02:24,Q2 02:24,26.4,231,2pt,MISS Dudley 17' Jump Shot,[],Dudley,0,0,Missed,True,False,201162.0,,substitution,rebound,,,,101162|1626143|201162|202322|202397|203078|203457|203490|203496|203917,101162|201162|202322|203078|203490,1626143|202397|203457|203496|203917,63.0,159.0,1610612764.0,21500862,True
2,PT02M23.00S,02:23,Q2 02:23,26.383333333333333,232,rebound,Stauskas REBOUND (Off:0 Def:1),[],Stauskas,0,0,,False,False,203917.0,,2pt missed,2pt made,,,,101162|1626143|201162|202322|202397|203078|203457|203490|203496|203917,1626143|202397|203457|203496|203917,101162|201162|202322|203078|203490,,,1610612755.0,21500862,True
2,PT02M17.00S,02:17,Q2 02:17,26.28333333333333,233,2pt,Okafor 4' Turnaround Jump Shot (8 PTS) (Smith 6 AST),['pointsinthepaint'],Okafor,48,43,Made,True,True,1626143.0,202397.0,rebound,3pt missed,,,,101162|1626143|201162|202322|202397|203078|203457|203490|203496|203917,1626143|202397|203457|203496|203917,101162|201162|202322|203078|203490,-6.0,41.0,1610612755.0,21500862,True
2,PT02M04.00S,02:04,Q2 02:04,26.066666666666666,234,3pt,MISS Beal 27' 3PT Jump Shot,[],Beal,0,0,Missed,True,False,203078.0,,2pt made,rebound,,,,101162|1626143|201162|202322|202397|203078|203457|203490|203496|203917,101162|201162|202322|203078|203490,1626143|202397|203457|203496|203917,-215.0,159.0,1610612764.0,21500862,True
2,PT02M02.00S,02:02,Q2 02:02,26.03333333333333,235,rebound,Smith REBOUND (Off:0 Def:4),[],Smith,0,0,,False,False,202397.0,,3pt missed,2pt made,,,,101162|1626143|201162|202322|202397|203078|203457|203490|203496|203917,1626143|202397|203457|203496|203917,101162|201162|202322|203078|203490,,,1610612755.0,21500862,True
2,PT01M53.00S,01:53,Q2 01:53,25.883333333333333,236,2pt,Okafor 1' Driving Finger Roll Layup (10 PTS),['pointsinthepaint'],Okafor,50,43,Made,True,False,1626143.0,,rebound,3pt missed,,,,101162|1626143|201162|202322|202397|203078|203457|203490|203496|203917,1626143|202397|203457|203496|203917,101162|201162|202322|203078|203490,1.0,11.0,1610612755.0,21500862,True
2,PT01M36.00S,01:36,Q2 01:36,25.6,237,3pt,MISS Dudley  3PT Jump Shot,[],Dudley,0,0,Missed,True,False,201162.0,,2pt made,rebound,,,,101162|1626143|201162|202322|202397|203078|203457|203490|203496|203917,101162|201162|202322|203078|203490,1626143|202397|203457|203496|203917,230.0,11.0,1610612764.0,21500862,True
2,PT01M35.00S,01:35,Q2 01:35,25.583333333333332,238,rebound,Covington REBOUND (Off:0 Def:2),[],Covington,0,0,,False,False,203496.0,,3pt missed,turnover,,,,101162|1626143|201162|202322|202397|203078|203457|203490|203496|203917,1626143|202397|203457|203496|203917,101162|201162|202322|203078|203490,,,1610612755.0,21500862,True
2,PT01M13.00S,01:13,Q2 01:13,25.21666666666667,239,turnover,Okafor Bad Pass Turnover (P1.T7),[],Okafor,0,0,,False,False,1626143.0,,rebound,steal,,,,101162|1626143|201162|202322|202397|203078|203457|203490|203496|203917,1626143|202397|203457|203496|203917,101162|201162|202322|203078|203490,,,1610612755.0,21500862,True
2,PT01M13.00S,01:13,Q2 01:13,25.21666666666667,239,steal,Porter Jr. STEAL (3 STL),[],Porter Jr.,0,0,,False,False,203490.0,,turnover,2pt missed,,203490.0,,101162|1626143|201162|202322|202397|203078|203457|203490|203496|203917,101162|201162|202322|203078|203490,1626143|202397|203457|203496|203917,,,1610612764.0,21500862,True
2,PT01M08.00S,01:08,Q2 01:08,25.133333333333333,240,2pt,MISS Wall  Alley Oop Dunk,['pointsinthepaint'],Wall,0,0,Missed,True,False,202322.0,,steal,rebound,,,,101162|1626143|201162|202322|202397|203078|203457|203490|203496|203917,101162|201162|202322|203078|203490,1626143|202397|203457|203496|203917,0.0,1.0,1610612764.0,21500862,True
2,PT01M06.00S,01:06,Q2 01:06,25.1,241,rebound,Smith REBOUND (Off:0 Def:5),[],Smith,0,0,,False,False,202397.0,,2pt missed,2pt made,,,,101162|1626143|201162|202322|202397|203078|203457|203490|203496|203917,1626143|202397|203457|203496|203917,101162|201162|202322|203078|203490,,,1610612755.0,21500862,True
2,PT01M00.00S,01:00,Q2 01:00,25.0,242,2pt,Okafor  Running Layup (12 PTS) (Smith 7 AST),['pointsinthepaint'],Okafor,52,43,Made,True,True,1626143.0,202397.0,rebound,3pt made,,,,101162|1626143|201162|202322|202397|203078|203457|203490|203496|203917,1626143|202397|203457|203496|203917,101162|201162|202322|203078|203490,2.0,0.0,1610612755.0,21500862,True
2,PT00M53.90S,00:53,Q2 00:53,24.898333333333333,243,3pt,Dudley  3PT Jump Shot (3 PTS) (Wall 7 AST),[],Dudley,52,46,Made,True,True,201162.0,202322.0,2pt made,timeout,,,,101162|1626143|201162|202322|202397|203078|203457|203490|203496|203917,101162|201162|202322|203078|203490,1626143|202397|203457|203496|203917,232.0,-10.0,1610612764.0,21500862,True
2,PT00M50.20S,00:50,Q2 00:50,24.836666666666666,244,timeout,76ERS Timeout: Short (Full 2 Short 1),[],,0,0,,False,False,0.0,,3pt made,2pt missed,,,,101162|1626143|201162|202322|202397|203078|203457|203490|203496|203917,1626143|202397|203457|203496|203917,101162|201162|202322|203078|203490,,,1610612755.0,21500862,True
2,PT00M34.90S,00:34,Q2 00:34,24.581666666666667,246,2pt,MISS Smith 21' Jump Shot,[],Smith,0,0,Missed,True,False,202397.0,,timeout,rebound,,,,101162|1626143|201162|202322|202397|203078|203457|203490|203496|203917,1626143|202397|203457|203496|203917,101162|201162|202322|203078|203490,-92.0,188.0,1610612755.0,21500862,True
2,PT00M33.80S,00:33,Q2 00:33,24.563333333333333,247,rebound,Porter Jr. REBOUND (Off:3 Def:3),[],Porter Jr.,0,0,,False,False,203490.0,,2pt missed,2pt missed,,,,101162|1626143|201162|202322|202397|203078|203457|203490|203496|203917,101162|201162|202322|203078|203490,1626143|202397|203457|203496|203917,,,1610612764.0,21500862,True
2,PT00M26.90S,00:26,Q2 00:26,24.448333333333334,248,2pt,MISS Beal 21' Jump Shot,[],Beal,0,0,Missed,True,False,203078.0,,rebound,rebound,,,,101162|1626143|201162|202322|202397|203078|203457|203490|203496|203917,101162|201162|202322|203078|203490,1626143|202397|203457|203496|203917,-160.0,134.0,1610612764.0,21500862,True
2,PT00M25.50S,00:25,Q2 00:25,24.425,249,rebound,Gortat REBOUND (Off:3 Def:6),[],Gortat,0,0,,False,False,101162.0,,2pt missed,2pt missed,,,,101162|1626143|201162|202322|202397|203078|203457|203490|203496|203917,101162|201162|202322|203078|203490,1626143|202397|203457|203496|203917,,,1610612764.0,21500862,True
2,PT00M23.90S,00:23,Q2 00:23,24.398333333333333,250,2pt,MISS Gortat 5' Hook Shot,['pointsinthepaint'],Gortat,0,0,Missed,True,False,101162.0,,rebound,rebound,,,,101162|1626143|201162|202322|202397|203078|203457|203490|203496|203917,101162|201162|202322|203078|203490,1626143|202397|203457|203496|203917,37.0,33.0,1610612764.0,21500862,True
2,PT00M22.70S,00:22,Q2 00:22,24.378333333333334,251,rebound,Noel REBOUND (Off:0 Def:7),[],Noel,0,0,,False,False,203457.0,,2pt missed,2pt missed,,,,101162|1626143|201162|202322|202397|203078|203457|203490|203496|203917,1626143|202397|203457|203496|203917,101162|201162|202322|203078|203490,,,1610612755.0,21500862,True
2,PT00M05.90S,00:05,Q2 00:05,24.098333333333333,252,2pt,MISS Smith 17' Step Back Jump Shot,[],Smith,0,0,Missed,True,False,202397.0,,rebound,rebound,,,,101162|1626143|201162|202322|202397|203078|203457|203490|203496|203917,1626143|202397|203457|203496|203917,101162|201162|202322|203078|203490,-35.0,170.0,1610612755.0,21500862,True
2,PT00M02.90S,00:02,Q2 00:02,24.048333333333332,253,rebound,Wall REBOUND (Off:1 Def:2),[],Wall,0,0,,False,False,202322.0,,2pt missed,2pt made,,,,101162|1626143|201162|202322|202397|203078|203457|203490|203496|203917,101162|201162|202322|203078|203490,1626143|202397|203457|203496|203917,,,1610612764.0,21500862,True
2,PT00M00.40S,00:00,Q2 00:00,24.006666666666668,254,2pt,Wall 3' Running Layup (4 PTS),['pointsinthepaint'],Wall,52,48,Made,True,False,202322.0,,rebound,instant replay,,,,101162|1626143|201162|202322|202397|203078|203457|203490|203496|203917,101162|201162|202322|203078|203490,1626143|202397|203457|203496|203917,-25.0,-5.0,1610612764.0,21500862,True
2,PT00M00.00S,00:00,Q2 00:00,24.0,255,period,End of 2nd Period (8:02 PM EST),[],,52,48,,False,False,0.0,,instant replay,period,,,,101162|1626143|201162|202322|202397|203078|203457|203490|203496|203917,1626143|202397|203457|203496|203917,101162|201162|202322|203078|203490,,,1610612755.0,21500862,True
3,PT12M00.00S,12:00,Q3 12:00,24.0,259,period,Start of 3rd Period (8:18 PM EST),[],,52,48,,False,False,0.0,,period,substitution,,,,101162|1626143|201162|202322|202397|203078|203457|203490|203496|203917,1626143|202397|203457|203496|203917,101162|201162|202322|203078|203490,,,1610612755.0,21500862,True
3,PT11M45.00S,11:45,Q3 11:45,23.75,260,2pt,MISS Mark Morris 17' Jump Shot,[],Morris,0,0,Missed,True,False,202693.0,,substitution,rebound,,,,101162|1626143|201162|202066|202322|202397|202693|203457|203490|203496|203917,101162|201162|202066|202322|202693|203490,1626143|202397|203457|203496|203917,-2.0,165.0,1610612764.0,21500862,False
3,PT11M44.00S,11:44,Q3 11:44,23.733333333333334,261,rebound,Smith REBOUND (Off:0 Def:6),[],Smith,0,0,,False,False,202397.0,,2pt missed,foul,,,,101162|1626143|201162|202066|202322|202397|202693|203457|203490|203496|203917,1626143|202397|203457|203496|203917,101162|201162|202066|202322|202693|203490,,,1610612755.0,21500862,False
3,PT11M37.00S,11:37,Q3 11:37,23.616666666666667,262,foul,Mark Morris P.FOUL (P3.T1) (D.Jones),[],Morris,0,0,,False,False,202693.0,,rebound,2pt made,1626143.0,,,101162|1626143|201162|202066|202322|202397|202693|203457|203490|203496|203917,101162|201162|202066|202322|202693|203490,1626143|202397|203457|203496|203917,,,1610612764.0,21500862,False
3,PT11M19.00S,11:19,Q3 11:19,23.316666666666666,263,2pt,Okafor 5' Jump Shot (14 PTS) (Noel 2 AST),['pointsinthepaint'],Okafor,54,48,Made,True,True,1626143.0,203457.0,foul,3pt missed,,,,101162|1626143|201162|202066|202322|202397|202693|203457|203490|203496|203917,1626143|202397|203457|203496|203917,101162|201162|202066|202322|202693|203490,-9.0,46.0,1610612755.0,21500862,False
3,PT11M06.00S,11:06,Q3 11:06,23.1,264,3pt,MISS Mark Morris 25' 3PT Jump Shot,[],Morris,0,0,Missed,True,False,202693.0,,2pt made,rebound,,,,101162|1626143|201162|202066|202322|202397|202693|203457|203490|203496|203917,101162|201162|202066|202322|202693|203490,1626143|202397|203457|203496|203917,-246.0,-1.0,1610612764.0,21500862,False
3,PT11M04.00S,11:04,Q3 11:04,23.066666666666666,265,rebound,Covington REBOUND (Off:0 Def:3),[],Covington,0,0,,False,False,203496.0,,3pt missed,foul,,,,101162|1626143|201162|202066|202322|202397|202693|203457|203490|203496|203917,1626143|202397|203457|203496|203917,101162|201162|202066|202322|202693|203490,,,1610612755.0,21500862,False
3,PT10M54.00S,10:54,Q3 10:54,22.9,266,foul,Mark Morris Shooting Block Foul (P4.T2) (Z.Zarba),[],Morris,0,0,,False,False,202693.0,,rebound,freethrow,1626143.0,,,101162|1626143|201162|202066|202322|202397|202693|203457|203490|203496|203917,101162|201162|202066|202322|202693|203490,1626143|202397|203457|203496|203917,,,1610612764.0,21500862,False
3,PT10M54.00S,10:54,Q3 10:54,22.9,267,freethrow,MISS Okafor Free Throw 1 of 2,[],Okafor,0,0,Missed,False,False,1626143.0,,foul,rebound,,,,101162|1626143|201162|202066|202322|202397|202693|203457|203490|203496|203917,1626143|202397|203457|203496|203917,101162|201162|202066|202322|202693|203490,,,1610612755.0,21500862,False
3,PT10M54.00S,10:54,Q3 10:54,22.9,268,rebound,TEAM offensive REBOUND,['team'],,0,0,,False,False,0.0,,freethrow,freethrow,,,,101162|1626143|201162|202066|202322|202397|202693|203457|203490|203496|203917,1626143|202397|203457|203496|203917,101162|201162|202066|202322|202693|203490,,,1610612755.0,21500862,False
3,PT10M54.00S,10:54,Q3 10:54,22.9,270,freethrow,Okafor Free Throw 2 of 2 (15 PTS),[],Okafor,55,48,Made,False,False,1626143.0,,rebound,substitution,,,,101162|1626143|201162|202066|202322|202397|202693|203457|203490|203496|203917,1626143|202397|203457|203496|203917,101162|201162|202066|202322|202693|203490,,,1610612755.0,21500862,False
3,PT10M54.00S,10:54,Q3 10:54,22.9,269,substitution,SUB out: M. Morris,[],Morris,0,0,,False,False,202693.0,,freethrow,substitution,,,,101162|1626143|201162|202066|202322|202397|203457|203490|203496|203917,101162|201162|202066|202322|203490,1626143|202397|203457|203496|203917,,,1610612764.0,21500862,True
3,PT10M54.00S,10:54,Q3 10:54,22.9,270,substitution,SUB in: J. Dudley,[],Dudley,0,0,,False,False,201162.0,,substitution,2pt made,,,,101162|1626143|201162|202066|202322|202397|203457|203490|203496|203917,101162|201162|202066|202322|203490,1626143|202397|203457|203496|203917,,,1610612764.0,21500862,True
3,PT10M45.00S,10:45,Q3 10:45,22.75,272,2pt,Wall 16' Pullup Jump Shot (6 PTS),[],Wall,55,50,Made,True,False,202322.0,,substitution,turnover,,,,101162|1626143|201162|202066|202322|202397|203457|203490|203496|203917,101162|201162|202066|202322|203490,1626143|202397|203457|203496|203917,138.0,75.0,1610612764.0,21500862,True
3,PT10M24.00S,10:24,Q3 10:24,22.4,273,turnover,Noel Lost Ball Turnover (P1.T8),[],Noel,0,0,,False,False,203457.0,,2pt made,steal,,,,101162|1626143|201162|202066|202322|202397|203457|203490|203496|203917,1626143|202397|203457|203496|203917,101162|201162|202066|202322|203490,,,1610612755.0,21500862,True
3,PT10M24.00S,10:24,Q3 10:24,22.4,273,steal,Dudley STEAL (1 STL),[],Dudley,0,0,,False,False,201162.0,,turnover,2pt made,,201162.0,,101162|1626143|201162|202066|202322|202397|203457|203490|203496|203917,101162|201162|202066|202322|203490,1626143|202397|203457|203496|203917,,,1610612764.0,21500862,True
3,PT10M20.00S,10:20,Q3 10:20,22.333333333333336,274,2pt,Wall 1' Running Layup (8 PTS) (Temple 1 AST),['pointsinthepaint'],Wall,55,52,Made,True,True,202322.0,202066.0,steal,foul,,,,101162|1626143|201162|202066|202322|202397|203457|203490|203496|203917,101162|201162|202066|202322|203490,1626143|202397|203457|203496|203917,12.0,2.0,1610612764.0,21500862,True
3,PT10M20.00S,10:20,Q3 10:20,22.333333333333336,275,foul,Smith S.FOUL (P1.T1) (J.VanDuyne),[],Smith,0,0,,False,False,202397.0,,2pt made,freethrow,202322.0,,,101162|1626143|201162|202066|202322|202397|203457|203490|203496|203917,1626143|202397|203457|203496|203917,101162|201162|202066|202322|203490,,,1610612755.0,21500862,True
3,PT10M20.00S,10:20,Q3 10:20,22.333333333333336,276,freethrow,Wall Free Throw 1 of 1 (9 PTS),[],Wall,55,53,Made,False,False,202322.0,,foul,2pt made,,,,101162|1626143|201162|202066|202322|202397|203457|203490|203496|203917,101162|201162|202066|202322|203490,1626143|202397|203457|203496|203917,,,1610612764.0,21500862,True
3,PT09M55.00S,09:55,Q3 09:55,21.916666666666664,278,2pt,Noel 13' Pullup Jump Shot (8 PTS),[],Noel,57,53,Made,True,False,203457.0,,freethrow,2pt made,,,,101162|1626143|201162|202066|202322|202397|203457|203490|203496|203917,1626143|202397|203457|203496|203917,101162|201162|202066|202322|203490,-83.0,105.0,1610612755.0,21500862,True
3,PT09M41.00S,09:41,Q3 09:41,21.683333333333334,279,2pt,Gortat 4' Turnaround Jump Shot (6 PTS) (Dudley 2 AST),['pointsinthepaint'],Gortat,57,55,Made,True,True,101162.0,201162.0,2pt made,2pt missed,,,,101162|1626143|201162|202066|202322|202397|203457|203490|203496|203917,101162|201162|202066|202322|203490,1626143|202397|203457|203496|203917,-35.0,2.0,1610612764.0,21500862,True
3,PT09M34.00S,09:34,Q3 09:34,21.566666666666666,280,2pt,MISS Noel  Alley Oop Dunk,['pointsinthepaint'],Noel,0,0,Missed,True,False,203457.0,,2pt made,rebound,,,,101162|1626143|201162|202066|202322|202397|203457|203490|203496|203917,1626143|202397|203457|203496|203917,101162|201162|202066|202322|203490,0.0,1.0,1610612755.0,21500862,True
3,PT09M31.00S,09:31,Q3 09:31,21.516666666666666,281,rebound,Porter Jr. REBOUND (Off:3 Def:4),[],Porter Jr.,0,0,,False,False,203490.0,,2pt missed,2pt made,,,,101162|1626143|201162|202066|202322|202397|203457|203490|203496|203917,101162|201162|202066|202322|203490,1626143|202397|203457|203496|203917,,,1610612764.0,21500862,True
3,PT09M17.00S,09:17,Q3 09:17,21.28333333333333,282,2pt,Gortat 2' Layup (8 PTS) (Wall 8 AST),['pointsinthepaint'],Gortat,57,57,Made,True,True,101162.0,202322.0,rebound,2pt made,,,,101162|1626143|201162|202066|202322|202397|203457|203490|203496|203917,101162|201162|202066|202322|203490,1626143|202397|203457|203496|203917,-14.0,-10.0,1610612764.0,21500862,True
3,PT08M47.00S,08:47,Q3 08:47,20.78333333333333,284,2pt,Smith 1' Driving Finger Roll Layup (6 PTS),['pointsinthepaint'],Smith,59,57,Made,True,False,202397.0,,2pt made,2pt missed,,,,101162|1626143|201162|202066|202322|202397|203457|203490|203496|203917,1626143|202397|203457|203496|203917,101162|201162|202066|202322|203490,12.0,-1.0,1610612755.0,21500862,True
3,PT08M34.00S,08:34,Q3 08:34,20.566666666666666,285,2pt,MISS Wall 11' Jump Shot,[],Wall,0,0,Missed,True,False,202322.0,,2pt made,rebound,,,,101162|1626143|201162|202066|202322|202397|203457|203490|203496|203917,101162|201162|202066|202322|203490,1626143|202397|203457|203496|203917,-114.0,-15.0,1610612764.0,21500862,True
3,PT08M32.00S,08:32,Q3 08:32,20.53333333333333,286,rebound,Okafor REBOUND (Off:1 Def:3),[],Okafor,0,0,,False,False,1626143.0,,2pt missed,2pt missed,,,,101162|1626143|201162|202066|202322|202397|203457|203490|203496|203917,1626143|202397|203457|203496|203917,101162|201162|202066|202322|203490,,,1610612755.0,21500862,True
3,PT08M25.00S,08:25,Q3 08:25,20.416666666666664,287,2pt,MISS Smith 7' Jump Shot,['pointsinthepaint'],Smith,0,0,Missed,True,False,202397.0,,rebound,block,,,,101162|1626143|201162|202066|202322|202397|203457|203490|203496|203917,1626143|202397|203457|203496|203917,101162|201162|202066|202322|203490,63.0,16.0,1610612755.0,21500862,True
3,PT08M25.00S,08:25,Q3 08:25,20.416666666666664,287,block,Porter Jr. BLOCK (1 BLK),[],Porter Jr.,0,0,,False,False,203490.0,,2pt missed,rebound,,,203490.0,101162|1626143|201162|202066|202322|202397|203457|203490|203496|203917,101162|201162|202066|202322|203490,1626143|202397|203457|203496|203917,,,1610612764.0,21500862,True
3,PT08M23.00S,08:23,Q3 08:23,20.383333333333333,288,rebound,Temple REBOUND (Off:0 Def:1),[],Temple,0,0,,False,False,202066.0,,block,3pt made,,,,101162|1626143|201162|202066|202322|202397|203457|203490|203496|203917,101162|201162|202066|202322|203490,1626143|202397|203457|203496|203917,,,1610612764.0,21500862,True
3,PT08M17.00S,08:17,Q3 08:17,20.28333333333333,289,3pt,Dudley  3PT Jump Shot (6 PTS) (Wall 9 AST),[],Dudley,59,60,Made,True,True,201162.0,202322.0,rebound,timeout,,,,101162|1626143|201162|202066|202322|202397|203457|203490|203496|203917,101162|201162|202066|202322|203490,1626143|202397|203457|203496|203917,222.0,-6.0,1610612764.0,21500862,True
3,PT08M16.00S,08:16,Q3 08:16,20.266666666666666,290,timeout,76ERS Timeout: Regular (Full 3 Short 1),[],,0,0,,False,False,0.0,,3pt made,substitution,,,,101162|1626143|201162|202066|202322|202397|203457|203490|203496|203917,1626143|202397|203457|203496|203917,101162|201162|202066|202322|203490,,,1610612755.0,21500862,True
3,PT08M16.00S,08:16,Q3 08:16,20.266666666666666,292,substitution,SUB out: N. Noel,[],Noel,0,0,,False,False,203457.0,,timeout,substitution,,,,101162|1626143|201162|202066|202322|202397|203490|203496|203917,1626143|202397|203496|203917,101162|201162|202066|202322|203490,,,1610612755.0,21500862,False
3,PT08M16.00S,08:16,Q3 08:16,20.266666666666666,293,substitution,SUB in: J. Grant,[],Grant,0,0,,False,False,203924.0,,substitution,2pt missed,,,,101162|1626143|201162|202066|202322|202397|203490|203496|203917|203924,1626143|202397|203496|203917|203924,101162|201162|202066|202322|203490,,,1610612755.0,21500862,True
3,PT07M54.00S,07:54,Q3 07:54,19.9,293,2pt,MISS Smith 19' Jump Shot,[],Smith,0,0,Missed,True,False,202397.0,,substitution,rebound,,,,101162|1626143|201162|202066|202322|202397|203490|203496|203917|203924,1626143|202397|203496|203917|203924,101162|201162|202066|202322|203490,177.0,65.0,1610612755.0,21500862,True
3,PT07M53.00S,07:53,Q3 07:53,19.883333333333333,294,rebound,Wall REBOUND (Off:1 Def:3),[],Wall,0,0,,False,False,202322.0,,2pt missed,3pt missed,,,,101162|1626143|201162|202066|202322|202397|203490|203496|203917|203924,101162|201162|202066|202322|203490,1626143|202397|203496|203917|203924,,,1610612764.0,21500862,True
3,PT07M46.00S,07:46,Q3 07:46,19.766666666666666,295,3pt,MISS Porter Jr. 24' 3PT Jump Shot,[],Porter Jr.,0,0,Missed,True,False,203490.0,,rebound,rebound,,,,101162|1626143|201162|202066|202322|202397|203490|203496|203917|203924,101162|201162|202066|202322|203490,1626143|202397|203496|203917|203924,151.0,188.0,1610612764.0,21500862,True
3,PT07M44.00S,07:44,Q3 07:44,19.733333333333334,296,rebound,Covington REBOUND (Off:0 Def:4),[],Covington,0,0,,False,False,203496.0,,3pt missed,foul,,,,101162|1626143|201162|202066|202322|202397|203490|203496|203917|203924,1626143|202397|203496|203917|203924,101162|201162|202066|202322|203490,,,1610612755.0,21500862,True
3,PT07M33.00S,07:33,Q3 07:33,19.55,297,foul,Dudley P.FOUL (P2.T3) (Z.Zarba),[],Dudley,0,0,,False,False,201162.0,,rebound,3pt made,203917.0,,,101162|1626143|201162|202066|202322|202397|203490|203496|203917|203924,101162|201162|202066|202322|203490,1626143|202397|203496|203917|203924,,,1610612764.0,21500862,True
3,PT07M17.00S,07:17,Q3 07:17,19.28333333333333,298,3pt,Stauskas 24' 3PT Step Back Jump Shot (10 PTS) (Okafor 1 AST),[],Stauskas,62,60,Made,True,True,203917.0,1626143.0,foul,2pt made,,,,101162|1626143|201162|202066|202322|202397|203490|203496|203917|203924,1626143|202397|203496|203917|203924,101162|201162|202066|202322|203490,174.0,170.0,1610612755.0,21500862,True
3,PT07M09.00S,07:09,Q3 07:09,19.15,299,2pt,Wall 1' Driving Finger Roll Layup (11 PTS),['pointsinthepaint'],Wall,62,62,Made,True,False,202322.0,,3pt made,2pt missed,,,,101162|1626143|201162|202066|202322|202397|203490|203496|203917|203924,101162|201162|202066|202322|203490,1626143|202397|203496|203917|203924,9.0,-1.0,1610612764.0,21500862,True
3,PT06M50.00S,06:50,Q3 06:50,18.833333333333332,300,2pt,MISS Okafor 14' Jump Shot,[],Okafor,0,0,Missed,True,False,1626143.0,,2pt made,rebound,,,,101162|1626143|201162|202066|202322|202397|203490|203496|203917|203924,1626143|202397|203496|203917|203924,101162|201162|202066|202322|203490,-132.0,47.0,1610612755.0,21500862,True
3,PT06M49.00S,06:49,Q3 06:49,18.816666666666666,301,rebound,Wall REBOUND (Off:1 Def:4),[],Wall,0,0,,False,False,202322.0,,2pt missed,turnover,,,,101162|1626143|201162|202066|202322|202397|203490|203496|203917|203924,101162|201162|202066|202322|203490,1626143|202397|203496|203917|203924,,,1610612764.0,21500862,True
3,PT06M36.00S,06:36,Q3 06:36,18.6,302,turnover,Dudley Bad Pass Turnover (P1.T8),[],Dudley,0,0,,False,False,201162.0,,rebound,steal,,,,101162|1626143|201162|202066|202322|202397|203490|203496|203917|203924,101162|201162|202066|202322|203490,1626143|202397|203496|203917|203924,,,1610612764.0,21500862,True
3,PT06M36.00S,06:36,Q3 06:36,18.6,302,steal,Smith STEAL (1 STL),[],Smith,0,0,,False,False,202397.0,,turnover,foul,,202397.0,,101162|1626143|201162|202066|202322|202397|203490|203496|203917|203924,1626143|202397|203496|203917|203924,101162|201162|202066|202322|203490,,,1610612755.0,21500862,True
3,PT06M33.00S,06:33,Q3 06:33,18.55,303,foul,Temple P.FOUL (P1.T4) (D.Jones),[],Temple,0,0,,False,False,202066.0,,steal,foul,203924.0,,,101162|1626143|201162|202066|202322|202397|203490|203496|203917|203924,101162|201162|202066|202322|203490,1626143|202397|203496|203917|203924,,,1610612764.0,21500862,True
3,PT06M16.00S,06:16,Q3 06:16,18.266666666666666,304,foul,Temple S.FOUL (P2.PN) (Z.Zarba),['inpenalty'],Temple,0,0,,False,False,202066.0,,foul,freethrow,203924.0,,,101162|1626143|201162|202066|202322|202397|203490|203496|203917|203924,101162|201162|202066|202322|203490,1626143|202397|203496|203917|203924,,,1610612764.0,21500862,True
3,PT06M16.00S,06:16,Q3 06:16,18.266666666666666,305,freethrow,Grant Free Throw 1 of 2 (5 PTS),[],Grant,63,62,Made,False,False,203924.0,,foul,freethrow,,,,101162|1626143|201162|202066|202322|202397|203490|203496|203917|203924,1626143|202397|203496|203917|203924,101162|201162|202066|202322|203490,,,1610612755.0,21500862,True
3,PT06M16.00S,06:16,Q3 06:16,18.266666666666666,308,freethrow,MISS Grant Free Throw 2 of 2,[],Grant,0,0,Missed,False,False,203924.0,,freethrow,substitution,,,,101162|1626143|201162|202066|202322|202397|203490|203496|203917|203924,1626143|202397|203496|203917|203924,101162|201162|202066|202322|203490,,,1610612755.0,21500862,True
3,PT06M16.00S,06:16,Q3 06:16,18.266666666666666,307,substitution,SUB out: G. Temple,[],Temple,0,0,,False,False,202066.0,,freethrow,substitution,,,,101162|1626143|201162|202322|202397|203490|203496|203917|203924,101162|201162|202322|203490,1626143|202397|203496|203917|203924,,,1610612764.0,21500862,False
3,PT06M16.00S,06:16,Q3 06:16,18.266666666666666,308,substitution,SUB in: B. Beal,[],Beal,0,0,,False,False,203078.0,,substitution,rebound,,,,101162|1626143|201162|202322|202397|203078|203490|203496|203917|203924,101162|201162|202322|203078|203490,1626143|202397|203496|203917|203924,,,1610612764.0,21500862,True
3,PT06M15.00S,06:15,Q3 06:15,18.25,310,rebound,Porter Jr. REBOUND (Off:3 Def:5),[],Porter Jr.,0,0,,False,False,203490.0,,substitution,3pt missed,,,,101162|1626143|201162|202322|202397|203078|203490|203496|203917|203924,101162|201162|202322|203078|203490,1626143|202397|203496|203917|203924,,,1610612764.0,21500862,True
3,PT05M52.00S,05:52,Q3 05:52,17.866666666666667,311,3pt,MISS Wall 26' 3PT Jump Shot,[],Wall,0,0,Missed,True,False,202322.0,,rebound,block,,,,101162|1626143|201162|202322|202397|203078|203490|203496|203917|203924,101162|201162|202322|203078|203490,1626143|202397|203496|203917|203924,-142.0,223.0,1610612764.0,21500862,True
3,PT05M52.00S,05:52,Q3 05:52,17.866666666666667,311,block,Grant BLOCK (1 BLK),[],Grant,0,0,,False,False,203924.0,,3pt missed,rebound,,,203924.0,101162|1626143|201162|202322|202397|203078|203490|203496|203917|203924,1626143|202397|203496|203917|203924,101162|201162|202322|203078|203490,,,1610612755.0,21500862,True
3,PT05M50.00S,05:50,Q3 05:50,17.833333333333332,312,rebound,Porter Jr. REBOUND (Off:4 Def:5),[],Porter Jr.,0,0,,False,False,203490.0,,block,2pt missed,,,,101162|1626143|201162|202322|202397|203078|203490|203496|203917|203924,101162|201162|202322|203078|203490,1626143|202397|203496|203917|203924,,,1610612764.0,21500862,True
3,PT05M48.00S,05:48,Q3 05:48,17.8,313,2pt,MISS Porter Jr. 20' Jump Shot,[],Porter Jr.,0,0,Missed,True,False,203490.0,,rebound,rebound,,,,101162|1626143|201162|202322|202397|203078|203490|203496|203917|203924,101162|201162|202322|203078|203490,1626143|202397|203496|203917|203924,-140.0,136.0,1610612764.0,21500862,True
3,PT05M47.00S,05:47,Q3 05:47,17.78333333333333,314,rebound,Beal REBOUND (Off:1 Def:0),[],Beal,0,0,,False,False,203078.0,,2pt missed,2pt made,,,,101162|1626143|201162|202322|202397|203078|203490|203496|203917|203924,101162|201162|202322|203078|203490,1626143|202397|203496|203917|203924,,,1610612764.0,21500862,True
3,PT05M38.00S,05:38,Q3 05:38,17.633333333333333,315,2pt,Gortat 8' Jump Shot (10 PTS) (Dudley 3 AST),['pointsinthepaint'],Gortat,63,64,Made,True,True,101162.0,201162.0,rebound,foul,,,,101162|1626143|201162|202322|202397|203078|203490|203496|203917|203924,101162|201162|202322|203078|203490,1626143|202397|203496|203917|203924,60.0,56.0,1610612764.0,21500862,True
3,PT05M32.00S,05:32,Q3 05:32,17.53333333333333,316,foul,Gortat P.FOUL (P2.PN) (D.Jones),['inpenalty'],Gortat,0,0,,False,False,101162.0,,2pt made,freethrow,1626143.0,,,101162|1626143|201162|202322|202397|203078|203490|203496|203917|203924,101162|201162|202322|203078|203490,1626143|202397|203496|203917|203924,,,1610612764.0,21500862,True
3,PT05M32.00S,05:32,Q3 05:32,17.53333333333333,317,freethrow,Okafor Free Throw 1 of 2 (16 PTS),[],Okafor,64,64,Made,False,False,1626143.0,,foul,freethrow,,,,101162|1626143|201162|202322|202397|203078|203490|203496|203917|203924,1626143|202397|203496|203917|203924,101162|201162|202322|203078|203490,,,1610612755.0,21500862,True
3,PT05M32.00S,05:32,Q3 05:32,17.53333333333333,319,freethrow,Okafor Free Throw 2 of 2 (17 PTS),[],Okafor,65,64,Made,False,False,1626143.0,,freethrow,turnover,,,,101162|1626143|201162|202322|202397|203078|203490|203496|203917|203924,1626143|202397|203496|203917|203924,101162|201162|202322|203078|203490,,,1610612755.0,21500862,True
3,PT05M15.00S,05:15,Q3 05:15,17.25,321,turnover,Beal Lost Ball Turnover (P2.T9),[],Beal,0,0,,False,False,203078.0,,freethrow,steal,,,,101162|1626143|201162|202322|202397|203078|203490|203496|203917|203924,101162|201162|202322|203078|203490,1626143|202397|203496|203917|203924,,,1610612764.0,21500862,True
3,PT05M15.00S,05:15,Q3 05:15,17.25,321,steal,Covington STEAL (3 STL),[],Covington,0,0,,False,False,203496.0,,turnover,2pt made,,203496.0,,101162|1626143|201162|202322|202397|203078|203490|203496|203917|203924,1626143|202397|203496|203917|203924,101162|201162|202322|203078|203490,,,1610612755.0,21500862,True
3,PT05M08.00S,05:08,Q3 05:08,17.133333333333333,322,2pt,Grant  Dunk (7 PTS) (Smith 8 AST),['pointsinthepaint'],Grant,67,64,Made,True,True,203924.0,202397.0,steal,foul,,,,101162|1626143|201162|202322|202397|203078|203490|203496|203917|203924,1626143|202397|203496|203917|203924,101162|201162|202322|203078|203490,0.0,1.0,1610612755.0,21500862,True
3,PT04M54.00S,04:54,Q3 04:54,16.9,323,foul,Covington P.FOUL (P1.T2) (Z.Zarba),[],Covington,0,0,,False,False,203496.0,,2pt made,substitution,203490.0,,,101162|1626143|201162|202322|202397|203078|203490|203496|203917|203924,1626143|202397|203496|203917|203924,101162|201162|202322|203078|203490,,,1610612755.0,21500862,True
3,PT04M54.00S,04:54,Q3 04:54,16.9,324,substitution,SUB out: J. Okafor,[],Okafor,0,0,,False,False,1626143.0,,foul,substitution,,,,101162|201162|202322|202397|203078|203490|203496|203917|203924,202397|203496|203917|203924,101162|201162|202322|203078|203490,,,1610612755.0,21500862,False
3,PT04M54.00S,04:54,Q3 04:54,16.9,325,substitution,SUB out: N. Stauskas,[],Stauskas,0,0,,False,False,203917.0,,substitution,substitution,,,,101162|201162|202322|202397|203078|203490|203496|203924,202397|203496|203924,101162|201162|202322|203078|203490,,,1610612755.0,21500862,False
3,PT04M54.00S,04:54,Q3 04:54,16.9,326,substitution,SUB in: N. Noel,[],Noel,0,0,,False,False,203457.0,,substitution,substitution,,,,101162|201162|202322|202397|203078|203457|203490|203496|203924,202397|203457|203496|203924,101162|201162|202322|203078|203490,,,1610612755.0,21500862,False
3,PT04M54.00S,04:54,Q3 04:54,16.9,327,substitution,SUB in: H. Thompson,[],Thompson,0,0,,False,False,203138.0,,substitution,2pt missed,,,,101162|201162|202322|202397|203078|203138|203457|203490|203496|203924,202397|203138|203457|203496|203924,101162|201162|202322|203078|203490,,,1610612755.0,21500862,True
3,PT04M50.00S,04:50,Q3 04:50,16.833333333333332,326,2pt,MISS Porter Jr. 16' Jump Shot,[],Porter Jr.,0,0,Missed,True,False,203490.0,,substitution,rebound,,,,101162|201162|202322|202397|203078|203138|203457|203490|203496|203924,101162|201162|202322|203078|203490,202397|203138|203457|203496|203924,110.0,110.0,1610612764.0,21500862,True
3,PT04M48.00S,04:48,Q3 04:48,16.8,327,rebound,Gortat REBOUND (Off:4 Def:6),[],Gortat,0,0,,False,False,101162.0,,2pt missed,3pt missed,,,,101162|201162|202322|202397|203078|203138|203457|203490|203496|203924,101162|201162|202322|203078|203490,202397|203138|203457|203496|203924,,,1610612764.0,21500862,True
3,PT04M44.00S,04:44,Q3 04:44,16.733333333333334,328,3pt,MISS Wall 25' 3PT Jump Shot,[],Wall,0,0,Missed,True,False,202322.0,,rebound,rebound,,,,101162|201162|202322|202397|203078|203138|203457|203490|203496|203924,101162|201162|202322|203078|203490,202397|203138|203457|203496|203924,-2.0,247.0,1610612764.0,21500862,True
3,PT04M41.00S,04:41,Q3 04:41,16.683333333333334,329,rebound,Smith REBOUND (Off:0 Def:7),[],Smith,0,0,,False,False,202397.0,,3pt missed,foul,,,,101162|201162|202322|202397|203078|203138|203457|203490|203496|203924,202397|203138|203457|203496|203924,101162|201162|202322|203078|203490,,,1610612755.0,21500862,True
3,PT04M34.00S,04:34,Q3 04:34,16.566666666666666,330,foul,Thompson Offensive Charge Foul (P1.T3) (Z.Zarba),[],Thompson,0,0,,False,False,203138.0,,rebound,turnover,203490.0,,,101162|201162|202322|202397|203078|203138|203457|203490|203496|203924,202397|203138|203457|203496|203924,101162|201162|202322|203078|203490,,,1610612755.0,21500862,True
3,PT04M34.00S,04:34,Q3 04:34,16.566666666666666,331,turnover,Thompson Foul Turnover (P1.T9),[],Thompson,0,0,,False,False,203138.0,,foul,3pt missed,,,,101162|201162|202322|202397|203078|203138|203457|203490|203496|203924,202397|203138|203457|203496|203924,101162|201162|202322|203078|203490,,,1610612755.0,21500862,True
3,PT04M10.00S,04:10,Q3 04:10,16.166666666666668,332,3pt,MISS Porter Jr.  3PT Jump Shot,[],Porter Jr.,0,0,Missed,True,False,203490.0,,turnover,rebound,,,,101162|201162|202322|202397|203078|203138|203457|203490|203496|203924,101162|201162|202322|203078|203490,202397|203138|203457|203496|203924,227.0,-24.0,1610612764.0,21500862,True
3,PT04M10.00S,04:10,Q3 04:10,16.166666666666668,333,rebound,Dudley REBOUND (Off:1 Def:0),[],Dudley,0,0,,False,False,201162.0,,3pt missed,turnover,,,,101162|201162|202322|202397|203078|203138|203457|203490|203496|203924,101162|201162|202322|203078|203490,202397|203138|203457|203496|203924,,,1610612764.0,21500862,True
3,PT04M10.00S,04:10,Q3 04:10,16.166666666666668,334,turnover,Wizards Turnover: Shot Clock (T#10),[],,0,0,,False,False,1610612764.0,,rebound,2pt missed,,,,101162|201162|202322|202397|203078|203138|203457|203490|203496|203924,202397|203138|203457|203496|203924,101162|201162|202322|203078|203490,,,0.0,21500862,True
3,PT03M50.00S,03:50,Q3 03:50,15.833333333333334,335,2pt,MISS Smith 17' Jump Shot,[],Smith,0,0,Missed,True,False,202397.0,,turnover,rebound,,,,101162|201162|202322|202397|203078|203138|203457|203490|203496|203924,202397|203138|203457|203496|203924,101162|201162|202322|203078|203490,127.0,110.0,1610612755.0,21500862,True
3,PT03M49.00S,03:49,Q3 03:49,15.816666666666666,336,rebound,Wall REBOUND (Off:1 Def:5),[],Wall,0,0,,False,False,202322.0,,2pt missed,foul,,,,101162|201162|202322|202397|203078|203138|203457|203490|203496|203924,101162|201162|202322|203078|203490,202397|203138|203457|203496|203924,,,1610612764.0,21500862,True
3,PT03M47.00S,03:47,Q3 03:47,15.783333333333333,337,foul,Covington P.FOUL (P2.T4) (J.VanDuyne),[],Covington,0,0,,False,False,203496.0,,rebound,foul,203078.0,,,101162|201162|202322|202397|203078|203138|203457|203490|203496|203924,202397|203138|203457|203496|203924,101162|201162|202322|203078|203490,,,1610612755.0,21500862,True
3,PT03M47.00S,03:47,Q3 03:47,15.783333333333333,338,foul,Covington P.FOUL (P3.PN) (Z.Zarba),[],Covington,0,0,,False,False,203496.0,,foul,substitution,203078.0,,,101162|201162|202322|202397|203078|203138|203457|203490|203496|203924,202397|203138|203457|203496|203924,101162|201162|202322|203078|203490,,,1610612755.0,21500862,True
3,PT03M47.00S,03:47,Q3 03:47,15.783333333333333,339,substitution,SUB out: I. Smith,[],Smith,0,0,,False,False,202397.0,,foul,substitution,,,,101162|201162|202322|203078|203138|203457|203490|203496|203924,203138|203457|203496|203924,101162|201162|202322|203078|203490,,,1610612755.0,21500862,False
3,PT03M47.00S,03:47,Q3 03:47,15.783333333333333,340,substitution,SUB in: T. McConnell,[],McConnell,0,0,,False,False,204456.0,,substitution,3pt missed,,,,101162|201162|202322|203078|203138|203457|203490|203496|203924|204456,203138|203457|203496|203924|204456,101162|201162|202322|203078|203490,,,1610612755.0,21500862,True
3,PT03M42.00S,03:42,Q3 03:42,15.7,340,3pt,MISS Beal 26' 3PT Jump Shot,[],Beal,0,0,Missed,True,False,203078.0,,substitution,rebound,,,,101162|201162|202322|203078|203138|203457|203490|203496|203924|204456,101162|201162|202322|203078|203490,203138|203457|203496|203924|204456,-71.0,247.0,1610612764.0,21500862,True
3,PT03M41.00S,03:41,Q3 03:41,15.683333333333334,341,rebound,TEAM offensive REBOUND,['team'],,0,0,,False,False,0.0,,3pt missed,2pt missed,,,,101162|201162|202322|203078|203138|203457|203490|203496|203924|204456,101162|201162|202322|203078|203490,203138|203457|203496|203924|204456,,,1610612764.0,21500862,True
3,PT03M26.00S,03:26,Q3 03:26,15.433333333333334,342,2pt,MISS Dudley 11' Step Back Jump Shot,['2ndchance'],Dudley,0,0,Missed,True,False,201162.0,,rebound,rebound,,,,101162|201162|202322|203078|203138|203457|203490|203496|203924|204456,101162|201162|202322|203078|203490,203138|203457|203496|203924|204456,-96.0,61.0,1610612764.0,21500862,True
3,PT03M25.00S,03:25,Q3 03:25,15.416666666666666,343,rebound,Covington REBOUND (Off:0 Def:5),[],Covington,0,0,,False,False,203496.0,,2pt missed,foul,,,,101162|201162|202322|203078|203138|203457|203490|203496|203924|204456,203138|203457|203496|203924|204456,101162|201162|202322|203078|203490,,,1610612755.0,21500862,True
3,PT03M18.00S,03:18,Q3 03:18,15.3,344,foul,Grant OFF.Foul (P1) (J.VanDuyne),['inpenalty'],Grant,0,0,,False,False,203924.0,,rebound,turnover,2403.0,,,101162|201162|202322|203078|203138|203457|203490|203496|203924|204456,203138|203457|203496|203924|204456,101162|201162|202322|203078|203490,,,1610612755.0,21500862,True
3,PT03M18.00S,03:18,Q3 03:18,15.3,345,turnover,Grant Foul Turnover (P1.T10),[],Grant,0,0,,False,False,203924.0,,foul,substitution,,,,101162|201162|202322|203078|203138|203457|203490|203496|203924|204456,203138|203457|203496|203924|204456,101162|201162|202322|203078|203490,,,1610612755.0,21500862,True
3,PT03M18.00S,03:18,Q3 03:18,15.3,346,substitution,SUB: Nene FOR Gortat,[],Gortat,0,0,,False,False,101162.0,,substitution,2pt missed,,,,201162|202322|203078|203138|203457|203490|203496|203924|204456|2403,201162|202322|203078|203490|2403,203138|203457|203496|203924|204456,,,1610612764.0,21500862,True
3,PT03M05.00S,03:05,Q3 03:05,15.083333333333334,347,2pt,MISS Nene 5' Jump Shot,['pointsinthepaint'],Hilario,0,0,Missed,True,False,2403.0,,substitution,block,,,,201162|202322|203078|203138|203457|203490|203496|203924|204456|2403,201162|202322|203078|203490|2403,203138|203457|203496|203924|204456,9.0,46.0,1610612764.0,21500862,True
3,PT03M05.00S,03:05,Q3 03:05,15.083333333333334,347,block,Covington BLOCK (3 BLK),[],Covington,0,0,,False,False,203496.0,,2pt missed,rebound,,,203496.0,201162|202322|203078|203138|203457|203490|203496|203924|204456|2403,203138|203457|203496|203924|204456,201162|202322|203078|203490|2403,,,1610612755.0,21500862,True
3,PT03M03.00S,03:03,Q3 03:03,15.05,348,rebound,Grant REBOUND (Off:0 Def:3),[],Grant,0,0,,False,False,203924.0,,block,3pt made,,,,201162|202322|203078|203138|203457|203490|203496|203924|204456|2403,203138|203457|203496|203924|204456,201162|202322|203078|203490|2403,,,1610612755.0,21500862,True
3,PT02M55.00S,02:55,Q3 02:55,14.916666666666666,349,3pt,Covington 25' 3PT Jump Shot (9 PTS) (Grant 5 AST),[],Covington,70,64,Made,True,True,203496.0,203924.0,rebound,timeout,,,,201162|202322|203078|203138|203457|203490|203496|203924|204456|2403,203138|203457|203496|203924|204456,201162|202322|203078|203490|2403,151.0,205.0,1610612755.0,21500862,True
3,PT02M53.00S,02:53,Q3 02:53,14.883333333333333,350,timeout,Wizards Timeout: Regular (Reg.3 Short 0),[],,0,0,,False,False,0.0,,3pt made,2pt made,,,,201162|202322|203078|203138|203457|203490|203496|203924|204456|2403,201162|202322|203078|203490|2403,203138|203457|203496|203924|204456,,,1610612764.0,21500862,True
3,PT02M33.00S,02:33,Q3 02:33,14.55,353,2pt,Beal 5' Driving Floating Jump Shot (9 PTS) (Wall 10 AST),['pointsinthepaint'],Beal,70,66,Made,True,True,203078.0,202322.0,timeout,2pt made,,,,201162|202322|203078|203138|203457|203490|203496|203924|204456|2403,201162|202322|203078|203490|2403,203138|203457|203496|203924|204456,-14.0,51.0,1610612764.0,21500862,True
3,PT02M20.00S,02:20,Q3 02:20,14.333333333333334,354,2pt,McConnell 15' Jump Shot (8 PTS),['pointsinthepaint'],McConnell,72,66,Made,True,False,204456.0,,2pt made,2pt made,,,,201162|202322|203078|203138|203457|203490|203496|203924|204456|2403,203138|203457|203496|203924|204456,201162|202322|203078|203490|2403,56.0,134.0,1610612755.0,21500862,True
3,PT02M15.00S,02:15,Q3 02:15,14.25,355,2pt,Wall  Running Finger Roll Layup (13 PTS),['pointsinthepaint'],Wall,72,68,Made,True,False,202322.0,,2pt made,foul,,,,201162|202322|203078|203138|203457|203490|203496|203924|204456|2403,201162|202322|203078|203490|2403,203138|203457|203496|203924|204456,-4.0,2.0,1610612764.0,21500862,True
3,PT01M52.00S,01:52,Q3 01:52,13.866666666666667,356,foul,Covington Offensive Charge Foul (P4.PN) (D.Jones),[],Covington,0,0,,False,False,203496.0,,2pt made,turnover,2403.0,,,201162|202322|203078|203138|203457|203490|203496|203924|204456|2403,203138|203457|203496|203924|204456,201162|202322|203078|203490|2403,,,1610612755.0,21500862,True
3,PT01M52.00S,01:52,Q3 01:52,13.866666666666667,357,turnover,Covington Foul Turnover (P2.T11),[],Covington,0,0,,False,False,203496.0,,foul,substitution,,,,201162|202322|203078|203138|203457|203490|203496|203924|204456|2403,203138|203457|203496|203924|204456,201162|202322|203078|203490|2403,,,1610612755.0,21500862,True
3,PT01M52.00S,01:52,Q3 01:52,13.866666666666667,358,substitution,SUB out: R. Covington,[],Covington,0,0,,False,False,203496.0,,turnover,substitution,,,,201162|202322|203078|203138|203457|203490|203924|204456|2403,203138|203457|203924|204456,201162|202322|203078|203490|2403,,,1610612755.0,21500862,False
3,PT01M52.00S,01:52,Q3 01:52,13.866666666666667,359,substitution,SUB in: I. Canaan,[],Canaan,0,0,,False,False,203477.0,,substitution,2pt made,,,,201162|202322|203078|203138|203457|203477|203490|203924|204456|2403,203138|203457|203477|203924|204456,201162|202322|203078|203490|2403,,,1610612755.0,21500862,True
3,PT01M39.00S,01:39,Q3 01:39,13.65,359,2pt,Nene  Cutting Layup Shot (4 PTS) (Wall 11 AST),['pointsinthepaint'],Hilario,72,70,Made,True,True,2403.0,202322.0,substitution,3pt missed,,,,201162|202322|203078|203138|203457|203477|203490|203924|204456|2403,201162|202322|203078|203490|2403,203138|203457|203477|203924|204456,4.0,0.0,1610612764.0,21500862,True
3,PT01M18.00S,01:18,Q3 01:18,13.3,360,3pt,MISS Grant 24' 3PT Jump Shot,[],Grant,0,0,Missed,True,False,203924.0,,2pt made,rebound,,,,201162|202322|203078|203138|203457|203477|203490|203924|204456|2403,203138|203457|203477|203924|204456,201162|202322|203078|203490|2403,-243.0,11.0,1610612755.0,21500862,True
3,PT01M17.00S,01:17,Q3 01:17,13.283333333333333,361,rebound,Porter Jr. REBOUND (Off:4 Def:6),[],Porter Jr.,0,0,,False,False,203490.0,,3pt missed,2pt made,,,,201162|202322|203078|203138|203457|203477|203490|203924|204456|2403,201162|202322|203078|203490|2403,203138|203457|203477|203924|204456,,,1610612764.0,21500862,True
3,PT01M01.00S,01:01,Q3 01:01,13.016666666666666,362,2pt,Wall 17' Step Back Jump Shot (15 PTS),[],Wall,72,72,Made,True,False,202322.0,,rebound,2pt missed,,,,201162|202322|203078|203138|203457|203477|203490|203924|204456|2403,201162|202322|203078|203490|2403,203138|203457|203477|203924|204456,-125.0,110.0,1610612764.0,21500862,True
3,PT00M36.90S,00:36,Q3 00:36,12.615,363,2pt,MISS Thompson 19' Jump Shot,[],Thompson,0,0,Missed,True,False,203138.0,,2pt made,rebound,,,,201162|202322|203078|203138|203457|203477|203490|203924|204456|2403,203138|203457|203477|203924|204456,201162|202322|203078|203490|2403,-163.0,105.0,1610612755.0,21500862,True
3,PT00M33.90S,00:33,Q3 00:33,12.565,364,rebound,Dudley REBOUND (Off:1 Def:1),[],Dudley,0,0,,False,False,201162.0,,2pt missed,2pt made,,,,201162|202322|203078|203138|203457|203477|203490|203924|204456|2403,201162|202322|203078|203490|2403,203138|203457|203477|203924|204456,,,1610612764.0,21500862,True
3,PT00M28.00S,00:28,Q3 00:28,12.466666666666667,365,2pt,Dudley 3' Running Layup (8 PTS) (Beal 3 AST),['pointsinthepaint'],Dudley,72,74,Made,True,True,201162.0,203078.0,rebound,2pt missed,,,,201162|202322|203078|203138|203457|203477|203490|203924|204456|2403,201162|202322|203078|203490|2403,203138|203457|203477|203924|204456,-27.0,2.0,1610612764.0,21500862,True
3,PT00M07.90S,00:07,Q3 00:07,12.131666666666666,366,2pt,MISS McConnell 6' Jump Shot,['pointsinthepaint'],McConnell,0,0,Missed,True,False,204456.0,,2pt made,rebound,,,,201162|202322|203078|203138|203457|203477|203490|203924|204456|2403,203138|203457|203477|203924|204456,201162|202322|203078|203490|2403,64.0,-10.0,1610612755.0,21500862,True
3,PT00M06.90S,00:06,Q3 00:06,12.115,367,rebound,Beal REBOUND (Off:1 Def:1),[],Beal,0,0,,False,False,203078.0,,2pt missed,2pt made,,,,201162|202322|203078|203138|203457|203477|203490|203924|204456|2403,201162|202322|203078|203490|2403,203138|203457|203477|203924|204456,,,1610612764.0,21500862,True
3,PT00M02.90S,00:02,Q3 00:02,12.048333333333334,368,2pt,Wall 1' Running Layup (17 PTS) (Beal 4 AST),['pointsinthepaint'],Wall,72,76,Made,True,True,202322.0,203078.0,rebound,3pt missed,,,,201162|202322|203078|203138|203457|203477|203490|203924|204456|2403,201162|202322|203078|203490|2403,203138|203457|203477|203924|204456,9.0,-1.0,1610612764.0,21500862,True
3,PT00M01.00S,00:01,Q3 00:01,12.016666666666667,371,3pt,MISS McConnell 77' 3PT Jump Shot,[],McConnell,0,0,Missed,True,False,204456.0,,2pt made,rebound,,,,201162|202322|203078|203138|203457|203477|203490|203924|204456|2403,203138|203457|203477|203924|204456,201162|202322|203078|203490|2403,-142.0,753.0,1610612755.0,21500862,True
3,PT00M00.00S,00:00,Q3 00:00,12.0,372,rebound,TEAM offensive REBOUND,['team'],,0,0,,False,False,0.0,,3pt missed,period,,,,201162|202322|203078|203138|203457|203477|203490|203924|204456|2403,203138|203457|203477|203924|204456,201162|202322|203078|203490|2403,,,1610612755.0,21500862,True
3,PT00M00.00S,00:00,Q3 00:00,12.0,373,period,End of 3rd Period (8:43 PM EST),[],,72,76,,False,False,0.0,,rebound,period,,,,201162|202322|203078|203138|203457|203477|203490|203924|204456|2403,203138|203457|203477|203924|204456,201162|202322|203078|203490|2403,,,1610612755.0,21500862,True
4,PT12M00.00S,12:00,Q4 12:00,12.0,375,period,Start of 4th Period (8:49 PM EST),[],,72,76,,False,False,0.0,,period,substitution,,,,201162|202322|203078|203138|203457|203477|203490|203924|204456|2403,203138|203457|203477|203924|204456,201162|202322|203078|203490|2403,,,1610612755.0,21500862,True
4,PT11M41.00S,11:41,Q4 11:41,11.683333333333334,376,2pt,MISS Grant 6' Jump Shot,['pointsinthepaint'],Grant,0,0,Missed,True,False,203924.0,,substitution,block,,,,101187|201162|201196|203078|203138|203457|203477|203924|204456|2403,203138|203457|203477|203924|204456,101187|201162|201196|203078|2403,-58.0,8.0,1610612755.0,21500862,True
4,PT11M41.00S,11:41,Q4 11:41,11.683333333333334,376,block,Dudley BLOCK (1 BLK),[],Dudley,0,0,,False,False,201162.0,,2pt missed,rebound,,,201162.0,101187|201162|201196|203078|203138|203457|203477|203924|204456|2403,101187|201162|201196|203078|2403,203138|203457|203477|203924|204456,,,1610612764.0,21500862,True
4,PT11M39.00S,11:39,Q4 11:39,11.65,377,rebound,Dudley REBOUND (Off:1 Def:2),[],Dudley,0,0,,False,False,201162.0,,block,3pt made,,,,101187|201162|201196|203078|203138|203457|203477|203924|204456|2403,101187|201162|201196|203078|2403,203138|203457|203477|203924|204456,,,1610612764.0,21500862,True
4,PT11M18.00S,11:18,Q4 11:18,11.3,379,3pt,Dudley 25' 3PT Jump Shot (11 PTS) (Nene 2 AST),[],Dudley,72,79,Made,True,False,201162.0,,rebound,2pt made,,,,101187|201162|201196|203078|203138|203457|203477|203924|204456|2403,101187|201162|201196|203078|2403,203138|203457|203477|203924|204456,184.0,164.0,1610612764.0,21500862,True
4,PT11M03.00S,11:03,Q4 11:03,11.05,380,2pt,McConnell 7' Pullup Jump Shot (10 PTS),['pointsinthepaint'],McConnell,74,79,Made,True,False,204456.0,,3pt made,2pt made,,,,101187|201162|201196|203078|203138|203457|203477|203924|204456|2403,203138|203457|203477|203924|204456,101187|201162|201196|203078|2403,64.0,-16.0,1610612755.0,21500862,True
4,PT10M46.00S,10:46,Q4 10:46,10.766666666666667,382,2pt,Sessions 9' Jump Shot (8 PTS),['pointsinthepaint'],Sessions,74,81,Made,True,False,201196.0,,2pt made,foul,,,,101187|201162|201196|203078|203138|203457|203477|203924|204456|2403,101187|201162|201196|203078|2403,203138|203457|203477|203924|204456,55.0,70.0,1610612764.0,21500862,True
4,PT10M26.00S,10:26,Q4 10:26,10.433333333333334,385,foul,Sessions P.FOUL (P1.T1) (Z.Zarba),[],Sessions,0,0,,False,False,201196.0,,2pt made,freethrow,203477.0,,,101187|201162|201196|203078|203138|203457|203477|203924|204456|2403,101187|201162|201196|203078|2403,203138|203457|203477|203924|204456,,,1610612764.0,21500862,True
4,PT10M26.00S,10:26,Q4 10:26,10.433333333333334,387,freethrow,Canaan Free Throw 1 of 3 (5 PTS),[],Canaan,75,81,Made,False,False,203477.0,,foul,freethrow,,,,101187|201162|201196|203078|203138|203457|203477|203924|204456|2403,203138|203457|203477|203924|204456,101187|201162|201196|203078|2403,,,1610612755.0,21500862,True
4,PT10M26.00S,10:26,Q4 10:26,10.433333333333334,390,freethrow,Canaan Free Throw 2 of 3 (6 PTS),[],Canaan,76,81,Made,False,False,203477.0,,freethrow,freethrow,,,,101187|201162|201196|203078|203138|203457|203477|203924|204456|2403,203138|203457|203477|203924|204456,101187|201162|201196|203078|2403,,,1610612755.0,21500862,True
4,PT10M26.00S,10:26,Q4 10:26,10.433333333333334,393,freethrow,Canaan Free Throw 3 of 3 (7 PTS),[],Canaan,77,81,Made,False,False,203477.0,,freethrow,substitution,,,,101187|201162|201196|203078|203138|203457|203477|203924|204456|2403,203138|203457|203477|203924|204456,101187|201162|201196|203078|2403,,,1610612755.0,21500862,True
4,PT10M26.00S,10:26,Q4 10:26,10.433333333333334,392,substitution,SUB out: N. Noel,[],Noel,0,0,,False,False,203457.0,,freethrow,substitution,,,,101187|201162|201196|203078|203138|203477|203924|204456|2403,203138|203477|203924|204456,101187|201162|201196|203078|2403,,,1610612755.0,21500862,False
4,PT10M26.00S,10:26,Q4 10:26,10.433333333333334,393,substitution,SUB in: J. Okafor,[],Okafor,0,0,,False,False,1626143.0,,substitution,2pt missed,,,,101187|1626143|201162|201196|203078|203138|203477|203924|204456|2403,1626143|203138|203477|203924|204456,101187|201162|201196|203078|2403,,,1610612755.0,21500862,True
4,PT10M09.00S,10:09,Q4 10:09,10.15,396,2pt,MISS Anderson 12' Jump Shot,[],Anderson,0,0,Missed,True,False,101187.0,,substitution,rebound,,,,101187|1626143|201162|201196|203078|203138|203477|203924|204456|2403,101187|201162|201196|203078|2403,1626143|203138|203477|203924|204456,119.0,7.0,1610612764.0,21500862,True
4,PT10M07.00S,10:07,Q4 10:07,10.116666666666667,397,rebound,Sessions REBOUND (Off:1 Def:0),[],Sessions,0,0,,False,False,201196.0,,2pt missed,3pt missed,,,,101187|1626143|201162|201196|203078|203138|203477|203924|204456|2403,101187|201162|201196|203078|2403,1626143|203138|203477|203924|204456,,,1610612764.0,21500862,True
4,PT10M05.00S,10:05,Q4 10:05,10.083333333333334,398,3pt,MISS Beal 27' 3PT Jump Shot,[],Beal,0,0,Missed,True,False,203078.0,,rebound,rebound,,,,101187|1626143|201162|201196|203078|203138|203477|203924|204456|2403,101187|201162|201196|203078|2403,1626143|203138|203477|203924|204456,-125.0,242.0,1610612764.0,21500862,True
4,PT10M03.00S,10:03,Q4 10:03,10.05,399,rebound,McConnell REBOUND (Off:0 Def:2),[],McConnell,0,0,,False,False,204456.0,,3pt missed,2pt missed,,,,101187|1626143|201162|201196|203078|203138|203477|203924|204456|2403,1626143|203138|203477|203924|204456,101187|201162|201196|203078|2403,,,1610612755.0,21500862,True
4,PT09M53.00S,09:53,Q4 09:53,9.883333333333333,400,2pt,MISS McConnell 7' Jump Shot,['pointsinthepaint'],McConnell,0,0,Missed,True,False,204456.0,,rebound,rebound,,,,101187|1626143|201162|201196|203078|203138|203477|203924|204456|2403,1626143|203138|203477|203924|204456,101187|201162|201196|203078|2403,-24.0,61.0,1610612755.0,21500862,True
4,PT09M52.00S,09:52,Q4 09:52,9.866666666666667,401,rebound,Anderson REBOUND (Off:0 Def:1),[],Anderson,0,0,,False,False,101187.0,,2pt missed,2pt made,,,,101187|1626143|201162|201196|203078|203138|203477|203924|204456|2403,101187|201162|201196|203078|2403,1626143|203138|203477|203924|204456,,,1610612764.0,21500862,True
4,PT09M36.00S,09:36,Q4 09:36,9.6,402,2pt,Sessions 22' Jump Shot (10 PTS),[],Sessions,77,83,Made,True,False,201196.0,,rebound,timeout,,,,101187|1626143|201162|201196|203078|203138|203477|203924|204456|2403,101187|201162|201196|203078|2403,1626143|203138|203477|203924|204456,-97.0,193.0,1610612764.0,21500862,True
4,PT09M27.00S,09:27,Q4 09:27,9.45,403,timeout,76ERS Timeout: Regular (Full 4 Short 1),[],,0,0,,False,False,0.0,,2pt made,instant replay,,,,101187|1626143|201162|201196|203078|203138|203477|203924|204456|2403,1626143|203138|203477|203924|204456,101187|201162|201196|203078|2403,,,1610612755.0,21500862,True
4,PT09M27.00S,09:27,Q4 09:27,9.45,409,substitution,SUB out: J. Grant,[],Grant,0,0,,False,False,203924.0,,instant replay,substitution,,,,101187|1626143|201162|201196|203078|203138|203477|204456|2403,1626143|203138|203477|204456,101187|201162|201196|203078|2403,,,1610612755.0,21500862,False
4,PT09M27.00S,09:27,Q4 09:27,9.45,410,substitution,SUB in: R. Covington,[],Covington,0,0,,False,False,203496.0,,substitution,2pt made,,,,101187|1626143|201162|201196|203078|203138|203477|203496|204456|2403,1626143|203138|203477|203496|204456,101187|201162|201196|203078|2403,,,1610612755.0,21500862,True
4,PT09M13.00S,09:13,Q4 09:13,9.216666666666667,411,2pt,Okafor 12' Turnaround Jump Shot (19 PTS),['pointsinthepaint'],Okafor,79,83,Made,True,False,1626143.0,,substitution,2pt missed,,,,101187|1626143|201162|201196|203078|203138|203477|203496|204456|2403,1626143|203138|203477|203496|204456,101187|201162|201196|203078|2403,-34.0,115.0,1610612755.0,21500862,True
4,PT08M50.00S,08:50,Q4 08:50,8.833333333333334,412,2pt,MISS Nene 10' Jump Shot,[],Hilario,0,0,Missed,True,False,2403.0,,2pt made,rebound,,,,101187|1626143|201162|201196|203078|203138|203477|203496|204456|2403,101187|201162|201196|203078|2403,1626143|203138|203477|203496|204456,-102.0,21.0,1610612764.0,21500862,True
4,PT08M48.00S,08:48,Q4 08:48,8.8,413,rebound,Covington REBOUND (Off:0 Def:6),[],Covington,0,0,,False,False,203496.0,,2pt missed,2pt missed,,,,101187|1626143|201162|201196|203078|203138|203477|203496|204456|2403,1626143|203138|203477|203496|204456,101187|201162|201196|203078|2403,,,1610612755.0,21500862,True
4,PT08M39.00S,08:39,Q4 08:39,8.65,414,2pt,MISS Thompson 15' Turnaround Fadeaway Shot,[],Thompson,0,0,Missed,True,False,203138.0,,rebound,rebound,,,,101187|1626143|201162|201196|203078|203138|203477|203496|204456|2403,1626143|203138|203477|203496|204456,101187|201162|201196|203078|2403,-132.0,75.0,1610612755.0,21500862,True
4,PT08M36.00S,08:36,Q4 08:36,8.6,415,rebound,Nene REBOUND (Off:1 Def:4),[],Hilario,0,0,,False,False,2403.0,,2pt missed,2pt missed,,,,101187|1626143|201162|201196|203078|203138|203477|203496|204456|2403,101187|201162|201196|203078|2403,1626143|203138|203477|203496|204456,,,1610612764.0,21500862,True
4,PT08M18.00S,08:18,Q4 08:18,8.3,416,2pt,MISS Sessions 7' Jump Shot,['pointsinthepaint'],Sessions,0,0,Missed,True,False,201196.0,,rebound,rebound,,,,101187|1626143|201162|201196|203078|203138|203477|203496|204456|2403,101187|201162|201196|203078|2403,1626143|203138|203477|203496|204456,45.0,56.0,1610612764.0,21500862,True
4,PT08M16.00S,08:16,Q4 08:16,8.266666666666667,417,rebound,Anderson REBOUND (Off:1 Def:1),[],Anderson,0,0,,False,False,101187.0,,2pt missed,foul,,,,101187|1626143|201162|201196|203078|203138|203477|203496|204456|2403,101187|201162|201196|203078|2403,1626143|203138|203477|203496|204456,,,1610612764.0,21500862,True
4,PT08M10.00S,08:10,Q4 08:10,8.166666666666666,418,foul,Okafor S.FOUL (P1.T1) (D.Jones),[],Okafor,0,0,,False,False,1626143.0,,rebound,freethrow,2403.0,,,101187|1626143|201162|201196|203078|203138|203477|203496|204456|2403,1626143|203138|203477|203496|204456,101187|201162|201196|203078|2403,,,1610612755.0,21500862,True
4,PT08M10.00S,08:10,Q4 08:10,8.166666666666666,419,freethrow,Nene Free Throw 1 of 2 (5 PTS),[],Hilario,79,84,Made,False,False,2403.0,,foul,freethrow,,,,101187|1626143|201162|201196|203078|203138|203477|203496|204456|2403,101187|201162|201196|203078|2403,1626143|203138|203477|203496|204456,,,1610612764.0,21500862,True
4,PT08M10.00S,08:10,Q4 08:10,8.166666666666666,422,freethrow,MISS Nene Free Throw 2 of 2,[],Hilario,0,0,Missed,False,False,2403.0,,freethrow,substitution,,,,101187|1626143|201162|201196|203078|203138|203477|203496|204456|2403,101187|201162|201196|203078|2403,1626143|203138|203477|203496|204456,,,1610612764.0,21500862,True
4,PT08M10.00S,08:10,Q4 08:10,8.166666666666666,421,substitution,SUB out: B. Beal,[],Beal,0,0,,False,False,203078.0,,freethrow,substitution,,,,101187|1626143|201162|201196|203138|203477|203496|204456|2403,101187|201162|201196|2403,1626143|203138|203477|203496|204456,,,1610612764.0,21500862,False
4,PT08M10.00S,08:10,Q4 08:10,8.166666666666666,422,substitution,SUB in: J. Wall,[],Wall,0,0,,False,False,202322.0,,substitution,rebound,,,,101187|1626143|201162|201196|202322|203138|203477|203496|204456|2403,101187|201162|201196|202322|2403,1626143|203138|203477|203496|204456,,,1610612764.0,21500862,True
4,PT08M09.00S,08:09,Q4 08:09,8.15,424,rebound,Covington REBOUND (Off:0 Def:7),[],Covington,0,0,,False,False,203496.0,,substitution,3pt missed,,,,101187|1626143|201162|201196|202322|203138|203477|203496|204456|2403,1626143|203138|203477|203496|204456,101187|201162|201196|202322|2403,,,1610612755.0,21500862,True
4,PT07M56.00S,07:56,Q4 07:56,7.933333333333334,425,3pt,MISS Canaan 27' 3PT Jump Shot,[],Canaan,0,0,Missed,True,False,203477.0,,rebound,rebound,,,,101187|1626143|201162|201196|202322|203138|203477|203496|204456|2403,1626143|203138|203477|203496|204456,101187|201162|201196|202322|2403,-132.0,237.0,1610612755.0,21500862,True
4,PT07M55.00S,07:55,Q4 07:55,7.916666666666667,426,rebound,Nene REBOUND (Off:1 Def:5),[],Hilario,0,0,,False,False,2403.0,,3pt missed,2pt made,,,,101187|1626143|201162|201196|202322|203138|203477|203496|204456|2403,101187|201162|201196|202322|2403,1626143|203138|203477|203496|204456,,,1610612764.0,21500862,True
4,PT07M45.00S,07:45,Q4 07:45,7.75,427,2pt,Wall 19' Jump Shot (19 PTS),[],Wall,79,86,Made,True,False,202322.0,,rebound,2pt made,,,,101187|1626143|201162|201196|202322|203138|203477|203496|204456|2403,101187|201162|201196|202322|2403,1626143|203138|203477|203496|204456,-56.0,183.0,1610612764.0,21500862,True
4,PT07M33.00S,07:33,Q4 07:33,7.55,428,2pt,Covington 1' Cutting Layup Shot (11 PTS) (McConnell 2 AST),['pointsinthepaint'],Covington,81,86,Made,True,True,203496.0,204456.0,2pt made,3pt made,,,,101187|1626143|201162|201196|202322|203138|203477|203496|204456|2403,1626143|203138|203477|203496|204456,101187|201162|201196|202322|2403,10.0,-10.0,1610612755.0,21500862,True
4,PT07M11.00S,07:11,Q4 07:11,7.183333333333334,429,3pt,Dudley  3PT Jump Shot (14 PTS) (Nene 3 AST),[],Dudley,81,89,Made,True,False,201162.0,,2pt made,2pt made,,,,101187|1626143|201162|201196|202322|203138|203477|203496|204456|2403,101187|201162|201196|202322|2403,1626143|203138|203477|203496|204456,232.0,-16.0,1610612764.0,21500862,True
4,PT06M48.00S,06:48,Q4 06:48,6.8,430,2pt,Okafor 17' Jump Shot (21 PTS),[],Okafor,83,89,Made,True,False,1626143.0,,3pt made,3pt missed,,,,101187|1626143|201162|201196|202322|203138|203477|203496|204456|2403,1626143|203138|203477|203496|204456,101187|201162|201196|202322|2403,-161.0,46.0,1610612755.0,21500862,True
4,PT06M33.00S,06:33,Q4 06:33,6.55,431,3pt,MISS Anderson 25' 3PT Jump Shot,[],Anderson,0,0,Missed,True,False,101187.0,,2pt made,rebound,,,,101187|1626143|201162|201196|202322|203138|203477|203496|204456|2403,101187|201162|201196|202322|2403,1626143|203138|203477|203496|204456,24.0,247.0,1610612764.0,21500862,True
4,PT06M32.00S,06:32,Q4 06:32,6.533333333333333,432,rebound,Wall REBOUND (Off:2 Def:5),[],Wall,0,0,,False,False,202322.0,,3pt missed,2pt missed,,,,101187|1626143|201162|201196|202322|203138|203477|203496|204456|2403,101187|201162|201196|202322|2403,1626143|203138|203477|203496|204456,,,1610612764.0,21500862,True
4,PT06M22.00S,06:22,Q4 06:22,6.366666666666666,433,2pt,MISS Nene 13' Jump Shot,[],Hilario,0,0,Missed,True,False,2403.0,,rebound,rebound,,,,101187|1626143|201162|201196|202322|203138|203477|203496|204456|2403,101187|201162|201196|202322|2403,1626143|203138|203477|203496|204456,125.0,-16.0,1610612764.0,21500862,True
4,PT06M21.00S,06:21,Q4 06:21,6.35,434,rebound,Covington REBOUND (Off:0 Def:8),[],Covington,0,0,,False,False,203496.0,,2pt missed,2pt missed,,,,101187|1626143|201162|201196|202322|203138|203477|203496|204456|2403,1626143|203138|203477|203496|204456,101187|201162|201196|202322|2403,,,1610612755.0,21500862,True
4,PT06M14.00S,06:14,Q4 06:14,6.233333333333333,435,2pt,MISS McConnell 7' Jump Shot,['pointsinthepaint'],McConnell,0,0,Missed,True,False,204456.0,,rebound,rebound,,,,101187|1626143|201162|201196|202322|203138|203477|203496|204456|2403,1626143|203138|203477|203496|204456,101187|201162|201196|202322|2403,-63.0,21.0,1610612755.0,21500862,True
4,PT06M13.00S,06:13,Q4 06:13,6.216666666666667,436,rebound,Nene REBOUND (Off:1 Def:6),[],Hilario,0,0,,False,False,2403.0,,2pt missed,foul,,,,101187|1626143|201162|201196|202322|203138|203477|203496|204456|2403,101187|201162|201196|202322|2403,1626143|203138|203477|203496|204456,,,1610612764.0,21500862,True
4,PT06M10.00S,06:10,Q4 06:10,6.166666666666667,437,foul,Canaan S.FOUL (P2.T2) (J.VanDuyne),[],Canaan,0,0,,False,False,203477.0,,rebound,freethrow,202322.0,,,101187|1626143|201162|201196|202322|203138|203477|203496|204456|2403,1626143|203138|203477|203496|204456,101187|201162|201196|202322|2403,,,1610612755.0,21500862,True
4,PT06M10.00S,06:10,Q4 06:10,6.166666666666667,438,freethrow,Wall Free Throw 1 of 2 (20 PTS),[],Wall,83,90,Made,False,False,202322.0,,foul,freethrow,,,,101187|1626143|201162|201196|202322|203138|203477|203496|204456|2403,101187|201162|201196|202322|2403,1626143|203138|203477|203496|204456,,,1610612764.0,21500862,True
4,PT06M10.00S,06:10,Q4 06:10,6.166666666666667,441,freethrow,Wall Free Throw 2 of 2 (21 PTS),[],Wall,83,91,Made,False,False,202322.0,,freethrow,substitution,,,,101187|1626143|201162|201196|202322|203138|203477|203496|204456|2403,101187|201162|201196|202322|2403,1626143|203138|203477|203496|204456,,,1610612764.0,21500862,True
4,PT06M10.00S,06:10,Q4 06:10,6.166666666666667,440,substitution,SUB out: T. McConnell,[],McConnell,0,0,,False,False,204456.0,,freethrow,substitution,,,,101187|1626143|201162|201196|202322|203138|203477|203496|2403,1626143|203138|203477|203496,101187|201162|201196|202322|2403,,,1610612755.0,21500862,False
4,PT06M10.00S,06:10,Q4 06:10,6.166666666666667,441,substitution,SUB in: I. Smith,[],Smith,0,0,,False,False,202397.0,,substitution,2pt missed,,,,101187|1626143|201162|201196|202322|202397|203138|203477|203496|2403,1626143|202397|203138|203477|203496,101187|201162|201196|202322|2403,,,1610612755.0,21500862,True
4,PT05M47.00S,05:47,Q4 05:47,5.783333333333333,443,2pt,MISS Smith 23' Jump Shot,[],Smith,0,0,Missed,True,False,202397.0,,substitution,rebound,,,,101187|1626143|201162|201196|202322|202397|203138|203477|203496|2403,1626143|202397|203138|203477|203496,101187|201162|201196|202322|2403,-169.0,154.0,1610612755.0,21500862,True
4,PT05M46.00S,05:46,Q4 05:46,5.766666666666667,444,rebound,Canaan REBOUND (Off:1 Def:0),[],Canaan,0,0,,False,False,203477.0,,2pt missed,2pt missed,,,,101187|1626143|201162|201196|202322|202397|203138|203477|203496|2403,1626143|202397|203138|203477|203496,101187|201162|201196|202322|2403,,,1610612755.0,21500862,True
4,PT05M43.00S,05:43,Q4 05:43,5.716666666666667,445,2pt,MISS Canaan 4' Jump Shot,['pointsinthepaint'],Canaan,0,0,Missed,True,False,203477.0,,rebound,block,,,,101187|1626143|201162|201196|202322|202397|203138|203477|203496|2403,1626143|202397|203138|203477|203496,101187|201162|201196|202322|2403,-37.0,2.0,1610612755.0,21500862,True
4,PT05M43.00S,05:43,Q4 05:43,5.716666666666667,445,block,Anderson BLOCK (1 BLK),[],Anderson,0,0,,False,False,101187.0,,2pt missed,rebound,,,101187.0,101187|1626143|201162|201196|202322|202397|203138|203477|203496|2403,101187|201162|201196|202322|2403,1626143|202397|203138|203477|203496,,,1610612764.0,21500862,True
4,PT05M41.00S,05:41,Q4 05:41,5.683333333333334,446,rebound,Covington REBOUND (Off:1 Def:8),[],Covington,0,0,,False,False,203496.0,,block,foul,,,,101187|1626143|201162|201196|202322|202397|203138|203477|203496|2403,1626143|202397|203138|203477|203496,101187|201162|201196|202322|2403,,,1610612755.0,21500862,True
4,PT05M41.00S,05:41,Q4 05:41,5.683333333333334,447,foul,Nene S.FOUL (P1.T2) (J.VanDuyne),[],Hilario,0,0,,False,False,2403.0,,rebound,timeout,203496.0,,,101187|1626143|201162|201196|202322|202397|203138|203477|203496|2403,101187|201162|201196|202322|2403,1626143|202397|203138|203477|203496,,,1610612764.0,21500862,True
4,PT05M41.00S,05:41,Q4 05:41,5.683333333333334,449,timeout,Timeout: Official,[],,0,0,,False,False,0.0,,foul,freethrow,,,,101187|1626143|201162|201196|202322|202397|203138|203477|203496|2403,1626143|202397|203138|203477|203496,101187|201162|201196|202322|2403,,,0.0,21500862,True
4,PT05M41.00S,05:41,Q4 05:41,5.683333333333334,453,freethrow,MISS Covington Free Throw 1 of 2,[],Covington,0,0,Missed,False,False,203496.0,,timeout,rebound,,,,101187|1626143|201162|201196|202322|202397|203138|203477|203496|2403,1626143|202397|203138|203477|203496,101187|201162|201196|202322|2403,,,1610612755.0,21500862,True
4,PT05M41.00S,05:41,Q4 05:41,5.683333333333334,454,rebound,TEAM offensive REBOUND,['team'],,0,0,,False,False,0.0,,freethrow,freethrow,,,,101187|1626143|201162|201196|202322|202397|203138|203477|203496|2403,1626143|202397|203138|203477|203496,101187|201162|201196|202322|2403,,,1610612755.0,21500862,True
4,PT05M41.00S,05:41,Q4 05:41,5.683333333333334,455,freethrow,Covington Free Throw 2 of 2 (12 PTS),['2ndchance'],Covington,84,91,Made,False,False,203496.0,,rebound,substitution,,,,101187|1626143|201162|201196|202322|202397|203138|203477|203496|2403,1626143|202397|203138|203477|203496,101187|201162|201196|202322|2403,,,1610612755.0,21500862,True
4,PT05M41.00S,05:41,Q4 05:41,5.683333333333334,450,substitution,SUB out: J. Okafor,[],Okafor,0,0,,False,False,1626143.0,,freethrow,substitution,,,,101187|201162|201196|202322|202397|203138|203477|203496|2403,202397|203138|203477|203496,101187|201162|201196|202322|2403,,,1610612755.0,21500862,False
4,PT05M41.00S,05:41,Q4 05:41,5.683333333333334,451,substitution,SUB out: H. Thompson,[],Thompson,0,0,,False,False,203138.0,,substitution,substitution,,,,101187|201162|201196|202322|202397|203477|203496|2403,202397|203477|203496,101187|201162|201196|202322|2403,,,1610612755.0,21500862,False
4,PT05M41.00S,05:41,Q4 05:41,5.683333333333334,452,substitution,SUB out: I. Canaan,[],Canaan,0,0,,False,False,203477.0,,substitution,substitution,,,,101187|201162|201196|202322|202397|203496|2403,202397|203496,101187|201162|201196|202322|2403,,,1610612755.0,21500862,False
4,PT05M41.00S,05:41,Q4 05:41,5.683333333333334,453,substitution,SUB in: N. Noel,[],Noel,0,0,,False,False,203457.0,,substitution,substitution,,,,101187|201162|201196|202322|202397|203457|203496|2403,202397|203457|203496,101187|201162|201196|202322|2403,,,1610612755.0,21500862,False
4,PT05M41.00S,05:41,Q4 05:41,5.683333333333334,454,substitution,SUB in: N. Stauskas,[],Stauskas,0,0,,False,False,203917.0,,substitution,substitution,,,,101187|201162|201196|202322|202397|203457|203496|203917|2403,202397|203457|203496|203917,101187|201162|201196|202322|2403,,,1610612755.0,21500862,False
4,PT05M41.00S,05:41,Q4 05:41,5.683333333333334,455,substitution,SUB in: J. Grant,[],Grant,0,0,,False,False,203924.0,,substitution,2pt missed,,,,101187|201162|201196|202322|202397|203457|203496|203917|203924|2403,202397|203457|203496|203917|203924,101187|201162|201196|202322|2403,,,1610612755.0,21500862,True
4,PT05M27.00S,05:27,Q4 05:27,5.45,457,2pt,MISS Wall 16' Jump Shot,[],Wall,0,0,Missed,True,False,202322.0,,substitution,rebound,,,,101187|201162|201196|202322|202397|203457|203496|203917|203924|2403,101187|201162|201196|202322|2403,202397|203457|203496|203917|203924,115.0,105.0,1610612764.0,21500862,True
4,PT05M25.00S,05:25,Q4 05:25,5.416666666666667,458,rebound,Covington REBOUND (Off:1 Def:9),[],Covington,0,0,,False,False,203496.0,,2pt missed,3pt missed,,,,101187|201162|201196|202322|202397|203457|203496|203917|203924|2403,202397|203457|203496|203917|203924,101187|201162|201196|202322|2403,,,1610612755.0,21500862,True
4,PT05M19.00S,05:19,Q4 05:19,5.316666666666666,459,3pt,MISS Covington 25' 3PT Jump Shot,[],Covington,0,0,Missed,True,False,203496.0,,rebound,rebound,,,,101187|201162|201196|202322|202397|203457|203496|203917|203924|2403,202397|203457|203496|203917|203924,101187|201162|201196|202322|2403,-1.0,252.0,1610612755.0,21500862,True
4,PT05M16.00S,05:16,Q4 05:16,5.266666666666667,460,rebound,Nene REBOUND (Off:1 Def:7),[],Hilario,0,0,,False,False,2403.0,,3pt missed,foul,,,,101187|201162|201196|202322|202397|203457|203496|203917|203924|2403,101187|201162|201196|202322|2403,202397|203457|203496|203917|203924,,,1610612764.0,21500862,True
4,PT05M08.00S,05:08,Q4 05:08,5.133333333333334,461,foul,Covington P.FOUL (P5.T3) (Z.Zarba),[],Covington,0,0,,False,False,203496.0,,rebound,foul,2403.0,,,101187|201162|201196|202322|202397|203457|203496|203917|203924|2403,202397|203457|203496|203917|203924,101187|201162|201196|202322|2403,,,1610612755.0,21500862,True
4,PT05M02.00S,05:02,Q4 05:02,5.033333333333333,462,foul,Noel S.FOUL (P1.T4) (D.Jones),[],Noel,0,0,,False,False,203457.0,,foul,freethrow,2403.0,,,101187|201162|201196|202322|202397|203457|203496|203917|203924|2403,202397|203457|203496|203917|203924,101187|201162|201196|202322|2403,,,1610612755.0,21500862,True
4,PT05M02.00S,05:02,Q4 05:02,5.033333333333333,463,freethrow,Nene Free Throw 1 of 2 (6 PTS),[],Hilario,84,92,Made,False,False,2403.0,,foul,freethrow,,,,101187|201162|201196|202322|202397|203457|203496|203917|203924|2403,101187|201162|201196|202322|2403,202397|203457|203496|203917|203924,,,1610612764.0,21500862,True
4,PT05M02.00S,05:02,Q4 05:02,5.033333333333333,466,freethrow,Nene Free Throw 2 of 2 (7 PTS),[],Hilario,84,93,Made,False,False,2403.0,,freethrow,substitution,,,,101187|201162|201196|202322|202397|203457|203496|203917|203924|2403,101187|201162|201196|202322|2403,202397|203457|203496|203917|203924,,,1610612764.0,21500862,True
4,PT05M02.00S,05:02,Q4 05:02,5.033333333333333,465,substitution,SUB out: R. Covington,[],Covington,0,0,,False,False,203496.0,,freethrow,substitution,,,,101187|201162|201196|202322|202397|203457|203917|203924|2403,202397|203457|203917|203924,101187|201162|201196|202322|2403,,,1610612755.0,21500862,False
4,PT05M02.00S,05:02,Q4 05:02,5.033333333333333,466,substitution,SUB in: H. Thompson,[],Thompson,0,0,,False,False,203138.0,,substitution,3pt missed,,,,101187|201162|201196|202322|202397|203138|203457|203917|203924|2403,202397|203138|203457|203917|203924,101187|201162|201196|202322|2403,,,1610612755.0,21500862,True
4,PT04M36.00S,04:36,Q4 04:36,4.6,468,3pt,MISS Thompson  3PT Jump Shot,[],Thompson,0,0,Missed,True,False,203138.0,,substitution,rebound,,,,101187|201162|201196|202322|202397|203138|203457|203917|203924|2403,202397|203138|203457|203917|203924,101187|201162|201196|202322|2403,230.0,23.0,1610612755.0,21500862,True
4,PT04M35.00S,04:35,Q4 04:35,4.583333333333333,469,rebound,Noel REBOUND (Off:1 Def:7),[],Noel,0,0,,False,False,203457.0,,3pt missed,foul,,,,101187|201162|201196|202322|202397|203138|203457|203917|203924|2403,202397|203138|203457|203917|203924,101187|201162|201196|202322|2403,,,1610612755.0,21500862,True
4,PT04M33.00S,04:33,Q4 04:33,4.55,470,foul,Wall S.FOUL (P2.T3) (D.Jones),[],Wall,0,0,,False,False,202322.0,,rebound,freethrow,203457.0,,,101187|201162|201196|202322|202397|203138|203457|203917|203924|2403,101187|201162|201196|202322|2403,202397|203138|203457|203917|203924,,,1610612764.0,21500862,True
4,PT04M33.00S,04:33,Q4 04:33,4.55,471,freethrow,MISS Noel Free Throw 1 of 2,[],Noel,0,0,Missed,False,False,203457.0,,foul,rebound,,,,101187|201162|201196|202322|202397|203138|203457|203917|203924|2403,202397|203138|203457|203917|203924,101187|201162|201196|202322|2403,,,1610612755.0,21500862,True
4,PT04M33.00S,04:33,Q4 04:33,4.55,472,rebound,TEAM offensive REBOUND,['team'],,0,0,,False,False,0.0,,freethrow,freethrow,,,,101187|201162|201196|202322|202397|203138|203457|203917|203924|2403,202397|203138|203457|203917|203924,101187|201162|201196|202322|2403,,,1610612755.0,21500862,True
4,PT04M33.00S,04:33,Q4 04:33,4.55,473,freethrow,Noel Free Throw 2 of 2 (9 PTS),['2ndchance'],Noel,85,93,Made,False,False,203457.0,,rebound,foul,,,,101187|201162|201196|202322|202397|203138|203457|203917|203924|2403,202397|203138|203457|203917|203924,101187|201162|201196|202322|2403,,,1610612755.0,21500862,True
4,PT04M19.00S,04:19,Q4 04:19,4.316666666666666,475,foul,Noel P.FOUL (P2.PN) (Z.Zarba),['inpenalty'],Noel,0,0,,False,False,203457.0,,freethrow,freethrow,2403.0,,,101187|201162|201196|202322|202397|203138|203457|203917|203924|2403,202397|203138|203457|203917|203924,101187|201162|201196|202322|2403,,,1610612755.0,21500862,True
4,PT04M19.00S,04:19,Q4 04:19,4.316666666666666,476,freethrow,Nene Free Throw 1 of 2 (8 PTS),[],Hilario,85,94,Made,False,False,2403.0,,foul,freethrow,,,,101187|201162|201196|202322|202397|203138|203457|203917|203924|2403,101187|201162|201196|202322|2403,202397|203138|203457|203917|203924,,,1610612764.0,21500862,True
4,PT04M19.00S,04:19,Q4 04:19,4.316666666666666,478,freethrow,Nene Free Throw 2 of 2 (9 PTS),[],Hilario,85,95,Made,False,False,2403.0,,freethrow,foul,,,,101187|201162|201196|202322|202397|203138|203457|203917|203924|2403,101187|201162|201196|202322|2403,202397|203138|203457|203917|203924,,,1610612764.0,21500862,True
4,PT04M10.00S,04:10,Q4 04:10,4.166666666666667,480,foul,Nene P.FOUL (P2.T4) (D.Jones),[],Hilario,0,0,,False,False,2403.0,,freethrow,substitution,202397.0,,,101187|201162|201196|202322|202397|203138|203457|203917|203924|2403,101187|201162|201196|202322|2403,202397|203138|203457|203917|203924,,,1610612764.0,21500862,True
4,PT04M10.00S,04:10,Q4 04:10,4.166666666666667,481,substitution,SUB out: J. Grant,[],Grant,0,0,,False,False,203924.0,,foul,substitution,,,,101187|201162|201196|202322|202397|203138|203457|203917|2403,202397|203138|203457|203917,101187|201162|201196|202322|2403,,,1610612755.0,21500862,False
4,PT04M10.00S,04:10,Q4 04:10,4.166666666666667,482,substitution,SUB out: J. Dudley,[],Dudley,0,0,,False,False,201162.0,,substitution,substitution,,,,101187|201196|202322|202397|203138|203457|203917|2403,101187|201196|202322|2403,202397|203138|203457|203917,,,1610612764.0,21500862,False
4,PT04M10.00S,04:10,Q4 04:10,4.166666666666667,483,substitution,SUB in: J. Okafor,[],Okafor,0,0,,False,False,1626143.0,,substitution,substitution,,,,101187|1626143|201196|202322|202397|203138|203457|203917|2403,1626143|202397|203138|203457|203917,101187|201196|202322|2403,,,1610612755.0,21500862,False
4,PT04M10.00S,04:10,Q4 04:10,4.166666666666667,484,substitution,SUB in: M. Morris,[],Morris,0,0,,False,False,202693.0,,substitution,2pt made,,,,101187|1626143|201196|202322|202397|202693|203138|203457|203917|2403,101187|201196|202322|202693|2403,1626143|202397|203138|203457|203917,,,1610612764.0,21500862,True
4,PT03M59.00S,03:59,Q4 03:59,3.9833333333333334,483,2pt,Smith 2' Driving Layup (8 PTS),['pointsinthepaint'],Smith,87,95,Made,True,False,202397.0,,substitution,2pt made,,,,101187|1626143|201196|202322|202397|202693|203138|203457|203917|2403,1626143|202397|203138|203457|203917,101187|201196|202322|202693|2403,-19.0,2.0,1610612755.0,21500862,True
4,PT03M48.00S,03:48,Q4 03:48,3.8,484,2pt,Sessions 14' Step Back Jump Shot (12 PTS),[],Sessions,87,97,Made,True,False,201196.0,,2pt made,3pt made,,,,101187|1626143|201196|202322|202397|202693|203138|203457|203917|2403,101187|201196|202322|202693|2403,1626143|202397|203138|203457|203917,-2.0,144.0,1610612764.0,21500862,True
4,PT03M23.00S,03:23,Q4 03:23,3.3833333333333333,485,3pt,Stauskas  3PT Jump Shot (13 PTS) (Thompson 1 AST),[],Stauskas,90,97,Made,True,True,203917.0,203138.0,2pt made,2pt missed,,,,101187|1626143|201196|202322|202397|202693|203138|203457|203917|2403,1626143|202397|203138|203457|203917,101187|201196|202322|202693|2403,223.0,2.0,1610612755.0,21500862,True
4,PT03M09.00S,03:09,Q4 03:09,3.15,486,2pt,MISS Wall 15' Jump Shot,[],Wall,0,0,Missed,True,False,202322.0,,3pt made,rebound,,,,101187|1626143|201196|202322|202397|202693|203138|203457|203917|2403,101187|201196|202322|202693|2403,1626143|202397|203138|203457|203917,133.0,77.0,1610612764.0,21500862,True
4,PT03M08.00S,03:08,Q4 03:08,3.1333333333333333,487,rebound,Okafor REBOUND (Off:1 Def:4),[],Okafor,0,0,,False,False,1626143.0,,2pt missed,3pt missed,,,,101187|1626143|201196|202322|202397|202693|203138|203457|203917|2403,1626143|202397|203138|203457|203917,101187|201196|202322|202693|2403,,,1610612755.0,21500862,True
4,PT03M00.00S,03:00,Q4 03:00,3.0,488,3pt,MISS Thompson 25' 3PT Jump Shot,[],Thompson,0,0,Missed,True,False,203138.0,,rebound,rebound,,,,101187|1626143|201196|202322|202397|202693|203138|203457|203917|2403,1626143|202397|203138|203457|203917,101187|201196|202322|202693|2403,155.0,193.0,1610612755.0,21500862,True
4,PT02M59.00S,02:59,Q4 02:59,2.9833333333333334,489,rebound,Sessions REBOUND (Off:1 Def:1),[],Sessions,0,0,,False,False,201196.0,,3pt missed,timeout,,,,101187|1626143|201196|202322|202397|202693|203138|203457|203917|2403,101187|201196|202322|202693|2403,1626143|202397|203138|203457|203917,,,1610612764.0,21500862,True
4,PT02M52.00S,02:52,Q4 02:52,2.8666666666666667,490,timeout,Wizards Timeout: Regular (Reg.4 Short 0),[],,0,0,,False,False,0.0,,rebound,substitution,,,,101187|1626143|201196|202322|202397|202693|203138|203457|203917|2403,101187|201196|202322|202693|2403,1626143|202397|203138|203457|203917,,,1610612764.0,21500862,True
4,PT02M52.00S,02:52,Q4 02:52,2.8666666666666667,492,substitution,SUB out: A. Anderson,[],Anderson,0,0,,False,False,101187.0,,timeout,substitution,,,,1626143|201196|202322|202397|202693|203138|203457|203917|2403,201196|202322|202693|2403,1626143|202397|203138|203457|203917,,,1610612764.0,21500862,False
4,PT02M52.00S,02:52,Q4 02:52,2.8666666666666667,493,substitution,SUB out: N. Hilario,[],Hilario,0,0,,False,False,2403.0,,substitution,substitution,,,,1626143|201196|202322|202397|202693|203138|203457|203917,201196|202322|202693,1626143|202397|203138|203457|203917,,,1610612764.0,21500862,False
4,PT02M52.00S,02:52,Q4 02:52,2.8666666666666667,494,substitution,SUB out: H. Thompson,[],Thompson,0,0,,False,False,203138.0,,substitution,substitution,,,,1626143|201196|202322|202397|202693|203457|203917,1626143|202397|203457|203917,201196|202322|202693,,,1610612755.0,21500862,False
4,PT02M52.00S,02:52,Q4 02:52,2.8666666666666667,495,substitution,SUB in: B. Beal,[],Beal,0,0,,False,False,203078.0,,substitution,substitution,,,,1626143|201196|202322|202397|202693|203078|203457|203917,201196|202322|202693|203078,1626143|202397|203457|203917,,,1610612764.0,21500862,False
4,PT02M52.00S,02:52,Q4 02:52,2.8666666666666667,496,substitution,SUB in: M. Gortat,[],Gortat,0,0,,False,False,101162.0,,substitution,substitution,,,,101162|1626143|201196|202322|202397|202693|203078|203457|203917,101162|201196|202322|202693|203078,1626143|202397|203457|203917,,,1610612764.0,21500862,False
4,PT02M52.00S,02:52,Q4 02:52,2.8666666666666667,497,substitution,SUB in: R. Covington,[],Covington,0,0,,False,False,203496.0,,substitution,turnover,,,,101162|1626143|201196|202322|202397|202693|203078|203457|203496|203917,1626143|202397|203457|203496|203917,101162|201196|202322|202693|203078,,,1610612755.0,21500862,True
4,PT02M37.00S,02:37,Q4 02:37,2.6166666666666667,495,turnover,Wall Bad Pass Turnover (P3.T11),[],Wall,0,0,,False,False,202322.0,,substitution,steal,,,,101162|1626143|201196|202322|202397|202693|203078|203457|203496|203917,101162|201196|202322|202693|203078,1626143|202397|203457|203496|203917,,,1610612764.0,21500862,True
4,PT02M37.00S,02:37,Q4 02:37,2.6166666666666667,495,steal,Smith STEAL (2 STL),[],Smith,0,0,,False,False,202397.0,,turnover,2pt made,,202397.0,,101162|1626143|201196|202322|202397|202693|203078|203457|203496|203917,1626143|202397|203457|203496|203917,101162|201196|202322|202693|203078,,,1610612755.0,21500862,True
4,PT02M34.00S,02:34,Q4 02:34,2.5666666666666664,496,2pt,Smith  Running Dunk (10 PTS),['pointsinthepaint'],Smith,92,97,Made,True,False,202397.0,,steal,2pt missed,,,,101162|1626143|201196|202322|202397|202693|203078|203457|203496|203917,1626143|202397|203457|203496|203917,101162|201196|202322|202693|203078,0.0,1.0,1610612755.0,21500862,True
4,PT02M17.00S,02:17,Q4 02:17,2.283333333333333,497,2pt,MISS Mark Morris 9' Jump Shot,['pointsinthepaint'],Morris,0,0,Missed,True,False,202693.0,,2pt made,rebound,,,,101162|1626143|201196|202322|202397|202693|203078|203457|203496|203917,101162|201196|202322|202693|203078,1626143|202397|203457|203496|203917,63.0,61.0,1610612764.0,21500862,True
4,PT02M15.00S,02:15,Q4 02:15,2.25,498,rebound,Stauskas REBOUND (Off:0 Def:2),[],Stauskas,0,0,,False,False,203917.0,,2pt missed,3pt missed,,,,101162|1626143|201196|202322|202397|202693|203078|203457|203496|203917,1626143|202397|203457|203496|203917,101162|201196|202322|202693|203078,,,1610612755.0,21500862,True
4,PT02M03.00S,02:03,Q4 02:03,2.05,499,3pt,MISS Stauskas 24' 3PT Jump Shot,[],Stauskas,0,0,Missed,True,False,203917.0,,rebound,rebound,,,,101162|1626143|201196|202322|202397|202693|203078|203457|203496|203917,1626143|202397|203457|203496|203917,101162|201196|202322|202693|203078,-238.0,2.0,1610612755.0,21500862,True
4,PT02M02.00S,02:02,Q4 02:02,2.033333333333333,500,rebound,Okafor REBOUND (Off:2 Def:4),[],Okafor,0,0,,False,False,1626143.0,,3pt missed,timeout,,,,101162|1626143|201196|202322|202397|202693|203078|203457|203496|203917,1626143|202397|203457|203496|203917,101162|201196|202322|202693|203078,,,1610612755.0,21500862,True
4,PT02M02.00S,02:02,Q4 02:02,2.033333333333333,502,timeout,76ERS Timeout: Regular (Full 5 Short 1),[],,0,0,,False,False,0.0,,rebound,3pt missed,,,,101162|1626143|201196|202322|202397|202693|203078|203457|203496|203917,1626143|202397|203457|203496|203917,101162|201196|202322|202693|203078,,,1610612755.0,21500862,True
4,PT01M42.00S,01:42,Q4 01:42,1.7,504,3pt,MISS Smith 25' 3PT Jump Shot,[],Smith,0,0,Missed,True,False,202397.0,,timeout,rebound,,,,101162|1626143|201196|202322|202397|202693|203078|203457|203496|203917,1626143|202397|203457|203496|203917,101162|201196|202322|202693|203078,6.0,247.0,1610612755.0,21500862,True
4,PT01M41.00S,01:41,Q4 01:41,1.6833333333333333,505,rebound,Wall REBOUND (Off:2 Def:6),[],Wall,0,0,,False,False,202322.0,,3pt missed,turnover,,,,101162|1626143|201196|202322|202397|202693|203078|203457|203496|203917,101162|201196|202322|202693|203078,1626143|202397|203457|203496|203917,,,1610612764.0,21500862,True
4,PT01M39.00S,01:39,Q4 01:39,1.65,506,turnover,Wall Lost Ball Turnover (P4.T12),[],Wall,0,0,,False,False,202322.0,,rebound,steal,,,,101162|1626143|201196|202322|202397|202693|203078|203457|203496|203917,101162|201196|202322|202693|203078,1626143|202397|203457|203496|203917,,,1610612764.0,21500862,True
4,PT01M39.00S,01:39,Q4 01:39,1.65,506,steal,Noel STEAL (2 STL),[],Noel,0,0,,False,False,203457.0,,turnover,turnover,,203457.0,,101162|1626143|201196|202322|202397|202693|203078|203457|203496|203917,1626143|202397|203457|203496|203917,101162|201196|202322|202693|203078,,,1610612755.0,21500862,True
4,PT01M37.00S,01:37,Q4 01:37,1.6166666666666667,507,turnover,Noel Lost Ball Turnover (P2.T12),[],Noel,0,0,,False,False,203457.0,,steal,steal,,,,101162|1626143|201196|202322|202397|202693|203078|203457|203496|203917,1626143|202397|203457|203496|203917,101162|201196|202322|202693|203078,,,1610612755.0,21500862,True
4,PT01M37.00S,01:37,Q4 01:37,1.6166666666666667,507,steal,Wall STEAL (1 STL),[],Wall,0,0,,False,False,202322.0,,turnover,foul,,202322.0,,101162|1626143|201196|202322|202397|202693|203078|203457|203496|203917,101162|201196|202322|202693|203078,1626143|202397|203457|203496|203917,,,1610612764.0,21500862,True
4,PT01M37.00S,01:37,Q4 01:37,1.6166666666666667,508,foul,Noel L.B.FOUL (P3.PN) (Z.Zarba),['inpenalty'],Noel,0,0,,False,False,203457.0,,steal,freethrow,202693.0,,,101162|1626143|201196|202322|202397|202693|203078|203457|203496|203917,1626143|202397|203457|203496|203917,101162|201196|202322|202693|203078,,,1610612755.0,21500862,True
4,PT01M37.00S,01:37,Q4 01:37,1.6166666666666667,509,freethrow,Mark Morris Free Throw 1 of 2 (9 PTS),[],Morris,92,98,Made,False,False,202693.0,,foul,freethrow,,,,101162|1626143|201196|202322|202397|202693|203078|203457|203496|203917,101162|201196|202322|202693|203078,1626143|202397|203457|203496|203917,,,1610612764.0,21500862,True
4,PT01M37.00S,01:37,Q4 01:37,1.6166666666666667,512,freethrow,Mark Morris Free Throw 2 of 2 (10 PTS),[],Morris,92,99,Made,False,False,202693.0,,freethrow,substitution,,,,101162|1626143|201196|202322|202397|202693|203078|203457|203496|203917,101162|201196|202322|202693|203078,1626143|202397|203457|203496|203917,,,1610612764.0,21500862,True
4,PT01M37.00S,01:37,Q4 01:37,1.6166666666666667,511,substitution,SUB out: N. Noel,[],Noel,0,0,,False,False,203457.0,,freethrow,substitution,,,,101162|1626143|201196|202322|202397|202693|203078|203496|203917,1626143|202397|203496|203917,101162|201196|202322|202693|203078,,,1610612755.0,21500862,False
4,PT01M37.00S,01:37,Q4 01:37,1.6166666666666667,512,substitution,SUB in: J. Grant,[],Grant,0,0,,False,False,203924.0,,substitution,2pt made,,,,101162|1626143|201196|202322|202397|202693|203078|203496|203917|203924,1626143|202397|203496|203917|203924,101162|201196|202322|202693|203078,,,1610612755.0,21500862,True
4,PT01M27.00S,01:27,Q4 01:27,1.45,514,2pt,Stauskas 1' Driving Reverse Layup (15 PTS) (Okafor 2 AST),['pointsinthepaint'],Stauskas,94,99,Made,True,True,203917.0,1626143.0,substitution,2pt missed,,,,101162|1626143|201196|202322|202397|202693|203078|203496|203917|203924,1626143|202397|203496|203917|203924,101162|201196|202322|202693|203078,9.0,2.0,1610612755.0,21500862,True
4,PT01M03.00S,01:03,Q4 01:03,1.05,516,2pt,MISS Sessions 15' Jump Shot,[],Sessions,0,0,Missed,True,False,201196.0,,2pt made,rebound,,,,101162|1626143|201196|202322|202397|202693|203078|203496|203917|203924,101162|201196|202322|202693|203078,1626143|202397|203496|203917|203924,145.0,46.0,1610612764.0,21500862,True
4,PT01M01.00S,01:01,Q4 01:01,1.0166666666666666,517,rebound,Beal REBOUND (Off:2 Def:1),[],Beal,0,0,,False,False,203078.0,,2pt missed,2pt missed,,,,101162|1626143|201196|202322|202397|202693|203078|203496|203917|203924,101162|201196|202322|202693|203078,1626143|202397|203496|203917|203924,,,1610612764.0,21500862,True
4,PT00M44.90S,00:44,Q4 00:44,0.7483333333333333,518,2pt,MISS Wall 1' Driving Layup,['pointsinthepaint'],Wall,0,0,Missed,True,False,202322.0,,rebound,rebound,,,,101162|1626143|201196|202322|202397|202693|203078|203496|203917|203924,101162|201196|202322|202693|203078,1626143|202397|203496|203917|203924,-12.0,3.0,1610612764.0,21500862,True
4,PT00M44.30S,00:44,Q4 00:44,0.7383333333333333,519,rebound,Gortat REBOUND (Off:5 Def:6),[],Gortat,0,0,,False,False,101162.0,,2pt missed,2pt made,,,,101162|1626143|201196|202322|202397|202693|203078|203496|203917|203924,101162|201196|202322|202693|203078,1626143|202397|203496|203917|203924,,,1610612764.0,21500862,True
4,PT00M44.10S,00:44,Q4 00:44,0.735,520,2pt,Gortat 1' Putback Layup (12 PTS),['pointsinthepaint'],Gortat,94,101,Made,True,False,101162.0,,rebound,timeout,,,,101162|1626143|201196|202322|202397|202693|203078|203496|203917|203924,101162|201196|202322|202693|203078,1626143|202397|203496|203917|203924,-7.0,11.0,1610612764.0,21500862,True
4,PT00M44.10S,00:44,Q4 00:44,0.735,521,timeout,76ERS Timeout: Regular (Full 6 Short 1),[],,0,0,,False,False,0.0,,2pt made,turnover,,,,101162|1626143|201196|202322|202397|202693|203078|203496|203917|203924,1626143|202397|203496|203917|203924,101162|201196|202322|202693|203078,,,1610612755.0,21500862,True
4,PT00M44.10S,00:44,Q4 00:44,0.735,525,turnover,76ERS Turnover: 5 Second Inbound (T#13),[],,0,0,,False,False,1610612755.0,,timeout,substitution,,,,101162|1626143|201196|202322|202397|202693|203078|203496|203917|203924,1626143|202397|203496|203917|203924,101162|201196|202322|202693|203078,,,0.0,21500862,True
4,PT00M44.10S,00:44,Q4 00:44,0.735,523,substitution,SUB out: R. Sessions,[],Sessions,0,0,,False,False,201196.0,,turnover,substitution,,,,101162|1626143|202322|202397|202693|203078|203496|203917|203924,101162|202322|202693|203078,1626143|202397|203496|203917|203924,,,1610612764.0,21500862,False
4,PT00M44.10S,00:44,Q4 00:44,0.735,524,substitution,SUB out: J. Grant,[],Grant,0,0,,False,False,203924.0,,substitution,substitution,,,,101162|1626143|202322|202397|202693|203078|203496|203917,1626143|202397|203496|203917,101162|202322|202693|203078,,,1610612755.0,21500862,False
4,PT00M44.10S,00:44,Q4 00:44,0.735,525,substitution,SUB out: H. Thompson,[],Thompson,0,0,,False,False,203138.0,,substitution,substitution,,,,101162|1626143|202322|202397|202693|203078|203496|203917,1626143|202397|203496|203917,101162|202322|202693|203078,,,1610612755.0,21500862,False
4,PT00M44.10S,00:44,Q4 00:44,0.735,526,substitution,SUB out: G. Temple,[],Temple,0,0,,False,False,202066.0,,substitution,substitution,,,,101162|1626143|202322|202397|202693|203078|203496|203917,101162|202322|202693|203078,1626143|202397|203496|203917,,,1610612764.0,21500862,False
4,PT00M44.10S,00:44,Q4 00:44,0.735,527,substitution,SUB in: G. Temple,[],Temple,0,0,,False,False,202066.0,,substitution,substitution,,,,101162|1626143|202066|202322|202397|202693|203078|203496|203917,101162|202066|202322|202693|203078,1626143|202397|203496|203917,,,1610612764.0,21500862,False
4,PT00M44.10S,00:44,Q4 00:44,0.735,528,substitution,SUB in: H. Thompson,[],Thompson,0,0,,False,False,203138.0,,substitution,substitution,,,,101162|1626143|202066|202322|202397|202693|203078|203138|203496|203917,1626143|202397|203138|203496|203917,101162|202066|202322|202693|203078,,,1610612755.0,21500862,True
4,PT00M44.10S,00:44,Q4 00:44,0.735,529,substitution,SUB in: J. Grant,[],Grant,0,0,,False,False,203924.0,,substitution,substitution,,,,101162|1626143|202066|202322|202397|202693|203078|203138|203496|203917|203924,1626143|202397|203138|203496|203917|203924,101162|202066|202322|202693|203078,,,1610612755.0,21500862,False
4,PT00M44.10S,00:44,Q4 00:44,0.735,530,substitution,SUB in: R. Sessions,[],Sessions,0,0,,False,False,201196.0,,substitution,foul,,,,101162|1626143|201196|202066|202322|202397|202693|203078|203138|203496|203917|203924,101162|201196|202066|202322|202693|203078,1626143|202397|203138|203496|203917|203924,,,1610612764.0,21500862,False
4,PT00M39.80S,00:39,Q4 00:39,0.6633333333333333,528,foul,Smith P.FOUL (P2.PN) (Z.Zarba),['inpenalty'],Smith,0,0,,False,False,202397.0,,substitution,freethrow,202322.0,,,101162|1626143|201196|202066|202322|202397|202693|203078|203138|203496|203917|203924,1626143|202397|203138|203496|203917|203924,101162|201196|202066|202322|202693|203078,,,1610612755.0,21500862,False
4,PT00M39.80S,00:39,Q4 00:39,0.6633333333333333,529,freethrow,Wall Free Throw 1 of 2 (22 PTS),[],Wall,94,102,Made,False,False,202322.0,,foul,freethrow,,,,101162|1626143|201196|202066|202322|202397|202693|203078|203138|203496|203917|203924,101162|201196|202066|202322|202693|203078,1626143|202397|203138|203496|203917|203924,,,1610612764.0,21500862,False
4,PT00M39.80S,00:39,Q4 00:39,0.6633333333333333,532,freethrow,Wall Free Throw 2 of 2 (23 PTS),[],Wall,94,103,Made,False,False,202322.0,,freethrow,timeout,,,,101162|1626143|201196|202066|202322|202397|202693|203078|203138|203496|203917|203924,101162|201196|202066|202322|202693|203078,1626143|202397|203138|203496|203917|203924,,,1610612764.0,21500862,False
4,PT00M39.80S,00:39,Q4 00:39,0.6633333333333333,534,timeout,76ERS Timeout: Short (Full 6 Short 2),[],,0,0,,False,False,0.0,,freethrow,substitution,,,,101162|1626143|201196|202066|202322|202397|202693|203078|203138|203496|203917|203924,1626143|202397|203138|203496|203917|203924,101162|201196|202066|202322|202693|203078,,,1610612755.0,21500862,False
4,PT00M39.80S,00:39,Q4 00:39,0.6633333333333333,531,substitution,SUB out: R. Sessions,[],Sessions,0,0,,False,False,201196.0,,timeout,substitution,,,,101162|1626143|202066|202322|202397|202693|203078|203138|203496|203917|203924,101162|202066|202322|202693|203078,1626143|202397|203138|203496|203917|203924,,,1610612764.0,21500862,False
4,PT00M39.80S,00:39,Q4 00:39,0.6633333333333333,532,substitution,SUB out: J. Grant,[],Grant,0,0,,False,False,203924.0,,substitution,substitution,,,,101162|1626143|202066|202322|202397|202693|203078|203138|203496|203917,1626143|202397|203138|203496|203917,101162|202066|202322|202693|203078,,,1610612755.0,21500862,True
4,PT00M39.80S,00:39,Q4 00:39,0.6633333333333333,533,substitution,SUB in: G. Temple,[],Temple,0,0,,False,False,202066.0,,substitution,substitution,,,,101162|1626143|202066|202322|202397|202693|203078|203138|203496|203917,101162|202066|202322|202693|203078,1626143|202397|203138|203496|203917,,,1610612764.0,21500862,True
4,PT00M39.80S,00:39,Q4 00:39,0.6633333333333333,534,substitution,SUB in: H. Thompson,[],Thompson,0,0,,False,False,203138.0,,substitution,3pt missed,,,,101162|1626143|202066|202322|202397|202693|203078|203138|203496|203917,1626143|202397|203138|203496|203917,101162|202066|202322|202693|203078,,,1610612755.0,21500862,True
4,PT00M30.90S,00:30,Q4 00:30,0.515,537,3pt,MISS Smith 27' 3PT Jump Shot,[],Smith,0,0,Missed,True,False,202397.0,,substitution,rebound,,,,101162|1626143|202066|202322|202397|202693|203078|203138|203496|203917,1626143|202397|203138|203496|203917,101162|202066|202322|202693|203078,27.0,264.0,1610612755.0,21500862,True
4,PT00M29.90S,00:29,Q4 00:29,0.4983333333333333,538,rebound,Covington REBOUND (Off:2 Def:9),[],Covington,0,0,,False,False,203496.0,,3pt missed,3pt missed,,,,101162|1626143|202066|202322|202397|202693|203078|203138|203496|203917,1626143|202397|203138|203496|203917,101162|202066|202322|202693|203078,,,1610612755.0,21500862,True
4,PT00M25.90S,00:25,Q4 00:25,0.43166666666666664,539,3pt,MISS Covington 24' 3PT Jump Shot,[],Covington,0,0,Missed,True,False,203496.0,,rebound,block,,,,101162|1626143|202066|202322|202397|202693|203078|203138|203496|203917,1626143|202397|203138|203496|203917,101162|202066|202322|202693|203078,50.0,237.0,1610612755.0,21500862,True
4,PT00M25.90S,00:25,Q4 00:25,0.43166666666666664,539,block,Mark Morris BLOCK (2 BLK),[],Morris,0,0,,False,False,202693.0,,3pt missed,rebound,,,202693.0,101162|1626143|202066|202322|202397|202693|203078|203138|203496|203917,101162|202066|202322|202693|203078,1626143|202397|203138|203496|203917,,,1610612764.0,21500862,True
4,PT00M24.30S,00:24,Q4 00:24,0.405,540,rebound,Covington REBOUND (Off:3 Def:9),[],Covington,0,0,,False,False,203496.0,,block,2pt missed,,,,101162|1626143|202066|202322|202397|202693|203078|203138|203496|203917,1626143|202397|203138|203496|203917,101162|202066|202322|202693|203078,,,1610612755.0,21500862,True
4,PT00M23.40S,00:23,Q4 00:23,0.38999999999999996,541,2pt,MISS Covington 11' Jump Shot,[],Covington,0,0,Missed,True,False,203496.0,,rebound,rebound,,,,101162|1626143|202066|202322|202397|202693|203078|203138|203496|203917,1626143|202397|203138|203496|203917,101162|202066|202322|202693|203078,107.0,21.0,1610612755.0,21500862,True
4,PT00M21.90S,00:21,Q4 00:21,0.365,542,rebound,Mark Morris REBOUND (Off:0 Def:7),[],Morris,0,0,,False,False,202693.0,,2pt missed,turnover,,,,101162|1626143|202066|202322|202397|202693|203078|203138|203496|203917,101162|202066|202322|202693|203078,1626143|202397|203138|203496|203917,,,1610612764.0,21500862,True
4,PT00M00.20S,00:00,Q4 00:00,0.0033333333333333335,543,turnover,Wizards Turnover: Shot Clock (T#13),[],,0,0,,False,False,1610612764.0,,rebound,period,,,,101162|1626143|202066|202322|202397|202693|203078|203138|203496|203917,1626143|202397|203138|203496|203917,101162|202066|202322|202693|203078,,,0.0,21500862,True
4,PT00M00.00S,00:00,Q4 00:00,0.0,544,period,End of 4th Period (9:25 PM EST),[],,94,103,,False,False,0.0,,turnover,,,,,101162|1626143|202066|202322|202397|202693|203078|203138|203496|203917,1626143|202397|203138|203496|203917,101162|202066|202322|202693|203078,,,1610612755.0,21500862,True
