period,clock,clock_display,game_clock,minutes_left_in_game,actionNumber,actionType,description,qualifier,playerName,scoreHome,scoreAway,shotResult,isFieldGoal,assisted,person_id,assister_id,previous_action,next_action,foulDrawnPersonId,stealPersonId,blockPersonId,players_on,off_players_on,def_players_on,xLegacy,yLegacy,teamId,game_id,poc_ok
1,PT12M00.00S,12:00,Q1 12:00,48.0,0,period,Start of 1st Period (8:11 PM EST),[],,0,0,,False,False,0.0,,,2pt made,,,,1627742|1627826|201156|201583|201935|201976|203903|203944|203991|2772,201583|201935|201976|203991|2772,1627742|1627826|201156|203903|203944,,,1610612745.0,21601010,True
1,PT11M46.00S,11:46,Q1 11:46,47.766666666666666,2,2pt,Capela  Cutting Dunk Shot (2 PTS) (Harden 1 AST),['pointsinthepaint'],Capela,2,0,Made,True,True,203991.0,201935.0,period,3pt missed,,,,1627742|1627826|201156|201583|201935|201976|203903|203944|203991|2772,201583|201935|201976|203991|2772,1627742|1627826|201156|203903|203944,0.0,1.0,1610612745.0,21601010,True
1,PT11M32.00S,11:32,Q1 11:32,47.53333333333333,3,3pt,MISS Young 24' 3PT Jump Shot,[],Young,0,0,Missed,True,False,201156.0,,2pt made,rebound,,,,1627742|1627826|201156|201583|201935|201976|203903|203944|203991|2772,1627742|1627826|201156|203903|203944,201583|201935|201976|203991|2772,230.0,51.0,1610612747.0,21601010,True
1,PT11M31.00S,11:31,Q1 11:31,47.516666666666666,4,rebound,Beverley REBOUND (Off:0 Def:1),[],Beverley,0,0,,False,False,201976.0,,3pt missed,3pt missed,,,,1627742|1627826|201156|201583|201935|201976|203903|203944|203991|2772,201583|201935|201976|203991|2772,1627742|1627826|201156|203903|203944,,,1610612745.0,21601010,True
1,PT11M24.00S,11:24,Q1 11:24,47.4,5,3pt,MISS Beverley 24' 3PT Jump Shot,[],Beverley,0,0,Missed,True,False,201976.0,,rebound,rebound,,,,1627742|1627826|201156|201583|201935|201976|203903|203944|203991|2772,201583|201935|201976|203991|2772,1627742|1627826|201156|203903|203944,238.0,31.0,1610612745.0,21601010,True
1,PT11M22.00S,11:22,Q1 11:22,47.36666666666667,6,rebound,Randle REBOUND (Off:0 Def:1),[],Randle,0,0,,False,False,203944.0,,3pt missed,2pt made,,,,1627742|1627826|201156|201583|201935|201976|203903|203944|203991|2772,1627742|1627826|201156|203903|203944,201583|201935|201976|203991|2772,,,1610612747.0,21601010,True
1,PT11M07.00S,11:07,Q1 11:07,47.11666666666667,7,2pt,Randle 4' Floating Jump Shot (2 PTS),['pointsinthepaint'],Randle,2,2,Made,True,False,203944.0,,rebound,3pt missed,,,,1627742|1627826|201156|201583|201935|201976|203903|203944|203991|2772,1627742|1627826|201156|203903|203944,201583|201935|201976|203991|2772,9.0,43.0,1610612747.0,21601010,True
1,PT10M45.00S,10:45,Q1 10:45,46.75,8,3pt,MISS Anderson 25' 3PT Jump Shot,[],Anderson,0,0,Missed,True,False,201583.0,,2pt made,rebound,,,,1627742|1627826|201156|201583|201935|201976|203903|203944|203991|2772,201583|201935|201976|203991|2772,1627742|1627826|201156|203903|203944,112.0,228.0,1610612745.0,21601010,True
1,PT10M44.00S,10:44,Q1 10:44,46.733333333333334,9,rebound,Anderson REBOUND (Off:1 Def:0),[],Anderson,0,0,,False,False,201583.0,,3pt missed,turnover,,,,1627742|1627826|201156|201583|201935|201976|203903|203944|203991|2772,201583|201935|201976|203991|2772,1627742|1627826|201156|203903|203944,,,1610612745.0,21601010,True
1,PT10M37.00S,10:37,Q1 10:37,46.61666666666667,10,turnover,Beverley Out of Bounds - Bad Pass Turnover Turnover (P1.T1),[],Beverley,0,0,,False,False,201976.0,,rebound,2pt missed,,,,1627742|1627826|201156|201583|201935|201976|203903|203944|203991|2772,201583|201935|201976|203991|2772,1627742|1627826|201156|203903|203944,,,1610612745.0,21601010,True
1,PT10M25.00S,10:25,Q1 10:25,46.416666666666664,11,2pt,MISS Zubac 1' Cutting Layup Shot,['pointsinthepaint'],Zubac,0,0,Missed,True,False,1627826.0,,turnover,rebound,,,,1627742|1627826|201156|201583|201935|201976|203903|203944|203991|2772,1627742|1627826|201156|203903|203944,201583|201935|201976|203991|2772,9.0,8.0,1610612747.0,21601010,True
1,PT10M24.00S,10:24,Q1 10:24,46.4,12,rebound,Capela REBOUND (Off:0 Def:1),[],Capela,0,0,,False,False,203991.0,,2pt missed,foul,,,,1627742|1627826|201156|201583|201935|201976|203903|203944|203991|2772,201583|201935|201976|203991|2772,1627742|1627826|201156|203903|203944,,,1610612745.0,21601010,True
1,PT10M21.00S,10:21,Q1 10:21,46.35,13,foul,Clarkson S.FOUL (P1.T1) (K.Scott),[],Clarkson,0,0,,False,False,203903.0,,rebound,freethrow,201935.0,,,1627742|1627826|201156|201583|201935|201976|203903|203944|203991|2772,1627742|1627826|201156|203903|203944,201583|201935|201976|203991|2772,,,1610612747.0,21601010,True
1,PT10M21.00S,10:21,Q1 10:21,46.35,14,freethrow,Harden Free Throw 1 of 2 (1 PTS),[],Harden,3,2,Made,False,False,201935.0,,foul,freethrow,,,,1627742|1627826|201156|201583|201935|201976|203903|203944|203991|2772,201583|201935|201976|203991|2772,1627742|1627826|201156|203903|203944,,,1610612745.0,21601010,True
1,PT10M21.00S,10:21,Q1 10:21,46.35,16,freethrow,Harden Free Throw 2 of 2 (2 PTS),[],Harden,4,2,Made,False,False,201935.0,,freethrow,2pt made,,,,1627742|1627826|201156|201583|201935|201976|203903|203944|203991|2772,201583|201935|201976|203991|2772,1627742|1627826|201156|203903|203944,,,1610612745.0,21601010,True
1,PT10M05.00S,10:05,Q1 10:05,46.083333333333336,19,2pt,Ingram 1' Driving Layup (2 PTS),['pointsinthepaint'],Ingram,4,4,Made,True,False,1627742.0,,freethrow,3pt made,,,,1627742|1627826|201156|201583|201935|201976|203903|203944|203991|2772,1627742|1627826|201156|203903|203944,201583|201935|201976|203991|2772,12.0,-1.0,1610612747.0,21601010,True
1,PT09M55.00S,09:55,Q1 09:55,45.916666666666664,20,3pt,Ariza 24' 3PT Jump Shot (3 PTS) (Harden 2 AST),[],Ariza,7,4,Made,True,True,2772.0,201935.0,2pt made,foul,,,,1627742|1627826|201156|201583|201935|201976|203903|203944|203991|2772,201583|201935|201976|203991|2772,1627742|1627826|201156|203903|203944,-238.0,38.0,1610612745.0,21601010,True
1,PT09M42.00S,09:42,Q1 09:42,45.7,21,foul,Harden S.FOUL (P1.T1) (S.Wall),[],Harden,0,0,,False,False,201935.0,,3pt made,freethrow,203944.0,,,1627742|1627826|201156|201583|201935|201976|203903|203944|203991|2772,201583|201935|201976|203991|2772,1627742|1627826|201156|203903|203944,,,1610612745.0,21601010,True
1,PT09M42.00S,09:42,Q1 09:42,45.7,22,freethrow,Randle Free Throw 1 of 2 (3 PTS),[],Randle,7,5,Made,False,False,203944.0,,foul,freethrow,,,,1627742|1627826|201156|201583|201935|201976|203903|203944|203991|2772,1627742|1627826|201156|203903|203944,201583|201935|201976|203991|2772,,,1610612747.0,21601010,True
1,PT09M42.00S,09:42,Q1 09:42,45.7,24,freethrow,Randle Free Throw 2 of 2 (4 PTS),[],Randle,7,6,Made,False,False,203944.0,,freethrow,3pt missed,,,,1627742|1627826|201156|201583|201935|201976|203903|203944|203991|2772,1627742|1627826|201156|203903|203944,201583|201935|201976|203991|2772,,,1610612747.0,21601010,True
1,PT09M30.00S,09:30,Q1 09:30,45.5,26,3pt,MISS Anderson 26' 3PT Jump Shot,[],Anderson,0,0,Missed,True,False,201583.0,,freethrow,rebound,,,,1627742|1627826|201156|201583|201935|201976|203903|203944|203991|2772,201583|201935|201976|203991|2772,1627742|1627826|201156|203903|203944,-181.0,180.0,1610612745.0,21601010,True
1,PT09M29.00S,09:29,Q1 09:29,45.483333333333334,27,rebound,Ingram REBOUND (Off:0 Def:1),[],Ingram,0,0,,False,False,1627742.0,,3pt missed,turnover,,,,1627742|1627826|201156|201583|201935|201976|203903|203944|203991|2772,1627742|1627826|201156|203903|203944,201583|201935|201976|203991|2772,,,1610612747.0,21601010,True
1,PT09M26.00S,09:26,Q1 09:26,45.43333333333334,28,turnover,Ingram Bad Pass Turnover (P1.T1),[],Ingram,0,0,,False,False,1627742.0,,rebound,steal,,,,1627742|1627826|201156|201583|201935|201976|203903|203944|203991|2772,1627742|1627826|201156|203903|203944,201583|201935|201976|203991|2772,,,1610612747.0,21601010,True
1,PT09M26.00S,09:26,Q1 09:26,45.43333333333334,28,steal,Ariza STEAL (1 STL),[],Ariza,0,0,,False,False,2772.0,,turnover,2pt missed,,2772.0,,1627742|1627826|201156|201583|201935|201976|203903|203944|203991|2772,201583|201935|201976|203991|2772,1627742|1627826|201156|203903|203944,,,1610612745.0,21601010,True
1,PT09M17.00S,09:17,Q1 09:17,45.28333333333333,29,2pt,MISS Capela  Alley Oop Layup,['pointsinthepaint'],Capela,0,0,Missed,True,False,203991.0,,steal,rebound,,,,1627742|1627826|201156|201583|201935|201976|203903|203944|203991|2772,201583|201935|201976|203991|2772,1627742|1627826|201156|203903|203944,0.0,2.0,1610612745.0,21601010,True
1,PT09M16.00S,09:16,Q1 09:16,45.266666666666666,30,rebound,Randle REBOUND (Off:0 Def:2),[],Randle,0,0,,False,False,203944.0,,2pt missed,2pt made,,,,1627742|1627826|201156|201583|201935|201976|203903|203944|203991|2772,1627742|1627826|201156|203903|203944,201583|201935|201976|203991|2772,,,1610612747.0,21601010,True
1,PT09M13.00S,09:13,Q1 09:13,45.21666666666667,31,2pt,Randle 1' Running Layup (6 PTS),['pointsinthepaint'],Randle,7,8,Made,True,False,203944.0,,rebound,2pt made,,,,1627742|1627826|201156|201583|201935|201976|203903|203944|203991|2772,1627742|1627826|201156|203903|203944,201583|201935|201976|203991|2772,-11.0,-1.0,1610612747.0,21601010,True
1,PT09M01.00S,09:01,Q1 09:01,45.016666666666666,32,2pt,Harden 2' Driving Layup (4 PTS),['pointsinthepaint'],Harden,9,8,Made,True,False,201935.0,,2pt made,turnover,,,,1627742|1627826|201156|201583|201935|201976|203903|203944|203991|2772,201583|201935|201976|203991|2772,1627742|1627826|201156|203903|203944,-16.0,-5.0,1610612745.0,21601010,True
1,PT08M56.00S,08:56,Q1 08:56,44.93333333333334,33,turnover,Clarkson Double Dribble Turnover (P1.T2),[],Clarkson,0,0,,False,False,203903.0,,2pt made,foul,,,,1627742|1627826|201156|201583|201935|201976|203903|203944|203991|2772,1627742|1627826|201156|203903|203944,201583|201935|201976|203991|2772,,,1610612747.0,21601010,True
1,PT08M52.00S,08:52,Q1 08:52,44.86666666666667,34,foul,Zubac S.FOUL (P1.T2) (S.Wall),[],Zubac,0,0,,False,False,1627826.0,,turnover,freethrow,2772.0,,,1627742|1627826|201156|201583|201935|201976|203903|203944|203991|2772,1627742|1627826|201156|203903|203944,201583|201935|201976|203991|2772,,,1610612747.0,21601010,True
1,PT08M52.00S,08:52,Q1 08:52,44.86666666666667,35,freethrow,Ariza Free Throw 1 of 2 (4 PTS),[],Ariza,10,8,Made,False,False,2772.0,,foul,freethrow,,,,1627742|1627826|201156|201583|201935|201976|203903|203944|203991|2772,201583|201935|201976|203991|2772,1627742|1627826|201156|203903|203944,,,1610612745.0,21601010,True
1,PT08M52.00S,08:52,Q1 08:52,44.86666666666667,37,freethrow,MISS Ariza Free Throw 2 of 2,[],Ariza,0,0,Missed,False,False,2772.0,,freethrow,rebound,,,,1627742|1627826|201156|201583|201935|201976|203903|203944|203991|2772,201583|201935|201976|203991|2772,1627742|1627826|201156|203903|203944,,,1610612745.0,21601010,True
1,PT08M52.00S,08:52,Q1 08:52,44.86666666666667,39,rebound,Randle REBOUND (Off:0 Def:3),[],Randle,0,0,,False,False,203944.0,,freethrow,turnover,,,,1627742|1627826|201156|201583|201935|201976|203903|203944|203991|2772,1627742|1627826|201156|203903|203944,201583|201935|201976|203991|2772,,,1610612747.0,21601010,True
1,PT08M36.00S,08:36,Q1 08:36,44.6,40,turnover,Ingram Out of Bounds - Bad Pass Turnover Turnover (P2.T3),[],Ingram,0,0,,False,False,1627742.0,,rebound,3pt missed,,,,1627742|1627826|201156|201583|201935|201976|203903|203944|203991|2772,1627742|1627826|201156|203903|203944,201583|201935|201976|203991|2772,,,1610612747.0,21601010,True
1,PT08M27.00S,08:27,Q1 08:27,44.45,42,3pt,MISS Beverley  3PT Jump Shot,[],Beverley,0,0,Missed,True,False,201976.0,,turnover,rebound,,,,1627742|1627826|201156|201583|201935|201976|203903|203944|203991|2772,201583|201935|201976|203991|2772,1627742|1627826|201156|203903|203944,228.0,46.0,1610612745.0,21601010,True
1,PT08M26.00S,08:26,Q1 08:26,44.43333333333334,43,rebound,Zubac REBOUND (Off:0 Def:1),[],Zubac,0,0,,False,False,1627826.0,,3pt missed,3pt missed,,,,1627742|1627826|201156|201583|201935|201976|203903|203944|203991|2772,1627742|1627826|201156|203903|203944,201583|201935|201976|203991|2772,,,1610612747.0,21601010,True
1,PT08M15.00S,08:15,Q1 08:15,44.25,44,3pt,MISS Randle 25' 3PT Jump Shot,[],Randle,0,0,Missed,True,False,203944.0,,rebound,rebound,,,,1627742|1627826|201156|201583|201935|201976|203903|203944|203991|2772,1627742|1627826|201156|203903|203944,201583|201935|201976|203991|2772,-107.0,224.0,1610612747.0,21601010,True
1,PT08M14.00S,08:14,Q1 08:14,44.233333333333334,45,rebound,Capela REBOUND (Off:0 Def:2),[],Capela,0,0,,False,False,203991.0,,3pt missed,2pt made,,,,1627742|1627826|201156|201583|201935|201976|203903|203944|203991|2772,201583|201935|201976|203991|2772,1627742|1627826|201156|203903|203944,,,1610612745.0,21601010,True
1,PT08M09.00S,08:09,Q1 08:09,44.15,46,2pt,Harden  Running Layup (6 PTS),['pointsinthepaint'],Harden,12,8,Made,True,False,201935.0,,rebound,3pt missed,,,,1627742|1627826|201156|201583|201935|201976|203903|203944|203991|2772,201583|201935|201976|203991|2772,1627742|1627826|201156|203903|203944,4.0,-1.0,1610612745.0,21601010,True
1,PT07M51.00S,07:51,Q1 07:51,43.85,47,3pt,MISS Clarkson 24' 3PT Jump Shot,[],Clarkson,0,0,Missed,True,False,203903.0,,2pt made,rebound,,,,1627742|1627826|201156|201583|201935|201976|203903|203944|203991|2772,1627742|1627826|201156|203903|203944,201583|201935|201976|203991|2772,-238.0,16.0,1610612747.0,21601010,True
1,PT07M49.00S,07:49,Q1 07:49,43.81666666666666,48,rebound,Harden REBOUND (Off:0 Def:1),[],Harden,0,0,,False,False,201935.0,,3pt missed,2pt made,,,,1627742|1627826|201156|201583|201935|201976|203903|203944|203991|2772,201583|201935|201976|203991|2772,1627742|1627826|201156|203903|203944,,,1610612745.0,21601010,True
1,PT07M40.00S,07:40,Q1 07:40,43.666666666666664,49,2pt,Capela 2' Cutting Layup Shot (4 PTS) (Harden 3 AST),['pointsinthepaint'],Capela,14,8,Made,True,True,203991.0,201935.0,rebound,2pt made,,,,1627742|1627826|201156|201583|201935|201976|203903|203944|203991|2772,201583|201935|201976|203991|2772,1627742|1627826|201156|203903|203944,-16.0,-6.0,1610612745.0,21601010,True
1,PT07M27.00S,07:27,Q1 07:27,43.45,50,2pt,Randle 1' Cutting Layup Shot (8 PTS) (Zubac 1 AST),['pointsinthepaint'],Randle,14,10,Made,True,True,203944.0,1627826.0,2pt made,foul,,,,1627742|1627826|201156|201583|201935|201976|203903|203944|203991|2772,1627742|1627826|201156|203903|203944,201583|201935|201976|203991|2772,1.0,-5.0,1610612747.0,21601010,True
1,PT07M20.00S,07:20,Q1 07:20,43.333333333333336,51,foul,Young P.FOUL (P1.T3) (S.Wall),[],Young,0,0,,False,False,201156.0,,2pt made,3pt missed,201935.0,,,1627742|1627826|201156|201583|201935|201976|203903|203944|203991|2772,1627742|1627826|201156|203903|203944,201583|201935|201976|203991|2772,,,1610612747.0,21601010,True
1,PT07M15.00S,07:15,Q1 07:15,43.25,53,3pt,MISS Harden 25' 3PT Jump Shot,[],Harden,0,0,Missed,True,False,201935.0,,foul,rebound,,,,1627742|1627826|201156|201583|201935|201976|203903|203944|203991|2772,201583|201935|201976|203991|2772,1627742|1627826|201156|203903|203944,-156.0,195.0,1610612745.0,21601010,True
1,PT07M14.00S,07:14,Q1 07:14,43.233333333333334,54,rebound,Capela REBOUND (Off:1 Def:2),[],Capela,0,0,,False,False,203991.0,,3pt missed,3pt missed,,,,1627742|1627826|201156|201583|201935|201976|203903|203944|203991|2772,201583|201935|201976|203991|2772,1627742|1627826|201156|203903|203944,,,1610612745.0,21601010,True
1,PT07M11.00S,07:11,Q1 07:11,43.18333333333334,55,3pt,MISS Ariza  3PT Jump Shot,[],Ariza,0,0,Missed,True,False,2772.0,,rebound,rebound,,,,1627742|1627826|201156|201583|201935|201976|203903|203944|203991|2772,201583|201935|201976|203991|2772,1627742|1627826|201156|203903|203944,-225.0,11.0,1610612745.0,21601010,True
1,PT07M10.00S,07:10,Q1 07:10,43.166666666666664,56,rebound,TEAM offensive REBOUND,['team'],,0,0,,False,False,0.0,,3pt missed,foul,,,,1627742|1627826|201156|201583|201935|201976|203903|203944|203991|2772,201583|201935|201976|203991|2772,1627742|1627826|201156|203903|203944,,,1610612745.0,21601010,True
1,PT07M05.00S,07:05,Q1 07:05,43.083333333333336,57,foul,Zubac S.FOUL (P2.T4) (M.Callahan),[],Zubac,0,0,,False,False,1627826.0,,rebound,freethrow,203991.0,,,1627742|1627826|201156|201583|201935|201976|203903|203944|203991|2772,1627742|1627826|201156|203903|203944,201583|201935|201976|203991|2772,,,1610612747.0,21601010,True
1,PT07M05.00S,07:05,Q1 07:05,43.083333333333336,58,freethrow,MISS Capela Free Throw 1 of 2,[],Capela,0,0,Missed,False,False,203991.0,,foul,rebound,,,,1627742|1627826|201156|201583|201935|201976|203903|203944|203991|2772,201583|201935|201976|203991|2772,1627742|1627826|201156|203903|203944,,,1610612745.0,21601010,True
1,PT07M05.00S,07:05,Q1 07:05,43.083333333333336,59,rebound,TEAM offensive REBOUND,['team'],,0,0,,False,False,0.0,,freethrow,freethrow,,,,1627742|1627826|201156|201583|201935|201976|203903|203944|203991|2772,201583|201935|201976|203991|2772,1627742|1627826|201156|203903|203944,,,1610612745.0,21601010,True
1,PT07M05.00S,07:05,Q1 07:05,43.083333333333336,61,freethrow,Capela Free Throw 2 of 2 (5 PTS),[],Capela,15,10,Made,False,False,203991.0,,rebound,substitution,,,,1627742|1627826|201156|201583|201935|201976|203903|203944|203991|2772,201583|201935|201976|203991|2772,1627742|1627826|201156|203903|203944,,,1610612745.0,21601010,True
1,PT07M05.00S,07:05,Q1 07:05,43.083333333333336,60,substitution,SUB out: I. Zubac,[],Zubac,0,0,,False,False,1627826.0,,freethrow,substitution,,,,1627742|201156|201583|201935|201976|203903|203944|203991|2772,1627742|201156|203903|203944,201583|201935|201976|203991|2772,,,1610612747.0,21601010,False
1,PT07M05.00S,07:05,Q1 07:05,43.083333333333336,61,substitution,SUB in: D. Russell,[],Russell,0,0,,False,False,1626156.0,,substitution,2pt made,,,,1626156|1627742|201156|201583|201935|201976|203903|203944|203991|2772,1626156|1627742|201156|203903|203944,201583|201935|201976|203991|2772,,,1610612747.0,21601010,True
1,PT06M54.00S,06:54,Q1 06:54,42.9,64,2pt,Randle 1' Driving Layup (10 PTS),['pointsinthepaint'],Randle,15,12,Made,True,False,203944.0,,substitution,foul,,,,1626156|1627742|201156|201583|201935|201976|203903|203944|203991|2772,1626156|1627742|201156|203903|203944,201583|201935|201976|203991|2772,-7.0,-1.0,1610612747.0,21601010,True
1,PT06M54.00S,06:54,Q1 06:54,42.9,65,foul,Capela S.FOUL (P1.T2) (M.Callahan),[],Capela,0,0,,False,False,203991.0,,2pt made,freethrow,203944.0,,,1626156|1627742|201156|201583|201935|201976|203903|203944|203991|2772,201583|201935|201976|203991|2772,1626156|1627742|201156|203903|203944,,,1610612745.0,21601010,True
1,PT06M54.00S,06:54,Q1 06:54,42.9,66,freethrow,Randle Free Throw 1 of 1 (11 PTS),[],Randle,15,13,Made,False,False,203944.0,,foul,2pt made,,,,1626156|1627742|201156|201583|201935|201976|203903|203944|203991|2772,1626156|1627742|201156|203903|203944,201583|201935|201976|203991|2772,,,1610612747.0,21601010,True
1,PT06M37.00S,06:37,Q1 06:37,42.61666666666667,68,2pt,Capela  Reverse Layup (7 PTS) (Harden 4 AST),['pointsinthepaint'],Capela,17,13,Made,True,True,203991.0,201935.0,freethrow,turnover,,,,1626156|1627742|201156|201583|201935|201976|203903|203944|203991|2772,201583|201935|201976|203991|2772,1626156|1627742|201156|203903|203944,1.0,-1.0,1610612745.0,21601010,True
1,PT06M25.00S,06:25,Q1 06:25,42.416666666666664,69,turnover,Russell Bad Pass Turnover (P1.T4),[],Russell,0,0,,False,False,1626156.0,,2pt made,steal,,,,1626156|1627742|201156|201583|201935|201976|203903|203944|203991|2772,1626156|1627742|201156|203903|203944,201583|201935|201976|203991|2772,,,1610612747.0,21601010,True
1,PT06M25.00S,06:25,Q1 06:25,42.416666666666664,69,steal,Harden STEAL (1 STL),[],Harden,0,0,,False,False,201935.0,,turnover,2pt made,,201935.0,,1626156|1627742|201156|201583|201935|201976|203903|203944|203991|2772,201583|201935|201976|203991|2772,1626156|1627742|201156|203903|203944,,,1610612745.0,21601010,True
1,PT06M19.00S,06:19,Q1 06:19,42.31666666666666,70,2pt,Ariza 1' Reverse Layup (6 PTS) (Harden 5 AST),['pointsinthepaint'],Ariza,19,13,Made,True,True,2772.0,201935.0,steal,timeout,,,,1626156|1627742|201156|201583|201935|201976|203903|203944|203991|2772,201583|201935|201976|203991|2772,1626156|1627742|201156|203903|203944,-7.0,-6.0,1610612745.0,21601010,True
1,PT06M19.00S,06:19,Q1 06:19,42.31666666666666,71,timeout,Lakers Timeout: Regular (Reg.1 Short 0),[],,0,0,,False,False,0.0,,2pt made,substitution,,,,1626156|1627742|201156|201583|201935|201976|203903|203944|203991|2772,1626156|1627742|201156|203903|203944,201583|201935|201976|203991|2772,,,1610612747.0,21601010,True
1,PT06M19.00S,06:19,Q1 06:19,42.31666666666666,73,substitution,SUB out: P. Beverley,[],Beverley,0,0,,False,False,201976.0,,timeout,substitution,,,,1626156|1627742|201156|201583|201935|203903|203944|203991|2772,201583|201935|203991|2772,1626156|1627742|201156|203903|203944,,,1610612745.0,21601010,False
1,PT06M19.00S,06:19,Q1 06:19,42.31666666666666,74,substitution,SUB out: N. Young,[],Young,0,0,,False,False,201156.0,,substitution,substitution,,,,1626156|1627742|201583|201935|203903|203944|203991|2772,1626156|1627742|203903|203944,201583|201935|203991|2772,,,1610612747.0,21601010,False
1,PT06M19.00S,06:19,Q1 06:19,42.31666666666666,75,substitution,SUB in: E. Gordon,[],Gordon,0,0,,False,False,201569.0,,substitution,substitution,,,,1626156|1627742|201569|201583|201935|203903|203944|203991|2772,201569|201583|201935|203991|2772,1626156|1627742|203903|203944,,,1610612745.0,21601010,False
1,PT06M19.00S,06:19,Q1 06:19,42.31666666666666,76,substitution,SUB in: C. Brewer,[],Brewer,0,0,,False,False,201147.0,,substitution,2pt missed,,,,1626156|1627742|201147|201569|201583|201935|203903|203944|203991|2772,1626156|1627742|201147|203903|203944,201569|201583|201935|203991|2772,,,1610612747.0,21601010,True
1,PT06M02.00S,06:02,Q1 06:02,42.03333333333333,75,2pt,MISS Randle 2' Layup,['pointsinthepaint'],Randle,0,0,Missed,True,False,203944.0,,substitution,rebound,,,,1626156|1627742|201147|201569|201583|201935|203903|203944|203991|2772,1626156|1627742|201147|203903|203944,201569|201583|201935|203991|2772,22.0,11.0,1610612747.0,21601010,True
1,PT06M01.00S,06:01,Q1 06:01,42.016666666666666,76,rebound,Harden REBOUND (Off:0 Def:2),[],Harden,0,0,,False,False,201935.0,,2pt missed,2pt made,,,,1626156|1627742|201147|201569|201583|201935|203903|203944|203991|2772,201569|201583|201935|203991|2772,1626156|1627742|201147|203903|203944,,,1610612745.0,21601010,True
1,PT05M56.00S,05:56,Q1 05:56,41.93333333333334,77,2pt,Capela  Cutting Dunk Shot (9 PTS) (Harden 6 AST),['pointsinthepaint'],Capela,21,13,Made,True,True,203991.0,201935.0,rebound,2pt made,,,,1626156|1627742|201147|201569|201583|201935|203903|203944|203991|2772,201569|201583|201935|203991|2772,1626156|1627742|201147|203903|203944,0.0,1.0,1610612745.0,21601010,True
1,PT05M37.00S,05:37,Q1 05:37,41.61666666666667,78,2pt,Ingram 16' Pullup Jump Shot (4 PTS),[],Ingram,21,15,Made,True,False,1627742.0,,2pt made,3pt made,,,,1626156|1627742|201147|201569|201583|201935|203903|203944|203991|2772,1626156|1627742|201147|203903|203944,201569|201583|201935|203991|2772,102.0,129.0,1610612747.0,21601010,True
1,PT05M11.00S,05:11,Q1 05:11,41.18333333333334,79,3pt,Harden 25' 3PT Step Back Jump Shot (9 PTS),[],Harden,24,15,Made,True,False,201935.0,,2pt made,2pt missed,,,,1626156|1627742|201147|201569|201583|201935|203903|203944|203991|2772,201569|201583|201935|203991|2772,1626156|1627742|201147|203903|203944,60.0,242.0,1610612745.0,21601010,True
1,PT04M57.00S,04:57,Q1 04:57,40.95,80,2pt,MISS Clarkson 20' Pullup Jump Shot,[],Clarkson,0,0,Missed,True,False,203903.0,,3pt made,rebound,,,,1626156|1627742|201147|201569|201583|201935|203903|203944|203991|2772,1626156|1627742|201147|203903|203944,201569|201583|201935|203991|2772,-4.0,198.0,1610612747.0,21601010,True
1,PT04M56.00S,04:56,Q1 04:56,40.93333333333334,81,rebound,Capela REBOUND (Off:1 Def:3),[],Capela,0,0,,False,False,203991.0,,2pt missed,foul,,,,1626156|1627742|201147|201569|201583|201935|203903|203944|203991|2772,201569|201583|201935|203991|2772,1626156|1627742|201147|203903|203944,,,1610612745.0,21601010,True
1,PT04M50.00S,04:50,Q1 04:50,40.833333333333336,82,foul,Russell S.FOUL (P1.PN) (S.Wall),['inpenalty'],Russell,0,0,,False,False,1626156.0,,rebound,freethrow,201935.0,,,1626156|1627742|201147|201569|201583|201935|203903|203944|203991|2772,1626156|1627742|201147|203903|203944,201569|201583|201935|203991|2772,,,1610612747.0,21601010,True
1,PT04M50.00S,04:50,Q1 04:50,40.833333333333336,83,freethrow,Harden Free Throw 1 of 2 (10 PTS),[],Harden,25,15,Made,False,False,201935.0,,foul,freethrow,,,,1626156|1627742|201147|201569|201583|201935|203903|203944|203991|2772,201569|201583|201935|203991|2772,1626156|1627742|201147|203903|203944,,,1610612745.0,21601010,True
1,PT04M50.00S,04:50,Q1 04:50,40.833333333333336,88,freethrow,MISS Harden Free Throw 2 of 2,[],Harden,0,0,Missed,False,False,201935.0,,freethrow,rebound,,,,1626156|1627742|201147|201569|201583|201935|203903|203944|203991|2772,201569|201583|201935|203991|2772,1626156|1627742|201147|203903|203944,,,1610612745.0,21601010,True
1,PT04M50.00S,04:50,Q1 04:50,40.833333333333336,90,rebound,Ingram REBOUND (Off:0 Def:2),[],Ingram,0,0,,False,False,1627742.0,,freethrow,substitution,,,,1626156|1627742|201147|201569|201583|201935|203903|203944|203991|2772,1626156|1627742|201147|203903|203944,201569|201583|201935|203991|2772,,,1610612747.0,21601010,True
1,PT04M50.00S,04:50,Q1 04:50,40.833333333333336,85,substitution,SUB: Nene FOR Capela,[],Capela,0,0,,False,False,203991.0,,substitution,substitution,,,,1626156|1627742|201147|201569|201583|201935|203903|203944|2403|2772,201569|201583|201935|2403|2772,1626156|1627742|201147|203903|203944,,,1610612745.0,21601010,True
1,PT04M50.00S,04:50,Q1 04:50,40.833333333333336,86,substitution,SUB out: R. Anderson,[],Anderson,0,0,,False,False,201583.0,,substitution,substitution,,,,1626156|1627742|201147|201569|201935|203903|203944|2403|2772,201569|201935|2403|2772,1626156|1627742|201147|203903|203944,,,1610612745.0,21601010,False
1,PT04M50.00S,04:50,Q1 04:50,40.833333333333336,87,substitution,SUB out: J. Randle,[],Randle,0,0,,False,False,203944.0,,substitution,substitution,,,,1626156|1627742|201147|201569|201935|203903|2403|2772,1626156|1627742|201147|203903,201569|201935|2403|2772,,,1610612747.0,21601010,False
1,PT04M50.00S,04:50,Q1 04:50,40.833333333333336,89,substitution,SUB in: L. Williams,[],Williams,0,0,,False,False,101150.0,,substitution,substitution,,,,101150|1626156|1627742|201147|201569|201935|203903|2403|2772,101150|201569|201935|2403|2772,1626156|1627742|201147|203903,,,1610612745.0,21601010,False
1,PT04M50.00S,04:50,Q1 04:50,40.833333333333336,90,substitution,SUB in: L. Nance Jr.,[],Nance Jr.,0,0,,False,False,1626204.0,,substitution,turnover,,,,101150|1626156|1626204|1627742|201147|201569|201935|203903|2403|2772,1626156|1626204|1627742|201147|203903,101150|201569|201935|2403|2772,,,1610612747.0,21601010,True
1,PT04M38.00S,04:38,Q1 04:38,40.63333333333333,92,turnover,Russell Bad Pass Turnover (P2.T5),[],Russell,0,0,,False,False,1626156.0,,substitution,steal,,,,101150|1626156|1626204|1627742|201147|201569|201935|203903|2403|2772,1626156|1626204|1627742|201147|203903,101150|201569|201935|2403|2772,,,1610612747.0,21601010,True
1,PT04M38.00S,04:38,Q1 04:38,40.63333333333333,92,steal,Ariza STEAL (2 STL),[],Ariza,0,0,,False,False,2772.0,,turnover,2pt missed,,2772.0,,101150|1626156|1626204|1627742|201147|201569|201935|203903|2403|2772,101150|201569|201935|2403|2772,1626156|1626204|1627742|201147|203903,,,1610612745.0,21601010,True
1,PT04M30.00S,04:30,Q1 04:30,40.5,93,2pt,MISS Nene 1' Layup,['pointsinthepaint'],Hilario,0,0,Missed,True,False,2403.0,,steal,rebound,,,,101150|1626156|1626204|1627742|201147|201569|201935|203903|2403|2772,101150|201569|201935|2403|2772,1626156|1626204|1627742|201147|203903,4.0,11.0,1610612745.0,21601010,True
1,PT04M30.00S,04:30,Q1 04:30,40.5,94,rebound,Harden REBOUND (Off:1 Def:2),[],Harden,0,0,,False,False,201935.0,,2pt missed,2pt missed,,,,101150|1626156|1626204|1627742|201147|201569|201935|203903|2403|2772,101150|201569|201935|2403|2772,1626156|1626204|1627742|201147|203903,,,1610612745.0,21601010,True
1,PT04M21.00S,04:21,Q1 04:21,40.35,95,2pt,MISS Harden 21' Step Back Jump Shot,[],Harden,0,0,Missed,True,False,201935.0,,rebound,rebound,,,,101150|1626156|1626204|1627742|201147|201569|201935|203903|2403|2772,101150|201569|201935|2403|2772,1626156|1626204|1627742|201147|203903,-197.0,80.0,1610612745.0,21601010,True
1,PT04M20.00S,04:20,Q1 04:20,40.333333333333336,96,rebound,Clarkson REBOUND (Off:0 Def:1),[],Clarkson,0,0,,False,False,203903.0,,2pt missed,foul,,,,101150|1626156|1626204|1627742|201147|201569|201935|203903|2403|2772,1626156|1626204|1627742|201147|203903,101150|201569|201935|2403|2772,,,1610612747.0,21601010,True
1,PT04M15.00S,04:15,Q1 04:15,40.25,97,foul,Nance Jr. OFF.Foul (P1) (K.Scott),['inpenalty'],Nance Jr.,0,0,,False,False,1626204.0,,rebound,turnover,201569.0,,,101150|1626156|1626204|1627742|201147|201569|201935|203903|2403|2772,1626156|1626204|1627742|201147|203903,101150|201569|201935|2403|2772,,,1610612747.0,21601010,True
1,PT04M15.00S,04:15,Q1 04:15,40.25,98,turnover,Nance Jr. Foul Turnover (P1.T6),[],Nance Jr.,0,0,,False,False,1626204.0,,foul,2pt made,,,,101150|1626156|1626204|1627742|201147|201569|201935|203903|2403|2772,1626156|1626204|1627742|201147|203903,101150|201569|201935|2403|2772,,,1610612747.0,21601010,True
1,PT04M03.00S,04:03,Q1 04:03,40.05,100,2pt,Gordon 1' Driving Layup (2 PTS),['pointsinthepaint'],Gordon,27,15,Made,True,False,201569.0,,turnover,2pt made,,,,101150|1626156|1626204|1627742|201147|201569|201935|203903|2403|2772,101150|201569|201935|2403|2772,1626156|1626204|1627742|201147|203903,-11.0,-6.0,1610612745.0,21601010,True
1,PT03M53.00S,03:53,Q1 03:53,39.88333333333333,101,2pt,Clarkson 1' Driving Reverse Layup (2 PTS),['pointsinthepaint'],Clarkson,27,17,Made,True,False,203903.0,,2pt made,2pt missed,,,,101150|1626156|1626204|1627742|201147|201569|201935|203903|2403|2772,1626156|1626204|1627742|201147|203903,101150|201569|201935|2403|2772,-1.0,7.0,1610612747.0,21601010,True
1,PT03M44.00S,03:44,Q1 03:44,39.733333333333334,102,2pt,MISS Gordon  Driving Layup,['pointsinthepaint'],Gordon,0,0,Missed,True,False,201569.0,,2pt made,rebound,,,,101150|1626156|1626204|1627742|201147|201569|201935|203903|2403|2772,101150|201569|201935|2403|2772,1626156|1626204|1627742|201147|203903,-1.0,-1.0,1610612745.0,21601010,True
1,PT03M43.00S,03:43,Q1 03:43,39.71666666666667,103,rebound,Russell REBOUND (Off:0 Def:1),[],Russell,0,0,,False,False,1626156.0,,2pt missed,3pt missed,,,,101150|1626156|1626204|1627742|201147|201569|201935|203903|2403|2772,1626156|1626204|1627742|201147|203903,101150|201569|201935|2403|2772,,,1610612747.0,21601010,True
1,PT03M36.00S,03:36,Q1 03:36,39.6,104,3pt,MISS Russell 24' 3PT Jump Shot,[],Russell,0,0,Missed,True,False,1626156.0,,rebound,rebound,,,,101150|1626156|1626204|1627742|201147|201569|201935|203903|2403|2772,1626156|1626204|1627742|201147|203903,101150|201569|201935|2403|2772,32.0,242.0,1610612747.0,21601010,True
1,PT03M36.00S,03:36,Q1 03:36,39.6,105,rebound,Harden REBOUND (Off:1 Def:3),[],Harden,0,0,,False,False,201935.0,,3pt missed,turnover,,,,101150|1626156|1626204|1627742|201147|201569|201935|203903|2403|2772,101150|201569|201935|2403|2772,1626156|1626204|1627742|201147|203903,,,1610612745.0,21601010,True
1,PT03M29.00S,03:29,Q1 03:29,39.483333333333334,106,turnover,Harden Bad Pass Turnover (P1.T2),[],Harden,0,0,,False,False,201935.0,,rebound,steal,,,,101150|1626156|1626204|1627742|201147|201569|201935|203903|2403|2772,101150|201569|201935|2403|2772,1626156|1626204|1627742|201147|203903,,,1610612745.0,21601010,True
1,PT03M29.00S,03:29,Q1 03:29,39.483333333333334,106,steal,Nance Jr. STEAL (1 STL),[],Nance Jr.,0,0,,False,False,1626204.0,,turnover,2pt made,,1626204.0,,101150|1626156|1626204|1627742|201147|201569|201935|203903|2403|2772,1626156|1626204|1627742|201147|203903,101150|201569|201935|2403|2772,,,1610612747.0,21601010,True
1,PT03M24.00S,03:24,Q1 03:24,39.4,107,2pt,Nance Jr.  Dunk (2 PTS) (Russell 1 AST),['pointsinthepaint'],Nance Jr.,27,19,Made,True,True,1626204.0,1626156.0,steal,3pt missed,,,,101150|1626156|1626204|1627742|201147|201569|201935|203903|2403|2772,1626156|1626204|1627742|201147|203903,101150|201569|201935|2403|2772,0.0,1.0,1610612747.0,21601010,True
1,PT03M10.00S,03:10,Q1 03:10,39.166666666666664,108,3pt,MISS Gordon 24' 3PT Jump Shot,[],Gordon,0,0,Missed,True,False,201569.0,,2pt made,rebound,,,,101150|1626156|1626204|1627742|201147|201569|201935|203903|2403|2772,101150|201569|201935|2403|2772,1626156|1626204|1627742|201147|203903,99.0,223.0,1610612745.0,21601010,True
1,PT03M09.00S,03:09,Q1 03:09,39.15,109,rebound,Brewer REBOUND (Off:0 Def:1),[],Brewer,0,0,,False,False,201147.0,,3pt missed,turnover,,,,101150|1626156|1626204|1627742|201147|201569|201935|203903|2403|2772,1626156|1626204|1627742|201147|203903,101150|201569|201935|2403|2772,,,1610612747.0,21601010,True
1,PT03M05.00S,03:05,Q1 03:05,39.083333333333336,110,turnover,Brewer Lost Ball Turnover (P1.T7),[],Brewer,0,0,,False,False,201147.0,,rebound,steal,,,,101150|1626156|1626204|1627742|201147|201569|201935|203903|2403|2772,1626156|1626204|1627742|201147|203903,101150|201569|201935|2403|2772,,,1610612747.0,21601010,True
1,PT03M05.00S,03:05,Q1 03:05,39.083333333333336,110,steal,Harden STEAL (2 STL),[],Harden,0,0,,False,False,201935.0,,turnover,2pt made,,201935.0,,101150|1626156|1626204|1627742|201147|201569|201935|203903|2403|2772,101150|201569|201935|2403|2772,1626156|1626204|1627742|201147|203903,,,1610612745.0,21601010,True
1,PT02M59.00S,02:59,Q1 02:59,38.983333333333334,111,2pt,Ariza  Layup (8 PTS) (Harden 7 AST),['pointsinthepaint'],Ariza,29,19,Made,True,True,2772.0,201935.0,steal,turnover,,,,101150|1626156|1626204|1627742|201147|201569|201935|203903|2403|2772,101150|201569|201935|2403|2772,1626156|1626204|1627742|201147|203903,-4.0,-1.0,1610612745.0,21601010,True
1,PT02M42.00S,02:42,Q1 02:42,38.7,112,turnover,Ingram Bad Pass Turnover (P3.T8),[],Ingram,0,0,,False,False,1627742.0,,2pt made,steal,,,,101150|1626156|1626204|1627742|201147|201569|201935|203903|2403|2772,1626156|1626204|1627742|201147|203903,101150|201569|201935|2403|2772,,,1610612747.0,21601010,True
1,PT02M42.00S,02:42,Q1 02:42,38.7,112,steal,Williams STEAL (1 STL),[],Williams,0,0,,False,False,101150.0,,turnover,turnover,,101150.0,,101150|1626156|1626204|1627742|201147|201569|201935|203903|2403|2772,101150|201569|201935|2403|2772,1626156|1626204|1627742|201147|203903,,,1610612745.0,21601010,True
1,PT02M34.00S,02:34,Q1 02:34,38.56666666666666,113,turnover,Williams Bad Pass Turnover (P1.T3),[],Williams,0,0,,False,False,101150.0,,steal,steal,,,,101150|1626156|1626204|1627742|201147|201569|201935|203903|2403|2772,101150|201569|201935|2403|2772,1626156|1626204|1627742|201147|203903,,,1610612745.0,21601010,True
1,PT02M34.00S,02:34,Q1 02:34,38.56666666666666,113,steal,Russell STEAL (1 STL),[],Russell,0,0,,False,False,1626156.0,,turnover,2pt made,,1626156.0,,101150|1626156|1626204|1627742|201147|201569|201935|203903|2403|2772,1626156|1626204|1627742|201147|203903,101150|201569|201935|2403|2772,,,1610612747.0,21601010,True
1,PT02M28.00S,02:28,Q1 02:28,38.46666666666667,114,2pt,Ingram  Running Alley Oop Dunk Shot (6 PTS) (Brewer 1 AST),['pointsinthepaint'],Ingram,29,21,Made,True,True,1627742.0,201147.0,steal,2pt made,,,,101150|1626156|1626204|1627742|201147|201569|201935|203903|2403|2772,1626156|1626204|1627742|201147|203903,101150|201569|201935|2403|2772,0.0,1.0,1610612747.0,21601010,True
1,PT02M06.00S,02:06,Q1 02:06,38.1,116,2pt,Williams 16' Jump Shot (2 PTS),[],Williams,31,21,Made,True,False,101150.0,,2pt made,turnover,,,,101150|1626156|1626204|1627742|201147|201569|201935|203903|2403|2772,101150|201569|201935|2403|2772,1626156|1626204|1627742|201147|203903,112.0,120.0,1610612745.0,21601010,True
1,PT01M51.00S,01:51,Q1 01:51,37.85,117,turnover,Russell Bad Pass Turnover (P3.T9),[],Russell,0,0,,False,False,1626156.0,,2pt made,steal,,,,101150|1626156|1626204|1627742|201147|201569|201935|203903|2403|2772,1626156|1626204|1627742|201147|203903,101150|201569|201935|2403|2772,,,1610612747.0,21601010,True
1,PT01M51.00S,01:51,Q1 01:51,37.85,117,steal,Ariza STEAL (3 STL),[],Ariza,0,0,,False,False,2772.0,,turnover,2pt made,,2772.0,,101150|1626156|1626204|1627742|201147|201569|201935|203903|2403|2772,101150|201569|201935|2403|2772,1626156|1626204|1627742|201147|203903,,,1610612745.0,21601010,True
1,PT01M45.00S,01:45,Q1 01:45,37.75,118,2pt,Harden 2' Cutting Layup Shot (12 PTS) (Ariza 1 AST),['pointsinthepaint'],Harden,33,21,Made,True,True,201935.0,2772.0,steal,timeout,,,,101150|1626156|1626204|1627742|201147|201569|201935|203903|2403|2772,101150|201569|201935|2403|2772,1626156|1626204|1627742|201147|203903,-4.0,-16.0,1610612745.0,21601010,True
1,PT01M45.00S,01:45,Q1 01:45,37.75,119,timeout,Lakers Timeout: Short (Reg.1 Short 1),[],,0,0,,False,False,0.0,,2pt made,timeout,,,,101150|1626156|1626204|1627742|201147|201569|201935|203903|2403|2772,1626156|1626204|1627742|201147|203903,101150|201569|201935|2403|2772,,,1610612747.0,21601010,True
1,PT01M45.00S,01:45,Q1 01:45,37.75,121,timeout,ROCKETS Timeout: Regular (Full 1 Short 0),[],,0,0,,False,False,0.0,,timeout,substitution,,,,101150|1626156|1626204|1627742|201147|201569|201935|203903|2403|2772,101150|201569|201935|2403|2772,1626156|1626204|1627742|201147|203903,,,1610612745.0,21601010,True
1,PT01M45.00S,01:45,Q1 01:45,37.75,122,substitution,SUB out: T. Ariza,[],Ariza,0,0,,False,False,2772.0,,timeout,substitution,,,,101150|1626156|1626204|1627742|201147|201569|201935|203903|2403,101150|201569|201935|2403,1626156|1626204|1627742|201147|203903,,,1610612745.0,21601010,False
1,PT01M45.00S,01:45,Q1 01:45,37.75,123,substitution,SUB in: S. Dekker,[],Dekker,0,0,,False,False,1626155.0,,substitution,3pt missed,,,,101150|1626155|1626156|1626204|1627742|201147|201569|201935|203903|2403,101150|1626155|201569|201935|2403,1626156|1626204|1627742|201147|203903,,,1610612745.0,21601010,True
1,PT01M26.00S,01:26,Q1 01:26,37.43333333333333,124,3pt,MISS Clarkson 25' 3PT Jump Shot,[],Clarkson,0,0,Missed,True,False,203903.0,,substitution,rebound,,,,101150|1626155|1626156|1626204|1627742|201147|201569|201935|203903|2403,1626156|1626204|1627742|201147|203903,101150|1626155|201569|201935|2403,164.0,188.0,1610612747.0,21601010,True
1,PT01M24.00S,01:24,Q1 01:24,37.4,125,rebound,Nance Jr. REBOUND (Off:1 Def:0),[],Nance Jr.,0,0,,False,False,1626204.0,,3pt missed,foul,,,,101150|1626155|1626156|1626204|1627742|201147|201569|201935|203903|2403,1626156|1626204|1627742|201147|203903,101150|1626155|201569|201935|2403,,,1610612747.0,21601010,True
1,PT01M19.00S,01:19,Q1 01:19,37.31666666666667,126,foul,Harden P.FOUL (P2.T3) (S.Wall),[],Harden,0,0,,False,False,201935.0,,rebound,2pt missed,1626156.0,,,101150|1626155|1626156|1626204|1627742|201147|201569|201935|203903|2403,101150|1626155|201569|201935|2403,1626156|1626204|1627742|201147|203903,,,1610612745.0,21601010,True
1,PT01M11.00S,01:11,Q1 01:11,37.18333333333333,127,2pt,MISS Russell 2' Driving Layup,['pointsinthepaint'],Russell,0,0,Missed,True,False,1626156.0,,foul,2pt made,,,,101150|1626155|1626156|1626204|1627742|201147|201569|201935|203903|2403,1626156|1626204|1627742|201147|203903,101150|1626155|201569|201935|2403,-17.0,0.0,1610612747.0,21601010,True
1,PT01M10.00S,01:10,Q1 01:10,37.166666666666664,128,2pt,Nance Jr. 1' Putback Layup (4 PTS),['pointsinthepaint'],Nance Jr.,33,23,Made,True,False,1626204.0,,2pt missed,rebound,,,,101150|1626155|1626156|1626204|1627742|201147|201569|201935|203903|2403,1626156|1626204|1627742|201147|203903,101150|1626155|201569|201935|2403,-14.0,2.0,1610612747.0,21601010,True
1,PT01M10.00S,01:10,Q1 01:10,37.166666666666664,129,rebound,Nance Jr. REBOUND (Off:2 Def:0),[],Nance Jr.,0,0,,False,False,1626204.0,,2pt made,2pt made,,,,101150|1626155|1626156|1626204|1627742|201147|201569|201935|203903|2403,1626156|1626204|1627742|201147|203903,101150|1626155|201569|201935|2403,,,1610612747.0,21601010,True
1,PT00M55.00S,00:55,Q1 00:55,36.916666666666664,130,2pt,Nene  Cutting Dunk Shot (2 PTS) (Williams 1 AST),['pointsinthepaint'],Hilario,35,23,Made,True,True,2403.0,101150.0,rebound,2pt missed,,,,101150|1626155|1626156|1626204|1627742|201147|201569|201935|203903|2403,101150|1626155|201569|201935|2403,1626156|1626204|1627742|201147|203903,0.0,1.0,1610612745.0,21601010,True
1,PT00M44.90S,00:44,Q1 00:44,36.748333333333335,131,2pt,MISS Clarkson 1' Driving Layup,['pointsinthepaint'],Clarkson,0,0,Missed,True,False,203903.0,,2pt made,rebound,,,,101150|1626155|1626156|1626204|1627742|201147|201569|201935|203903|2403,1626156|1626204|1627742|201147|203903,101150|1626155|201569|201935|2403,1.0,-6.0,1610612747.0,21601010,True
1,PT00M43.90S,00:43,Q1 00:43,36.73166666666667,132,rebound,Harden REBOUND (Off:1 Def:4),[],Harden,0,0,,False,False,201935.0,,2pt missed,3pt missed,,,,101150|1626155|1626156|1626204|1627742|201147|201569|201935|203903|2403,101150|1626155|201569|201935|2403,1626156|1626204|1627742|201147|203903,,,1610612745.0,21601010,True
1,PT00M37.50S,00:37,Q1 00:37,36.625,133,3pt,MISS Gordon 25' 3PT Jump Shot,[],Gordon,0,0,Missed,True,False,201569.0,,rebound,rebound,,,,101150|1626155|1626156|1626204|1627742|201147|201569|201935|203903|2403,101150|1626155|201569|201935|2403,1626156|1626204|1627742|201147|203903,132.0,210.0,1610612745.0,21601010,True
1,PT00M36.70S,00:36,Q1 00:36,36.611666666666665,134,rebound,Dekker REBOUND (Off:1 Def:0),[],Dekker,0,0,,False,False,1626155.0,,3pt missed,2pt made,,,,101150|1626155|1626156|1626204|1627742|201147|201569|201935|203903|2403,101150|1626155|201569|201935|2403,1626156|1626204|1627742|201147|203903,,,1610612745.0,21601010,True
1,PT00M30.80S,00:30,Q1 00:30,36.513333333333335,135,2pt,Nene 1' Layup (4 PTS) (Harden 8 AST),['pointsinthepaint'],Hilario,37,23,Made,True,True,2403.0,201935.0,rebound,2pt made,,,,101150|1626155|1626156|1626204|1627742|201147|201569|201935|203903|2403,101150|1626155|201569|201935|2403,1626156|1626204|1627742|201147|203903,-7.0,-11.0,1610612745.0,21601010,True
1,PT00M08.80S,00:08,Q1 00:08,36.14666666666667,136,2pt,Clarkson 8' Floating Jump Shot (4 PTS),['pointsinthepaint'],Clarkson,37,25,Made,True,False,203903.0,,2pt made,foul,,,,101150|1626155|1626156|1626204|1627742|201147|201569|201935|203903|2403,1626156|1626204|1627742|201147|203903,101150|1626155|201569|201935|2403,-24.0,80.0,1610612747.0,21601010,True
1,PT00M08.80S,00:08,Q1 00:08,36.14666666666667,137,foul,Nene S.FOUL (P1.PN) (S.Wall),[],Hilario,0,0,,False,False,2403.0,,2pt made,freethrow,203903.0,,,101150|1626155|1626156|1626204|1627742|201147|201569|201935|203903|2403,101150|1626155|201569|201935|2403,1626156|1626204|1627742|201147|203903,,,1610612745.0,21601010,True
1,PT00M08.80S,00:08,Q1 00:08,36.14666666666667,138,freethrow,Clarkson Free Throw 1 of 1 (5 PTS),[],Clarkson,37,26,Made,False,False,203903.0,,foul,3pt missed,,,,101150|1626155|1626156|1626204|1627742|201147|201569|201935|203903|2403,1626156|1626204|1627742|201147|203903,101150|1626155|201569|201935|2403,,,1610612747.0,21601010,True
1,PT00M00.00S,00:00,Q1 00:00,36.0,140,3pt,MISS Harden 25' 3PT Jump Shot,[],Harden,0,0,Missed,True,False,201935.0,,freethrow,rebound,,,,101150|1626155|1626156|1626204|1627742|201147|201569|201935|203903|2403,101150|1626155|201569|201935|2403,1626156|1626204|1627742|201147|203903,9.0,249.0,1610612745.0,21601010,True
1,PT00M00.00S,00:00,Q1 00:00,36.0,141,rebound,TEAM offensive REBOUND,['team'],,0,0,,False,False,0.0,,3pt missed,period,,,,101150|1626155|1626156|1626204|1627742|201147|201569|201935|203903|2403,101150|1626155|201569|201935|2403,1626156|1626204|1627742|201147|203903,,,1610612745.0,21601010,True
1,PT00M00.00S,00:00,Q1 00:00,36.0,143,period,End of 1st Period (8:35 PM EST),[],,37,26,,False,False,0.0,,rebound,period,,,,101150|1626155|1626156|1626204|1627742|201147|201569|201935|203903|2403,101150|1626155|201569|201935|2403,1626156|1626204|1627742|201147|203903,,,1610612745.0,21601010,True
2,PT12M00.00S,12:00,Q2 12:00,36.0,145,period,Start of 2nd Period (8:38 PM EST),[],,37,26,,False,False,0.0,,period,substitution,,,,101150|1626155|1626156|1626204|1627742|201147|201569|201935|203903|2403,101150|1626155|201569|201935|2403,1626156|1626204|1627742|201147|203903,,,1610612745.0,21601010,True
2,PT11M51.00S,11:51,Q2 11:51,35.85,146,3pt,MISS Russell 24' 3PT Jump Shot,[],Russell,0,0,Missed,True,False,1626156.0,,substitution,rebound,,,,101150|1626155|1626156|1626204|201147|201156|201569|201976|203898|2403,1626156|1626204|201147|201156|203898,101150|1626155|201569|201976|2403,112.0,213.0,1610612747.0,21601010,True
2,PT11M49.00S,11:49,Q2 11:49,35.81666666666666,147,rebound,Gordon REBOUND (Off:0 Def:1),[],Gordon,0,0,,False,False,201569.0,,3pt missed,2pt made,,,,101150|1626155|1626156|1626204|201147|201156|201569|201976|203898|2403,101150|1626155|201569|201976|2403,1626156|1626204|201147|201156|203898,,,1610612745.0,21601010,True
2,PT11M43.00S,11:43,Q2 11:43,35.71666666666667,148,2pt,Williams 6' Jump Shot (4 PTS) (Gordon 1 AST),['pointsinthepaint'],Williams,39,26,Made,True,True,101150.0,201569.0,rebound,foul,,,,101150|1626155|1626156|1626204|201147|201156|201569|201976|203898|2403,101150|1626155|201569|201976|2403,1626156|1626204|201147|201156|203898,55.0,18.0,1610612745.0,21601010,True
2,PT11M43.00S,11:43,Q2 11:43,35.71666666666667,149,foul,Ennis S.FOUL (P1.T1) (S.Wall),[],Ennis,0,0,,False,False,203898.0,,2pt made,freethrow,101150.0,,,101150|1626155|1626156|1626204|201147|201156|201569|201976|203898|2403,1626156|1626204|201147|201156|203898,101150|1626155|201569|201976|2403,,,1610612747.0,21601010,True
2,PT11M43.00S,11:43,Q2 11:43,35.71666666666667,150,freethrow,Williams Free Throw 1 of 1 (5 PTS),[],Williams,40,26,Made,False,False,101150.0,,foul,2pt made,,,,101150|1626155|1626156|1626204|201147|201156|201569|201976|203898|2403,101150|1626155|201569|201976|2403,1626156|1626204|201147|201156|203898,,,1610612745.0,21601010,True
2,PT11M33.00S,11:33,Q2 11:33,35.55,152,2pt,Russell 19' Pullup Jump Shot (2 PTS),[],Russell,40,28,Made,True,False,1626156.0,,freethrow,turnover,,,,101150|1626155|1626156|1626204|201147|201156|201569|201976|203898|2403,1626156|1626204|201147|201156|203898,101150|1626155|201569|201976|2403,20.0,190.0,1610612747.0,21601010,True
2,PT11M14.00S,11:14,Q2 11:14,35.233333333333334,153,turnover,Nene Out of Bounds - Bad Pass Turnover Turnover (P1.T4),[],Hilario,0,0,,False,False,2403.0,,2pt made,2pt made,,,,101150|1626155|1626156|1626204|201147|201156|201569|201976|203898|2403,101150|1626155|201569|201976|2403,1626156|1626204|201147|201156|203898,,,1610612745.0,21601010,True
2,PT11M04.00S,11:04,Q2 11:04,35.06666666666666,154,2pt,Russell 19' Pullup Jump Shot (4 PTS),[],Russell,40,30,Made,True,False,1626156.0,,turnover,foul,,,,101150|1626155|1626156|1626204|201147|201156|201569|201976|203898|2403,1626156|1626204|201147|201156|203898,101150|1626155|201569|201976|2403,-76.0,169.0,1610612747.0,21601010,True
2,PT10M44.00S,10:44,Q2 10:44,34.733333333333334,156,foul,Nene OFF.Foul (P2) (M.Callahan),[],Hilario,0,0,,False,False,2403.0,,2pt made,turnover,201156.0,,,101150|1626155|1626156|1626204|201147|201156|201569|201976|203898|2403,101150|1626155|201569|201976|2403,1626156|1626204|201147|201156|203898,,,1610612745.0,21601010,True
2,PT10M44.00S,10:44,Q2 10:44,34.733333333333334,157,turnover,Nene Foul Turnover (P2.T5),[],Hilario,0,0,,False,False,2403.0,,foul,3pt missed,,,,101150|1626155|1626156|1626204|201147|201156|201569|201976|203898|2403,101150|1626155|201569|201976|2403,1626156|1626204|201147|201156|203898,,,1610612745.0,21601010,True
2,PT10M31.00S,10:31,Q2 10:31,34.516666666666666,158,3pt,MISS Young 25' 3PT Jump Shot,[],Young,0,0,Missed,True,False,201156.0,,turnover,rebound,,,,101150|1626155|1626156|1626204|201147|201156|201569|201976|203898|2403,1626156|1626204|201147|201156|203898,101150|1626155|201569|201976|2403,122.0,218.0,1610612747.0,21601010,True
2,PT10M30.00S,10:30,Q2 10:30,34.5,159,rebound,Dekker REBOUND (Off:1 Def:1),[],Dekker,0,0,,False,False,1626155.0,,3pt missed,3pt made,,,,101150|1626155|1626156|1626204|201147|201156|201569|201976|203898|2403,101150|1626155|201569|201976|2403,1626156|1626204|201147|201156|203898,,,1610612745.0,21601010,True
2,PT10M21.00S,10:21,Q2 10:21,34.35,160,3pt,Williams 25' 3PT Step Back Jump Shot (8 PTS),[],Williams,43,30,Made,True,False,101150.0,,rebound,turnover,,,,101150|1626155|1626156|1626204|201147|201156|201569|201976|203898|2403,101150|1626155|201569|201976|2403,1626156|1626204|201147|201156|203898,84.0,232.0,1610612745.0,21601010,True
2,PT10M09.00S,10:09,Q2 10:09,34.15,161,turnover,Russell Lost Ball Turnover (P4.T10),[],Russell,0,0,,False,False,1626156.0,,3pt made,steal,,,,101150|1626155|1626156|1626204|201147|201156|201569|201976|203898|2403,1626156|1626204|201147|201156|203898,101150|1626155|201569|201976|2403,,,1610612747.0,21601010,True
2,PT10M09.00S,10:09,Q2 10:09,34.15,161,steal,Beverley STEAL (1 STL),[],Beverley,0,0,,False,False,201976.0,,turnover,foul,,201976.0,,101150|1626155|1626156|1626204|201147|201156|201569|201976|203898|2403,101150|1626155|201569|201976|2403,1626156|1626204|201147|201156|203898,,,1610612745.0,21601010,True
2,PT10M05.00S,10:05,Q2 10:05,34.083333333333336,162,foul,Brewer S.FOUL (P1.T2) (M.Callahan),[],Brewer,0,0,,False,False,201147.0,,steal,freethrow,1626155.0,,,101150|1626155|1626156|1626204|201147|201156|201569|201976|203898|2403,1626156|1626204|201147|201156|203898,101150|1626155|201569|201976|2403,,,1610612747.0,21601010,True
2,PT10M05.00S,10:05,Q2 10:05,34.083333333333336,163,freethrow,MISS Dekker Free Throw 1 of 2,[],Dekker,0,0,Missed,False,False,1626155.0,,foul,rebound,,,,101150|1626155|1626156|1626204|201147|201156|201569|201976|203898|2403,101150|1626155|201569|201976|2403,1626156|1626204|201147|201156|203898,,,1610612745.0,21601010,True
2,PT10M05.00S,10:05,Q2 10:05,34.083333333333336,164,rebound,TEAM offensive REBOUND,['team'],,0,0,,False,False,0.0,,freethrow,freethrow,,,,101150|1626155|1626156|1626204|201147|201156|201569|201976|203898|2403,101150|1626155|201569|201976|2403,1626156|1626204|201147|201156|203898,,,1610612745.0,21601010,True
2,PT10M05.00S,10:05,Q2 10:05,34.083333333333336,166,freethrow,MISS Dekker Free Throw 2 of 2,[],Dekker,0,0,Missed,False,False,1626155.0,,rebound,substitution,,,,101150|1626155|1626156|1626204|201147|201156|201569|201976|203898|2403,101150|1626155|201569|201976|2403,1626156|1626204|201147|201156|203898,,,1610612745.0,21601010,True
2,PT10M05.00S,10:05,Q2 10:05,34.083333333333336,165,substitution,SUB out: N. Hilario,[],Hilario,0,0,,False,False,2403.0,,freethrow,substitution,,,,101150|1626155|1626156|1626204|201147|201156|201569|201976|203898,101150|1626155|201569|201976,1626156|1626204|201147|201156|203898,,,1610612745.0,21601010,False
2,PT10M05.00S,10:05,Q2 10:05,34.083333333333336,166,substitution,SUB in: C. Capela,[],Capela,0,0,,False,False,203991.0,,substitution,rebound,,,,101150|1626155|1626156|1626204|201147|201156|201569|201976|203898|203991,101150|1626155|201569|201976|203991,1626156|1626204|201147|201156|203898,,,1610612745.0,21601010,True
2,PT10M04.00S,10:04,Q2 10:04,34.06666666666666,168,rebound,TEAM defensive REBOUND,['team'],,0,0,,False,False,0.0,,substitution,2pt missed,,,,101150|1626155|1626156|1626204|201147|201156|201569|201976|203898|203991,1626156|1626204|201147|201156|203898,101150|1626155|201569|201976|203991,,,1610612747.0,21601010,True
2,PT09M54.00S,09:54,Q2 09:54,33.9,170,2pt,MISS Russell 2' Layup,['pointsinthepaint'],Russell,0,0,Missed,True,False,1626156.0,,rebound,rebound,,,,101150|1626155|1626156|1626204|201147|201156|201569|201976|203898|203991,1626156|1626204|201147|201156|203898,101150|1626155|201569|201976|203991,-16.0,-1.0,1610612747.0,21601010,True
2,PT09M53.00S,09:53,Q2 09:53,33.88333333333333,171,rebound,Capela REBOUND (Off:1 Def:4),[],Capela,0,0,,False,False,203991.0,,2pt missed,foul,,,,101150|1626155|1626156|1626204|201147|201156|201569|201976|203898|203991,101150|1626155|201569|201976|203991,1626156|1626204|201147|201156|203898,,,1610612745.0,21601010,True
2,PT09M44.00S,09:44,Q2 09:44,33.733333333333334,172,foul,Nance Jr. P.FOUL (P2.T3) (M.Callahan),[],Nance Jr.,0,0,,False,False,1626204.0,,rebound,3pt missed,201569.0,,,101150|1626155|1626156|1626204|201147|201156|201569|201976|203898|203991,1626156|1626204|201147|201156|203898,101150|1626155|201569|201976|203991,,,1610612747.0,21601010,True
2,PT09M40.00S,09:40,Q2 09:40,33.666666666666664,173,3pt,MISS Gordon 25' 3PT Jump Shot,[],Gordon,0,0,Missed,True,False,201569.0,,foul,rebound,,,,101150|1626155|1626156|1626204|201147|201156|201569|201976|203898|203991,101150|1626155|201569|201976|203991,1626156|1626204|201147|201156|203898,138.0,213.0,1610612745.0,21601010,True
2,PT09M39.00S,09:39,Q2 09:39,33.65,174,rebound,Capela REBOUND (Off:2 Def:4),[],Capela,0,0,,False,False,203991.0,,3pt missed,3pt made,,,,101150|1626155|1626156|1626204|201147|201156|201569|201976|203898|203991,101150|1626155|201569|201976|203991,1626156|1626204|201147|201156|203898,,,1610612745.0,21601010,True
2,PT09M31.00S,09:31,Q2 09:31,33.516666666666666,176,3pt,Williams 25' 3PT Jump Shot (11 PTS) (Capela 1 AST),[],Williams,46,30,Made,True,True,101150.0,203991.0,rebound,foul,,,,101150|1626155|1626156|1626204|201147|201156|201569|201976|203898|203991,101150|1626155|201569|201976|203991,1626156|1626204|201147|201156|203898,-189.0,169.0,1610612745.0,21601010,True
2,PT09M15.00S,09:15,Q2 09:15,33.25,177,foul,Williams P.FOUL (P1.T1) (S.Wall),[],Williams,0,0,,False,False,101150.0,,3pt made,substitution,201156.0,,,101150|1626155|1626156|1626204|201147|201156|201569|201976|203898|203991,101150|1626155|201569|201976|203991,1626156|1626204|201147|201156|203898,,,1610612745.0,21601010,True
2,PT09M15.00S,09:15,Q2 09:15,33.25,179,substitution,SUB out: L. Nance Jr.,[],Nance Jr.,0,0,,False,False,1626204.0,,foul,substitution,,,,101150|1626155|1626156|201147|201156|201569|201976|203898|203991,1626156|201147|201156|203898,101150|1626155|201569|201976|203991,,,1610612747.0,21601010,False
2,PT09M15.00S,09:15,Q2 09:15,33.25,180,substitution,SUB in: T. Black,[],Black,0,0,,False,False,204028.0,,substitution,2pt missed,,,,101150|1626155|1626156|201147|201156|201569|201976|203898|203991|204028,1626156|201147|201156|203898|204028,101150|1626155|201569|201976|203991,,,1610612747.0,21601010,True
2,PT09M07.00S,09:07,Q2 09:07,33.11666666666667,180,2pt,MISS Young 18' Jump Shot,[],Young,0,0,Missed,True,False,201156.0,,substitution,rebound,,,,101150|1626155|1626156|201147|201156|201569|201976|203898|203991|204028,1626156|201147|201156|203898|204028,101150|1626155|201569|201976|203991,177.0,11.0,1610612747.0,21601010,True
2,PT09M06.00S,09:06,Q2 09:06,33.1,181,rebound,Dekker REBOUND (Off:1 Def:2),[],Dekker,0,0,,False,False,1626155.0,,2pt missed,timeout,,,,101150|1626155|1626156|201147|201156|201569|201976|203898|203991|204028,101150|1626155|201569|201976|203991,1626156|201147|201156|203898|204028,,,1610612745.0,21601010,True
2,PT08M54.00S,08:54,Q2 08:54,32.9,183,timeout,Timeout: Official,[],,0,0,,False,False,0.0,,rebound,turnover,,,,101150|1626155|1626156|201147|201156|201569|201976|203898|203991|204028,101150|1626155|201569|201976|203991,1626156|201147|201156|203898|204028,,,0.0,21601010,True
2,PT08M54.00S,08:54,Q2 08:54,32.9,187,turnover,ROCKETS Turnover: 5 Second Inbound (T#6),[],,0,0,,False,False,1610612745.0,,timeout,2pt missed,,,,101150|1626155|1626156|201147|201156|201569|201976|203898|203991|204028,101150|1626155|201569|201976|203991,1626156|201147|201156|203898|204028,,,0.0,21601010,True
2,PT08M38.00S,08:38,Q2 08:38,32.63333333333333,189,2pt,MISS Brewer 1' Driving Layup,['pointsinthepaint'],Brewer,0,0,Missed,True,False,201147.0,,turnover,rebound,,,,101150|1626155|1626156|201147|201156|201569|201976|203898|203991|204028,1626156|201147|201156|203898|204028,101150|1626155|201569|201976|203991,-2.0,8.0,1610612747.0,21601010,True
2,PT08M38.00S,08:38,Q2 08:38,32.63333333333333,190,rebound,Capela REBOUND (Off:2 Def:5),[],Capela,0,0,,False,False,203991.0,,2pt missed,3pt made,,,,101150|1626155|1626156|201147|201156|201569|201976|203898|203991|204028,101150|1626155|201569|201976|203991,1626156|201147|201156|203898|204028,,,1610612745.0,21601010,True
2,PT08M29.00S,08:29,Q2 08:29,32.483333333333334,191,3pt,Williams 25' 3PT Jump Shot (14 PTS) (Gordon 2 AST),[],Williams,49,30,Made,True,True,101150.0,201569.0,rebound,3pt missed,,,,101150|1626155|1626156|201147|201156|201569|201976|203898|203991|204028,101150|1626155|201569|201976|203991,1626156|201147|201156|203898|204028,-92.0,228.0,1610612745.0,21601010,True
2,PT08M11.00S,08:11,Q2 08:11,32.18333333333334,192,3pt,MISS Young 26' 3PT Jump Shot,[],Young,0,0,Missed,True,False,201156.0,,3pt made,rebound,,,,101150|1626155|1626156|201147|201156|201569|201976|203898|203991|204028,1626156|201147|201156|203898|204028,101150|1626155|201569|201976|203991,115.0,228.0,1610612747.0,21601010,True
2,PT08M10.00S,08:10,Q2 08:10,32.166666666666664,193,rebound,Beverley REBOUND (Off:0 Def:2),[],Beverley,0,0,,False,False,201976.0,,3pt missed,foul,,,,101150|1626155|1626156|201147|201156|201569|201976|203898|203991|204028,101150|1626155|201569|201976|203991,1626156|201147|201156|203898|204028,,,1610612745.0,21601010,True
2,PT08M05.00S,08:05,Q2 08:05,32.083333333333336,194,foul,Beverley OFF.Foul (P1) (S.Wall),[],Beverley,0,0,,False,False,201976.0,,rebound,turnover,204028.0,,,101150|1626155|1626156|201147|201156|201569|201976|203898|203991|204028,101150|1626155|201569|201976|203991,1626156|201147|201156|203898|204028,,,1610612745.0,21601010,True
2,PT08M05.00S,08:05,Q2 08:05,32.083333333333336,195,turnover,Beverley Foul Turnover (P2.T7),[],Beverley,0,0,,False,False,201976.0,,foul,substitution,,,,101150|1626155|1626156|201147|201156|201569|201976|203898|203991|204028,101150|1626155|201569|201976|203991,1626156|201147|201156|203898|204028,,,1610612745.0,21601010,True
2,PT08M05.00S,08:05,Q2 08:05,32.083333333333336,196,substitution,SUB out: C. Brewer,[],Brewer,0,0,,False,False,201147.0,,turnover,substitution,,,,101150|1626155|1626156|201156|201569|201976|203898|203991|204028,1626156|201156|203898|204028,101150|1626155|201569|201976|203991,,,1610612747.0,21601010,False
2,PT08M05.00S,08:05,Q2 08:05,32.083333333333336,197,substitution,SUB out: T. Ennis,[],Ennis,0,0,,False,False,203898.0,,substitution,substitution,,,,101150|1626155|1626156|201156|201569|201976|203991|204028,1626156|201156|204028,101150|1626155|201569|201976|203991,,,1610612747.0,21601010,False
2,PT08M05.00S,08:05,Q2 08:05,32.083333333333336,198,substitution,SUB in: J. Clarkson,[],Clarkson,0,0,,False,False,203903.0,,substitution,substitution,,,,101150|1626155|1626156|201156|201569|201976|203903|203991|204028,1626156|201156|203903|204028,101150|1626155|201569|201976|203991,,,1610612747.0,21601010,False
2,PT08M05.00S,08:05,Q2 08:05,32.083333333333336,199,substitution,SUB in: J. Randle,[],Randle,0,0,,False,False,203944.0,,substitution,2pt missed,,,,101150|1626155|1626156|201156|201569|201976|203903|203944|203991|204028,1626156|201156|203903|203944|204028,101150|1626155|201569|201976|203991,,,1610612747.0,21601010,True
2,PT07M48.00S,07:48,Q2 07:48,31.8,198,2pt,MISS Black 5' Hook Shot,['pointsinthepaint'],Black,0,0,Missed,True,False,204028.0,,substitution,rebound,,,,101150|1626155|1626156|201156|201569|201976|203903|203944|203991|204028,1626156|201156|203903|203944|204028,101150|1626155|201569|201976|203991,-1.0,51.0,1610612747.0,21601010,True
2,PT07M48.00S,07:48,Q2 07:48,31.8,199,rebound,Capela REBOUND (Off:2 Def:6),[],Capela,0,0,,False,False,203991.0,,2pt missed,3pt missed,,,,101150|1626155|1626156|201156|201569|201976|203903|203944|203991|204028,101150|1626155|201569|201976|203991,1626156|201156|203903|203944|204028,,,1610612745.0,21601010,True
2,PT07M38.00S,07:38,Q2 07:38,31.633333333333333,200,3pt,MISS Dekker 24' 3PT Jump Shot,[],Dekker,0,0,Missed,True,False,1626155.0,,rebound,rebound,,,,101150|1626155|1626156|201156|201569|201976|203903|203944|203991|204028,101150|1626155|201569|201976|203991,1626156|201156|203903|203944|204028,-237.0,11.0,1610612745.0,21601010,True
2,PT07M37.00S,07:37,Q2 07:37,31.616666666666667,201,rebound,Black REBOUND (Off:0 Def:1),[],Black,0,0,,False,False,204028.0,,3pt missed,2pt made,,,,101150|1626155|1626156|201156|201569|201976|203903|203944|203991|204028,1626156|201156|203903|203944|204028,101150|1626155|201569|201976|203991,,,1610612747.0,21601010,True
2,PT07M22.00S,07:22,Q2 07:22,31.366666666666667,202,2pt,Randle 1' Layup (13 PTS),['pointsinthepaint'],Randle,49,32,Made,True,False,203944.0,,rebound,foul,,,,101150|1626155|1626156|201156|201569|201976|203903|203944|203991|204028,1626156|201156|203903|203944|204028,101150|1626155|201569|201976|203991,9.0,-6.0,1610612747.0,21601010,True
2,PT07M10.00S,07:10,Q2 07:10,31.166666666666668,203,foul,Russell S.FOUL (P2.T4) (M.Callahan),[],Russell,0,0,,False,False,1626156.0,,2pt made,freethrow,201976.0,,,101150|1626155|1626156|201156|201569|201976|203903|203944|203991|204028,1626156|201156|203903|203944|204028,101150|1626155|201569|201976|203991,,,1610612747.0,21601010,True
2,PT07M10.00S,07:10,Q2 07:10,31.166666666666668,204,freethrow,Beverley Free Throw 1 of 2 (1 PTS),[],Beverley,50,32,Made,False,False,201976.0,,foul,freethrow,,,,101150|1626155|1626156|201156|201569|201976|203903|203944|203991|204028,101150|1626155|201569|201976|203991,1626156|201156|203903|203944|204028,,,1610612745.0,21601010,True
2,PT07M10.00S,07:10,Q2 07:10,31.166666666666668,209,freethrow,Beverley Free Throw 2 of 2 (2 PTS),[],Beverley,51,32,Made,False,False,201976.0,,freethrow,substitution,,,,101150|1626155|1626156|201156|201569|201976|203903|203944|203991|204028,101150|1626155|201569|201976|203991,1626156|201156|203903|203944|204028,,,1610612745.0,21601010,True
2,PT07M10.00S,07:10,Q2 07:10,31.166666666666668,206,substitution,SUB out: D. Russell,[],Russell,0,0,,False,False,1626156.0,,freethrow,substitution,,,,101150|1626155|201156|201569|201976|203903|203944|203991|204028,201156|203903|203944|204028,101150|1626155|201569|201976|203991,,,1610612747.0,21601010,False
2,PT07M10.00S,07:10,Q2 07:10,31.166666666666668,207,substitution,SUB out: S. Dekker,[],Dekker,0,0,,False,False,1626155.0,,substitution,substitution,,,,101150|201156|201569|201976|203903|203944|203991|204028,101150|201569|201976|203991,201156|203903|203944|204028,,,1610612745.0,21601010,False
2,PT07M10.00S,07:10,Q2 07:10,31.166666666666668,208,substitution,SUB out: E. Gordon,[],Gordon,0,0,,False,False,201569.0,,substitution,substitution,,,,101150|201156|201976|203903|203944|203991|204028,101150|201976|203991,201156|203903|203944|204028,,,1610612745.0,21601010,False
2,PT07M10.00S,07:10,Q2 07:10,31.166666666666668,209,substitution,SUB in: B. Ingram,[],Ingram,0,0,,False,False,1627742.0,,substitution,substitution,,,,101150|1627742|201156|201976|203903|203944|203991|204028,1627742|201156|203903|203944|204028,101150|201976|203991,,,1610612747.0,21601010,False
2,PT07M10.00S,07:10,Q2 07:10,31.166666666666668,210,substitution,SUB in: R. Anderson,[],Anderson,0,0,,False,False,201583.0,,substitution,substitution,,,,101150|1627742|201156|201583|201976|203903|203944|203991|204028,101150|201583|201976|203991,1627742|201156|203903|203944|204028,,,1610612745.0,21601010,False
2,PT07M10.00S,07:10,Q2 07:10,31.166666666666668,211,substitution,SUB in: J. Harden,[],Harden,0,0,,False,False,201935.0,,substitution,2pt made,,,,101150|1627742|201156|201583|201935|201976|203903|203944|203991|204028,101150|201583|201935|201976|203991,1627742|201156|203903|203944|204028,,,1610612745.0,21601010,True
2,PT06M54.00S,06:54,Q2 06:54,30.9,212,2pt,Clarkson 7' Driving Floating Jump Shot (7 PTS),['pointsinthepaint'],Clarkson,51,34,Made,True,False,203903.0,,substitution,turnover,,,,101150|1627742|201156|201583|201935|201976|203903|203944|203991|204028,1627742|201156|203903|203944|204028,101150|201583|201935|201976|203991,12.0,70.0,1610612747.0,21601010,True
2,PT06M45.00S,06:45,Q2 06:45,30.75,213,turnover,Harden Bad Pass Turnover (P2.T8),[],Harden,0,0,,False,False,201935.0,,2pt made,steal,,,,101150|1627742|201156|201583|201935|201976|203903|203944|203991|204028,101150|201583|201935|201976|203991,1627742|201156|203903|203944|204028,,,1610612745.0,21601010,True
2,PT06M45.00S,06:45,Q2 06:45,30.75,213,steal,Black STEAL (1 STL),[],Black,0,0,,False,False,204028.0,,turnover,2pt made,,204028.0,,101150|1627742|201156|201583|201935|201976|203903|203944|203991|204028,1627742|201156|203903|203944|204028,101150|201583|201935|201976|203991,,,1610612747.0,21601010,True
2,PT06M41.00S,06:41,Q2 06:41,30.683333333333334,214,2pt,Randle 4' Jump Shot (15 PTS),['pointsinthepaint'],Randle,51,36,Made,True,False,203944.0,,steal,foul,,,,101150|1627742|201156|201583|201935|201976|203903|203944|203991|204028,1627742|201156|203903|203944|204028,101150|201583|201935|201976|203991,9.0,41.0,1610612747.0,21601010,True
2,PT06M41.00S,06:41,Q2 06:41,30.683333333333334,215,foul,Anderson S.FOUL (P1.T2) (M.Callahan),[],Anderson,0,0,,False,False,201583.0,,2pt made,freethrow,203944.0,,,101150|1627742|201156|201583|201935|201976|203903|203944|203991|204028,101150|201583|201935|201976|203991,1627742|201156|203903|203944|204028,,,1610612745.0,21601010,True
2,PT06M41.00S,06:41,Q2 06:41,30.683333333333334,216,freethrow,Randle Free Throw 1 of 1 (16 PTS),[],Randle,51,37,Made,False,False,203944.0,,foul,3pt made,,,,101150|1627742|201156|201583|201935|201976|203903|203944|203991|204028,1627742|201156|203903|203944|204028,101150|201583|201935|201976|203991,,,1610612747.0,21601010,True
2,PT06M20.00S,06:20,Q2 06:20,30.333333333333332,219,3pt,Williams 24' 3PT Jump Shot (17 PTS) (Anderson 1 AST),[],Williams,54,37,Made,True,True,101150.0,201583.0,freethrow,foul,,,,101150|1627742|201156|201583|201935|201976|203903|203944|203991|204028,101150|201583|201935|201976|203991,1627742|201156|203903|203944|204028,-215.0,110.0,1610612745.0,21601010,True
2,PT06M08.00S,06:08,Q2 06:08,30.133333333333333,220,foul,Anderson P.FOUL (P2.T3) (M.Callahan),['inpenalty'],Anderson,0,0,,False,False,201583.0,,3pt made,2pt missed,203903.0,,,101150|1627742|201156|201583|201935|201976|203903|203944|203991|204028,101150|201583|201935|201976|203991,1627742|201156|203903|203944|204028,,,1610612745.0,21601010,True
2,PT05M59.00S,05:59,Q2 05:59,29.983333333333334,222,2pt,MISS Clarkson 1' Layup,['pointsinthepaint'],Clarkson,0,0,Missed,True,False,203903.0,,foul,rebound,,,,101150|1627742|201156|201583|201935|201976|203903|203944|203991|204028,1627742|201156|203903|203944|204028,101150|201583|201935|201976|203991,6.0,-1.0,1610612747.0,21601010,True
2,PT05M58.00S,05:58,Q2 05:58,29.96666666666667,223,rebound,Randle REBOUND (Off:1 Def:3),[],Randle,0,0,,False,False,203944.0,,2pt missed,2pt missed,,,,101150|1627742|201156|201583|201935|201976|203903|203944|203991|204028,1627742|201156|203903|203944|204028,101150|201583|201935|201976|203991,,,1610612747.0,21601010,True
2,PT05M53.00S,05:53,Q2 05:53,29.883333333333333,224,2pt,MISS Young 22' Jump Shot,[],Young,0,0,Missed,True,False,201156.0,,rebound,rebound,,,,101150|1627742|201156|201583|201935|201976|203903|203944|203991|204028,1627742|201156|203903|203944|204028,101150|201583|201935|201976|203991,4.0,224.0,1610612747.0,21601010,True
2,PT05M53.00S,05:53,Q2 05:53,29.883333333333333,225,rebound,Capela REBOUND (Off:2 Def:7),[],Capela,0,0,,False,False,203991.0,,2pt missed,turnover,,,,101150|1627742|201156|201583|201935|201976|203903|203944|203991|204028,101150|201583|201935|201976|203991,1627742|201156|203903|203944|204028,,,1610612745.0,21601010,True
2,PT05M51.00S,05:51,Q2 05:51,29.85,226,turnover,Harden Out of Bounds - Bad Pass Turnover Turnover (P3.T9),[],Harden,0,0,,False,False,201935.0,,rebound,timeout,,,,101150|1627742|201156|201583|201935|201976|203903|203944|203991|204028,101150|201583|201935|201976|203991,1627742|201156|203903|203944|204028,,,1610612745.0,21601010,True
2,PT05M51.00S,05:51,Q2 05:51,29.85,227,timeout,ROCKETS Timeout: Regular (Full 2 Short 0),[],,0,0,,False,False,0.0,,turnover,substitution,,,,101150|1627742|201156|201583|201935|201976|203903|203944|203991|204028,101150|201583|201935|201976|203991,1627742|201156|203903|203944|204028,,,1610612745.0,21601010,True
2,PT05M51.00S,05:51,Q2 05:51,29.85,229,substitution,SUB out: P. Beverley,[],Beverley,0,0,,False,False,201976.0,,timeout,substitution,,,,101150|1627742|201156|201583|201935|203903|203944|203991|204028,101150|201583|201935|203991,1627742|201156|203903|203944|204028,,,1610612745.0,21601010,False
2,PT05M51.00S,05:51,Q2 05:51,29.85,230,substitution,SUB in: T. Ariza,[],Ariza,0,0,,False,False,2772.0,,substitution,2pt missed,,,,101150|1627742|201156|201583|201935|203903|203944|203991|204028|2772,101150|201583|201935|203991|2772,1627742|201156|203903|203944|204028,,,1610612745.0,21601010,True
2,PT05M33.00S,05:33,Q2 05:33,29.55,231,2pt,MISS Randle  Layup,['pointsinthepaint'],Randle,0,0,Missed,True,False,203944.0,,substitution,rebound,,,,101150|1627742|201156|201583|201935|203903|203944|203991|204028|2772,1627742|201156|203903|203944|204028,101150|201583|201935|203991|2772,-2.0,3.0,1610612747.0,21601010,True
2,PT05M32.00S,05:32,Q2 05:32,29.53333333333333,232,rebound,Randle REBOUND (Off:2 Def:3),[],Randle,0,0,,False,False,203944.0,,2pt missed,foul,,,,101150|1627742|201156|201583|201935|203903|203944|203991|204028|2772,1627742|201156|203903|203944|204028,101150|201583|201935|203991|2772,,,1610612747.0,21601010,True
2,PT05M30.00S,05:30,Q2 05:30,29.5,233,foul,Randle OFF.Foul (P1) (M.Callahan),['inpenalty'],Randle,0,0,,False,False,203944.0,,rebound,turnover,,,,101150|1627742|201156|201583|201935|203903|203944|203991|204028|2772,1627742|201156|203903|203944|204028,101150|201583|201935|203991|2772,,,1610612747.0,21601010,True
2,PT05M30.00S,05:30,Q2 05:30,29.5,234,turnover,Randle Foul Turnover (P1.T11),[],Randle,0,0,,False,False,203944.0,,foul,substitution,,,,101150|1627742|201156|201583|201935|203903|203944|203991|204028|2772,1627742|201156|203903|203944|204028,101150|201583|201935|203991|2772,,,1610612747.0,21601010,True
2,PT05M30.00S,05:30,Q2 05:30,29.5,235,substitution,SUB out: C. Capela,[],Capela,0,0,,False,False,203991.0,,turnover,substitution,,,,101150|1627742|201156|201583|201935|203903|203944|204028|2772,101150|201583|201935|2772,1627742|201156|203903|203944|204028,,,1610612745.0,21601010,False
2,PT05M30.00S,05:30,Q2 05:30,29.5,236,substitution,SUB out: T. Black,[],Black,0,0,,False,False,204028.0,,substitution,substitution,,,,101150|1627742|201156|201583|201935|203903|203944|2772,1627742|201156|203903|203944,101150|201583|201935|2772,,,1610612747.0,21601010,False
2,PT05M30.00S,05:30,Q2 05:30,29.5,237,substitution,SUB out: R. Anderson,[],Anderson,0,0,,False,False,201583.0,,substitution,substitution,,,,101150|1627742|201156|201935|203903|203944|2772,101150|201935|2772,1627742|201156|203903|203944,,,1610612745.0,21601010,False
2,PT05M30.00S,05:30,Q2 05:30,29.5,238,substitution,SUB in: M. Harrell,[],Harrell,0,0,,False,False,1626149.0,,substitution,substitution,,,,101150|1626149|1627742|201156|201935|203903|203944|2772,101150|1626149|201935|2772,1627742|201156|203903|203944,,,1610612745.0,21601010,False
2,PT05M30.00S,05:30,Q2 05:30,29.5,239,substitution,SUB in: I. Zubac,[],Zubac,0,0,,False,False,1627826.0,,substitution,substitution,,,,101150|1626149|1627742|1627826|201156|201935|203903|203944|2772,1627742|1627826|201156|203903|203944,101150|1626149|201935|2772,,,1610612747.0,21601010,False
2,PT05M30.00S,05:30,Q2 05:30,29.5,240,substitution,SUB in: E. Gordon,[],Gordon,0,0,,False,False,201569.0,,substitution,turnover,,,,101150|1626149|1627742|1627826|201156|201569|201935|203903|203944|2772,101150|1626149|201569|201935|2772,1627742|1627826|201156|203903|203944,,,1610612745.0,21601010,True
2,PT05M17.00S,05:17,Q2 05:17,29.28333333333333,240,turnover,Harden Bad Pass Turnover (P4.T10),[],Harden,0,0,,False,False,201935.0,,substitution,steal,,,,101150|1626149|1627742|1627826|201156|201569|201935|203903|203944|2772,101150|1626149|201569|201935|2772,1627742|1627826|201156|203903|203944,,,1610612745.0,21601010,True
2,PT05M17.00S,05:17,Q2 05:17,29.28333333333333,240,steal,Clarkson STEAL (1 STL),[],Clarkson,0,0,,False,False,203903.0,,turnover,2pt made,,203903.0,,101150|1626149|1627742|1627826|201156|201569|201935|203903|203944|2772,1627742|1627826|201156|203903|203944,101150|1626149|201569|201935|2772,,,1610612747.0,21601010,True
2,PT05M14.00S,05:14,Q2 05:14,29.233333333333334,241,2pt,Randle 1' Running Layup (18 PTS) (Clarkson 1 AST),['pointsinthepaint'],Randle,54,39,Made,True,True,203944.0,203903.0,steal,foul,,,,101150|1626149|1627742|1627826|201156|201569|201935|203903|203944|2772,1627742|1627826|201156|203903|203944,101150|1626149|201569|201935|2772,-1.0,7.0,1610612747.0,21601010,True
2,PT05M14.00S,05:14,Q2 05:14,29.233333333333334,242,foul,Williams S.FOUL (P2.T4) (S.Wall),['inpenalty'],Williams,0,0,,False,False,101150.0,,2pt made,freethrow,203944.0,,,101150|1626149|1627742|1627826|201156|201569|201935|203903|203944|2772,101150|1626149|201569|201935|2772,1627742|1627826|201156|203903|203944,,,1610612745.0,21601010,True
2,PT05M14.00S,05:14,Q2 05:14,29.233333333333334,243,freethrow,Randle Free Throw 1 of 1 (19 PTS),[],Randle,54,40,Made,False,False,203944.0,,foul,foul,,,,101150|1626149|1627742|1627826|201156|201569|201935|203903|203944|2772,1627742|1627826|201156|203903|203944,101150|1626149|201569|201935|2772,,,1610612747.0,21601010,True
2,PT05M04.00S,05:04,Q2 05:04,29.066666666666666,245,foul,Zubac S.FOUL (P3.PN) (M.Callahan),['inpenalty'],Zubac,0,0,,False,False,1627826.0,,freethrow,freethrow,1626149.0,,,101150|1626149|1627742|1627826|201156|201569|201935|203903|203944|2772,1627742|1627826|201156|203903|203944,101150|1626149|201569|201935|2772,,,1610612747.0,21601010,True
2,PT05M04.00S,05:04,Q2 05:04,29.066666666666666,246,freethrow,MISS Harrell Free Throw 1 of 2,[],Harrell,0,0,Missed,False,False,1626149.0,,foul,rebound,,,,101150|1626149|1627742|1627826|201156|201569|201935|203903|203944|2772,101150|1626149|201569|201935|2772,1627742|1627826|201156|203903|203944,,,1610612745.0,21601010,True
2,PT05M04.00S,05:04,Q2 05:04,29.066666666666666,247,rebound,TEAM offensive REBOUND,['team'],,0,0,,False,False,0.0,,freethrow,freethrow,,,,101150|1626149|1627742|1627826|201156|201569|201935|203903|203944|2772,101150|1626149|201569|201935|2772,1627742|1627826|201156|203903|203944,,,1610612745.0,21601010,True
2,PT05M04.00S,05:04,Q2 05:04,29.066666666666666,249,freethrow,Harrell Free Throw 2 of 2 (1 PTS),[],Harrell,55,40,Made,False,False,1626149.0,,rebound,substitution,,,,101150|1626149|1627742|1627826|201156|201569|201935|203903|203944|2772,101150|1626149|201569|201935|2772,1627742|1627826|201156|203903|203944,,,1610612745.0,21601010,True
2,PT05M04.00S,05:04,Q2 05:04,29.066666666666666,248,substitution,SUB out: I. Zubac,[],Zubac,0,0,,False,False,1627826.0,,freethrow,substitution,,,,101150|1626149|1627742|201156|201569|201935|203903|203944|2772,1627742|201156|203903|203944,101150|1626149|201569|201935|2772,,,1610612747.0,21601010,False
2,PT05M04.00S,05:04,Q2 05:04,29.066666666666666,249,substitution,SUB in: D. Russell,[],Russell,0,0,,False,False,1626156.0,,substitution,2pt made,,,,101150|1626149|1626156|1627742|201156|201569|201935|203903|203944|2772,1626156|1627742|201156|203903|203944,101150|1626149|201569|201935|2772,,,1610612747.0,21601010,True
2,PT04M45.00S,04:45,Q2 04:45,28.75,252,2pt,Ingram 19' Pullup Jump Shot (8 PTS),[],Ingram,55,42,Made,True,False,1627742.0,,substitution,3pt made,,,,101150|1626149|1626156|1627742|201156|201569|201935|203903|203944|2772,1626156|1627742|201156|203903|203944,101150|1626149|201569|201935|2772,-132.0,139.0,1610612747.0,21601010,True
2,PT04M35.00S,04:35,Q2 04:35,28.583333333333332,253,3pt,Ariza 25' 3PT Jump Shot (11 PTS) (Harden 9 AST),[],Ariza,58,42,Made,True,True,2772.0,201935.0,2pt made,foul,,,,101150|1626149|1626156|1627742|201156|201569|201935|203903|203944|2772,101150|1626149|201569|201935|2772,1626156|1627742|201156|203903|203944,-137.0,208.0,1610612745.0,21601010,True
2,PT04M15.00S,04:15,Q2 04:15,28.25,254,foul,Ariza S.FOUL (P1.PN) (K.Scott),['inpenalty'],Ariza,0,0,,False,False,2772.0,,3pt made,freethrow,203944.0,,,101150|1626149|1626156|1627742|201156|201569|201935|203903|203944|2772,101150|1626149|201569|201935|2772,1626156|1627742|201156|203903|203944,,,1610612745.0,21601010,True
2,PT04M15.00S,04:15,Q2 04:15,28.25,255,freethrow,MISS Randle Free Throw 1 of 2,[],Randle,0,0,Missed,False,False,203944.0,,foul,rebound,,,,101150|1626149|1626156|1627742|201156|201569|201935|203903|203944|2772,1626156|1627742|201156|203903|203944,101150|1626149|201569|201935|2772,,,1610612747.0,21601010,True
2,PT04M15.00S,04:15,Q2 04:15,28.25,256,rebound,TEAM offensive REBOUND,['team'],,0,0,,False,False,0.0,,freethrow,freethrow,,,,101150|1626149|1626156|1627742|201156|201569|201935|203903|203944|2772,1626156|1627742|201156|203903|203944,101150|1626149|201569|201935|2772,,,1610612747.0,21601010,True
2,PT04M15.00S,04:15,Q2 04:15,28.25,257,freethrow,Randle Free Throw 2 of 2 (20 PTS),['2ndchance'],Randle,58,43,Made,False,False,203944.0,,rebound,2pt missed,,,,101150|1626149|1626156|1627742|201156|201569|201935|203903|203944|2772,1626156|1627742|201156|203903|203944,101150|1626149|201569|201935|2772,,,1610612747.0,21601010,True
2,PT04M06.00S,04:06,Q2 04:06,28.1,259,2pt,MISS Harrell  Alley Oop Layup,['pointsinthepaint'],Harrell,0,0,Missed,True,False,1626149.0,,freethrow,rebound,,,,101150|1626149|1626156|1627742|201156|201569|201935|203903|203944|2772,101150|1626149|201569|201935|2772,1626156|1627742|201156|203903|203944,-4.0,2.0,1610612745.0,21601010,True
2,PT04M05.00S,04:05,Q2 04:05,28.083333333333332,260,rebound,Randle REBOUND (Off:2 Def:4),[],Randle,0,0,,False,False,203944.0,,2pt missed,2pt made,,,,101150|1626149|1626156|1627742|201156|201569|201935|203903|203944|2772,1626156|1627742|201156|203903|203944,101150|1626149|201569|201935|2772,,,1610612747.0,21601010,True
2,PT04M00.00S,04:00,Q2 04:00,28.0,261,2pt,Randle 1' Running Layup (22 PTS),['pointsinthepaint'],Randle,58,45,Made,True,False,203944.0,,rebound,turnover,,,,101150|1626149|1626156|1627742|201156|201569|201935|203903|203944|2772,1626156|1627742|201156|203903|203944,101150|1626149|201569|201935|2772,9.0,-1.0,1610612747.0,21601010,True
2,PT03M48.00S,03:48,Q2 03:48,27.8,262,turnover,Harden Bad Pass Turnover (P5.T11),[],Harden,0,0,,False,False,201935.0,,2pt made,steal,,,,101150|1626149|1626156|1627742|201156|201569|201935|203903|203944|2772,101150|1626149|201569|201935|2772,1626156|1627742|201156|203903|203944,,,1610612745.0,21601010,True
2,PT03M48.00S,03:48,Q2 03:48,27.8,262,steal,Ingram STEAL (1 STL),[],Ingram,0,0,,False,False,1627742.0,,turnover,foul,,1627742.0,,101150|1626149|1626156|1627742|201156|201569|201935|203903|203944|2772,1626156|1627742|201156|203903|203944,101150|1626149|201569|201935|2772,,,1610612747.0,21601010,True
2,PT03M37.00S,03:37,Q2 03:37,27.616666666666667,263,foul,Harrell S.FOUL (P1.PN) (S.Wall),['inpenalty'],Harrell,0,0,,False,False,1626149.0,,steal,freethrow,203944.0,,,101150|1626149|1626156|1627742|201156|201569|201935|203903|203944|2772,101150|1626149|201569|201935|2772,1626156|1627742|201156|203903|203944,,,1610612745.0,21601010,True
2,PT03M37.00S,03:37,Q2 03:37,27.616666666666667,264,freethrow,MISS Randle Free Throw 1 of 2,[],Randle,0,0,Missed,False,False,203944.0,,foul,rebound,,,,101150|1626149|1626156|1627742|201156|201569|201935|203903|203944|2772,1626156|1627742|201156|203903|203944,101150|1626149|201569|201935|2772,,,1610612747.0,21601010,True
2,PT03M37.00S,03:37,Q2 03:37,27.616666666666667,265,rebound,TEAM offensive REBOUND,['team'],,0,0,,False,False,0.0,,freethrow,freethrow,,,,101150|1626149|1626156|1627742|201156|201569|201935|203903|203944|2772,1626156|1627742|201156|203903|203944,101150|1626149|201569|201935|2772,,,1610612747.0,21601010,True
2,PT03M37.00S,03:37,Q2 03:37,27.616666666666667,266,freethrow,MISS Randle Free Throw 2 of 2,['2ndchance'],Randle,0,0,Missed,False,False,203944.0,,rebound,rebound,,,,101150|1626149|1626156|1627742|201156|201569|201935|203903|203944|2772,1626156|1627742|201156|203903|203944,101150|1626149|201569|201935|2772,,,1610612747.0,21601010,True
2,PT03M37.00S,03:37,Q2 03:37,27.616666666666667,268,rebound,Harden REBOUND (Off:1 Def:5),[],Harden,0,0,,False,False,201935.0,,freethrow,turnover,,,,101150|1626149|1626156|1627742|201156|201569|201935|203903|203944|2772,101150|1626149|201569|201935|2772,1626156|1627742|201156|203903|203944,,,1610612745.0,21601010,True
2,PT03M25.00S,03:25,Q2 03:25,27.416666666666668,269,turnover,Harden Bad Pass Turnover (P6.T12),[],Harden,0,0,,False,False,201935.0,,rebound,steal,,,,101150|1626149|1626156|1627742|201156|201569|201935|203903|203944|2772,101150|1626149|201569|201935|2772,1626156|1627742|201156|203903|203944,,,1610612745.0,21601010,True
2,PT03M25.00S,03:25,Q2 03:25,27.416666666666668,269,steal,Russell STEAL (2 STL),[],Russell,0,0,,False,False,1626156.0,,turnover,2pt missed,,1626156.0,,101150|1626149|1626156|1627742|201156|201569|201935|203903|203944|2772,1626156|1627742|201156|203903|203944,101150|1626149|201569|201935|2772,,,1610612747.0,21601010,True
2,PT03M19.00S,03:19,Q2 03:19,27.316666666666666,270,2pt,MISS Clarkson 1' Layup,['pointsinthepaint'],Clarkson,0,0,Missed,True,False,203903.0,,steal,2pt made,,,,101150|1626149|1626156|1627742|201156|201569|201935|203903|203944|2772,1626156|1627742|201156|203903|203944,101150|1626149|201569|201935|2772,4.0,-5.0,1610612747.0,21601010,True
2,PT03M17.00S,03:17,Q2 03:17,27.28333333333333,271,2pt,Ingram 1' Tip Layup Shot (10 PTS),['pointsinthepaint'],Ingram,58,47,Made,True,False,1627742.0,,2pt missed,rebound,,,,101150|1626149|1626156|1627742|201156|201569|201935|203903|203944|2772,1626156|1627742|201156|203903|203944,101150|1626149|201569|201935|2772,-9.0,11.0,1610612747.0,21601010,True
2,PT03M17.00S,03:17,Q2 03:17,27.28333333333333,272,rebound,Ingram REBOUND (Off:1 Def:2),[],Ingram,0,0,,False,False,1627742.0,,2pt made,2pt made,,,,101150|1626149|1626156|1627742|201156|201569|201935|203903|203944|2772,1626156|1627742|201156|203903|203944,101150|1626149|201569|201935|2772,,,1610612747.0,21601010,True
2,PT03M06.00S,03:06,Q2 03:06,27.1,273,2pt,Williams  Driving Layup (19 PTS) (Harden 10 AST),['pointsinthepaint'],Williams,60,47,Made,True,True,101150.0,201935.0,rebound,timeout,,,,101150|1626149|1626156|1627742|201156|201569|201935|203903|203944|2772,101150|1626149|201569|201935|2772,1626156|1627742|201156|203903|203944,-1.0,-1.0,1610612745.0,21601010,True
2,PT02M56.00S,02:56,Q2 02:56,26.933333333333334,274,timeout,Lakers Timeout: Regular (Reg.2 Short 1),[],,0,0,,False,False,0.0,,2pt made,3pt missed,,,,101150|1626149|1626156|1627742|201156|201569|201935|203903|203944|2772,1626156|1627742|201156|203903|203944,101150|1626149|201569|201935|2772,,,1610612747.0,21601010,True
2,PT02M37.00S,02:37,Q2 02:37,26.616666666666667,278,3pt,MISS Russell 24' 3PT Jump Shot,[],Russell,0,0,Missed,True,False,1626156.0,,timeout,rebound,,,,101150|1626149|1626156|1627742|201156|201569|201935|203903|203944|2772,1626156|1627742|201156|203903|203944,101150|1626149|201569|201935|2772,94.0,223.0,1610612747.0,21601010,True
2,PT02M34.00S,02:34,Q2 02:34,26.566666666666666,279,rebound,Williams REBOUND (Off:0 Def:1),[],Williams,0,0,,False,False,101150.0,,3pt missed,2pt made,,,,101150|1626149|1626156|1627742|201156|201569|201935|203903|203944|2772,101150|1626149|201569|201935|2772,1626156|1627742|201156|203903|203944,,,1610612745.0,21601010,True
2,PT02M27.00S,02:27,Q2 02:27,26.45,280,2pt,Harden 1' Driving Layup (14 PTS),['pointsinthepaint'],Harden,62,47,Made,True,False,201935.0,,rebound,2pt missed,,,,101150|1626149|1626156|1627742|201156|201569|201935|203903|203944|2772,101150|1626149|201569|201935|2772,1626156|1627742|201156|203903|203944,-7.0,8.0,1610612745.0,21601010,True
2,PT02M10.00S,02:10,Q2 02:10,26.166666666666668,281,2pt,MISS Ingram 2' Layup,['pointsinthepaint'],Ingram,0,0,Missed,True,False,1627742.0,,2pt made,block,,,,101150|1626149|1626156|1627742|201156|201569|201935|203903|203944|2772,1626156|1627742|201156|203903|203944,101150|1626149|201569|201935|2772,19.0,-1.0,1610612747.0,21601010,True
2,PT02M10.00S,02:10,Q2 02:10,26.166666666666668,281,block,Harrell BLOCK (1 BLK),[],Harrell,0,0,,False,False,1626149.0,,2pt missed,rebound,,,1626149.0,101150|1626149|1626156|1627742|201156|201569|201935|203903|203944|2772,101150|1626149|201569|201935|2772,1626156|1627742|201156|203903|203944,,,1610612745.0,21601010,True
2,PT02M09.00S,02:09,Q2 02:09,26.15,282,rebound,TEAM offensive REBOUND,['team'],,0,0,,False,False,0.0,,block,foul,,,,101150|1626149|1626156|1627742|201156|201569|201935|203903|203944|2772,1626156|1627742|201156|203903|203944,101150|1626149|201569|201935|2772,,,1610612747.0,21601010,True
2,PT02M05.00S,02:05,Q2 02:05,26.083333333333332,283,foul,Williams S.FOUL (P3.PN) (S.Wall),['inpenalty'],Williams,0,0,,False,False,101150.0,,rebound,freethrow,1626156.0,,,101150|1626149|1626156|1627742|201156|201569|201935|203903|203944|2772,101150|1626149|201569|201935|2772,1626156|1627742|201156|203903|203944,,,1610612745.0,21601010,True
2,PT02M05.00S,02:05,Q2 02:05,26.083333333333332,284,freethrow,MISS Russell Free Throw 1 of 2,[],Russell,0,0,Missed,False,False,1626156.0,,foul,rebound,,,,101150|1626149|1626156|1627742|201156|201569|201935|203903|203944|2772,1626156|1627742|201156|203903|203944,101150|1626149|201569|201935|2772,,,1610612747.0,21601010,True
2,PT02M05.00S,02:05,Q2 02:05,26.083333333333332,285,rebound,TEAM offensive REBOUND,['team'],,0,0,,False,False,0.0,,freethrow,freethrow,,,,101150|1626149|1626156|1627742|201156|201569|201935|203903|203944|2772,1626156|1627742|201156|203903|203944,101150|1626149|201569|201935|2772,,,1610612747.0,21601010,True
2,PT02M05.00S,02:05,Q2 02:05,26.083333333333332,287,freethrow,Russell Free Throw 2 of 2 (5 PTS),[],Russell,62,48,Made,False,False,1626156.0,,rebound,substitution,,,,101150|1626149|1626156|1627742|201156|201569|201935|203903|203944|2772,1626156|1627742|201156|203903|203944,101150|1626149|201569|201935|2772,,,1610612747.0,21601010,True
2,PT02M05.00S,02:05,Q2 02:05,26.083333333333332,286,substitution,SUB out: L. Williams,[],Williams,0,0,,False,False,101150.0,,freethrow,substitution,,,,1626149|1626156|1627742|201156|201569|201935|203903|203944|2772,1626149|201569|201935|2772,1626156|1627742|201156|203903|203944,,,1610612745.0,21601010,False
2,PT02M05.00S,02:05,Q2 02:05,26.083333333333332,287,substitution,SUB in: P. Beverley,[],Beverley,0,0,,False,False,201976.0,,substitution,3pt missed,,,,1626149|1626156|1627742|201156|201569|201935|201976|203903|203944|2772,1626149|201569|201935|201976|2772,1626156|1627742|201156|203903|203944,,,1610612745.0,21601010,True
2,PT01M48.00S,01:48,Q2 01:48,25.8,290,3pt,MISS Harden 24' 3PT Pullup Jump Shot,[],Harden,0,0,Missed,True,False,201935.0,,substitution,rebound,,,,1626149|1626156|1627742|201156|201569|201935|201976|203903|203944|2772,1626149|201569|201935|201976|2772,1626156|1627742|201156|203903|203944,74.0,232.0,1610612745.0,21601010,True
2,PT01M47.00S,01:47,Q2 01:47,25.78333333333333,291,rebound,TEAM offensive REBOUND,['team'],,0,0,,False,False,0.0,,3pt missed,3pt made,,,,1626149|1626156|1627742|201156|201569|201935|201976|203903|203944|2772,1626149|201569|201935|201976|2772,1626156|1627742|201156|203903|203944,,,1610612745.0,21601010,True
2,PT01M28.00S,01:28,Q2 01:28,25.46666666666667,292,3pt,Beverley  3PT Jump Shot (5 PTS) (Ariza 2 AST),['2ndchance'],Beverley,65,48,Made,True,True,201976.0,2772.0,rebound,3pt missed,,,,1626149|1626156|1627742|201156|201569|201935|201976|203903|203944|2772,1626149|201569|201935|201976|2772,1626156|1627742|201156|203903|203944,-225.0,13.0,1610612745.0,21601010,True
2,PT01M03.00S,01:03,Q2 01:03,25.05,293,3pt,MISS Clarkson 24' 3PT Jump Shot,[],Clarkson,0,0,Missed,True,False,203903.0,,3pt made,rebound,,,,1626149|1626156|1627742|201156|201569|201935|201976|203903|203944|2772,1626156|1627742|201156|203903|203944,1626149|201569|201935|201976|2772,15.0,244.0,1610612747.0,21601010,True
2,PT01M02.00S,01:02,Q2 01:02,25.033333333333335,294,rebound,Gordon REBOUND (Off:0 Def:2),[],Gordon,0,0,,False,False,201569.0,,3pt missed,3pt missed,,,,1626149|1626156|1627742|201156|201569|201935|201976|203903|203944|2772,1626149|201569|201935|201976|2772,1626156|1627742|201156|203903|203944,,,1610612745.0,21601010,True
2,PT00M54.90S,00:54,Q2 00:54,24.915,296,3pt,MISS Ariza 24' 3PT Jump Shot,[],Ariza,0,0,Missed,True,False,2772.0,,rebound,rebound,,,,1626149|1626156|1627742|201156|201569|201935|201976|203903|203944|2772,1626149|201569|201935|201976|2772,1626156|1627742|201156|203903|203944,240.0,28.0,1610612745.0,21601010,True
2,PT00M53.90S,00:53,Q2 00:53,24.898333333333333,297,rebound,Randle REBOUND (Off:2 Def:5),[],Randle,0,0,,False,False,203944.0,,3pt missed,2pt made,,,,1626149|1626156|1627742|201156|201569|201935|201976|203903|203944|2772,1626156|1627742|201156|203903|203944,1626149|201569|201935|201976|2772,,,1610612747.0,21601010,True
2,PT00M49.50S,00:49,Q2 00:49,24.825,298,2pt,Ingram  Dunk (12 PTS) (Randle 1 AST),['pointsinthepaint'],Ingram,65,50,Made,True,True,1627742.0,203944.0,rebound,foul,,,,1626149|1626156|1627742|201156|201569|201935|201976|203903|203944|2772,1626156|1627742|201156|203903|203944,1626149|201569|201935|201976|2772,0.0,1.0,1610612747.0,21601010,True
2,PT00M44.70S,00:44,Q2 00:44,24.745,299,foul,Randle S.FOUL (P2.PN) (M.Callahan),['inpenalty'],Randle,0,0,,False,False,203944.0,,2pt made,freethrow,1626149.0,,,1626149|1626156|1627742|201156|201569|201935|201976|203903|203944|2772,1626156|1627742|201156|203903|203944,1626149|201569|201935|201976|2772,,,1610612747.0,21601010,True
2,PT00M44.70S,00:44,Q2 00:44,24.745,300,freethrow,Harrell Free Throw 1 of 2 (2 PTS),[],Harrell,66,50,Made,False,False,1626149.0,,foul,freethrow,,,,1626149|1626156|1627742|201156|201569|201935|201976|203903|203944|2772,1626149|201569|201935|201976|2772,1626156|1627742|201156|203903|203944,,,1610612745.0,21601010,True
2,PT00M44.70S,00:44,Q2 00:44,24.745,302,freethrow,MISS Harrell Free Throw 2 of 2,[],Harrell,0,0,Missed,False,False,1626149.0,,freethrow,rebound,,,,1626149|1626156|1627742|201156|201569|201935|201976|203903|203944|2772,1626149|201569|201935|201976|2772,1626156|1627742|201156|203903|203944,,,1610612745.0,21601010,True
2,PT00M44.70S,00:44,Q2 00:44,24.745,304,rebound,Ingram REBOUND (Off:1 Def:3),[],Ingram,0,0,,False,False,1627742.0,,freethrow,2pt made,,,,1626149|1626156|1627742|201156|201569|201935|201976|203903|203944|2772,1626156|1627742|201156|203903|203944,1626149|201569|201935|201976|2772,,,1610612747.0,21601010,True
2,PT00M33.40S,00:33,Q2 00:33,24.556666666666665,305,2pt,Clarkson 2' Driving Layup (9 PTS),['pointsinthepaint'],Clarkson,66,52,Made,True,False,203903.0,,rebound,3pt missed,,,,1626149|1626156|1627742|201156|201569|201935|201976|203903|203944|2772,1626156|1627742|201156|203903|203944,1626149|201569|201935|201976|2772,-16.0,2.0,1610612747.0,21601010,True
2,PT00M25.80S,00:25,Q2 00:25,24.43,306,3pt,MISS Gordon 25' 3PT Jump Shot,[],Gordon,0,0,Missed,True,False,201569.0,,2pt made,rebound,,,,1626149|1626156|1627742|201156|201569|201935|201976|203903|203944|2772,1626149|201569|201935|201976|2772,1626156|1627742|201156|203903|203944,87.0,232.0,1610612745.0,21601010,True
2,PT00M24.70S,00:24,Q2 00:24,24.411666666666665,307,rebound,TEAM offensive REBOUND,['team'],,0,0,,False,False,0.0,,3pt missed,turnover,,,,1626149|1626156|1627742|201156|201569|201935|201976|203903|203944|2772,1626149|201569|201935|201976|2772,1626156|1627742|201156|203903|203944,,,1610612745.0,21601010,True
2,PT00M00.70S,00:00,Q2 00:00,24.011666666666667,308,turnover,ROCKETS Turnover: Shot Clock (T#13),[],,0,0,,False,False,1610612745.0,,rebound,instant replay,,,,1626149|1626156|1627742|201156|201569|201935|201976|203903|203944|2772,1626149|201569|201935|201976|2772,1626156|1627742|201156|203903|203944,,,0.0,21601010,True
2,PT00M00.00S,00:00,Q2 00:00,24.0,311,period,End of 2nd Period (9:11 PM EST),[],,66,52,,False,False,0.0,,instant replay,period,,,,1626149|1626156|1627742|201156|201569|201935|201976|203903|203944|2772,1626149|201569|201935|201976|2772,1626156|1627742|201156|203903|203944,,,1610612745.0,21601010,True
3,PT12M00.00S,12:00,Q3 12:00,24.0,313,period,Start of 3rd Period (9:26 PM EST),[],,66,52,,False,False,0.0,,period,substitution,,,,1626149|1626156|1627742|201156|201569|201935|201976|203903|203944|2772,1626149|201569|201935|201976|2772,1626156|1627742|201156|203903|203944,,,1610612745.0,21601010,True
3,PT11M42.00S,11:42,Q3 11:42,23.7,314,3pt,MISS Young 25' 3PT Jump Shot,[],Young,0,0,Missed,True,False,201156.0,,substitution,rebound,,,,1627742|1627826|201156|201583|201935|201976|203903|203944|203991|2772,1627742|1627826|201156|203903|203944,201583|201935|201976|203991|2772,-115.0,219.0,1610612747.0,21601010,True
3,PT11M41.00S,11:41,Q3 11:41,23.683333333333334,315,rebound,Ariza REBOUND (Off:0 Def:1),[],Ariza,0,0,,False,False,2772.0,,3pt missed,3pt missed,,,,1627742|1627826|201156|201583|201935|201976|203903|203944|203991|2772,201583|201935|201976|203991|2772,1627742|1627826|201156|203903|203944,,,1610612745.0,21601010,True
3,PT11M15.00S,11:15,Q3 11:15,23.25,316,3pt,MISS Anderson 25' 3PT Jump Shot,[],Anderson,0,0,Missed,True,False,201583.0,,rebound,rebound,,,,1627742|1627826|201156|201583|201935|201976|203903|203944|203991|2772,201583|201935|201976|203991|2772,1627742|1627826|201156|203903|203944,104.0,224.0,1610612745.0,21601010,True
3,PT11M13.00S,11:13,Q3 11:13,23.21666666666667,317,rebound,Young REBOUND (Off:0 Def:1),[],Young,0,0,,False,False,201156.0,,3pt missed,foul,,,,1627742|1627826|201156|201583|201935|201976|203903|203944|203991|2772,1627742|1627826|201156|203903|203944,201583|201935|201976|203991|2772,,,1610612747.0,21601010,True
3,PT11M11.00S,11:11,Q3 11:11,23.183333333333334,318,foul,Beverley P.FOUL (P2.T1) (S.Wall),[],Beverley,0,0,,False,False,201976.0,,rebound,2pt made,203944.0,,,1627742|1627826|201156|201583|201935|201976|203903|203944|203991|2772,201583|201935|201976|203991|2772,1627742|1627826|201156|203903|203944,,,1610612745.0,21601010,True
3,PT10M56.00S,10:56,Q3 10:56,22.933333333333334,320,2pt,Randle 7' Turnaround Jump Shot (24 PTS),['pointsinthepaint'],Randle,66,54,Made,True,False,203944.0,,foul,3pt missed,,,,1627742|1627826|201156|201583|201935|201976|203903|203944|203991|2772,1627742|1627826|201156|203903|203944,201583|201935|201976|203991|2772,-37.0,56.0,1610612747.0,21601010,True
3,PT10M44.00S,10:44,Q3 10:44,22.733333333333334,321,3pt,MISS Harden 25' 3PT Jump Shot,[],Harden,0,0,Missed,True,False,201935.0,,2pt made,rebound,,,,1627742|1627826|201156|201583|201935|201976|203903|203944|203991|2772,201583|201935|201976|203991|2772,1627742|1627826|201156|203903|203944,-1.0,247.0,1610612745.0,21601010,True
3,PT10M43.00S,10:43,Q3 10:43,22.71666666666667,322,rebound,Capela REBOUND (Off:3 Def:7),[],Capela,0,0,,False,False,203991.0,,3pt missed,turnover,,,,1627742|1627826|201156|201583|201935|201976|203903|203944|203991|2772,201583|201935|201976|203991|2772,1627742|1627826|201156|203903|203944,,,1610612745.0,21601010,True
3,PT10M39.00S,10:39,Q3 10:39,22.65,323,turnover,Capela Poss Lost Ball Turnover (P1.T14),[],Capela,0,0,,False,False,203991.0,,rebound,foul,,,,1627742|1627826|201156|201583|201935|201976|203903|203944|203991|2772,201583|201935|201976|203991|2772,1627742|1627826|201156|203903|203944,,,1610612745.0,21601010,True
3,PT10M39.00S,10:39,Q3 10:39,22.65,324,foul,Capela L.B.FOUL (P2.T2) (M.Callahan),[],Capela,0,0,,False,False,203991.0,,turnover,2pt made,203944.0,,,1627742|1627826|201156|201583|201935|201976|203903|203944|203991|2772,201583|201935|201976|203991|2772,1627742|1627826|201156|203903|203944,,,1610612745.0,21601010,True
3,PT10M23.00S,10:23,Q3 10:23,22.383333333333333,325,2pt,Randle 8' Turnaround Jump Shot (26 PTS),['pointsinthepaint'],Randle,66,56,Made,True,False,203944.0,,foul,foul,,,,1627742|1627826|201156|201583|201935|201976|203903|203944|203991|2772,1627742|1627826|201156|203903|203944,201583|201935|201976|203991|2772,-79.0,26.0,1610612747.0,21601010,True
3,PT10M08.00S,10:08,Q3 10:08,22.133333333333333,326,foul,Randle S.FOUL (P3.T1) (M.Callahan),[],Randle,0,0,,False,False,203944.0,,2pt made,freethrow,203991.0,,,1627742|1627826|201156|201583|201935|201976|203903|203944|203991|2772,1627742|1627826|201156|203903|203944,201583|201935|201976|203991|2772,,,1610612747.0,21601010,True
3,PT10M08.00S,10:08,Q3 10:08,22.133333333333333,327,freethrow,Capela Free Throw 1 of 2 (10 PTS),[],Capela,67,56,Made,False,False,203991.0,,foul,freethrow,,,,1627742|1627826|201156|201583|201935|201976|203903|203944|203991|2772,201583|201935|201976|203991|2772,1627742|1627826|201156|203903|203944,,,1610612745.0,21601010,True
3,PT10M08.00S,10:08,Q3 10:08,22.133333333333333,330,freethrow,MISS Capela Free Throw 2 of 2,[],Capela,0,0,Missed,False,False,203991.0,,freethrow,rebound,,,,1627742|1627826|201156|201583|201935|201976|203903|203944|203991|2772,201583|201935|201976|203991|2772,1627742|1627826|201156|203903|203944,,,1610612745.0,21601010,True
3,PT10M08.00S,10:08,Q3 10:08,22.133333333333333,332,rebound,Anderson REBOUND (Off:2 Def:0),[],Anderson,0,0,,False,False,201583.0,,freethrow,substitution,,,,1627742|1627826|201156|201583|201935|201976|203903|203944|203991|2772,201583|201935|201976|203991|2772,1627742|1627826|201156|203903|203944,,,1610612745.0,21601010,True
3,PT10M08.00S,10:08,Q3 10:08,22.133333333333333,329,substitution,SUB out: N. Young,[],Young,0,0,,False,False,201156.0,,rebound,substitution,,,,1627742|1627826|201583|201935|201976|203903|203944|203991|2772,1627742|1627826|203903|203944,201583|201935|201976|203991|2772,,,1610612747.0,21601010,False
3,PT10M08.00S,10:08,Q3 10:08,22.133333333333333,330,substitution,SUB in: D. Russell,[],Russell,0,0,,False,False,1626156.0,,substitution,turnover,,,,1626156|1627742|1627826|201583|201935|201976|203903|203944|203991|2772,1626156|1627742|1627826|203903|203944,201583|201935|201976|203991|2772,,,1610612747.0,21601010,True
3,PT09M58.00S,09:58,Q3 09:58,21.96666666666667,333,turnover,Harden Out of Bounds - Bad Pass Turnover Turnover (P7.T15),[],Harden,0,0,,False,False,201935.0,,substitution,3pt made,,,,1626156|1627742|1627826|201583|201935|201976|203903|203944|203991|2772,201583|201935|201976|203991|2772,1626156|1627742|1627826|203903|203944,,,1610612745.0,21601010,True
3,PT09M41.00S,09:41,Q3 09:41,21.683333333333334,335,3pt,Ingram 24' 3PT Jump Shot (15 PTS) (Clarkson 2 AST),[],Ingram,67,59,Made,True,True,1627742.0,203903.0,turnover,3pt made,,,,1626156|1627742|1627826|201583|201935|201976|203903|203944|203991|2772,1626156|1627742|1627826|203903|203944,201583|201935|201976|203991|2772,233.0,36.0,1610612747.0,21601010,True
3,PT09M26.00S,09:26,Q3 09:26,21.433333333333334,336,3pt,Ariza 24' 3PT Jump Shot (14 PTS) (Beverley 1 AST),[],Ariza,70,59,Made,True,True,2772.0,201976.0,3pt made,turnover,,,,1626156|1627742|1627826|201583|201935|201976|203903|203944|203991|2772,201583|201935|201976|203991|2772,1626156|1627742|1627826|203903|203944,-79.0,229.0,1610612745.0,21601010,True
3,PT09M15.00S,09:15,Q3 09:15,21.25,337,turnover,Clarkson Bad Pass Turnover (P2.T12),[],Clarkson,0,0,,False,False,203903.0,,3pt made,steal,,,,1626156|1627742|1627826|201583|201935|201976|203903|203944|203991|2772,1626156|1627742|1627826|203903|203944,201583|201935|201976|203991|2772,,,1610612747.0,21601010,True
3,PT09M15.00S,09:15,Q3 09:15,21.25,337,steal,Ariza STEAL (4 STL),[],Ariza,0,0,,False,False,2772.0,,turnover,turnover,,2772.0,,1626156|1627742|1627826|201583|201935|201976|203903|203944|203991|2772,201583|201935|201976|203991|2772,1626156|1627742|1627826|203903|203944,,,1610612745.0,21601010,True
3,PT09M03.00S,09:03,Q3 09:03,21.05,338,turnover,Capela Bad Pass Turnover (P2.T16),[],Capela,0,0,,False,False,203991.0,,steal,steal,,,,1626156|1627742|1627826|201583|201935|201976|203903|203944|203991|2772,201583|201935|201976|203991|2772,1626156|1627742|1627826|203903|203944,,,1610612745.0,21601010,True
3,PT09M03.00S,09:03,Q3 09:03,21.05,338,steal,Clarkson STEAL (2 STL),[],Clarkson,0,0,,False,False,203903.0,,turnover,2pt made,,203903.0,,1626156|1627742|1627826|201583|201935|201976|203903|203944|203991|2772,1626156|1627742|1627826|203903|203944,201583|201935|201976|203991|2772,,,1610612747.0,21601010,True
3,PT08M57.00S,08:57,Q3 08:57,20.95,339,2pt,Randle 1' Layup (28 PTS) (Russell 2 AST),['pointsinthepaint'],Randle,70,61,Made,True,True,203944.0,1626156.0,steal,foul,,,,1626156|1627742|1627826|201583|201935|201976|203903|203944|203991|2772,1626156|1627742|1627826|203903|203944,201583|201935|201976|203991|2772,1.0,7.0,1610612747.0,21601010,True
3,PT08M42.00S,08:42,Q3 08:42,20.7,340,foul,Russell S.FOUL (P3.T2) (S.Wall),[],Russell,0,0,,False,False,1626156.0,,2pt made,freethrow,201976.0,,,1626156|1627742|1627826|201583|201935|201976|203903|203944|203991|2772,1626156|1627742|1627826|203903|203944,201583|201935|201976|203991|2772,,,1610612747.0,21601010,True
3,PT08M42.00S,08:42,Q3 08:42,20.7,341,freethrow,Beverley Free Throw 1 of 2 (6 PTS),[],Beverley,71,61,Made,False,False,201976.0,,foul,freethrow,,,,1626156|1627742|1627826|201583|201935|201976|203903|203944|203991|2772,201583|201935|201976|203991|2772,1626156|1627742|1627826|203903|203944,,,1610612745.0,21601010,True
3,PT08M42.00S,08:42,Q3 08:42,20.7,343,freethrow,Beverley Free Throw 2 of 2 (7 PTS),[],Beverley,72,61,Made,False,False,201976.0,,freethrow,foul,,,,1626156|1627742|1627826|201583|201935|201976|203903|203944|203991|2772,201583|201935|201976|203991|2772,1626156|1627742|1627826|203903|203944,,,1610612745.0,21601010,True
3,PT08M37.00S,08:37,Q3 08:37,20.616666666666667,346,foul,Russell OFF.Foul (P4) (S.Wall),[],Russell,0,0,,False,False,1626156.0,,freethrow,turnover,201583.0,,,1626156|1627742|1627826|201583|201935|201976|203903|203944|203991|2772,1626156|1627742|1627826|203903|203944,201583|201935|201976|203991|2772,,,1610612747.0,21601010,True
3,PT08M37.00S,08:37,Q3 08:37,20.616666666666667,347,turnover,Russell Foul Turnover (P5.T13),[],Russell,0,0,,False,False,1626156.0,,foul,2pt missed,,,,1626156|1627742|1627826|201583|201935|201976|203903|203944|203991|2772,1626156|1627742|1627826|203903|203944,201583|201935|201976|203991|2772,,,1610612747.0,21601010,True
3,PT08M32.00S,08:32,Q3 08:32,20.53333333333333,348,2pt,MISS Anderson 18' Jump Shot,[],Anderson,0,0,Missed,True,False,201583.0,,turnover,rebound,,,,1626156|1627742|1627826|201583|201935|201976|203903|203944|203991|2772,201583|201935|201976|203991|2772,1626156|1627742|1627826|203903|203944,71.0,169.0,1610612745.0,21601010,True
3,PT08M30.00S,08:30,Q3 08:30,20.5,349,rebound,Zubac REBOUND (Off:0 Def:2),[],Zubac,0,0,,False,False,1627826.0,,2pt missed,3pt missed,,,,1626156|1627742|1627826|201583|201935|201976|203903|203944|203991|2772,1626156|1627742|1627826|203903|203944,201583|201935|201976|203991|2772,,,1610612747.0,21601010,True
3,PT08M16.00S,08:16,Q3 08:16,20.266666666666666,350,3pt,MISS Russell 25' 3PT Jump Shot,[],Russell,0,0,Missed,True,False,1626156.0,,rebound,rebound,,,,1626156|1627742|1627826|201583|201935|201976|203903|203944|203991|2772,1626156|1627742|1627826|203903|203944,201583|201935|201976|203991|2772,92.0,232.0,1610612747.0,21601010,True
3,PT08M15.00S,08:15,Q3 08:15,20.25,351,rebound,Ariza REBOUND (Off:0 Def:2),[],Ariza,0,0,,False,False,2772.0,,3pt missed,foul,,,,1626156|1627742|1627826|201583|201935|201976|203903|203944|203991|2772,201583|201935|201976|203991|2772,1626156|1627742|1627826|203903|203944,,,1610612745.0,21601010,True
3,PT08M06.00S,08:06,Q3 08:06,20.1,352,foul,Zubac S.FOUL (P4.T3) (K.Scott),[],Zubac,0,0,,False,False,1627826.0,,rebound,freethrow,203991.0,,,1626156|1627742|1627826|201583|201935|201976|203903|203944|203991|2772,1626156|1627742|1627826|203903|203944,201583|201935|201976|203991|2772,,,1610612747.0,21601010,True
3,PT08M06.00S,08:06,Q3 08:06,20.1,353,freethrow,Capela Free Throw 1 of 2 (11 PTS),[],Capela,73,61,Made,False,False,203991.0,,foul,freethrow,,,,1626156|1627742|1627826|201583|201935|201976|203903|203944|203991|2772,201583|201935|201976|203991|2772,1626156|1627742|1627826|203903|203944,,,1610612745.0,21601010,True
3,PT08M06.00S,08:06,Q3 08:06,20.1,357,freethrow,Capela Free Throw 2 of 2 (12 PTS),[],Capela,74,61,Made,False,False,203991.0,,freethrow,substitution,,,,1626156|1627742|1627826|201583|201935|201976|203903|203944|203991|2772,201583|201935|201976|203991|2772,1626156|1627742|1627826|203903|203944,,,1610612745.0,21601010,True
3,PT08M06.00S,08:06,Q3 08:06,20.1,356,substitution,SUB out: I. Zubac,[],Zubac,0,0,,False,False,1627826.0,,freethrow,substitution,,,,1626156|1627742|201583|201935|201976|203903|203944|203991|2772,1626156|1627742|203903|203944,201583|201935|201976|203991|2772,,,1610612747.0,21601010,False
3,PT08M06.00S,08:06,Q3 08:06,20.1,357,substitution,SUB in: C. Brewer,[],Brewer,0,0,,False,False,201147.0,,substitution,2pt made,,,,1626156|1627742|201147|201583|201935|201976|203903|203944|203991|2772,1626156|1627742|201147|203903|203944,201583|201935|201976|203991|2772,,,1610612747.0,21601010,True
3,PT07M52.00S,07:52,Q3 07:52,19.866666666666667,360,2pt,Randle  Driving Dunk (30 PTS),['pointsinthepaint'],Randle,74,63,Made,True,False,203944.0,,substitution,foul,,,,1626156|1627742|201147|201583|201935|201976|203903|203944|203991|2772,1626156|1627742|201147|203903|203944,201583|201935|201976|203991|2772,0.0,1.0,1610612747.0,21601010,True
3,PT07M42.00S,07:42,Q3 07:42,19.7,361,foul,Ingram S.FOUL (P1.T4) (S.Wall),['inpenalty'],Ingram,0,0,,False,False,1627742.0,,2pt made,freethrow,203991.0,,,1626156|1627742|201147|201583|201935|201976|203903|203944|203991|2772,1626156|1627742|201147|203903|203944,201583|201935|201976|203991|2772,,,1610612747.0,21601010,True
3,PT07M42.00S,07:42,Q3 07:42,19.7,362,freethrow,Capela Free Throw 1 of 2 (13 PTS),[],Capela,75,63,Made,False,False,203991.0,,foul,freethrow,,,,1626156|1627742|201147|201583|201935|201976|203903|203944|203991|2772,201583|201935|201976|203991|2772,1626156|1627742|201147|203903|203944,,,1610612745.0,21601010,True
3,PT07M42.00S,07:42,Q3 07:42,19.7,364,freethrow,MISS Capela Free Throw 2 of 2,[],Capela,0,0,Missed,False,False,203991.0,,freethrow,rebound,,,,1626156|1627742|201147|201583|201935|201976|203903|203944|203991|2772,201583|201935|201976|203991|2772,1626156|1627742|201147|203903|203944,,,1610612745.0,21601010,True
3,PT07M42.00S,07:42,Q3 07:42,19.7,366,rebound,Ariza REBOUND (Off:1 Def:2),[],Ariza,0,0,,False,False,2772.0,,freethrow,turnover,,,,1626156|1627742|201147|201583|201935|201976|203903|203944|203991|2772,201583|201935|201976|203991|2772,1626156|1627742|201147|203903|203944,,,1610612745.0,21601010,True
3,PT07M38.00S,07:38,Q3 07:38,19.633333333333333,367,turnover,Ariza Traveling Turnover (P1.T17),[],Ariza,0,0,,False,False,2772.0,,rebound,2pt made,,,,1626156|1627742|201147|201583|201935|201976|203903|203944|203991|2772,201583|201935|201976|203991|2772,1626156|1627742|201147|203903|203944,,,1610612745.0,21601010,True
3,PT07M22.00S,07:22,Q3 07:22,19.366666666666667,368,2pt,Clarkson 1' Driving Layup (11 PTS),['pointsinthepaint'],Clarkson,75,65,Made,True,False,203903.0,,turnover,foul,,,,1626156|1627742|201147|201583|201935|201976|203903|203944|203991|2772,1626156|1627742|201147|203903|203944,201583|201935|201976|203991|2772,-7.0,2.0,1610612747.0,21601010,True
3,PT07M05.00S,07:05,Q3 07:05,19.083333333333332,369,foul,Russell P.FOUL (P5.PN) (K.Scott),['inpenalty'],Russell,0,0,,False,False,1626156.0,,2pt made,freethrow,201976.0,,,1626156|1627742|201147|201583|201935|201976|203903|203944|203991|2772,1626156|1627742|201147|203903|203944,201583|201935|201976|203991|2772,,,1610612747.0,21601010,True
3,PT07M05.00S,07:05,Q3 07:05,19.083333333333332,370,freethrow,Beverley Free Throw 1 of 2 (8 PTS),[],Beverley,76,65,Made,False,False,201976.0,,foul,freethrow,,,,1626156|1627742|201147|201583|201935|201976|203903|203944|203991|2772,201583|201935|201976|203991|2772,1626156|1627742|201147|203903|203944,,,1610612745.0,21601010,True
3,PT07M05.00S,07:05,Q3 07:05,19.083333333333332,374,freethrow,Beverley Free Throw 2 of 2 (9 PTS),[],Beverley,77,65,Made,False,False,201976.0,,freethrow,substitution,,,,1626156|1627742|201147|201583|201935|201976|203903|203944|203991|2772,201583|201935|201976|203991|2772,1626156|1627742|201147|203903|203944,,,1610612745.0,21601010,True
3,PT07M05.00S,07:05,Q3 07:05,19.083333333333332,372,substitution,SUB: Nene FOR Capela,[],Capela,0,0,,False,False,203991.0,,substitution,substitution,,,,1626156|1627742|201147|201583|201935|201976|203903|203944|2403|2772,201583|201935|201976|2403|2772,1626156|1627742|201147|203903|203944,,,1610612745.0,21601010,True
3,PT07M05.00S,07:05,Q3 07:05,19.083333333333332,373,substitution,SUB out: D. Russell,[],Russell,0,0,,False,False,1626156.0,,substitution,substitution,,,,1627742|201147|201583|201935|201976|203903|203944|2403|2772,1627742|201147|203903|203944,201583|201935|201976|2403|2772,,,1610612747.0,21601010,False
3,PT07M05.00S,07:05,Q3 07:05,19.083333333333332,375,substitution,SUB in: D. Nwaba,[],Nwaba,0,0,,False,False,1628021.0,,substitution,3pt missed,,,,1627742|1628021|201147|201583|201935|201976|203903|203944|2403|2772,1627742|1628021|201147|203903|203944,201583|201935|201976|2403|2772,,,1610612747.0,21601010,True
3,PT06M47.00S,06:47,Q3 06:47,18.78333333333333,377,3pt,MISS Brewer 24' 3PT Jump Shot,[],Brewer,0,0,Missed,True,False,201147.0,,substitution,rebound,,,,1627742|1628021|201147|201583|201935|201976|203903|203944|2403|2772,1627742|1628021|201147|203903|203944,201583|201935|201976|2403|2772,236.0,43.0,1610612747.0,21601010,True
3,PT06M45.00S,06:45,Q3 06:45,18.75,378,rebound,Harden REBOUND (Off:1 Def:6),[],Harden,0,0,,False,False,201935.0,,3pt missed,turnover,,,,1627742|1628021|201147|201583|201935|201976|203903|203944|2403|2772,201583|201935|201976|2403|2772,1627742|1628021|201147|203903|203944,,,1610612745.0,21601010,True
3,PT06M42.00S,06:42,Q3 06:42,18.7,379,turnover,Harden Out of Bounds - Bad Pass Turnover Turnover (P8.T18),[],Harden,0,0,,False,False,201935.0,,rebound,3pt made,,,,1627742|1628021|201147|201583|201935|201976|203903|203944|2403|2772,201583|201935|201976|2403|2772,1627742|1628021|201147|203903|203944,,,1610612745.0,21601010,True
3,PT06M34.00S,06:34,Q3 06:34,18.566666666666666,380,3pt,Ingram 24' 3PT Jump Shot (18 PTS) (Clarkson 3 AST),[],Ingram,77,68,Made,True,True,1627742.0,203903.0,turnover,2pt made,,,,1627742|1628021|201147|201583|201935|201976|203903|203944|2403|2772,1627742|1628021|201147|203903|203944,201583|201935|201976|2403|2772,-55.0,237.0,1610612747.0,21601010,True
3,PT06M23.00S,06:23,Q3 06:23,18.383333333333333,381,2pt,Nene  Cutting Dunk Shot (6 PTS) (Harden 11 AST),['pointsinthepaint'],Hilario,79,68,Made,True,True,2403.0,201935.0,3pt made,3pt made,,,,1627742|1628021|201147|201583|201935|201976|203903|203944|2403|2772,201583|201935|201976|2403|2772,1627742|1628021|201147|203903|203944,0.0,1.0,1610612745.0,21601010,True
3,PT06M00.00S,06:00,Q3 06:00,18.0,382,3pt,Clarkson 25' 3PT Jump Shot (14 PTS) (Ingram 1 AST),[],Clarkson,79,71,Made,True,True,203903.0,1627742.0,2pt made,3pt missed,,,,1627742|1628021|201147|201583|201935|201976|203903|203944|2403|2772,1627742|1628021|201147|203903|203944,201583|201935|201976|2403|2772,222.0,111.0,1610612747.0,21601010,True
3,PT05M48.00S,05:48,Q3 05:48,17.8,383,3pt,MISS Harden 24' 3PT Pullup Jump Shot,[],Harden,0,0,Missed,True,False,201935.0,,3pt made,rebound,,,,1627742|1628021|201147|201583|201935|201976|203903|203944|2403|2772,201583|201935|201976|2403|2772,1627742|1628021|201147|203903|203944,17.0,244.0,1610612745.0,21601010,True
3,PT05M47.00S,05:47,Q3 05:47,17.78333333333333,384,rebound,Ingram REBOUND (Off:1 Def:4),[],Ingram,0,0,,False,False,1627742.0,,3pt missed,2pt missed,,,,1627742|1628021|201147|201583|201935|201976|203903|203944|2403|2772,1627742|1628021|201147|203903|203944,201583|201935|201976|2403|2772,,,1610612747.0,21601010,True
3,PT05M33.00S,05:33,Q3 05:33,17.55,385,2pt,MISS Randle 24' Jump Shot,[],Randle,0,0,Missed,True,False,203944.0,,rebound,rebound,,,,1627742|1628021|201147|201583|201935|201976|203903|203944|2403|2772,1627742|1628021|201147|203903|203944,201583|201935|201976|2403|2772,132.0,195.0,1610612747.0,21601010,True
3,PT05M32.00S,05:32,Q3 05:32,17.53333333333333,386,rebound,Beverley REBOUND (Off:0 Def:3),[],Beverley,0,0,,False,False,201976.0,,2pt missed,3pt missed,,,,1627742|1628021|201147|201583|201935|201976|203903|203944|2403|2772,201583|201935|201976|2403|2772,1627742|1628021|201147|203903|203944,,,1610612745.0,21601010,True
3,PT05M21.00S,05:21,Q3 05:21,17.35,387,3pt,MISS Anderson 24' 3PT Jump Shot,[],Anderson,0,0,Missed,True,False,201583.0,,rebound,rebound,,,,1627742|1628021|201147|201583|201935|201976|203903|203944|2403|2772,201583|201935|201976|2403|2772,1627742|1628021|201147|203903|203944,-237.0,21.0,1610612745.0,21601010,True
3,PT05M20.00S,05:20,Q3 05:20,17.333333333333332,388,rebound,Nene REBOUND (Off:1 Def:0),[],Hilario,0,0,,False,False,2403.0,,3pt missed,foul,,,,1627742|1628021|201147|201583|201935|201976|203903|203944|2403|2772,201583|201935|201976|2403|2772,1627742|1628021|201147|203903|203944,,,1610612745.0,21601010,True
3,PT05M13.00S,05:13,Q3 05:13,17.21666666666667,389,foul,Ingram S.FOUL (P2.PN) (K.Scott),['inpenalty'],Ingram,0,0,,False,False,1627742.0,,rebound,timeout,201935.0,,,1627742|1628021|201147|201583|201935|201976|203903|203944|2403|2772,1627742|1628021|201147|203903|203944,201583|201935|201976|2403|2772,,,1610612747.0,21601010,True
3,PT05M13.00S,05:13,Q3 05:13,17.21666666666667,390,timeout,ROCKETS Timeout: Regular (Full 3 Short 0),[],,0,0,,False,False,0.0,,foul,freethrow,,,,1627742|1628021|201147|201583|201935|201976|203903|203944|2403|2772,201583|201935|201976|2403|2772,1627742|1628021|201147|203903|203944,,,1610612745.0,21601010,True
3,PT05M13.00S,05:13,Q3 05:13,17.21666666666667,395,freethrow,MISS Harden Free Throw 1 of 3,[],Harden,0,0,Missed,False,False,201935.0,,timeout,rebound,,,,1627742|1628021|201147|201583|201935|201976|203903|203944|2403|2772,201583|201935|201976|2403|2772,1627742|1628021|201147|203903|203944,,,1610612745.0,21601010,True
3,PT05M13.00S,05:13,Q3 05:13,17.21666666666667,396,rebound,TEAM offensive REBOUND,['team'],,0,0,,False,False,0.0,,freethrow,freethrow,,,,1627742|1628021|201147|201583|201935|201976|203903|203944|2403|2772,201583|201935|201976|2403|2772,1627742|1628021|201147|203903|203944,,,1610612745.0,21601010,True
3,PT05M13.00S,05:13,Q3 05:13,17.21666666666667,397,freethrow,Harden Free Throw 2 of 3 (15 PTS),['2ndchance'],Harden,80,71,Made,False,False,201935.0,,rebound,freethrow,,,,1627742|1628021|201147|201583|201935|201976|203903|203944|2403|2772,201583|201935|201976|2403|2772,1627742|1628021|201147|203903|203944,,,1610612745.0,21601010,True
3,PT05M13.00S,05:13,Q3 05:13,17.21666666666667,399,freethrow,Harden Free Throw 3 of 3 (16 PTS),[],Harden,81,71,Made,False,False,201935.0,,freethrow,substitution,,,,1627742|1628021|201147|201583|201935|201976|203903|203944|2403|2772,201583|201935|201976|2403|2772,1627742|1628021|201147|203903|203944,,,1610612745.0,21601010,True
3,PT05M13.00S,05:13,Q3 05:13,17.21666666666667,391,substitution,SUB out: R. Anderson,[],Anderson,0,0,,False,False,201583.0,,freethrow,substitution,,,,1627742|1628021|201147|201935|201976|203903|203944|2403|2772,201935|201976|2403|2772,1627742|1628021|201147|203903|203944,,,1610612745.0,21601010,False
3,PT05M13.00S,05:13,Q3 05:13,17.21666666666667,392,substitution,SUB out: P. Beverley,[],Beverley,0,0,,False,False,201976.0,,substitution,substitution,,,,1627742|1628021|201147|201935|203903|203944|2403|2772,201935|2403|2772,1627742|1628021|201147|203903|203944,,,1610612745.0,21601010,False
3,PT05M13.00S,05:13,Q3 05:13,17.21666666666667,393,substitution,SUB in: L. Williams,[],Williams,0,0,,False,False,101150.0,,substitution,substitution,,,,101150|1627742|1628021|201147|201935|203903|203944|2403|2772,101150|201935|2403|2772,1627742|1628021|201147|203903|203944,,,1610612745.0,21601010,False
3,PT05M13.00S,05:13,Q3 05:13,17.21666666666667,394,substitution,SUB in: E. Gordon,[],Gordon,0,0,,False,False,201569.0,,substitution,2pt missed,,,,101150|1627742|1628021|201147|201569|201935|203903|203944|2403|2772,101150|201569|201935|2403|2772,1627742|1628021|201147|203903|203944,,,1610612745.0,21601010,True
3,PT04M55.00S,04:55,Q3 04:55,16.916666666666668,402,2pt,MISS Ingram 9' Jump Shot,['pointsinthepaint'],Ingram,0,0,Missed,True,False,1627742.0,,substitution,rebound,,,,101150|1627742|1628021|201147|201569|201935|203903|203944|2403|2772,1627742|1628021|201147|203903|203944,101150|201569|201935|2403|2772,-73.0,51.0,1610612747.0,21601010,True
3,PT04M53.00S,04:53,Q3 04:53,16.883333333333333,403,rebound,Nene REBOUND (Off:1 Def:1),[],Hilario,0,0,,False,False,2403.0,,2pt missed,3pt made,,,,101150|1627742|1628021|201147|201569|201935|203903|203944|2403|2772,101150|201569|201935|2403|2772,1627742|1628021|201147|203903|203944,,,1610612745.0,21601010,True
3,PT04M46.00S,04:46,Q3 04:46,16.766666666666666,404,3pt,Ariza  3PT Jump Shot (17 PTS) (Harden 12 AST),[],Ariza,84,71,Made,True,True,2772.0,201935.0,rebound,foul,,,,101150|1627742|1628021|201147|201569|201935|203903|203944|2403|2772,101150|201569|201935|2403|2772,1627742|1628021|201147|203903|203944,227.0,26.0,1610612745.0,21601010,True
3,PT04M25.00S,04:25,Q3 04:25,16.416666666666668,405,foul,Randle OFF.Foul (P4) (K.Scott),['inpenalty'],Randle,0,0,,False,False,203944.0,,3pt made,turnover,101150.0,,,101150|1627742|1628021|201147|201569|201935|203903|203944|2403|2772,1627742|1628021|201147|203903|203944,101150|201569|201935|2403|2772,,,1610612747.0,21601010,True
3,PT04M25.00S,04:25,Q3 04:25,16.416666666666668,406,turnover,Randle Foul Turnover (P2.T14),[],Randle,0,0,,False,False,203944.0,,foul,3pt missed,,,,101150|1627742|1628021|201147|201569|201935|203903|203944|2403|2772,1627742|1628021|201147|203903|203944,101150|201569|201935|2403|2772,,,1610612747.0,21601010,True
3,PT04M07.00S,04:07,Q3 04:07,16.116666666666667,407,3pt,MISS Williams  3PT Jump Shot,[],Williams,0,0,Missed,True,False,101150.0,,turnover,rebound,,,,101150|1627742|1628021|201147|201569|201935|203903|203944|2403|2772,101150|201569|201935|2403|2772,1627742|1628021|201147|203903|203944,233.0,16.0,1610612745.0,21601010,True
3,PT04M06.00S,04:06,Q3 04:06,16.1,408,rebound,Harden REBOUND (Off:2 Def:6),[],Harden,0,0,,False,False,201935.0,,3pt missed,2pt made,,,,101150|1627742|1628021|201147|201569|201935|203903|203944|2403|2772,101150|201569|201935|2403|2772,1627742|1628021|201147|203903|203944,,,1610612745.0,21601010,True
3,PT03M59.00S,03:59,Q3 03:59,15.983333333333334,409,2pt,Nene  Dunk (8 PTS) (Williams 2 AST),['pointsinthepaint'],Hilario,86,71,Made,True,True,2403.0,101150.0,rebound,2pt missed,,,,101150|1627742|1628021|201147|201569|201935|203903|203944|2403|2772,101150|201569|201935|2403|2772,1627742|1628021|201147|203903|203944,0.0,1.0,1610612745.0,21601010,True
3,PT03M44.00S,03:44,Q3 03:44,15.733333333333334,411,2pt,MISS Clarkson 1' Layup,['pointsinthepaint'],Clarkson,0,0,Missed,True,False,203903.0,,2pt made,block,,,,101150|1627742|1628021|201147|201569|201935|203903|203944|2403|2772,1627742|1628021|201147|203903|203944,101150|201569|201935|2403|2772,-1.0,7.0,1610612747.0,21601010,True
3,PT03M44.00S,03:44,Q3 03:44,15.733333333333334,411,block,Nene BLOCK (1 BLK),[],Hilario,0,0,,False,False,2403.0,,2pt missed,rebound,,,2403.0,101150|1627742|1628021|201147|201569|201935|203903|203944|2403|2772,101150|201569|201935|2403|2772,1627742|1628021|201147|203903|203944,,,1610612745.0,21601010,True
3,PT03M42.00S,03:42,Q3 03:42,15.7,412,rebound,Randle REBOUND (Off:3 Def:5),[],Randle,0,0,,False,False,203944.0,,block,foul,,,,101150|1627742|1628021|201147|201569|201935|203903|203944|2403|2772,1627742|1628021|201147|203903|203944,101150|201569|201935|2403|2772,,,1610612747.0,21601010,True
3,PT03M42.00S,03:42,Q3 03:42,15.7,413,foul,Gordon P.FOUL (P1.T3) (M.Callahan),[],Gordon,0,0,,False,False,201569.0,,rebound,substitution,1627742.0,,,101150|1627742|1628021|201147|201569|201935|203903|203944|2403|2772,101150|201569|201935|2403|2772,1627742|1628021|201147|203903|203944,,,1610612745.0,21601010,True
3,PT03M42.00S,03:42,Q3 03:42,15.7,414,substitution,SUB out: J. Randle,[],Randle,0,0,,False,False,203944.0,,foul,substitution,,,,101150|1627742|1628021|201147|201569|201935|203903|2403|2772,1627742|1628021|201147|203903,101150|201569|201935|2403|2772,,,1610612747.0,21601010,False
3,PT03M42.00S,03:42,Q3 03:42,15.7,415,substitution,SUB in: T. Black,[],Black,0,0,,False,False,204028.0,,substitution,foul,,,,101150|1627742|1628021|201147|201569|201935|203903|204028|2403|2772,1627742|1628021|201147|203903|204028,101150|201569|201935|2403|2772,,,1610612747.0,21601010,True
3,PT03M38.00S,03:38,Q3 03:38,15.633333333333333,415,foul,Gordon P.FOUL (P2.T4) (K.Scott),[],Gordon,0,0,,False,False,201569.0,,substitution,3pt missed,1627742.0,,,101150|1627742|1628021|201147|201569|201935|203903|204028|2403|2772,101150|201569|201935|2403|2772,1627742|1628021|201147|203903|204028,,,1610612745.0,21601010,True
3,PT03M31.00S,03:31,Q3 03:31,15.516666666666666,417,3pt,MISS Ingram  3PT Jump Shot,[],Ingram,0,0,Missed,True,False,1627742.0,,foul,rebound,,,,101150|1627742|1628021|201147|201569|201935|203903|204028|2403|2772,1627742|1628021|201147|203903|204028,101150|201569|201935|2403|2772,233.0,13.0,1610612747.0,21601010,True
3,PT03M30.00S,03:30,Q3 03:30,15.5,418,rebound,Black REBOUND (Off:1 Def:1),[],Black,0,0,,False,False,204028.0,,3pt missed,2pt missed,,,,101150|1627742|1628021|201147|201569|201935|203903|204028|2403|2772,1627742|1628021|201147|203903|204028,101150|201569|201935|2403|2772,,,1610612747.0,21601010,True
3,PT03M25.00S,03:25,Q3 03:25,15.416666666666666,419,2pt,MISS Nwaba 1' Layup,['pointsinthepaint'],Nwaba,0,0,Missed,True,False,1628021.0,,rebound,rebound,,,,101150|1627742|1628021|201147|201569|201935|203903|204028|2403|2772,1627742|1628021|201147|203903|204028,101150|201569|201935|2403|2772,-14.0,2.0,1610612747.0,21601010,True
3,PT03M25.00S,03:25,Q3 03:25,15.416666666666666,420,rebound,Nene REBOUND (Off:1 Def:2),[],Hilario,0,0,,False,False,2403.0,,2pt missed,turnover,,,,101150|1627742|1628021|201147|201569|201935|203903|204028|2403|2772,101150|201569|201935|2403|2772,1627742|1628021|201147|203903|204028,,,1610612745.0,21601010,True
3,PT03M17.00S,03:17,Q3 03:17,15.283333333333333,421,turnover,Harden Bad Pass Turnover (P9.T19),[],Harden,0,0,,False,False,201935.0,,rebound,steal,,,,101150|1627742|1628021|201147|201569|201935|203903|204028|2403|2772,101150|201569|201935|2403|2772,1627742|1628021|201147|203903|204028,,,1610612745.0,21601010,True
3,PT03M17.00S,03:17,Q3 03:17,15.283333333333333,421,steal,Black STEAL (2 STL),[],Black,0,0,,False,False,204028.0,,turnover,2pt made,,204028.0,,101150|1627742|1628021|201147|201569|201935|203903|204028|2403|2772,1627742|1628021|201147|203903|204028,101150|201569|201935|2403|2772,,,1610612747.0,21601010,True
3,PT03M12.00S,03:12,Q3 03:12,15.2,422,2pt,Brewer  Running Dunk (2 PTS) (Nwaba 1 AST),['pointsinthepaint'],Brewer,86,73,Made,True,True,201147.0,1628021.0,steal,2pt missed,,,,101150|1627742|1628021|201147|201569|201935|203903|204028|2403|2772,1627742|1628021|201147|203903|204028,101150|201569|201935|2403|2772,0.0,1.0,1610612747.0,21601010,True
3,PT02M48.00S,02:48,Q3 02:48,14.8,423,2pt,MISS Williams 9' Floating Jump Shot,['pointsinthepaint'],Williams,0,0,Missed,True,False,101150.0,,2pt made,rebound,,,,101150|1627742|1628021|201147|201569|201935|203903|204028|2403|2772,101150|201569|201935|2403|2772,1627742|1628021|201147|203903|204028,-32.0,87.0,1610612745.0,21601010,True
3,PT02M47.00S,02:47,Q3 02:47,14.783333333333333,424,rebound,Black REBOUND (Off:1 Def:2),[],Black,0,0,,False,False,204028.0,,2pt missed,timeout,,,,101150|1627742|1628021|201147|201569|201935|203903|204028|2403|2772,1627742|1628021|201147|203903|204028,101150|201569|201935|2403|2772,,,1610612747.0,21601010,True
3,PT02M38.00S,02:38,Q3 02:38,14.633333333333333,426,timeout,Lakers Timeout: Regular (Reg.3 Short 1),[],,0,0,,False,False,0.0,,rebound,foul,,,,101150|1627742|1628021|201147|201569|201935|203903|204028|2403|2772,1627742|1628021|201147|203903|204028,101150|201569|201935|2403|2772,,,1610612747.0,21601010,True
3,PT02M27.00S,02:27,Q3 02:27,14.45,430,foul,Gordon S.FOUL (P3.PN) (S.Wall),['inpenalty'],Gordon,0,0,,False,False,201569.0,,timeout,freethrow,203903.0,,,101150|1627742|1628021|201147|201569|201935|203903|204028|2403|2772,101150|201569|201935|2403|2772,1627742|1628021|201147|203903|204028,,,1610612745.0,21601010,True
3,PT02M27.00S,02:27,Q3 02:27,14.45,431,freethrow,Clarkson Free Throw 1 of 3 (15 PTS),[],Clarkson,86,74,Made,False,False,203903.0,,foul,freethrow,,,,101150|1627742|1628021|201147|201569|201935|203903|204028|2403|2772,1627742|1628021|201147|203903|204028,101150|201569|201935|2403|2772,,,1610612747.0,21601010,True
3,PT02M27.00S,02:27,Q3 02:27,14.45,433,freethrow,Clarkson Free Throw 2 of 3 (16 PTS),[],Clarkson,86,75,Made,False,False,203903.0,,freethrow,freethrow,,,,101150|1627742|1628021|201147|201569|201935|203903|204028|2403|2772,1627742|1628021|201147|203903|204028,101150|201569|201935|2403|2772,,,1610612747.0,21601010,True
3,PT02M27.00S,02:27,Q3 02:27,14.45,435,freethrow,MISS Clarkson Free Throw 3 of 3,[],Clarkson,0,0,Missed,False,False,203903.0,,freethrow,rebound,,,,101150|1627742|1628021|201147|201569|201935|203903|204028|2403|2772,1627742|1628021|201147|203903|204028,101150|201569|201935|2403|2772,,,1610612747.0,21601010,True
3,PT02M27.00S,02:27,Q3 02:27,14.45,437,rebound,Harden REBOUND (Off:2 Def:7),[],Harden,0,0,,False,False,201935.0,,freethrow,3pt missed,,,,101150|1627742|1628021|201147|201569|201935|203903|204028|2403|2772,101150|201569|201935|2403|2772,1627742|1628021|201147|203903|204028,,,1610612745.0,21601010,True
3,PT02M12.00S,02:12,Q3 02:12,14.2,438,3pt,MISS Gordon 25' 3PT Jump Shot,[],Gordon,0,0,Missed,True,False,201569.0,,rebound,rebound,,,,101150|1627742|1628021|201147|201569|201935|203903|204028|2403|2772,101150|201569|201935|2403|2772,1627742|1628021|201147|203903|204028,125.0,218.0,1610612745.0,21601010,True
3,PT02M11.00S,02:11,Q3 02:11,14.183333333333334,439,rebound,Brewer REBOUND (Off:0 Def:2),[],Brewer,0,0,,False,False,201147.0,,3pt missed,3pt missed,,,,101150|1627742|1628021|201147|201569|201935|203903|204028|2403|2772,1627742|1628021|201147|203903|204028,101150|201569|201935|2403|2772,,,1610612747.0,21601010,True
3,PT02M04.00S,02:04,Q3 02:04,14.066666666666666,440,3pt,MISS Clarkson 24' 3PT Jump Shot,[],Clarkson,0,0,Missed,True,False,203903.0,,rebound,rebound,,,,101150|1627742|1628021|201147|201569|201935|203903|204028|2403|2772,1627742|1628021|201147|203903|204028,101150|201569|201935|2403|2772,-19.0,244.0,1610612747.0,21601010,True
3,PT02M03.00S,02:03,Q3 02:03,14.05,441,rebound,Williams REBOUND (Off:0 Def:2),[],Williams,0,0,,False,False,101150.0,,3pt missed,2pt missed,,,,101150|1627742|1628021|201147|201569|201935|203903|204028|2403|2772,101150|201569|201935|2403|2772,1627742|1628021|201147|203903|204028,,,1610612745.0,21601010,True
3,PT01M52.00S,01:52,Q3 01:52,13.866666666666667,442,2pt,MISS Williams 17' Floating Jump Shot,[],Williams,0,0,Missed,True,False,101150.0,,rebound,rebound,,,,101150|1627742|1628021|201147|201569|201935|203903|204028|2403|2772,101150|201569|201935|2403|2772,1627742|1628021|201147|203903|204028,-161.0,41.0,1610612745.0,21601010,True
3,PT01M51.00S,01:51,Q3 01:51,13.85,443,rebound,Black REBOUND (Off:1 Def:3),[],Black,0,0,,False,False,204028.0,,2pt missed,3pt missed,,,,101150|1627742|1628021|201147|201569|201935|203903|204028|2403|2772,1627742|1628021|201147|203903|204028,101150|201569|201935|2403|2772,,,1610612747.0,21601010,True
3,PT01M41.00S,01:41,Q3 01:41,13.683333333333334,444,3pt,MISS Brewer 25' 3PT Jump Shot,[],Brewer,0,0,Missed,True,False,201147.0,,rebound,rebound,,,,101150|1627742|1628021|201147|201569|201935|203903|204028|2403|2772,1627742|1628021|201147|203903|204028,101150|201569|201935|2403|2772,-197.0,159.0,1610612747.0,21601010,True
3,PT01M40.00S,01:40,Q3 01:40,13.666666666666666,445,rebound,Harden REBOUND (Off:2 Def:8),[],Harden,0,0,,False,False,201935.0,,3pt missed,2pt missed,,,,101150|1627742|1628021|201147|201569|201935|203903|204028|2403|2772,101150|201569|201935|2403|2772,1627742|1628021|201147|203903|204028,,,1610612745.0,21601010,True
3,PT01M26.00S,01:26,Q3 01:26,13.433333333333334,446,2pt,MISS Nene 4' Turnaround Hook Shot,['pointsinthepaint'],Hilario,0,0,Missed,True,False,2403.0,,rebound,rebound,,,,101150|1627742|1628021|201147|201569|201935|203903|204028|2403|2772,101150|201569|201935|2403|2772,1627742|1628021|201147|203903|204028,-35.0,23.0,1610612745.0,21601010,True
3,PT01M25.00S,01:25,Q3 01:25,13.416666666666666,447,rebound,Black REBOUND (Off:1 Def:4),[],Black,0,0,,False,False,204028.0,,2pt missed,turnover,,,,101150|1627742|1628021|201147|201569|201935|203903|204028|2403|2772,1627742|1628021|201147|203903|204028,101150|201569|201935|2403|2772,,,1610612747.0,21601010,True
3,PT01M20.00S,01:20,Q3 01:20,13.333333333333334,448,turnover,Brewer Traveling Turnover (P2.T15),[],Brewer,0,0,,False,False,201147.0,,rebound,2pt missed,,,,101150|1627742|1628021|201147|201569|201935|203903|204028|2403|2772,1627742|1628021|201147|203903|204028,101150|201569|201935|2403|2772,,,1610612747.0,21601010,True
3,PT01M02.00S,01:02,Q3 01:02,13.033333333333333,450,2pt,MISS Gordon 6' Jump Shot,['pointsinthepaint'],Gordon,0,0,Missed,True,False,201569.0,,turnover,rebound,,,,101150|1627742|1628021|201147|201569|201935|203903|204028|2403|2772,101150|201569|201935|2403|2772,1627742|1628021|201147|203903|204028,50.0,23.0,1610612745.0,21601010,True
3,PT01M01.00S,01:01,Q3 01:01,13.016666666666666,451,rebound,Harden REBOUND (Off:3 Def:8),[],Harden,0,0,,False,False,201935.0,,2pt missed,2pt made,,,,101150|1627742|1628021|201147|201569|201935|203903|204028|2403|2772,101150|201569|201935|2403|2772,1627742|1628021|201147|203903|204028,,,1610612745.0,21601010,True
3,PT01M00.00S,01:00,Q3 01:00,13.0,452,2pt,Harden 1' Layup (18 PTS),['pointsinthepaint'],Harden,88,75,Made,True,False,201935.0,,rebound,turnover,,,,101150|1627742|1628021|201147|201569|201935|203903|204028|2403|2772,101150|201569|201935|2403|2772,1627742|1628021|201147|203903|204028,-14.0,3.0,1610612745.0,21601010,True
3,PT00M50.90S,00:50,Q3 00:50,12.848333333333333,453,turnover,Clarkson Lost Ball Turnover (P3.T16),[],Clarkson,0,0,,False,False,203903.0,,2pt made,steal,,,,101150|1627742|1628021|201147|201569|201935|203903|204028|2403|2772,1627742|1628021|201147|203903|204028,101150|201569|201935|2403|2772,,,1610612747.0,21601010,True
3,PT00M50.90S,00:50,Q3 00:50,12.848333333333333,453,steal,Nene STEAL (1 STL),[],Hilario,0,0,,False,False,2403.0,,turnover,2pt made,,2403.0,,101150|1627742|1628021|201147|201569|201935|203903|204028|2403|2772,101150|201569|201935|2403|2772,1627742|1628021|201147|203903|204028,,,1610612745.0,21601010,True
3,PT00M47.00S,00:47,Q3 00:47,12.783333333333333,454,2pt,Ariza  Layup (19 PTS) (Williams 3 AST),['pointsinthepaint'],Ariza,90,75,Made,True,True,2772.0,101150.0,steal,foul,,,,101150|1627742|1628021|201147|201569|201935|203903|204028|2403|2772,101150|201569|201935|2403|2772,1627742|1628021|201147|203903|204028,2.0,0.0,1610612745.0,21601010,True
3,PT00M47.00S,00:47,Q3 00:47,12.783333333333333,455,foul,Nwaba S.FOUL (P1.PN) (M.Callahan),['inpenalty'],Nwaba,0,0,,False,False,1628021.0,,2pt made,freethrow,2772.0,,,101150|1627742|1628021|201147|201569|201935|203903|204028|2403|2772,1627742|1628021|201147|203903|204028,101150|201569|201935|2403|2772,,,1610612747.0,21601010,True
3,PT00M47.00S,00:47,Q3 00:47,12.783333333333333,456,freethrow,Ariza Free Throw 1 of 1 (20 PTS),[],Ariza,91,75,Made,False,False,2772.0,,foul,2pt missed,,,,101150|1627742|1628021|201147|201569|201935|203903|204028|2403|2772,101150|201569|201935|2403|2772,1627742|1628021|201147|203903|204028,,,1610612745.0,21601010,True
3,PT00M34.90S,00:34,Q3 00:34,12.581666666666667,459,2pt,MISS Ingram 15' Jump Shot,[],Ingram,0,0,Missed,True,False,1627742.0,,freethrow,rebound,,,,101150|1627742|1628021|201147|201569|201935|203903|204028|2403|2772,1627742|1628021|201147|203903|204028,101150|201569|201935|2403|2772,153.0,11.0,1610612747.0,21601010,True
3,PT00M34.40S,00:34,Q3 00:34,12.573333333333334,460,rebound,Harden REBOUND (Off:3 Def:9),[],Harden,0,0,,False,False,201935.0,,2pt missed,2pt missed,,,,101150|1627742|1628021|201147|201569|201935|203903|204028|2403|2772,101150|201569|201935|2403|2772,1627742|1628021|201147|203903|204028,,,1610612745.0,21601010,True
3,PT00M28.90S,00:28,Q3 00:28,12.481666666666667,461,2pt,MISS Gordon 1' Running Layup,['pointsinthepaint'],Gordon,0,0,Missed,True,False,201569.0,,rebound,rebound,,,,101150|1627742|1628021|201147|201569|201935|203903|204028|2403|2772,101150|201569|201935|2403|2772,1627742|1628021|201147|203903|204028,1.0,7.0,1610612745.0,21601010,True
3,PT00M28.40S,00:28,Q3 00:28,12.473333333333333,462,rebound,Black REBOUND (Off:1 Def:5),[],Black,0,0,,False,False,204028.0,,2pt missed,2pt missed,,,,101150|1627742|1628021|201147|201569|201935|203903|204028|2403|2772,1627742|1628021|201147|203903|204028,101150|201569|201935|2403|2772,,,1610612747.0,21601010,True
3,PT00M05.10S,00:05,Q3 00:05,12.085,465,2pt,MISS Clarkson 15' Jump Shot,[],Clarkson,0,0,Missed,True,False,203903.0,,rebound,block,,,,101150|1627742|1628021|201147|201569|201935|203903|204028|2403|2772,1627742|1628021|201147|203903|204028,101150|201569|201935|2403|2772,-150.0,13.0,1610612747.0,21601010,True
3,PT00M05.10S,00:05,Q3 00:05,12.085,465,block,Gordon BLOCK (1 BLK),[],Gordon,0,0,,False,False,201569.0,,2pt missed,rebound,,,201569.0,101150|1627742|1628021|201147|201569|201935|203903|204028|2403|2772,101150|201569|201935|2403|2772,1627742|1628021|201147|203903|204028,,,1610612745.0,21601010,True
3,PT00M05.10S,00:05,Q3 00:05,12.085,466,rebound,TEAM offensive REBOUND,['team'],,0,0,,False,False,0.0,,block,turnover,,,,101150|1627742|1628021|201147|201569|201935|203903|204028|2403|2772,1627742|1628021|201147|203903|204028,101150|201569|201935|2403|2772,,,1610612747.0,21601010,True
3,PT00M05.10S,00:05,Q3 00:05,12.085,467,turnover,Lakers Turnover: Shot Clock (T#17),[],,0,0,,False,False,1610612747.0,,rebound,2pt made,,,,101150|1627742|1628021|201147|201569|201935|203903|204028|2403|2772,101150|201569|201935|2403|2772,1627742|1628021|201147|203903|204028,,,0.0,21601010,True
3,PT00M00.20S,00:00,Q3 00:00,12.003333333333334,468,2pt,Nene 1' Cutting Layup Shot (10 PTS) (Harden 13 AST),['pointsinthepaint'],Hilario,93,75,Made,True,True,2403.0,201935.0,turnover,period,,,,101150|1627742|1628021|201147|201569|201935|203903|204028|2403|2772,101150|201569|201935|2403|2772,1627742|1628021|201147|203903|204028,2.0,-6.0,1610612745.0,21601010,True
3,PT00M00.00S,00:00,Q3 00:00,12.0,470,period,End of 3rd Period (9:54 PM EST),[],,93,75,,False,False,0.0,,2pt made,period,,,,101150|1627742|1628021|201147|201569|201935|203903|204028|2403|2772,101150|201569|201935|2403|2772,1627742|1628021|201147|203903|204028,,,1610612745.0,21601010,True
4,PT12M00.00S,12:00,Q4 12:00,12.0,471,period,Start of 4th Period (9:57 PM EST),[],,93,75,,False,False,0.0,,period,substitution,,,,101150|1626155|1627742|1628021|201147|201569|201976|203903|203991|204028,101150|1626155|201569|201976|203991,1627742|1628021|201147|203903|204028,,,1610612745.0,21601010,True
4,PT11M47.00S,11:47,Q4 11:47,11.783333333333333,472,3pt,Williams 24' 3PT Pullup Jump Shot (22 PTS) (Beverley 2 AST),[],Williams,96,75,Made,True,True,101150.0,201976.0,substitution,2pt made,,,,101150|1626155|1626156|1627742|1628021|201156|201569|201976|203944|203991,101150|1626155|201569|201976|203991,1626156|1627742|1628021|201156|203944,-142.0,198.0,1610612745.0,21601010,True
4,PT11M32.00S,11:32,Q4 11:32,11.533333333333333,473,2pt,Nwaba 1' Driving Layup (2 PTS) (Ingram 2 AST),['pointsinthepaint'],Nwaba,96,77,Made,True,True,1628021.0,1627742.0,3pt made,3pt made,,,,101150|1626155|1626156|1627742|1628021|201156|201569|201976|203944|203991,1626156|1627742|1628021|201156|203944,101150|1626155|201569|201976|203991,-2.0,11.0,1610612747.0,21601010,True
4,PT11M15.00S,11:15,Q4 11:15,11.25,474,3pt,Williams 25' 3PT Pullup Jump Shot (25 PTS) (Capela 2 AST),[],Williams,99,77,Made,True,True,101150.0,203991.0,2pt made,timeout,,,,101150|1626155|1626156|1627742|1628021|201156|201569|201976|203944|203991,101150|1626155|201569|201976|203991,1626156|1627742|1628021|201156|203944,-142.0,208.0,1610612745.0,21601010,True
4,PT11M13.00S,11:13,Q4 11:13,11.216666666666667,475,timeout,Lakers Timeout: Regular (Reg.4 Short 1),[],,0,0,,False,False,0.0,,3pt made,2pt made,,,,101150|1626155|1626156|1627742|1628021|201156|201569|201976|203944|203991,1626156|1627742|1628021|201156|203944,101150|1626155|201569|201976|203991,,,1610612747.0,21601010,True
4,PT10M56.00S,10:56,Q4 10:56,10.933333333333334,478,2pt,Randle 6' Hook Shot (32 PTS) (Ingram 3 AST),['pointsinthepaint'],Randle,99,79,Made,True,True,203944.0,1627742.0,timeout,2pt made,,,,101150|1626155|1626156|1627742|1628021|201156|201569|201976|203944|203991,1626156|1627742|1628021|201156|203944,101150|1626155|201569|201976|203991,-12.0,62.0,1610612747.0,21601010,True
4,PT10M38.00S,10:38,Q4 10:38,10.633333333333333,479,2pt,Capela  Cutting Dunk Shot (15 PTS) (Williams 4 AST),['pointsinthepaint'],Capela,101,79,Made,True,True,203991.0,101150.0,2pt made,3pt missed,,,,101150|1626155|1626156|1627742|1628021|201156|201569|201976|203944|203991,101150|1626155|201569|201976|203991,1626156|1627742|1628021|201156|203944,0.0,1.0,1610612745.0,21601010,True
4,PT10M24.00S,10:24,Q4 10:24,10.4,480,3pt,MISS Young 24' 3PT Jump Shot,[],Young,0,0,Missed,True,False,201156.0,,2pt made,rebound,,,,101150|1626155|1626156|1627742|1628021|201156|201569|201976|203944|203991,1626156|1627742|1628021|201156|203944,101150|1626155|201569|201976|203991,-235.0,8.0,1610612747.0,21601010,True
4,PT10M23.00S,10:23,Q4 10:23,10.383333333333333,481,rebound,Dekker REBOUND (Off:1 Def:3),[],Dekker,0,0,,False,False,1626155.0,,3pt missed,2pt missed,,,,101150|1626155|1626156|1627742|1628021|201156|201569|201976|203944|203991,101150|1626155|201569|201976|203991,1626156|1627742|1628021|201156|203944,,,1610612745.0,21601010,True
4,PT10M13.00S,10:13,Q4 10:13,10.216666666666667,482,2pt,MISS Williams 13' Jump Shot,[],Williams,0,0,Missed,True,False,101150.0,,rebound,rebound,,,,101150|1626155|1626156|1627742|1628021|201156|201569|201976|203944|203991,101150|1626155|201569|201976|203991,1626156|1627742|1628021|201156|203944,122.0,51.0,1610612745.0,21601010,True
4,PT10M13.00S,10:13,Q4 10:13,10.216666666666667,483,rebound,Russell REBOUND (Off:0 Def:2),[],Russell,0,0,,False,False,1626156.0,,2pt missed,2pt missed,,,,101150|1626155|1626156|1627742|1628021|201156|201569|201976|203944|203991,1626156|1627742|1628021|201156|203944,101150|1626155|201569|201976|203991,,,1610612747.0,21601010,True
4,PT10M06.00S,10:06,Q4 10:06,10.1,484,2pt,MISS Nwaba 1' Driving Reverse Layup,['pointsinthepaint'],Nwaba,0,0,Missed,True,False,1628021.0,,rebound,rebound,,,,101150|1626155|1626156|1627742|1628021|201156|201569|201976|203944|203991,1626156|1627742|1628021|201156|203944,101150|1626155|201569|201976|203991,0.0,-5.0,1610612747.0,21601010,True
4,PT10M06.00S,10:06,Q4 10:06,10.1,485,rebound,Dekker REBOUND (Off:1 Def:4),[],Dekker,0,0,,False,False,1626155.0,,2pt missed,3pt missed,,,,101150|1626155|1626156|1627742|1628021|201156|201569|201976|203944|203991,101150|1626155|201569|201976|203991,1626156|1627742|1628021|201156|203944,,,1610612745.0,21601010,True
4,PT09M55.00S,09:55,Q4 09:55,9.916666666666666,486,3pt,MISS Beverley 25' 3PT Jump Shot,[],Beverley,0,0,Missed,True,False,201976.0,,rebound,rebound,,,,101150|1626155|1626156|1627742|1628021|201156|201569|201976|203944|203991,101150|1626155|201569|201976|203991,1626156|1627742|1628021|201156|203944,151.0,203.0,1610612745.0,21601010,True
4,PT09M53.00S,09:53,Q4 09:53,9.883333333333333,487,rebound,Young REBOUND (Off:0 Def:2),[],Young,0,0,,False,False,201156.0,,3pt missed,2pt missed,,,,101150|1626155|1626156|1627742|1628021|201156|201569|201976|203944|203991,1626156|1627742|1628021|201156|203944,101150|1626155|201569|201976|203991,,,1610612747.0,21601010,True
4,PT09M31.00S,09:31,Q4 09:31,9.516666666666667,490,2pt,MISS Russell  Layup,['pointsinthepaint'],Russell,0,0,Missed,True,False,1626156.0,,rebound,rebound,,,,101150|1626155|1626156|1627742|1628021|201156|201569|201976|203944|203991,1626156|1627742|1628021|201156|203944,101150|1626155|201569|201976|203991,-2.0,0.0,1610612747.0,21601010,True
4,PT09M30.00S,09:30,Q4 09:30,9.5,491,rebound,Williams REBOUND (Off:0 Def:3),[],Williams,0,0,,False,False,101150.0,,2pt missed,2pt missed,,,,101150|1626155|1626156|1627742|1628021|201156|201569|201976|203944|203991,101150|1626155|201569|201976|203991,1626156|1627742|1628021|201156|203944,,,1610612745.0,21601010,True
4,PT09M24.00S,09:24,Q4 09:24,9.4,492,2pt,MISS Capela 1' Cutting Layup Shot,['pointsinthepaint'],Capela,0,0,Missed,True,False,203991.0,,rebound,rebound,,,,101150|1626155|1626156|1627742|1628021|201156|201569|201976|203944|203991,101150|1626155|201569|201976|203991,1626156|1627742|1628021|201156|203944,-14.0,-5.0,1610612745.0,21601010,True
4,PT09M24.00S,09:24,Q4 09:24,9.4,493,rebound,Young REBOUND (Off:0 Def:3),[],Young,0,0,,False,False,201156.0,,2pt missed,3pt missed,,,,101150|1626155|1626156|1627742|1628021|201156|201569|201976|203944|203991,1626156|1627742|1628021|201156|203944,101150|1626155|201569|201976|203991,,,1610612747.0,21601010,True
4,PT09M14.00S,09:14,Q4 09:14,9.233333333333333,494,3pt,MISS Young 24' 3PT Jump Shot,[],Young,0,0,Missed,True,False,201156.0,,rebound,rebound,,,,101150|1626155|1626156|1627742|1628021|201156|201569|201976|203944|203991,1626156|1627742|1628021|201156|203944,101150|1626155|201569|201976|203991,50.0,239.0,1610612747.0,21601010,True
4,PT09M12.00S,09:12,Q4 09:12,9.2,495,rebound,Nwaba REBOUND (Off:1 Def:0),[],Nwaba,0,0,,False,False,1628021.0,,3pt missed,3pt missed,,,,101150|1626155|1626156|1627742|1628021|201156|201569|201976|203944|203991,1626156|1627742|1628021|201156|203944,101150|1626155|201569|201976|203991,,,1610612747.0,21601010,True
4,PT09M05.00S,09:05,Q4 09:05,9.083333333333334,496,3pt,MISS Young 25' 3PT Jump Shot,[],Young,0,0,Missed,True,False,201156.0,,rebound,rebound,,,,101150|1626155|1626156|1627742|1628021|201156|201569|201976|203944|203991,1626156|1627742|1628021|201156|203944,101150|1626155|201569|201976|203991,213.0,139.0,1610612747.0,21601010,True
4,PT09M05.00S,09:05,Q4 09:05,9.083333333333334,497,rebound,Williams REBOUND (Off:0 Def:4),[],Williams,0,0,,False,False,101150.0,,3pt missed,2pt missed,,,,101150|1626155|1626156|1627742|1628021|201156|201569|201976|203944|203991,101150|1626155|201569|201976|203991,1626156|1627742|1628021|201156|203944,,,1610612745.0,21601010,True
4,PT08M56.00S,08:56,Q4 08:56,8.933333333333334,498,2pt,MISS Williams  Driving Layup,['pointsinthepaint'],Williams,0,0,Missed,True,False,101150.0,,rebound,2pt made,,,,101150|1626155|1626156|1627742|1628021|201156|201569|201976|203944|203991,101150|1626155|201569|201976|203991,1626156|1627742|1628021|201156|203944,1.0,0.0,1610612745.0,21601010,True
4,PT08M56.00S,08:56,Q4 08:56,8.933333333333334,499,2pt,Dekker 1' Tip Layup Shot (2 PTS),['pointsinthepaint'],Dekker,103,79,Made,True,False,1626155.0,,2pt missed,rebound,,,,101150|1626155|1626156|1627742|1628021|201156|201569|201976|203944|203991,101150|1626155|201569|201976|203991,1626156|1627742|1628021|201156|203944,6.0,-1.0,1610612745.0,21601010,True
4,PT08M56.00S,08:56,Q4 08:56,8.933333333333334,500,rebound,Dekker REBOUND (Off:2 Def:4),[],Dekker,0,0,,False,False,1626155.0,,2pt made,2pt missed,,,,101150|1626155|1626156|1627742|1628021|201156|201569|201976|203944|203991,101150|1626155|201569|201976|203991,1626156|1627742|1628021|201156|203944,,,1610612745.0,21601010,True
4,PT08M32.00S,08:32,Q4 08:32,8.533333333333333,501,2pt,MISS Ingram 1' Layup,['pointsinthepaint'],Ingram,0,0,Missed,True,False,1627742.0,,rebound,rebound,,,,101150|1626155|1626156|1627742|1628021|201156|201569|201976|203944|203991,1626156|1627742|1628021|201156|203944,101150|1626155|201569|201976|203991,9.0,-1.0,1610612747.0,21601010,True
4,PT08M31.00S,08:31,Q4 08:31,8.516666666666667,502,rebound,TEAM defensive REBOUND,['team'],,0,0,,False,False,0.0,,2pt missed,substitution,,,,101150|1626155|1626156|1627742|1628021|201156|201569|201976|203944|203991,101150|1626155|201569|201976|203991,1626156|1627742|1628021|201156|203944,,,1610612745.0,21601010,True
4,PT08M31.00S,08:31,Q4 08:31,8.516666666666667,503,substitution,SUB out: B. Ingram,[],Ingram,0,0,,False,False,1627742.0,,rebound,substitution,,,,101150|1626155|1626156|1628021|201156|201569|201976|203944|203991,1626156|1628021|201156|203944,101150|1626155|201569|201976|203991,,,1610612747.0,21601010,False
4,PT08M31.00S,08:31,Q4 08:31,8.516666666666667,504,substitution,SUB out: N. Young,[],Young,0,0,,False,False,201156.0,,substitution,substitution,,,,101150|1626155|1626156|1628021|201569|201976|203944|203991,1626156|1628021|203944,101150|1626155|201569|201976|203991,,,1610612747.0,21601010,False
4,PT08M31.00S,08:31,Q4 08:31,8.516666666666667,505,substitution,SUB in: J. Clarkson,[],Clarkson,0,0,,False,False,203903.0,,substitution,substitution,,,,101150|1626155|1626156|1628021|201569|201976|203903|203944|203991,1626156|1628021|203903|203944,101150|1626155|201569|201976|203991,,,1610612747.0,21601010,False
4,PT08M31.00S,08:31,Q4 08:31,8.516666666666667,506,substitution,SUB in: C. Brewer,[],Brewer,0,0,,False,False,201147.0,,substitution,2pt missed,,,,101150|1626155|1626156|1628021|201147|201569|201976|203903|203944|203991,1626156|1628021|201147|203903|203944,101150|1626155|201569|201976|203991,,,1610612747.0,21601010,True
4,PT08M18.00S,08:18,Q4 08:18,8.3,505,2pt,MISS Beverley 6' Jump Bank Shot,['pointsinthepaint'],Beverley,0,0,Missed,True,False,201976.0,,substitution,rebound,,,,101150|1626155|1626156|1628021|201147|201569|201976|203903|203944|203991,101150|1626155|201569|201976|203991,1626156|1628021|201147|203903|203944,53.0,23.0,1610612745.0,21601010,True
4,PT08M17.00S,08:17,Q4 08:17,8.283333333333333,506,rebound,Brewer REBOUND (Off:0 Def:3),[],Brewer,0,0,,False,False,201147.0,,2pt missed,3pt missed,,,,101150|1626155|1626156|1628021|201147|201569|201976|203903|203944|203991,1626156|1628021|201147|203903|203944,101150|1626155|201569|201976|203991,,,1610612747.0,21601010,True
4,PT08M10.00S,08:10,Q4 08:10,8.166666666666666,507,3pt,MISS Russell 24' 3PT Jump Shot,[],Russell,0,0,Missed,True,False,1626156.0,,rebound,rebound,,,,101150|1626155|1626156|1628021|201147|201569|201976|203903|203944|203991,1626156|1628021|201147|203903|203944,101150|1626155|201569|201976|203991,-238.0,-1.0,1610612747.0,21601010,True
4,PT08M09.00S,08:09,Q4 08:09,8.15,508,rebound,Beverley REBOUND (Off:0 Def:4),[],Beverley,0,0,,False,False,201976.0,,3pt missed,3pt made,,,,101150|1626155|1626156|1628021|201147|201569|201976|203903|203944|203991,101150|1626155|201569|201976|203991,1626156|1628021|201147|203903|203944,,,1610612745.0,21601010,True
4,PT08M00.00S,08:00,Q4 08:00,8.0,509,3pt,Gordon 24' 3PT Jump Shot (5 PTS) (Dekker 1 AST),[],Gordon,106,79,Made,True,True,201569.0,1626155.0,rebound,turnover,,,,101150|1626155|1626156|1628021|201147|201569|201976|203903|203944|203991,101150|1626155|201569|201976|203991,1626156|1628021|201147|203903|203944,-237.0,28.0,1610612745.0,21601010,True
4,PT07M46.00S,07:46,Q4 07:46,7.766666666666667,510,turnover,Russell Bad Pass Turnover (P6.T18),[],Russell,0,0,,False,False,1626156.0,,3pt made,steal,,,,101150|1626155|1626156|1628021|201147|201569|201976|203903|203944|203991,1626156|1628021|201147|203903|203944,101150|1626155|201569|201976|203991,,,1610612747.0,21601010,True
4,PT07M46.00S,07:46,Q4 07:46,7.766666666666667,510,steal,Gordon STEAL (1 STL),[],Gordon,0,0,,False,False,201569.0,,turnover,2pt missed,,201569.0,,101150|1626155|1626156|1628021|201147|201569|201976|203903|203944|203991,101150|1626155|201569|201976|203991,1626156|1628021|201147|203903|203944,,,1610612745.0,21601010,True
4,PT07M41.00S,07:41,Q4 07:41,7.683333333333334,511,2pt,MISS Dekker 2' Alley Oop Layup,['pointsinthepaint'],Dekker,0,0,Missed,True,False,1626155.0,,steal,rebound,,,,101150|1626155|1626156|1628021|201147|201569|201976|203903|203944|203991,101150|1626155|201569|201976|203991,1626156|1628021|201147|203903|203944,0.0,-15.0,1610612745.0,21601010,True
4,PT07M38.00S,07:38,Q4 07:38,7.633333333333333,512,rebound,Gordon REBOUND (Off:1 Def:2),[],Gordon,0,0,,False,False,201569.0,,2pt missed,2pt made,,,,101150|1626155|1626156|1628021|201147|201569|201976|203903|203944|203991,101150|1626155|201569|201976|203991,1626156|1628021|201147|203903|203944,,,1610612745.0,21601010,True
4,PT07M37.00S,07:37,Q4 07:37,7.616666666666667,513,2pt,Dekker 1' Layup (4 PTS) (Gordon 3 AST),['pointsinthepaint'],Dekker,108,79,Made,True,True,1626155.0,201569.0,rebound,timeout,,,,101150|1626155|1626156|1628021|201147|201569|201976|203903|203944|203991,101150|1626155|201569|201976|203991,1626156|1628021|201147|203903|203944,0.0,7.0,1610612745.0,21601010,True
4,PT07M37.00S,07:37,Q4 07:37,7.616666666666667,514,timeout,Lakers Timeout: Regular (Reg.5 Short 1),[],,0,0,,False,False,0.0,,2pt made,substitution,,,,101150|1626155|1626156|1628021|201147|201569|201976|203903|203944|203991,1626156|1628021|201147|203903|203944,101150|1626155|201569|201976|203991,,,1610612747.0,21601010,True
4,PT07M37.00S,07:37,Q4 07:37,7.616666666666667,517,substitution,SUB out: C. Capela,[],Capela,0,0,,False,False,203991.0,,timeout,substitution,,,,101150|1626155|1626156|1628021|201147|201569|201976|203903|203944,101150|1626155|201569|201976,1626156|1628021|201147|203903|203944,,,1610612745.0,21601010,False
4,PT07M37.00S,07:37,Q4 07:37,7.616666666666667,518,substitution,SUB in: M. Harrell,[],Harrell,0,0,,False,False,1626149.0,,substitution,2pt made,,,,101150|1626149|1626155|1626156|1628021|201147|201569|201976|203903|203944,101150|1626149|1626155|201569|201976,1626156|1628021|201147|203903|203944,,,1610612745.0,21601010,True
4,PT07M19.00S,07:19,Q4 07:19,7.316666666666666,518,2pt,Nwaba 1' Layup (4 PTS) (Randle 2 AST),['pointsinthepaint'],Nwaba,108,81,Made,True,True,1628021.0,203944.0,substitution,2pt made,,,,101150|1626149|1626155|1626156|1628021|201147|201569|201976|203903|203944,1626156|1628021|201147|203903|203944,101150|1626149|1626155|201569|201976,2.0,-5.0,1610612747.0,21601010,True
4,PT07M02.00S,07:02,Q4 07:02,7.033333333333333,519,2pt,Dekker  Cutting Dunk Shot (6 PTS) (Beverley 3 AST),['pointsinthepaint'],Dekker,110,81,Made,True,True,1626155.0,201976.0,2pt made,foul,,,,101150|1626149|1626155|1626156|1628021|201147|201569|201976|203903|203944,101150|1626149|1626155|201569|201976,1626156|1628021|201147|203903|203944,0.0,1.0,1610612745.0,21601010,True
4,PT06M46.00S,06:46,Q4 06:46,6.766666666666667,521,foul,Beverley P.FOUL (P3.T1) (M.Callahan),[],Beverley,0,0,,False,False,201976.0,,2pt made,foul,1626156.0,,,101150|1626149|1626155|1626156|1628021|201147|201569|201976|203903|203944,101150|1626149|1626155|201569|201976,1626156|1628021|201147|203903|203944,,,1610612745.0,21601010,True
4,PT06M40.00S,06:40,Q4 06:40,6.666666666666667,522,foul,Russell Offensive Charge Foul (P6.T1) (K.Scott),[],Russell,0,0,,False,False,1626156.0,,foul,turnover,1626149.0,,,101150|1626149|1626155|1626156|1628021|201147|201569|201976|203903|203944,1626156|1628021|201147|203903|203944,101150|1626149|1626155|201569|201976,,,1610612747.0,21601010,True
4,PT06M40.00S,06:40,Q4 06:40,6.666666666666667,523,turnover,Russell Foul Turnover (P7.T19),[],Russell,0,0,,False,False,1626156.0,,foul,substitution,,,,101150|1626149|1626155|1626156|1628021|201147|201569|201976|203903|203944,1626156|1628021|201147|203903|203944,101150|1626149|1626155|201569|201976,,,1610612747.0,21601010,True
4,PT06M40.00S,06:40,Q4 06:40,6.666666666666667,524,substitution,SUB out: D. Russell,[],Russell,0,0,,False,False,1626156.0,,turnover,substitution,,,,101150|1626149|1626155|1628021|201147|201569|201976|203903|203944,1628021|201147|203903|203944,101150|1626149|1626155|201569|201976,,,1610612747.0,21601010,False
4,PT06M40.00S,06:40,Q4 06:40,6.666666666666667,525,substitution,SUB in: T. Ennis,[],Ennis,0,0,,False,False,203898.0,,substitution,2pt made,,,,101150|1626149|1626155|1628021|201147|201569|201976|203898|203903|203944,1628021|201147|203898|203903|203944,101150|1626149|1626155|201569|201976,,,1610612747.0,21601010,True
4,PT06M25.00S,06:25,Q4 06:25,6.416666666666667,525,2pt,Harrell  Cutting Dunk Shot (4 PTS) (Beverley 4 AST),['pointsinthepaint'],Harrell,112,81,Made,True,True,1626149.0,201976.0,substitution,2pt made,,,,101150|1626149|1626155|1628021|201147|201569|201976|203898|203903|203944,101150|1626149|1626155|201569|201976,1628021|201147|203898|203903|203944,0.0,1.0,1610612745.0,21601010,True
4,PT06M12.00S,06:12,Q4 06:12,6.2,526,2pt,Clarkson 7' Floating Jump Shot (18 PTS),['pointsinthepaint'],Clarkson,112,83,Made,True,False,203903.0,,2pt made,3pt made,,,,101150|1626149|1626155|1628021|201147|201569|201976|203898|203903|203944,1628021|201147|203898|203903|203944,101150|1626149|1626155|201569|201976,71.0,23.0,1610612747.0,21601010,True
4,PT06M05.00S,06:05,Q4 06:05,6.083333333333333,527,3pt,Gordon 25' 3PT Jump Shot (8 PTS) (Beverley 5 AST),[],Gordon,115,83,Made,True,True,201569.0,201976.0,2pt made,timeout,,,,101150|1626149|1626155|1628021|201147|201569|201976|203898|203903|203944,101150|1626149|1626155|201569|201976,1628021|201147|203898|203903|203944,173.0,174.0,1610612745.0,21601010,True
4,PT06M05.00S,06:05,Q4 06:05,6.083333333333333,528,timeout,Lakers Timeout: Regular (Reg.6 Short 1),[],,0,0,,False,False,0.0,,3pt made,substitution,,,,101150|1626149|1626155|1628021|201147|201569|201976|203898|203903|203944,1628021|201147|203898|203903|203944,101150|1626149|1626155|201569|201976,,,1610612747.0,21601010,True
4,PT06M05.00S,06:05,Q4 06:05,6.083333333333333,530,substitution,SUB out: J. Randle,[],Randle,0,0,,False,False,203944.0,,timeout,substitution,,,,101150|1626149|1626155|1628021|201147|201569|201976|203898|203903,1628021|201147|203898|203903,101150|1626149|1626155|201569|201976,,,1610612747.0,21601010,False
4,PT06M05.00S,06:05,Q4 06:05,6.083333333333333,531,substitution,SUB out: C. Brewer,[],Brewer,0,0,,False,False,201147.0,,substitution,substitution,,,,101150|1626149|1626155|1628021|201569|201976|203898|203903,1628021|203898|203903,101150|1626149|1626155|201569|201976,,,1610612747.0,21601010,False
4,PT06M05.00S,06:05,Q4 06:05,6.083333333333333,532,substitution,SUB in: T. Robinson,[],Robinson,0,0,,False,False,203080.0,,substitution,substitution,,,,101150|1626149|1626155|1628021|201569|201976|203080|203898|203903,1628021|203080|203898|203903,101150|1626149|1626155|201569|201976,,,1610612747.0,21601010,False
4,PT06M05.00S,06:05,Q4 06:05,6.083333333333333,533,substitution,SUB in: B. Ingram,[],Ingram,0,0,,False,False,1627742.0,,substitution,foul,,,,101150|1626149|1626155|1627742|1628021|201569|201976|203080|203898|203903,1627742|1628021|203080|203898|203903,101150|1626149|1626155|201569|201976,,,1610612747.0,21601010,True
4,PT05M56.00S,05:56,Q4 05:56,5.933333333333334,533,foul,Robinson OFF.Foul (P1) (S.Wall),[],Robinson,0,0,,False,False,203080.0,,substitution,turnover,101150.0,,,101150|1626149|1626155|1627742|1628021|201569|201976|203080|203898|203903,1627742|1628021|203080|203898|203903,101150|1626149|1626155|201569|201976,,,1610612747.0,21601010,True
4,PT05M56.00S,05:56,Q4 05:56,5.933333333333334,534,turnover,Robinson Foul Turnover (P1.T20),[],Robinson,0,0,,False,False,203080.0,,foul,substitution,,,,101150|1626149|1626155|1627742|1628021|201569|201976|203080|203898|203903,1627742|1628021|203080|203898|203903,101150|1626149|1626155|201569|201976,,,1610612747.0,21601010,True
4,PT05M43.00S,05:43,Q4 05:43,5.716666666666667,536,substitution,SUB out: P. Beverley,[],Beverley,0,0,,False,False,201976.0,,turnover,substitution,,,,101150|1626149|1626155|1627742|1628021|201569|203080|203898|203903,101150|1626149|1626155|201569,1627742|1628021|203080|203898|203903,,,1610612745.0,21601010,False
4,PT05M43.00S,05:43,Q4 05:43,5.716666666666667,537,substitution,SUB in: B. Brown,[],Brown,0,0,,False,False,201628.0,,substitution,2pt made,,,,101150|1626149|1626155|1627742|1628021|201569|201628|203080|203898|203903,101150|1626149|1626155|201569|201628,1627742|1628021|203080|203898|203903,,,1610612745.0,21601010,True
4,PT05M34.00S,05:34,Q4 05:34,5.566666666666666,537,2pt,Williams 1' Driving Layup (27 PTS),['pointsinthepaint'],Williams,117,83,Made,True,False,101150.0,,substitution,2pt made,,,,101150|1626149|1626155|1627742|1628021|201569|201628|203080|203898|203903,101150|1626149|1626155|201569|201628,1627742|1628021|203080|203898|203903,6.0,0.0,1610612745.0,21601010,True
4,PT05M29.00S,05:29,Q4 05:29,5.483333333333333,538,2pt,Ennis 1' Driving Layup (2 PTS),['pointsinthepaint'],Ennis,117,85,Made,True,False,203898.0,,2pt made,foul,,,,101150|1626149|1626155|1627742|1628021|201569|201628|203080|203898|203903,1627742|1628021|203080|203898|203903,101150|1626149|1626155|201569|201628,10.0,-5.0,1610612747.0,21601010,True
4,PT05M29.00S,05:29,Q4 05:29,5.483333333333333,539,foul,B. Brown S.FOUL (P1.T2) (M.Callahan),[],Brown,0,0,,False,False,201628.0,,2pt made,freethrow,203898.0,,,101150|1626149|1626155|1627742|1628021|201569|201628|203080|203898|203903,101150|1626149|1626155|201569|201628,1627742|1628021|203080|203898|203903,,,1610612745.0,21601010,True
4,PT05M29.00S,05:29,Q4 05:29,5.483333333333333,540,freethrow,Ennis Free Throw 1 of 1 (3 PTS),[],Ennis,117,86,Made,False,False,203898.0,,foul,2pt made,,,,101150|1626149|1626155|1627742|1628021|201569|201628|203080|203898|203903,1627742|1628021|203080|203898|203903,101150|1626149|1626155|201569|201628,,,1610612747.0,21601010,True
4,PT05M23.00S,05:23,Q4 05:23,5.383333333333334,542,2pt,Gordon  Driving Layup (10 PTS),['pointsinthepaint'],Gordon,119,86,Made,True,False,201569.0,,freethrow,foul,,,,101150|1626149|1626155|1627742|1628021|201569|201628|203080|203898|203903,101150|1626149|1626155|201569|201628,1627742|1628021|203080|203898|203903,-1.0,3.0,1610612745.0,21601010,True
4,PT05M23.00S,05:23,Q4 05:23,5.383333333333334,543,foul,Nwaba S.FOUL (P2.T2) (K.Scott),[],Nwaba,0,0,,False,False,1628021.0,,2pt made,freethrow,201569.0,,,101150|1626149|1626155|1627742|1628021|201569|201628|203080|203898|203903,1627742|1628021|203080|203898|203903,101150|1626149|1626155|201569|201628,,,1610612747.0,21601010,True
4,PT05M23.00S,05:23,Q4 05:23,5.383333333333334,544,freethrow,MISS Gordon Free Throw 1 of 1,[],Gordon,0,0,Missed,False,False,201569.0,,foul,rebound,,,,101150|1626149|1626155|1627742|1628021|201569|201628|203080|203898|203903,101150|1626149|1626155|201569|201628,1627742|1628021|203080|203898|203903,,,1610612745.0,21601010,True
4,PT05M23.00S,05:23,Q4 05:23,5.383333333333334,546,rebound,Robinson REBOUND (Off:0 Def:1),[],Robinson,0,0,,False,False,203080.0,,freethrow,2pt missed,,,,101150|1626149|1626155|1627742|1628021|201569|201628|203080|203898|203903,1627742|1628021|203080|203898|203903,101150|1626149|1626155|201569|201628,,,1610612747.0,21601010,True
4,PT05M06.00S,05:06,Q4 05:06,5.1,547,2pt,MISS Robinson 12' Jump Shot,['pointsinthepaint'],Robinson,0,0,Missed,True,False,203080.0,,rebound,rebound,,,,101150|1626149|1626155|1627742|1628021|201569|201628|203080|203898|203903,1627742|1628021|203080|203898|203903,101150|1626149|1626155|201569|201628,-20.0,121.0,1610612747.0,21601010,True
4,PT05M05.00S,05:05,Q4 05:05,5.083333333333333,548,rebound,Nwaba REBOUND (Off:2 Def:0),[],Nwaba,0,0,,False,False,1628021.0,,2pt missed,3pt missed,,,,101150|1626149|1626155|1627742|1628021|201569|201628|203080|203898|203903,1627742|1628021|203080|203898|203903,101150|1626149|1626155|201569|201628,,,1610612747.0,21601010,True
4,PT05M01.00S,05:01,Q4 05:01,5.016666666666667,549,3pt,MISS Clarkson 26' 3PT Jump Shot,[],Clarkson,0,0,Missed,True,False,203903.0,,rebound,rebound,,,,101150|1626149|1626155|1627742|1628021|201569|201628|203080|203898|203903,1627742|1628021|203080|203898|203903,101150|1626149|1626155|201569|201628,-201.0,159.0,1610612747.0,21601010,True
4,PT05M00.00S,05:00,Q4 05:00,5.0,550,rebound,TEAM defensive REBOUND,['team'],,0,0,,False,False,0.0,,3pt missed,3pt missed,,,,101150|1626149|1626155|1627742|1628021|201569|201628|203080|203898|203903,101150|1626149|1626155|201569|201628,1627742|1628021|203080|203898|203903,,,1610612745.0,21601010,True
4,PT04M51.00S,04:51,Q4 04:51,4.85,551,3pt,MISS Dekker  3PT Jump Shot,[],Dekker,0,0,Missed,True,False,1626155.0,,rebound,rebound,,,,101150|1626149|1626155|1627742|1628021|201569|201628|203080|203898|203903,101150|1626149|1626155|201569|201628,1627742|1628021|203080|203898|203903,-227.0,33.0,1610612745.0,21601010,True
4,PT04M50.00S,04:50,Q4 04:50,4.833333333333333,552,rebound,Clarkson REBOUND (Off:0 Def:2),[],Clarkson,0,0,,False,False,203903.0,,3pt missed,2pt missed,,,,101150|1626149|1626155|1627742|1628021|201569|201628|203080|203898|203903,1627742|1628021|203080|203898|203903,101150|1626149|1626155|201569|201628,,,1610612747.0,21601010,True
4,PT04M44.00S,04:44,Q4 04:44,4.733333333333333,553,2pt,MISS Clarkson 2' Layup,['pointsinthepaint'],Clarkson,0,0,Missed,True,False,203903.0,,rebound,block,,,,101150|1626149|1626155|1627742|1628021|201569|201628|203080|203898|203903,1627742|1628021|203080|203898|203903,101150|1626149|1626155|201569|201628,-12.0,13.0,1610612747.0,21601010,True
4,PT04M44.00S,04:44,Q4 04:44,4.733333333333333,553,block,Williams BLOCK (1 BLK),[],Williams,0,0,,False,False,101150.0,,2pt missed,rebound,,,101150.0,101150|1626149|1626155|1627742|1628021|201569|201628|203080|203898|203903,101150|1626149|1626155|201569|201628,1627742|1628021|203080|203898|203903,,,1610612745.0,21601010,True
4,PT04M44.00S,04:44,Q4 04:44,4.733333333333333,554,rebound,TEAM offensive REBOUND,['team'],,0,0,,False,False,0.0,,block,2pt missed,,,,101150|1626149|1626155|1627742|1628021|201569|201628|203080|203898|203903,1627742|1628021|203080|203898|203903,101150|1626149|1626155|201569|201628,,,1610612747.0,21601010,True
4,PT04M38.00S,04:38,Q4 04:38,4.633333333333333,555,2pt,MISS Ingram 11' Jump Shot,"['2ndchance', 'pointsinthepaint']",Ingram,0,0,Missed,True,False,1627742.0,,rebound,rebound,,,,101150|1626149|1626155|1627742|1628021|201569|201628|203080|203898|203903,1627742|1628021|203080|203898|203903,101150|1626149|1626155|201569|201628,2.0,106.0,1610612747.0,21601010,True
4,PT04M37.00S,04:37,Q4 04:37,4.616666666666667,556,rebound,Dekker REBOUND (Off:2 Def:5),[],Dekker,0,0,,False,False,1626155.0,,2pt missed,2pt made,,,,101150|1626149|1626155|1627742|1628021|201569|201628|203080|203898|203903,101150|1626149|1626155|201569|201628,1627742|1628021|203080|203898|203903,,,1610612745.0,21601010,True
4,PT04M25.00S,04:25,Q4 04:25,4.416666666666667,557,2pt,Harrell 1' Driving Layup (6 PTS),['pointsinthepaint'],Harrell,121,86,Made,True,False,1626149.0,,rebound,3pt missed,,,,101150|1626149|1626155|1627742|1628021|201569|201628|203080|203898|203903,101150|1626149|1626155|201569|201628,1627742|1628021|203080|203898|203903,-6.0,-6.0,1610612745.0,21601010,True
4,PT04M14.00S,04:14,Q4 04:14,4.233333333333333,558,3pt,MISS Ennis 25' 3PT Jump Shot,[],Ennis,0,0,Missed,True,False,203898.0,,2pt made,rebound,,,,101150|1626149|1626155|1627742|1628021|201569|201628|203080|203898|203903,1627742|1628021|203080|203898|203903,101150|1626149|1626155|201569|201628,43.0,242.0,1610612747.0,21601010,True
4,PT04M13.00S,04:13,Q4 04:13,4.216666666666667,559,rebound,Dekker REBOUND (Off:2 Def:6),[],Dekker,0,0,,False,False,1626155.0,,3pt missed,3pt made,,,,101150|1626149|1626155|1627742|1628021|201569|201628|203080|203898|203903,101150|1626149|1626155|201569|201628,1627742|1628021|203080|203898|203903,,,1610612745.0,21601010,True
4,PT03M52.00S,03:52,Q4 03:52,3.8666666666666667,560,3pt,B. Brown  3PT Jump Shot (3 PTS) (Gordon 4 AST),[],Brown,124,86,Made,True,True,201628.0,201569.0,rebound,foul,,,,101150|1626149|1626155|1627742|1628021|201569|201628|203080|203898|203903,101150|1626149|1626155|201569|201628,1627742|1628021|203080|203898|203903,-225.0,11.0,1610612745.0,21601010,True
4,PT03M35.00S,03:35,Q4 03:35,3.5833333333333335,561,foul,Harrell S.FOUL (P2.T3) (K.Scott),[],Harrell,0,0,,False,False,1626149.0,,3pt made,freethrow,203080.0,,,101150|1626149|1626155|1627742|1628021|201569|201628|203080|203898|203903,101150|1626149|1626155|201569|201628,1627742|1628021|203080|203898|203903,,,1610612745.0,21601010,True
4,PT03M35.00S,03:35,Q4 03:35,3.5833333333333335,562,freethrow,Robinson Free Throw 1 of 2 (1 PTS),[],Robinson,124,87,Made,False,False,203080.0,,foul,freethrow,,,,101150|1626149|1626155|1627742|1628021|201569|201628|203080|203898|203903,1627742|1628021|203080|203898|203903,101150|1626149|1626155|201569|201628,,,1610612747.0,21601010,True
4,PT03M35.00S,03:35,Q4 03:35,3.5833333333333335,565,freethrow,Robinson Free Throw 2 of 2 (2 PTS),[],Robinson,124,88,Made,False,False,203080.0,,freethrow,substitution,,,,101150|1626149|1626155|1627742|1628021|201569|201628|203080|203898|203903,1627742|1628021|203080|203898|203903,101150|1626149|1626155|201569|201628,,,1610612747.0,21601010,True
4,PT03M35.00S,03:35,Q4 03:35,3.5833333333333335,564,substitution,SUB out: E. Gordon,[],Gordon,0,0,,False,False,201569.0,,freethrow,substitution,,,,101150|1626149|1626155|1627742|1628021|201628|203080|203898|203903,101150|1626149|1626155|201628,1627742|1628021|203080|203898|203903,,,1610612745.0,21601010,False
4,PT03M35.00S,03:35,Q4 03:35,3.5833333333333335,565,substitution,SUB in: K. Wiltjer,[],Wiltjer,0,0,,False,False,1627787.0,,substitution,3pt missed,,,,101150|1626149|1626155|1627742|1627787|1628021|201628|203080|203898|203903,101150|1626149|1626155|1627787|201628,1627742|1628021|203080|203898|203903,,,1610612745.0,21601010,True
4,PT03M17.00S,03:17,Q4 03:17,3.283333333333333,568,3pt,MISS B. Brown 25' 3PT Jump Shot,[],Brown,0,0,Missed,True,False,201628.0,,substitution,rebound,,,,101150|1626149|1626155|1627742|1627787|1628021|201628|203080|203898|203903,101150|1626149|1626155|1627787|201628,1627742|1628021|203080|203898|203903,-1.0,249.0,1610612745.0,21601010,True
4,PT03M13.00S,03:13,Q4 03:13,3.216666666666667,569,rebound,Nwaba REBOUND (Off:2 Def:1),[],Nwaba,0,0,,False,False,1628021.0,,3pt missed,2pt made,,,,101150|1626149|1626155|1627742|1627787|1628021|201628|203080|203898|203903,1627742|1628021|203080|203898|203903,101150|1626149|1626155|1627787|201628,,,1610612747.0,21601010,True
4,PT03M07.00S,03:07,Q4 03:07,3.1166666666666667,570,2pt,Ennis 15' Pullup Jump Shot (5 PTS),['pointsinthepaint'],Ennis,124,90,Made,True,False,203898.0,,rebound,2pt made,,,,101150|1626149|1626155|1627742|1627787|1628021|201628|203080|203898|203903,1627742|1628021|203080|203898|203903,101150|1626149|1626155|1627787|201628,-60.0,136.0,1610612747.0,21601010,True
4,PT02M54.00S,02:54,Q4 02:54,2.9,572,2pt,Harrell  Dunk (8 PTS) (Williams 5 AST),['pointsinthepaint'],Harrell,126,90,Made,True,True,1626149.0,101150.0,2pt made,2pt made,,,,101150|1626149|1626155|1627742|1627787|1628021|201628|203080|203898|203903,101150|1626149|1626155|1627787|201628,1627742|1628021|203080|203898|203903,0.0,1.0,1610612745.0,21601010,True
4,PT02M42.00S,02:42,Q4 02:42,2.7,573,2pt,Robinson  Layup (4 PTS) (Ennis 1 AST),['pointsinthepaint'],Robinson,126,92,Made,True,True,203080.0,203898.0,2pt made,3pt made,,,,101150|1626149|1626155|1627742|1627787|1628021|201628|203080|203898|203903,1627742|1628021|203080|203898|203903,101150|1626149|1626155|1627787|201628,1.0,-1.0,1610612747.0,21601010,True
4,PT02M30.00S,02:30,Q4 02:30,2.5,575,3pt,Williams 26' 3PT Jump Shot (30 PTS) (B. Brown 1 AST),[],Williams,129,92,Made,True,True,101150.0,201628.0,2pt made,2pt made,,,,101150|1626149|1626155|1627742|1627787|1628021|201628|203080|203898|203903,101150|1626149|1626155|1627787|201628,1627742|1628021|203080|203898|203903,107.0,239.0,1610612745.0,21601010,True
4,PT02M19.00S,02:19,Q4 02:19,2.3166666666666664,576,2pt,Ennis  Driving Layup (7 PTS),['pointsinthepaint'],Ennis,129,94,Made,True,False,203898.0,,3pt made,3pt missed,,,,101150|1626149|1626155|1627742|1627787|1628021|201628|203080|203898|203903,1627742|1628021|203080|203898|203903,101150|1626149|1626155|1627787|201628,-4.0,-1.0,1610612747.0,21601010,True
4,PT02M14.00S,02:14,Q4 02:14,2.2333333333333334,577,3pt,MISS Williams 26' 3PT Jump Shot,[],Williams,0,0,Missed,True,False,101150.0,,2pt made,rebound,,,,101150|1626149|1626155|1627742|1627787|1628021|201628|203080|203898|203903,101150|1626149|1626155|1627787|201628,1627742|1628021|203080|203898|203903,-214.0,139.0,1610612745.0,21601010,True
4,PT02M13.00S,02:13,Q4 02:13,2.216666666666667,578,rebound,TEAM defensive REBOUND,['team'],,0,0,,False,False,0.0,,3pt missed,2pt missed,,,,101150|1626149|1626155|1627742|1627787|1628021|201628|203080|203898|203903,1627742|1628021|203080|203898|203903,101150|1626149|1626155|1627787|201628,,,1610612747.0,21601010,True
4,PT01M59.00S,01:59,Q4 01:59,1.9833333333333334,580,2pt,MISS Nwaba 1' Reverse Layup,['pointsinthepaint'],Nwaba,0,0,Missed,True,False,1628021.0,,rebound,rebound,,,,101150|1626149|1626155|1627742|1627787|1628021|201628|203080|203898|203903,1627742|1628021|203080|203898|203903,101150|1626149|1626155|1627787|201628,10.0,-6.0,1610612747.0,21601010,True
4,PT01M59.00S,01:59,Q4 01:59,1.9833333333333334,581,rebound,Dekker REBOUND (Off:2 Def:7),[],Dekker,0,0,,False,False,1626155.0,,2pt missed,3pt missed,,,,101150|1626149|1626155|1627742|1627787|1628021|201628|203080|203898|203903,101150|1626149|1626155|1627787|201628,1627742|1628021|203080|203898|203903,,,1610612745.0,21601010,True
4,PT01M53.00S,01:53,Q4 01:53,1.8833333333333333,582,3pt,MISS Wiltjer 25' 3PT Jump Shot,[],Wiltjer,0,0,Missed,True,False,1627787.0,,rebound,rebound,,,,101150|1626149|1626155|1627742|1627787|1628021|201628|203080|203898|203903,101150|1626149|1626155|1627787|201628,1627742|1628021|203080|203898|203903,-199.0,144.0,1610612745.0,21601010,True
4,PT01M52.00S,01:52,Q4 01:52,1.8666666666666667,583,rebound,Ingram REBOUND (Off:1 Def:5),[],Ingram,0,0,,False,False,1627742.0,,3pt missed,turnover,,,,101150|1626149|1626155|1627742|1627787|1628021|201628|203080|203898|203903,1627742|1628021|203080|203898|203903,101150|1626149|1626155|1627787|201628,,,1610612747.0,21601010,True
4,PT01M47.00S,01:47,Q4 01:47,1.7833333333333332,584,turnover,Ingram Lost Ball Turnover (P4.T21),[],Ingram,0,0,,False,False,1627742.0,,rebound,steal,,,,101150|1626149|1626155|1627742|1627787|1628021|201628|203080|203898|203903,1627742|1628021|203080|203898|203903,101150|1626149|1626155|1627787|201628,,,1610612747.0,21601010,True
4,PT01M47.00S,01:47,Q4 01:47,1.7833333333333332,584,steal,Wiltjer STEAL (1 STL),[],Wiltjer,0,0,,False,False,1627787.0,,turnover,2pt made,,1627787.0,,101150|1626149|1626155|1627742|1627787|1628021|201628|203080|203898|203903,101150|1626149|1626155|1627787|201628,1627742|1628021|203080|203898|203903,,,1610612745.0,21601010,True
4,PT01M43.00S,01:43,Q4 01:43,1.7166666666666668,585,2pt,Dekker  Dunk (8 PTS) (Wiltjer 1 AST),['pointsinthepaint'],Dekker,131,94,Made,True,True,1626155.0,1627787.0,steal,2pt made,,,,101150|1626149|1626155|1627742|1627787|1628021|201628|203080|203898|203903,101150|1626149|1626155|1627787|201628,1627742|1628021|203080|203898|203903,0.0,1.0,1610612745.0,21601010,True
4,PT01M22.00S,01:22,Q4 01:22,1.3666666666666667,586,2pt,Robinson 3' Driving Layup (6 PTS) (Nwaba 2 AST),['pointsinthepaint'],Robinson,131,96,Made,True,True,203080.0,1628021.0,2pt made,2pt made,,,,101150|1626149|1626155|1627742|1627787|1628021|201628|203080|203898|203903,1627742|1628021|203080|203898|203903,101150|1626149|1626155|1627787|201628,25.0,-1.0,1610612747.0,21601010,True
4,PT01M19.00S,01:19,Q4 01:19,1.3166666666666667,587,2pt,Harrell  Alley Oop Dunk (10 PTS) (Williams 6 AST),['pointsinthepaint'],Harrell,133,96,Made,True,True,1626149.0,101150.0,2pt made,timeout,,,,101150|1626149|1626155|1627742|1627787|1628021|201628|203080|203898|203903,101150|1626149|1626155|1627787|201628,1627742|1628021|203080|203898|203903,0.0,1.0,1610612745.0,21601010,True
4,PT01M19.00S,01:19,Q4 01:19,1.3166666666666667,588,timeout,Lakers Timeout: Short (Reg.6 Short 2),[],,0,0,,False,False,0.0,,2pt made,substitution,,,,101150|1626149|1626155|1627742|1627787|1628021|201628|203080|203898|203903,1627742|1628021|203080|203898|203903,101150|1626149|1626155|1627787|201628,,,1610612747.0,21601010,True
4,PT01M19.00S,01:19,Q4 01:19,1.3166666666666667,590,substitution,SUB out: B. Ingram,[],Ingram,0,0,,False,False,1627742.0,,timeout,substitution,,,,101150|1626149|1626155|1627787|1628021|201628|203080|203898|203903,1628021|203080|203898|203903,101150|1626149|1626155|1627787|201628,,,1610612747.0,21601010,False
4,PT01M19.00S,01:19,Q4 01:19,1.3166666666666667,591,substitution,SUB out: J. Clarkson,[],Clarkson,0,0,,False,False,203903.0,,substitution,substitution,,,,101150|1626149|1626155|1627787|1628021|201628|203080|203898,1628021|203080|203898,101150|1626149|1626155|1627787|201628,,,1610612747.0,21601010,False
4,PT01M19.00S,01:19,Q4 01:19,1.3166666666666667,592,substitution,SUB out: T. Ennis,[],Ennis,0,0,,False,False,203898.0,,substitution,substitution,,,,101150|1626149|1626155|1627787|1628021|201628|203080,1628021|203080,101150|1626149|1626155|1627787|201628,,,1610612747.0,21601010,False
4,PT01M19.00S,01:19,Q4 01:19,1.3166666666666667,593,substitution,SUB out: D. Nwaba,[],Nwaba,0,0,,False,False,1628021.0,,substitution,substitution,,,,101150|1626149|1626155|1627787|201628|203080,203080,101150|1626149|1626155|1627787|201628,,,1610612747.0,21601010,False
4,PT01M19.00S,01:19,Q4 01:19,1.3166666666666667,594,substitution,SUB out: T. Robinson,[],Robinson,0,0,,False,False,203080.0,,substitution,substitution,,,,101150|1626149|1626155|1627787|201628,,101150|1626149|1626155|1627787|201628,,,1610612747.0,21601010,False
4,PT01M19.00S,01:19,Q4 01:19,1.3166666666666667,595,substitution,SUB in: T. Black,[],Black,0,0,,False,False,204028.0,,substitution,substitution,,,,101150|1626149|1626155|1627787|201628|204028,204028,101150|1626149|1626155|1627787|201628,,,1610612747.0,21601010,False
4,PT01M19.00S,01:19,Q4 01:19,1.3166666666666667,596,substitution,SUB in: I. Zubac,[],Zubac,0,0,,False,False,1627826.0,,substitution,substitution,,,,101150|1626149|1626155|1627787|1627826|201628|204028,1627826|204028,101150|1626149|1626155|1627787|201628,,,1610612747.0,21601010,False
4,PT01M19.00S,01:19,Q4 01:19,1.3166666666666667,597,substitution,SUB in: M. World Peace,[],World Peace,0,0,,False,False,1897.0,,substitution,substitution,,,,101150|1626149|1626155|1627787|1627826|1897|201628|204028,1627826|1897|204028,101150|1626149|1626155|1627787|201628,,,1610612747.0,21601010,False
4,PT01M19.00S,01:19,Q4 01:19,1.3166666666666667,598,substitution,SUB in: N. Young,[],Young,0,0,,False,False,201156.0,,substitution,substitution,,,,101150|1626149|1626155|1627787|1627826|1897|201156|201628|204028,1627826|1897|201156|204028,101150|1626149|1626155|1627787|201628,,,1610612747.0,21601010,False
4,PT01M19.00S,01:19,Q4 01:19,1.3166666666666667,599,substitution,SUB in: C. Brewer,[],Brewer,0,0,,False,False,201147.0,,substitution,turnover,,,,101150|1626149|1626155|1627787|1627826|1897|201147|201156|201628|204028,1627826|1897|201147|201156|204028,101150|1626149|1626155|1627787|201628,,,1610612747.0,21601010,True
4,PT01M11.00S,01:11,Q4 01:11,1.1833333333333333,596,turnover,Young Bad Pass Turnover (P1.T22),[],Young,0,0,,False,False,201156.0,,substitution,steal,,,,101150|1626149|1626155|1627787|1627826|1897|201147|201156|201628|204028,1627826|1897|201147|201156|204028,101150|1626149|1626155|1627787|201628,,,1610612747.0,21601010,True
4,PT01M11.00S,01:11,Q4 01:11,1.1833333333333333,596,steal,Williams STEAL (2 STL),[],Williams,0,0,,False,False,101150.0,,turnover,turnover,,101150.0,,101150|1626149|1626155|1627787|1627826|1897|201147|201156|201628|204028,101150|1626149|1626155|1627787|201628,1627826|1897|201147|201156|204028,,,1610612745.0,21601010,True
4,PT01M07.00S,01:07,Q4 01:07,1.1166666666666667,597,turnover,Williams Bad Pass Turnover (P2.T20),[],Williams,0,0,,False,False,101150.0,,steal,steal,,,,101150|1626149|1626155|1627787|1627826|1897|201147|201156|201628|204028,101150|1626149|1626155|1627787|201628,1627826|1897|201147|201156|204028,,,1610612745.0,21601010,True
4,PT01M07.00S,01:07,Q4 01:07,1.1166666666666667,597,steal,Brewer STEAL (1 STL),[],Brewer,0,0,,False,False,201147.0,,turnover,2pt made,,201147.0,,101150|1626149|1626155|1627787|1627826|1897|201147|201156|201628|204028,1627826|1897|201147|201156|204028,101150|1626149|1626155|1627787|201628,,,1610612747.0,21601010,True
4,PT01M06.00S,01:06,Q4 01:06,1.1,598,2pt,Brewer  Layup (4 PTS),['pointsinthepaint'],Brewer,133,98,Made,True,False,201147.0,,steal,turnover,,,,101150|1626149|1626155|1627787|1627826|1897|201147|201156|201628|204028,1627826|1897|201147|201156|204028,101150|1626149|1626155|1627787|201628,4.0,-1.0,1610612747.0,21601010,True
4,PT00M54.20S,00:54,Q4 00:54,0.9033333333333334,599,turnover,Williams Lost Ball Turnover (P3.T21),[],Williams,0,0,,False,False,101150.0,,2pt made,steal,,,,101150|1626149|1626155|1627787|1627826|1897|201147|201156|201628|204028,101150|1626149|1626155|1627787|201628,1627826|1897|201147|201156|204028,,,1610612745.0,21601010,True
4,PT00M54.20S,00:54,Q4 00:54,0.9033333333333334,599,steal,Brewer STEAL (2 STL),[],Brewer,0,0,,False,False,201147.0,,turnover,2pt made,,201147.0,,101150|1626149|1626155|1627787|1627826|1897|201147|201156|201628|204028,1627826|1897|201147|201156|204028,101150|1626149|1626155|1627787|201628,,,1610612747.0,21601010,True
4,PT00M45.60S,00:45,Q4 00:45,0.76,600,2pt,Zubac 5' Jump Shot (2 PTS) (World Peace 1 AST),['pointsinthepaint'],Zubac,133,100,Made,True,True,1627826.0,1897.0,steal,3pt made,,,,101150|1626149|1626155|1627787|1627826|1897|201147|201156|201628|204028,1627826|1897|201147|201156|204028,101150|1626149|1626155|1627787|201628,-1.0,46.0,1610612747.0,21601010,True
4,PT00M34.60S,00:34,Q4 00:34,0.5766666666666667,601,3pt,B. Brown 26' 3PT Jump Shot (6 PTS) (Williams 7 AST),[],Brown,136,100,Made,True,True,201628.0,101150.0,2pt made,turnover,,,,101150|1626149|1626155|1627787|1627826|1897|201147|201156|201628|204028,101150|1626149|1626155|1627787|201628,1627826|1897|201147|201156|204028,10.0,257.0,1610612745.0,21601010,True
4,PT00M27.50S,00:27,Q4 00:27,0.4583333333333333,603,turnover,World Peace Bad Pass Turnover (P1.T23),[],World Peace,0,0,,False,False,1897.0,,3pt made,steal,,,,101150|1626149|1626155|1627787|1627826|1897|201147|201156|201628|204028,1627826|1897|201147|201156|204028,101150|1626149|1626155|1627787|201628,,,1610612747.0,21601010,True
4,PT00M27.50S,00:27,Q4 00:27,0.4583333333333333,603,steal,Wiltjer STEAL (2 STL),[],Wiltjer,0,0,,False,False,1627787.0,,turnover,3pt made,,1627787.0,,101150|1626149|1626155|1627787|1627826|1897|201147|201156|201628|204028,101150|1626149|1626155|1627787|201628,1627826|1897|201147|201156|204028,,,1610612745.0,21601010,True
4,PT00M04.10S,00:04,Q4 00:04,0.06833333333333333,604,3pt,B. Brown 25' 3PT Step Back Jump Shot (9 PTS),[],Brown,139,100,Made,True,False,201628.0,,steal,period,,,,101150|1626149|1626155|1627787|1627826|1897|201147|201156|201628|204028,101150|1626149|1626155|1627787|201628,1627826|1897|201147|201156|204028,114.0,223.0,1610612745.0,21601010,True
4,PT00M00.00S,00:00,Q4 00:00,0.0,606,period,End of 4th Period (10:23 PM EST),[],,139,100,,False,False,0.0,,3pt made,,,,,101150|1626149|1626155|1627787|1627826|1897|201147|201156|201628|204028,101150|1626149|1626155|1627787|201628,1627826|1897|201147|201156|204028,,,1610612745.0,21601010,True
