period,clock,clock_display,game_clock,minutes_left_in_game,actionNumber,actionType,description,qualifier,playerName,scoreHome,scoreAway,shotResult,isFieldGoal,assisted,person_id,assister_id,previous_action,next_action,foulDrawnPersonId,stealPersonId,blockPersonId,players_on,off_players_on,def_players_on,xLegacy,yLegacy,teamId,game_id,poc_ok
1,PT12M00.00S,12:00,Q1 12:00,48.0,0,period,Start of 1st Period (7:11 PM EST),[],,0,0,,False,False,0.0,,,foul,,,,201566|201586|201942|201959|201960|202685|202709|203460|203500|203506,201586|201942|201960|202685|202709,201566|201959|203460|203500|203506,,,1610612761.0,21601015,True
1,PT11M39.00S,11:39,Q1 11:39,47.65,2,foul,Joseph P.FOUL (P1.T1) (J.Tiven),[],Joseph,0,0,,False,False,202709.0,,period,turnover,201566.0,,,201566|201586|201942|201959|201960|202685|202709|203460|203500|203506,201586|201942|201960|202685|202709,201566|201959|203460|203500|203506,,,1610612761.0,21601015,True
1,PT11M32.00S,11:32,Q1 11:32,47.53333333333333,3,turnover,Westbrook Bad Pass Turnover (P1.T1),[],Westbrook,0,0,,False,False,201566.0,,foul,steal,,,,201566|201586|201942|201959|201960|202685|202709|203460|203500|203506,201566|201959|203460|203500|203506,201586|201942|201960|202685|202709,,,1610612760.0,21601015,True
1,PT11M32.00S,11:32,Q1 11:32,47.53333333333333,3,steal,Carroll STEAL (1 STL),[],Carroll,0,0,,False,False,201960.0,,turnover,turnover,,201960.0,,201566|201586|201942|201959|201960|202685|202709|203460|203500|203506,201586|201942|201960|202685|202709,201566|201959|203460|203500|203506,,,1610612761.0,21601015,True
1,PT11M11.00S,11:11,Q1 11:11,47.18333333333334,4,turnover,Carroll Out of Bounds - Bad Pass Turnover Turnover (P1.T1),[],Carroll,0,0,,False,False,201960.0,,steal,2pt made,,,,201566|201586|201942|201959|201960|202685|202709|203460|203500|203506,201586|201942|201960|202685|202709,201566|201959|203460|203500|203506,,,1610612761.0,21601015,True
1,PT10M51.00S,10:51,Q1 10:51,46.85,5,2pt,Adams 5' Turnaround Hook Shot (2 PTS),['pointsinthepaint'],Adams,0,2,Made,True,False,203500.0,,turnover,turnover,,,,201566|201586|201942|201959|201960|202685|202709|203460|203500|203506,201566|201959|203460|203500|203506,201586|201942|201960|202685|202709,-19.0,46.0,1610612760.0,21601015,True
1,PT10M40.00S,10:40,Q1 10:40,46.666666666666664,6,turnover,Valanciunas Lost Ball Turnover (P1.T2),[],Valanciunas,0,0,,False,False,202685.0,,2pt made,steal,,,,201566|201586|201942|201959|201960|202685|202709|203460|203500|203506,201586|201942|201960|202685|202709,201566|201959|203460|203500|203506,,,1610612761.0,21601015,True
1,PT10M40.00S,10:40,Q1 10:40,46.666666666666664,6,steal,Adams STEAL (1 STL),[],Adams,0,0,,False,False,203500.0,,turnover,2pt missed,,203500.0,,201566|201586|201942|201959|201960|202685|202709|203460|203500|203506,201566|201959|203460|203500|203506,201586|201942|201960|202685|202709,,,1610612760.0,21601015,True
1,PT10M29.00S,10:29,Q1 10:29,46.483333333333334,8,2pt,MISS Adams 2' Hook Shot,['pointsinthepaint'],Adams,0,0,Missed,True,False,203500.0,,steal,block,,,,201566|201586|201942|201959|201960|202685|202709|203460|203500|203506,201566|201959|203460|203500|203506,201586|201942|201960|202685|202709,-17.0,4.0,1610612760.0,21601015,True
1,PT10M29.00S,10:29,Q1 10:29,46.483333333333334,8,block,Valanciunas BLOCK (1 BLK),[],Valanciunas,0,0,,False,False,202685.0,,2pt missed,rebound,,,202685.0,201566|201586|201942|201959|201960|202685|202709|203460|203500|203506,201586|201942|201960|202685|202709,201566|201959|203460|203500|203506,,,1610612761.0,21601015,True
1,PT10M26.00S,10:26,Q1 10:26,46.43333333333334,10,rebound,Joseph REBOUND (Off:0 Def:1),[],Joseph,0,0,,False,False,202709.0,,block,3pt missed,,,,201566|201586|201942|201959|201960|202685|202709|203460|203500|203506,201586|201942|201960|202685|202709,201566|201959|203460|203500|203506,,,1610612761.0,21601015,True
1,PT10M13.00S,10:13,Q1 10:13,46.21666666666667,11,3pt,MISS Ibaka 27' 3PT Jump Shot,[],Ibaka,0,0,Missed,True,False,201586.0,,rebound,rebound,,,,201566|201586|201942|201959|201960|202685|202709|203460|203500|203506,201586|201942|201960|202685|202709,201566|201959|203460|203500|203506,48.0,262.0,1610612761.0,21601015,True
1,PT10M13.00S,10:13,Q1 10:13,46.21666666666667,12,rebound,Roberson REBOUND (Off:0 Def:1),[],Roberson,0,0,,False,False,203460.0,,3pt missed,3pt missed,,,,201566|201586|201942|201959|201960|202685|202709|203460|203500|203506,201566|201959|203460|203500|203506,201586|201942|201960|202685|202709,,,1610612760.0,21601015,True
1,PT09M53.00S,09:53,Q1 09:53,45.88333333333333,13,3pt,MISS Westbrook 27' 3PT Jump Shot,[],Westbrook,0,0,Missed,True,False,201566.0,,rebound,rebound,,,,201566|201586|201942|201959|201960|202685|202709|203460|203500|203506,201566|201959|203460|203500|203506,201586|201942|201960|202685|202709,-161.0,214.0,1610612760.0,21601015,True
1,PT09M53.00S,09:53,Q1 09:53,45.88333333333333,14,rebound,Valanciunas REBOUND (Off:0 Def:1),[],Valanciunas,0,0,,False,False,202685.0,,3pt missed,2pt made,,,,201566|201586|201942|201959|201960|202685|202709|203460|203500|203506,201586|201942|201960|202685|202709,201566|201959|203460|203500|203506,,,1610612761.0,21601015,True
1,PT09M46.00S,09:46,Q1 09:46,45.766666666666666,15,2pt,Joseph 18' Running Pull-Up Jump Shot (2 PTS),[],Joseph,2,2,Made,True,False,202709.0,,rebound,2pt made,,,,201566|201586|201942|201959|201960|202685|202709|203460|203500|203506,201586|201942|201960|202685|202709,201566|201959|203460|203500|203506,153.0,101.0,1610612761.0,21601015,True
1,PT09M32.00S,09:32,Q1 09:32,45.53333333333333,16,2pt,Roberson 1' Layup (2 PTS) (Oladipo 1 AST),['pointsinthepaint'],Roberson,2,4,Made,True,True,203460.0,203506.0,2pt made,3pt missed,,,,201566|201586|201942|201959|201960|202685|202709|203460|203500|203506,201566|201959|203460|203500|203506,201586|201942|201960|202685|202709,-7.0,7.0,1610612760.0,21601015,True
1,PT09M18.00S,09:18,Q1 09:18,45.3,17,3pt,MISS Ibaka 26' 3PT Jump Shot,[],Ibaka,0,0,Missed,True,False,201586.0,,2pt made,rebound,,,,201566|201586|201942|201959|201960|202685|202709|203460|203500|203506,201586|201942|201960|202685|202709,201566|201959|203460|203500|203506,-189.0,174.0,1610612761.0,21601015,True
1,PT09M18.00S,09:18,Q1 09:18,45.3,18,rebound,Roberson REBOUND (Off:0 Def:2),[],Roberson,0,0,,False,False,203460.0,,3pt missed,2pt made,,,,201566|201586|201942|201959|201960|202685|202709|203460|203500|203506,201566|201959|203460|203500|203506,201586|201942|201960|202685|202709,,,1610612760.0,21601015,True
1,PT09M12.00S,09:12,Q1 09:12,45.2,19,2pt,Adams  Running Dunk (4 PTS) (Westbrook 1 AST),['pointsinthepaint'],Adams,2,6,Made,True,True,203500.0,201566.0,rebound,2pt missed,,,,201566|201586|201942|201959|201960|202685|202709|203460|203500|203506,201566|201959|203460|203500|203506,201586|201942|201960|202685|202709,0.0,1.0,1610612760.0,21601015,True
1,PT08M46.00S,08:46,Q1 08:46,44.766666666666666,20,2pt,MISS Joseph 16' Step Back Jump Shot,[],Joseph,0,0,Missed,True,False,202709.0,,2pt made,rebound,,,,201566|201586|201942|201959|201960|202685|202709|203460|203500|203506,201586|201942|201960|202685|202709,201566|201959|203460|203500|203506,155.0,13.0,1610612761.0,21601015,True
1,PT08M45.00S,08:45,Q1 08:45,44.75,21,rebound,Roberson REBOUND (Off:0 Def:3),[],Roberson,0,0,,False,False,203460.0,,2pt missed,2pt made,,,,201566|201586|201942|201959|201960|202685|202709|203460|203500|203506,201566|201959|203460|203500|203506,201586|201942|201960|202685|202709,,,1610612760.0,21601015,True
1,PT08M40.00S,08:40,Q1 08:40,44.666666666666664,22,2pt,Westbrook 2' Running Layup (2 PTS),['pointsinthepaint'],Westbrook,2,8,Made,True,False,201566.0,,rebound,2pt missed,,,,201566|201586|201942|201959|201960|202685|202709|203460|203500|203506,201566|201959|203460|203500|203506,201586|201942|201960|202685|202709,-17.0,-1.0,1610612760.0,21601015,True
1,PT08M26.00S,08:26,Q1 08:26,44.43333333333334,23,2pt,MISS DeRozan 4' Driving Floating Jump Shot,['pointsinthepaint'],DeRozan,0,0,Missed,True,False,201942.0,,2pt made,block,,,,201566|201586|201942|201959|201960|202685|202709|203460|203500|203506,201586|201942|201960|202685|202709,201566|201959|203460|203500|203506,-17.0,31.0,1610612761.0,21601015,True
1,PT08M26.00S,08:26,Q1 08:26,44.43333333333334,23,block,Adams BLOCK (1 BLK),[],Adams,0,0,,False,False,203500.0,,2pt missed,rebound,,,203500.0,201566|201586|201942|201959|201960|202685|202709|203460|203500|203506,201566|201959|203460|203500|203506,201586|201942|201960|202685|202709,,,1610612760.0,21601015,True
1,PT08M25.00S,08:25,Q1 08:25,44.416666666666664,24,rebound,Westbrook REBOUND (Off:0 Def:1),[],Westbrook,0,0,,False,False,201566.0,,block,2pt missed,,,,201566|201586|201942|201959|201960|202685|202709|203460|203500|203506,201566|201959|203460|203500|203506,201586|201942|201960|202685|202709,,,1610612760.0,21601015,True
1,PT08M22.00S,08:22,Q1 08:22,44.36666666666667,25,2pt,MISS Roberson 2' Running Layup,['pointsinthepaint'],Roberson,0,0,Missed,True,False,203460.0,,rebound,block,,,,201566|201586|201942|201959|201960|202685|202709|203460|203500|203506,201566|201959|203460|203500|203506,201586|201942|201960|202685|202709,-12.0,16.0,1610612760.0,21601015,True
1,PT08M22.00S,08:22,Q1 08:22,44.36666666666667,25,block,Ibaka BLOCK (1 BLK),[],Ibaka,0,0,,False,False,201586.0,,2pt missed,rebound,,,201586.0,201566|201586|201942|201959|201960|202685|202709|203460|203500|203506,201586|201942|201960|202685|202709,201566|201959|203460|203500|203506,,,1610612761.0,21601015,True
1,PT08M22.00S,08:22,Q1 08:22,44.36666666666667,26,rebound,TEAM offensive REBOUND,['team'],,0,0,,False,False,0.0,,block,2pt missed,,,,201566|201586|201942|201959|201960|202685|202709|203460|203500|203506,201566|201959|203460|203500|203506,201586|201942|201960|202685|202709,,,1610612760.0,21601015,True
1,PT08M17.00S,08:17,Q1 08:17,44.28333333333333,27,2pt,MISS Oladipo 15' Pullup Jump Shot,['2ndchance'],Oladipo,0,0,Missed,True,False,203506.0,,rebound,rebound,,,,201566|201586|201942|201959|201960|202685|202709|203460|203500|203506,201566|201959|203460|203500|203506,201586|201942|201960|202685|202709,28.0,149.0,1610612760.0,21601015,True
1,PT08M17.00S,08:17,Q1 08:17,44.28333333333333,28,rebound,Adams REBOUND (Off:1 Def:0),[],Adams,0,0,,False,False,203500.0,,2pt missed,2pt missed,,,,201566|201586|201942|201959|201960|202685|202709|203460|203500|203506,201566|201959|203460|203500|203506,201586|201942|201960|202685|202709,,,1610612760.0,21601015,True
1,PT08M12.00S,08:12,Q1 08:12,44.2,29,2pt,MISS Adams 3' Putback Layup,['pointsinthepaint'],Adams,0,0,Missed,True,False,203500.0,,rebound,rebound,,,,201566|201586|201942|201959|201960|202685|202709|203460|203500|203506,201566|201959|203460|203500|203506,201586|201942|201960|202685|202709,25.0,7.0,1610612760.0,21601015,True
1,PT08M12.00S,08:12,Q1 08:12,44.2,30,rebound,Valanciunas REBOUND (Off:0 Def:2),[],Valanciunas,0,0,,False,False,202685.0,,2pt missed,2pt made,,,,201566|201586|201942|201959|201960|202685|202709|203460|203500|203506,201586|201942|201960|202685|202709,201566|201959|203460|203500|203506,,,1610612761.0,21601015,True
1,PT07M56.00S,07:56,Q1 07:56,43.93333333333334,31,2pt,Valanciunas 3' Layup (2 PTS) (DeRozan 1 AST),['pointsinthepaint'],Valanciunas,4,8,Made,True,True,202685.0,201942.0,rebound,foul,,,,201566|201586|201942|201959|201960|202685|202709|203460|203500|203506,201586|201942|201960|202685|202709,201566|201959|203460|203500|203506,30.0,3.0,1610612761.0,21601015,True
1,PT07M56.00S,07:56,Q1 07:56,43.93333333333334,32,foul,Westbrook S.FOUL (P1.T1) (J.Tiven),[],Westbrook,0,0,,False,False,201566.0,,2pt made,freethrow,202685.0,,,201566|201586|201942|201959|201960|202685|202709|203460|203500|203506,201566|201959|203460|203500|203506,201586|201942|201960|202685|202709,,,1610612760.0,21601015,True
1,PT07M56.00S,07:56,Q1 07:56,43.93333333333334,33,freethrow,Valanciunas Free Throw 1 of 1 (3 PTS),[],Valanciunas,5,8,Made,False,False,202685.0,,foul,2pt missed,,,,201566|201586|201942|201959|201960|202685|202709|203460|203500|203506,201586|201942|201960|202685|202709,201566|201959|203460|203500|203506,,,1610612761.0,21601015,True
1,PT07M45.00S,07:45,Q1 07:45,43.75,36,2pt,MISS Gibson 16' Jump Shot,[],Gibson,0,0,Missed,True,False,201959.0,,freethrow,rebound,,,,201566|201586|201942|201959|201960|202685|202709|203460|203500|203506,201566|201959|203460|203500|203506,201586|201942|201960|202685|202709,4.0,159.0,1610612760.0,21601015,True
1,PT07M45.00S,07:45,Q1 07:45,43.75,37,rebound,TEAM offensive REBOUND,['team'],,0,0,,False,False,0.0,,2pt missed,foul,,,,201566|201586|201942|201959|201960|202685|202709|203460|203500|203506,201566|201959|203460|203500|203506,201586|201942|201960|202685|202709,,,1610612760.0,21601015,True
1,PT07M45.00S,07:45,Q1 07:45,43.75,38,foul,Valanciunas L.B.FOUL (P1.T2) (M.Davis),[],Valanciunas,0,0,,False,False,202685.0,,rebound,turnover,203506.0,,,201566|201586|201942|201959|201960|202685|202709|203460|203500|203506,201586|201942|201960|202685|202709,201566|201959|203460|203500|203506,,,1610612761.0,21601015,True
1,PT07M39.00S,07:39,Q1 07:39,43.65,39,turnover,Oladipo Lost Ball Turnover (P1.T2),[],Oladipo,0,0,,False,False,203506.0,,foul,steal,,,,201566|201586|201942|201959|201960|202685|202709|203460|203500|203506,201566|201959|203460|203500|203506,201586|201942|201960|202685|202709,,,1610612760.0,21601015,True
1,PT07M39.00S,07:39,Q1 07:39,43.65,39,steal,Joseph STEAL (1 STL),[],Joseph,0,0,,False,False,202709.0,,turnover,2pt made,,202709.0,,201566|201586|201942|201959|201960|202685|202709|203460|203500|203506,201586|201942|201960|202685|202709,201566|201959|203460|203500|203506,,,1610612761.0,21601015,True
1,PT07M31.00S,07:31,Q1 07:31,43.516666666666666,40,2pt,Carroll 2' Cutting Layup Shot (2 PTS) (Joseph 1 AST),['pointsinthepaint'],Carroll,7,8,Made,True,True,201960.0,202709.0,steal,foul,,,,201566|201586|201942|201959|201960|202685|202709|203460|203500|203506,201586|201942|201960|202685|202709,201566|201959|203460|203500|203506,19.0,8.0,1610612761.0,21601015,True
1,PT07M17.00S,07:17,Q1 07:17,43.28333333333333,41,foul,Ibaka S.FOUL (P1.T3) (M.Davis),[],Ibaka,0,0,,False,False,201586.0,,2pt made,freethrow,201959.0,,,201566|201586|201942|201959|201960|202685|202709|203460|203500|203506,201586|201942|201960|202685|202709,201566|201959|203460|203500|203506,,,1610612761.0,21601015,True
1,PT07M17.00S,07:17,Q1 07:17,43.28333333333333,42,freethrow,MISS Gibson Free Throw 1 of 2,[],Gibson,0,0,Missed,False,False,201959.0,,foul,rebound,,,,201566|201586|201942|201959|201960|202685|202709|203460|203500|203506,201566|201959|203460|203500|203506,201586|201942|201960|202685|202709,,,1610612760.0,21601015,True
1,PT07M17.00S,07:17,Q1 07:17,43.28333333333333,43,rebound,TEAM offensive REBOUND,['team'],,0,0,,False,False,0.0,,freethrow,freethrow,,,,201566|201586|201942|201959|201960|202685|202709|203460|203500|203506,201566|201959|203460|203500|203506,201586|201942|201960|202685|202709,,,1610612760.0,21601015,True
1,PT07M17.00S,07:17,Q1 07:17,43.28333333333333,46,freethrow,Gibson Free Throw 2 of 2 (1 PTS),['2ndchance'],Gibson,7,9,Made,False,False,201959.0,,rebound,turnover,,,,201566|201586|201942|201959|201960|202685|202709|203460|203500|203506,201566|201959|203460|203500|203506,201586|201942|201960|202685|202709,,,1610612760.0,21601015,True
1,PT06M54.00S,06:54,Q1 06:54,42.9,49,turnover,Joseph Lost Ball Turnover (P1.T3),[],Joseph,0,0,,False,False,202709.0,,freethrow,steal,,,,201566|201586|201942|201959|201960|202685|202709|203460|203500|203506,201586|201942|201960|202685|202709,201566|201959|203460|203500|203506,,,1610612761.0,21601015,True
1,PT06M54.00S,06:54,Q1 06:54,42.9,49,steal,Gibson STEAL (1 STL),[],Gibson,0,0,,False,False,201959.0,,turnover,2pt made,,201959.0,,201566|201586|201942|201959|201960|202685|202709|203460|203500|203506,201566|201959|203460|203500|203506,201586|201942|201960|202685|202709,,,1610612760.0,21601015,True
1,PT06M49.00S,06:49,Q1 06:49,42.81666666666666,50,2pt,Oladipo 1' Running Alley Oop Layup Shot (2 PTS) (Westbrook 2 AST),['pointsinthepaint'],Oladipo,7,11,Made,True,True,203506.0,201566.0,steal,timeout,,,,201566|201586|201942|201959|201960|202685|202709|203460|203500|203506,201566|201959|203460|203500|203506,201586|201942|201960|202685|202709,-11.0,7.0,1610612760.0,21601015,True
1,PT06M41.00S,06:41,Q1 06:41,42.68333333333334,51,timeout,RAPTORS Timeout: Regular (Full 1 Short 0),[],,0,0,,False,False,0.0,,2pt made,2pt missed,,,,201566|201586|201942|201959|201960|202685|202709|203460|203500|203506,201586|201942|201960|202685|202709,201566|201959|203460|203500|203506,,,1610612761.0,21601015,True
1,PT06M29.00S,06:29,Q1 06:29,42.483333333333334,55,2pt,MISS Valanciunas 14' Turnaround Fadeaway Shot,[],Valanciunas,0,0,Missed,True,False,202685.0,,timeout,rebound,,,,201566|201586|201942|201959|201960|202685|202709|203460|203500|203506,201586|201942|201960|202685|202709,201566|201959|203460|203500|203506,-138.0,13.0,1610612761.0,21601015,True
1,PT06M28.00S,06:28,Q1 06:28,42.46666666666667,56,rebound,TEAM offensive REBOUND,['team'],,0,0,,False,False,0.0,,2pt missed,2pt missed,,,,201566|201586|201942|201959|201960|202685|202709|203460|203500|203506,201586|201942|201960|202685|202709,201566|201959|203460|203500|203506,,,1610612761.0,21601015,True
1,PT06M16.00S,06:16,Q1 06:16,42.266666666666666,57,2pt,MISS DeRozan 22' Jump Shot,['2ndchance'],DeRozan,0,0,Missed,True,False,201942.0,,rebound,rebound,,,,201566|201586|201942|201959|201960|202685|202709|203460|203500|203506,201586|201942|201960|202685|202709,201566|201959|203460|203500|203506,32.0,218.0,1610612761.0,21601015,True
1,PT06M16.00S,06:16,Q1 06:16,42.266666666666666,58,rebound,TEAM defensive REBOUND,['team'],,0,0,,False,False,0.0,,2pt missed,foul,,,,201566|201586|201942|201959|201960|202685|202709|203460|203500|203506,201566|201959|203460|203500|203506,201586|201942|201960|202685|202709,,,1610612760.0,21601015,True
1,PT06M16.00S,06:16,Q1 06:16,42.266666666666666,59,foul,Valanciunas L.B.FOUL (P2.T4) (M.Davis),[],Valanciunas,0,0,,False,False,202685.0,,rebound,substitution,203460.0,,,201566|201586|201942|201959|201960|202685|202709|203460|203500|203506,201586|201942|201960|202685|202709,201566|201959|203460|203500|203506,,,1610612761.0,21601015,True
1,PT06M16.00S,06:16,Q1 06:16,42.266666666666666,60,substitution,SUB out: J. Valanciunas,[],Valanciunas,0,0,,False,False,202685.0,,foul,substitution,,,,201566|201586|201942|201959|201960|202709|203460|203500|203506,201586|201942|201960|202709,201566|201959|203460|203500|203506,,,1610612761.0,21601015,False
1,PT06M16.00S,06:16,Q1 06:16,42.266666666666666,61,substitution,SUB in: J. Poeltl,[],Poeltl,0,0,,False,False,1627751.0,,substitution,2pt made,,,,1627751|201566|201586|201942|201959|201960|202709|203460|203500|203506,1627751|201586|201942|201960|202709,201566|201959|203460|203500|203506,,,1610612761.0,21601015,True
1,PT06M07.00S,06:07,Q1 06:07,42.11666666666667,61,2pt,Roberson 4' Cutting Layup Shot (4 PTS) (Westbrook 3 AST),['pointsinthepaint'],Roberson,7,13,Made,True,True,203460.0,201566.0,substitution,2pt missed,,,,1627751|201566|201586|201942|201959|201960|202709|203460|203500|203506,201566|201959|203460|203500|203506,1627751|201586|201942|201960|202709,30.0,21.0,1610612760.0,21601015,True
1,PT05M49.00S,05:49,Q1 05:49,41.81666666666666,62,2pt,MISS Ibaka 19' Jump Shot,[],Ibaka,0,0,Missed,True,False,201586.0,,2pt made,rebound,,,,1627751|201566|201586|201942|201959|201960|202709|203460|203500|203506,1627751|201586|201942|201960|202709,201566|201959|203460|203500|203506,-158.0,105.0,1610612761.0,21601015,True
1,PT05M48.00S,05:48,Q1 05:48,41.8,63,rebound,Westbrook REBOUND (Off:0 Def:2),[],Westbrook,0,0,,False,False,201566.0,,2pt missed,2pt made,,,,1627751|201566|201586|201942|201959|201960|202709|203460|203500|203506,201566|201959|203460|203500|203506,1627751|201586|201942|201960|202709,,,1610612760.0,21601015,True
1,PT05M43.00S,05:43,Q1 05:43,41.71666666666667,64,2pt,Oladipo  Running Dunk (4 PTS) (Westbrook 4 AST),['pointsinthepaint'],Oladipo,7,15,Made,True,True,203506.0,201566.0,rebound,2pt made,,,,1627751|201566|201586|201942|201959|201960|202709|203460|203500|203506,201566|201959|203460|203500|203506,1627751|201586|201942|201960|202709,0.0,1.0,1610612760.0,21601015,True
1,PT05M29.00S,05:29,Q1 05:29,41.483333333333334,65,2pt,DeRozan 3' Driving Layup (2 PTS),['pointsinthepaint'],DeRozan,9,15,Made,True,False,201942.0,,2pt made,3pt made,,,,1627751|201566|201586|201942|201959|201960|202709|203460|203500|203506,1627751|201586|201942|201960|202709,201566|201959|203460|203500|203506,25.0,13.0,1610612761.0,21601015,True
1,PT05M14.00S,05:14,Q1 05:14,41.233333333333334,66,3pt,Oladipo 26' 3PT Jump Shot (7 PTS) (Adams 1 AST),[],Oladipo,9,18,Made,True,True,203506.0,203500.0,2pt made,2pt missed,,,,1627751|201566|201586|201942|201959|201960|202709|203460|203500|203506,201566|201959|203460|203500|203506,1627751|201586|201942|201960|202709,233.0,105.0,1610612760.0,21601015,True
1,PT05M01.00S,05:01,Q1 05:01,41.016666666666666,67,2pt,MISS Ibaka 3' Driving Bank Hook Shot,['pointsinthepaint'],Ibaka,0,0,Missed,True,False,201586.0,,3pt made,rebound,,,,1627751|201566|201586|201942|201959|201960|202709|203460|203500|203506,1627751|201586|201942|201960|202709,201566|201959|203460|203500|203506,27.0,21.0,1610612761.0,21601015,True
1,PT05M01.00S,05:01,Q1 05:01,41.016666666666666,68,rebound,Oladipo REBOUND (Off:0 Def:1),[],Oladipo,0,0,,False,False,203506.0,,2pt missed,2pt made,,,,1627751|201566|201586|201942|201959|201960|202709|203460|203500|203506,201566|201959|203460|203500|203506,1627751|201586|201942|201960|202709,,,1610612760.0,21601015,True
1,PT04M49.00S,04:49,Q1 04:49,40.81666666666666,69,2pt,Gibson 15' Jump Shot (3 PTS) (Roberson 1 AST),[],Gibson,9,20,Made,True,True,201959.0,203460.0,rebound,timeout,,,,1627751|201566|201586|201942|201959|201960|202709|203460|203500|203506,201566|201959|203460|203500|203506,1627751|201586|201942|201960|202709,-150.0,8.0,1610612760.0,21601015,True
1,PT04M39.00S,04:39,Q1 04:39,40.65,70,timeout,RAPTORS Timeout: Short (Full 1 Short 1),[],,0,0,,False,False,0.0,,2pt made,substitution,,,,1627751|201566|201586|201942|201959|201960|202709|203460|203500|203506,1627751|201586|201942|201960|202709,201566|201959|203460|203500|203506,,,1610612761.0,21601015,True
1,PT04M39.00S,04:39,Q1 04:39,40.65,72,substitution,SUB: Kanter FOR Adams,[],Adams,0,0,,False,False,203500.0,,substitution,substitution,,,,1627751|201566|201586|201942|201959|201960|202683|202709|203460|203506,201566|201959|202683|203460|203506,1627751|201586|201942|201960|202709,,,1610612760.0,21601015,True
1,PT04M39.00S,04:39,Q1 04:39,40.65,73,substitution,SUB out: V. Oladipo,[],Oladipo,0,0,,False,False,203506.0,,substitution,substitution,,,,1627751|201566|201586|201942|201959|201960|202683|202709|203460,201566|201959|202683|203460,1627751|201586|201942|201960|202709,,,1610612760.0,21601015,False
1,PT04M39.00S,04:39,Q1 04:39,40.65,74,substitution,SUB out: D. Carroll,[],Carroll,0,0,,False,False,201960.0,,substitution,substitution,,,,1627751|201566|201586|201942|201959|202683|202709|203460,1627751|201586|201942|202709,201566|201959|202683|203460,,,1610612761.0,21601015,False
1,PT04M39.00S,04:39,Q1 04:39,40.65,75,substitution,SUB out: S. Ibaka,[],Ibaka,0,0,,False,False,201586.0,,substitution,substitution,,,,1627751|201566|201942|201959|202683|202709|203460,1627751|201942|202709,201566|201959|202683|203460,,,1610612761.0,21601015,False
1,PT04M39.00S,04:39,Q1 04:39,40.65,77,substitution,SUB in: A. Abrines,[],Abrines,0,0,,False,False,203518.0,,substitution,substitution,,,,1627751|201566|201942|201959|202683|202709|203460|203518,201566|201959|202683|203460|203518,1627751|201942|202709,,,1610612760.0,21601015,False
1,PT04M39.00S,04:39,Q1 04:39,40.65,78,substitution,SUB in: P. Tucker,[],Tucker,0,0,,False,False,200782.0,,substitution,substitution,,,,1627751|200782|201566|201942|201959|202683|202709|203460|203518,1627751|200782|201942|202709,201566|201959|202683|203460|203518,,,1610612761.0,21601015,False
1,PT04M39.00S,04:39,Q1 04:39,40.65,79,substitution,SUB in: P. Patterson,[],Patterson,0,0,,False,False,202335.0,,substitution,3pt made,,,,1627751|200782|201566|201942|201959|202335|202683|202709|203460|203518,1627751|200782|201942|202335|202709,201566|201959|202683|203460|203518,,,1610612761.0,21601015,True
1,PT04M24.00S,04:24,Q1 04:24,40.4,76,3pt,Joseph  3PT Jump Shot (5 PTS) (Patterson 1 AST),[],Joseph,12,20,Made,True,True,202709.0,202335.0,substitution,2pt missed,,,,1627751|200782|201566|201942|201959|202335|202683|202709|203460|203518,1627751|200782|201942|202335|202709,201566|201959|202683|203460|203518,-232.0,2.0,1610612761.0,21601015,True
1,PT04M09.00S,04:09,Q1 04:09,40.15,77,2pt,MISS Gibson 17' Jump Shot,[],Gibson,0,0,Missed,True,False,201959.0,,3pt made,rebound,,,,1627751|200782|201566|201942|201959|202335|202683|202709|203460|203518,201566|201959|202683|203460|203518,1627751|200782|201942|202335|202709,-160.0,67.0,1610612760.0,21601015,True
1,PT04M09.00S,04:09,Q1 04:09,40.15,78,rebound,DeRozan REBOUND (Off:0 Def:1),[],DeRozan,0,0,,False,False,201942.0,,2pt missed,3pt missed,,,,1627751|200782|201566|201942|201959|202335|202683|202709|203460|203518,1627751|200782|201942|202335|202709,201566|201959|202683|203460|203518,,,1610612761.0,21601015,True
1,PT03M59.00S,03:59,Q1 03:59,39.983333333333334,79,3pt,MISS Patterson 26' 3PT Jump Shot,[],Patterson,0,0,Missed,True,False,202335.0,,rebound,rebound,,,,1627751|200782|201566|201942|201959|202335|202683|202709|203460|203518,1627751|200782|201942|202335|202709,201566|201959|202683|203460|203518,123.0,228.0,1610612761.0,21601015,True
1,PT03M58.00S,03:58,Q1 03:58,39.96666666666667,80,rebound,Westbrook REBOUND (Off:0 Def:3),[],Westbrook,0,0,,False,False,201566.0,,3pt missed,2pt made,,,,1627751|200782|201566|201942|201959|202335|202683|202709|203460|203518,201566|201959|202683|203460|203518,1627751|200782|201942|202335|202709,,,1610612760.0,21601015,True
1,PT03M54.00S,03:54,Q1 03:54,39.9,81,2pt,Gibson 4' Driving Hook Shot (5 PTS) (Westbrook 5 AST),['pointsinthepaint'],Gibson,12,22,Made,True,True,201959.0,201566.0,rebound,foul,,,,1627751|200782|201566|201942|201959|202335|202683|202709|203460|203518,201566|201959|202683|203460|203518,1627751|200782|201942|202335|202709,37.0,7.0,1610612760.0,21601015,True
1,PT03M54.00S,03:54,Q1 03:54,39.9,82,foul,Patterson S.FOUL (P1.PN) (M.Ervin),['inpenalty'],Patterson,0,0,,False,False,202335.0,,2pt made,freethrow,201959.0,,,1627751|200782|201566|201942|201959|202335|202683|202709|203460|203518,1627751|200782|201942|202335|202709,201566|201959|202683|203460|203518,,,1610612761.0,21601015,True
1,PT03M54.00S,03:54,Q1 03:54,39.9,83,freethrow,Gibson Free Throw 1 of 1 (6 PTS),[],Gibson,12,23,Made,False,False,201959.0,,foul,2pt made,,,,1627751|200782|201566|201942|201959|202335|202683|202709|203460|203518,201566|201959|202683|203460|203518,1627751|200782|201942|202335|202709,,,1610612760.0,21601015,True
1,PT03M33.00S,03:33,Q1 03:33,39.55,85,2pt,Poeltl 4' Cutting Finger Roll Layup Shot (2 PTS) (DeRozan 2 AST),['pointsinthepaint'],Poeltl,14,23,Made,True,True,1627751.0,201942.0,freethrow,2pt made,,,,1627751|200782|201566|201942|201959|202335|202683|202709|203460|203518,1627751|200782|201942|202335|202709,201566|201959|202683|203460|203518,6.0,36.0,1610612761.0,21601015,True
1,PT03M18.00S,03:18,Q1 03:18,39.3,86,2pt,Kanter 1' Reverse Layup (2 PTS) (Gibson 1 AST),['pointsinthepaint'],Freedom,14,25,Made,True,True,202683.0,201959.0,2pt made,turnover,,,,1627751|200782|201566|201942|201959|202335|202683|202709|203460|203518,201566|201959|202683|203460|203518,1627751|200782|201942|202335|202709,9.0,8.0,1610612760.0,21601015,True
1,PT03M07.00S,03:07,Q1 03:07,39.11666666666667,87,turnover,DeRozan Out of Bounds - Bad Pass Turnover Turnover (P1.T4),[],DeRozan,0,0,,False,False,201942.0,,2pt made,substitution,,,,1627751|200782|201566|201942|201959|202335|202683|202709|203460|203518,1627751|200782|201942|202335|202709,201566|201959|202683|203460|203518,,,1610612761.0,21601015,True
1,PT03M07.00S,03:07,Q1 03:07,39.11666666666667,88,substitution,SUB out: T. Gibson,[],Gibson,0,0,,False,False,201959.0,,turnover,substitution,,,,1627751|200782|201566|201942|202335|202683|202709|203460|203518,201566|202683|203460|203518,1627751|200782|201942|202335|202709,,,1610612760.0,21601015,False
1,PT03M07.00S,03:07,Q1 03:07,39.11666666666667,89,substitution,SUB in: D. Sabonis,[],Sabonis,0,0,,False,False,1627734.0,,substitution,2pt missed,,,,1627734|1627751|200782|201566|201942|202335|202683|202709|203460|203518,1627734|201566|202683|203460|203518,1627751|200782|201942|202335|202709,,,1610612760.0,21601015,True
1,PT02M57.00S,02:57,Q1 02:57,38.95,89,2pt,MISS Kanter 2' Cutting Layup Shot,['pointsinthepaint'],Freedom,0,0,Missed,True,False,202683.0,,substitution,block,,,,1627734|1627751|200782|201566|201942|202335|202683|202709|203460|203518,1627734|201566|202683|203460|203518,1627751|200782|201942|202335|202709,22.0,8.0,1610612760.0,21601015,True
1,PT02M57.00S,02:57,Q1 02:57,38.95,89,block,Poeltl BLOCK (1 BLK),[],Poeltl,0,0,,False,False,1627751.0,,2pt missed,rebound,,,1627751.0,1627734|1627751|200782|201566|201942|202335|202683|202709|203460|203518,1627751|200782|201942|202335|202709,1627734|201566|202683|203460|203518,,,1610612761.0,21601015,True
1,PT02M56.00S,02:56,Q1 02:56,38.93333333333334,90,rebound,Patterson REBOUND (Off:0 Def:1),[],Patterson,0,0,,False,False,202335.0,,block,foul,,,,1627734|1627751|200782|201566|201942|202335|202683|202709|203460|203518,1627751|200782|201942|202335|202709,1627734|201566|202683|203460|203518,,,1610612761.0,21601015,True
1,PT02M47.00S,02:47,Q1 02:47,38.78333333333333,91,foul,Roberson S.FOUL (P1.T2) (J.Tiven),[],Roberson,0,0,,False,False,203460.0,,rebound,timeout,201942.0,,,1627734|1627751|200782|201566|201942|202335|202683|202709|203460|203518,1627734|201566|202683|203460|203518,1627751|200782|201942|202335|202709,,,1610612760.0,21601015,True
1,PT02M47.00S,02:47,Q1 02:47,38.78333333333333,92,timeout,Thunder Timeout: Regular (Reg.1 Short 0),[],,0,0,,False,False,0.0,,foul,freethrow,,,,1627734|1627751|200782|201566|201942|202335|202683|202709|203460|203518,1627734|201566|202683|203460|203518,1627751|200782|201942|202335|202709,,,1610612760.0,21601015,True
1,PT02M47.00S,02:47,Q1 02:47,38.78333333333333,95,freethrow,DeRozan Free Throw 1 of 2 (3 PTS),[],DeRozan,15,25,Made,False,False,201942.0,,timeout,freethrow,,,,1627734|1627751|200782|201566|201942|202335|202683|202709|203460|203518,1627751|200782|201942|202335|202709,1627734|201566|202683|203460|203518,,,1610612761.0,21601015,True
1,PT02M47.00S,02:47,Q1 02:47,38.78333333333333,97,freethrow,DeRozan Free Throw 2 of 2 (4 PTS),[],DeRozan,16,25,Made,False,False,201942.0,,freethrow,substitution,,,,1627734|1627751|200782|201566|201942|202335|202683|202709|203460|203518,1627751|200782|201942|202335|202709,1627734|201566|202683|203460|203518,,,1610612761.0,21601015,True
1,PT02M47.00S,02:47,Q1 02:47,38.78333333333333,93,substitution,SUB out: R. Westbrook,[],Westbrook,0,0,,False,False,201566.0,,freethrow,substitution,,,,1627734|1627751|200782|201942|202335|202683|202709|203460|203518,1627734|202683|203460|203518,1627751|200782|201942|202335|202709,,,1610612760.0,21601015,False
1,PT02M47.00S,02:47,Q1 02:47,38.78333333333333,94,substitution,SUB in: S. Christon,[],Christon,0,0,,False,False,203902.0,,substitution,3pt missed,,,,1627734|1627751|200782|201942|202335|202683|202709|203460|203518|203902,1627734|202683|203460|203518|203902,1627751|200782|201942|202335|202709,,,1610612760.0,21601015,True
1,PT02M30.00S,02:30,Q1 02:30,38.5,99,3pt,MISS Abrines 25' 3PT Jump Shot,[],Abrines,0,0,Missed,True,False,203518.0,,substitution,rebound,,,,1627734|1627751|200782|201942|202335|202683|202709|203460|203518|203902,1627734|202683|203460|203518|203902,1627751|200782|201942|202335|202709,-181.0,178.0,1610612760.0,21601015,True
1,PT02M30.00S,02:30,Q1 02:30,38.5,100,rebound,Poeltl REBOUND (Off:0 Def:1),[],Poeltl,0,0,,False,False,1627751.0,,3pt missed,2pt made,,,,1627734|1627751|200782|201942|202335|202683|202709|203460|203518|203902,1627751|200782|201942|202335|202709,1627734|202683|203460|203518|203902,,,1610612761.0,21601015,True
1,PT02M07.00S,02:07,Q1 02:07,38.11666666666667,101,2pt,Poeltl 4' Layup (4 PTS) (Tucker 1 AST),['pointsinthepaint'],Poeltl,18,25,Made,True,True,1627751.0,200782.0,rebound,2pt missed,,,,1627734|1627751|200782|201942|202335|202683|202709|203460|203518|203902,1627751|200782|201942|202335|202709,1627734|202683|203460|203518|203902,28.0,21.0,1610612761.0,21601015,True
1,PT01M52.00S,01:52,Q1 01:52,37.86666666666667,102,2pt,MISS Sabonis 3' Turnaround Hook Shot,['pointsinthepaint'],Sabonis,0,0,Missed,True,False,1627734.0,,2pt made,rebound,,,,1627734|1627751|200782|201942|202335|202683|202709|203460|203518|203902,1627734|202683|203460|203518|203902,1627751|200782|201942|202335|202709,9.0,33.0,1610612760.0,21601015,True
1,PT01M52.00S,01:52,Q1 01:52,37.86666666666667,103,rebound,Kanter REBOUND (Off:1 Def:0),[],Freedom,0,0,,False,False,202683.0,,2pt missed,2pt made,,,,1627734|1627751|200782|201942|202335|202683|202709|203460|203518|203902,1627734|202683|203460|203518|203902,1627751|200782|201942|202335|202709,,,1610612760.0,21601015,True
1,PT01M51.00S,01:51,Q1 01:51,37.85,104,2pt,Kanter  Putback Layup (4 PTS),['pointsinthepaint'],Freedom,18,27,Made,True,False,202683.0,,rebound,2pt made,,,,1627734|1627751|200782|201942|202335|202683|202709|203460|203518|203902,1627734|202683|203460|203518|203902,1627751|200782|201942|202335|202709,1.0,2.0,1610612760.0,21601015,True
1,PT01M34.00S,01:34,Q1 01:34,37.56666666666667,105,2pt,DeRozan 1' Layup (6 PTS),['pointsinthepaint'],DeRozan,20,27,Made,True,False,201942.0,,2pt made,turnover,,,,1627734|1627751|200782|201942|202335|202683|202709|203460|203518|203902,1627751|200782|201942|202335|202709,1627734|202683|203460|203518|203902,-7.0,3.0,1610612761.0,21601015,True
1,PT01M21.00S,01:21,Q1 01:21,37.35,106,turnover,Sabonis Poss Lost Ball Turnover (P1.T3),[],Sabonis,0,0,,False,False,1627734.0,,2pt made,foul,,,,1627734|1627751|200782|201942|202335|202683|202709|203460|203518|203902,1627734|202683|203460|203518|203902,1627751|200782|201942|202335|202709,,,1610612760.0,21601015,True
1,PT01M21.00S,01:21,Q1 01:21,37.35,107,foul,Sabonis L.B.FOUL (P1.T3) (J.Tiven),[],Sabonis,0,0,,False,False,1627734.0,,turnover,substitution,1626153.0,,,1627734|1627751|200782|201942|202335|202683|202709|203460|203518|203902,1627734|202683|203460|203518|203902,1627751|200782|201942|202335|202709,,,1610612760.0,21601015,True
1,PT01M21.00S,01:21,Q1 01:21,37.35,108,substitution,SUB out: D. DeRozan,[],DeRozan,0,0,,False,False,201942.0,,foul,substitution,,,,1627734|1627751|200782|202335|202683|202709|203460|203518|203902,1627751|200782|202335|202709,1627734|202683|203460|203518|203902,,,1610612761.0,21601015,False
1,PT01M21.00S,01:21,Q1 01:21,37.35,109,substitution,SUB out: C. Joseph,[],Joseph,0,0,,False,False,202709.0,,substitution,substitution,,,,1627734|1627751|200782|202335|202683|203460|203518|203902,1627751|200782|202335,1627734|202683|203460|203518|203902,,,1610612761.0,21601015,False
1,PT01M21.00S,01:21,Q1 01:21,37.35,110,substitution,SUB in: D. Wright,[],Wright,0,0,,False,False,1626153.0,,substitution,substitution,,,,1626153|1627734|1627751|200782|202335|202683|203460|203518|203902,1626153|1627751|200782|202335,1627734|202683|203460|203518|203902,,,1610612761.0,21601015,False
1,PT01M21.00S,01:21,Q1 01:21,37.35,111,substitution,SUB in: N. Powell,[],Powell,0,0,,False,False,1626181.0,,substitution,foul,,,,1626153|1626181|1627734|1627751|200782|202335|202683|203460|203518|203902,1626153|1626181|1627751|200782|202335,1627734|202683|203460|203518|203902,,,1610612761.0,21601015,True
1,PT01M06.00S,01:06,Q1 01:06,37.1,112,foul,Kanter S.FOUL (P1.PN) (M.Davis),[],Freedom,0,0,,False,False,202683.0,,substitution,freethrow,1626153.0,,,1626153|1626181|1627734|1627751|200782|202335|202683|203460|203518|203902,1627734|202683|203460|203518|203902,1626153|1626181|1627751|200782|202335,,,1610612760.0,21601015,True
1,PT01M06.00S,01:06,Q1 01:06,37.1,113,freethrow,Wright Free Throw 1 of 2 (1 PTS),[],Wright,21,27,Made,False,False,1626153.0,,foul,freethrow,,,,1626153|1626181|1627734|1627751|200782|202335|202683|203460|203518|203902,1626153|1626181|1627751|200782|202335,1627734|202683|203460|203518|203902,,,1610612761.0,21601015,True
1,PT01M06.00S,01:06,Q1 01:06,37.1,116,freethrow,Wright Free Throw 2 of 2 (2 PTS),[],Wright,22,27,Made,False,False,1626153.0,,freethrow,substitution,,,,1626153|1626181|1627734|1627751|200782|202335|202683|203460|203518|203902,1626153|1626181|1627751|200782|202335,1627734|202683|203460|203518|203902,,,1610612761.0,21601015,True
1,PT01M06.00S,01:06,Q1 01:06,37.1,115,substitution,SUB out: A. Roberson,[],Roberson,0,0,,False,False,203460.0,,freethrow,substitution,,,,1626153|1626181|1627734|1627751|200782|202335|202683|203518|203902,1627734|202683|203518|203902,1626153|1626181|1627751|200782|202335,,,1610612760.0,21601015,False
1,PT01M06.00S,01:06,Q1 01:06,37.1,116,substitution,SUB in: V. Oladipo,[],Oladipo,0,0,,False,False,203506.0,,substitution,2pt made,,,,1626153|1626181|1627734|1627751|200782|202335|202683|203506|203518|203902,1627734|202683|203506|203518|203902,1626153|1626181|1627751|200782|202335,,,1610612760.0,21601015,True
1,PT00M49.30S,00:49,Q1 00:49,36.821666666666665,118,2pt,Kanter 4' Driving Hook Shot (6 PTS),['pointsinthepaint'],Freedom,22,29,Made,True,False,202683.0,,substitution,2pt missed,,,,1626153|1626181|1627734|1627751|200782|202335|202683|203506|203518|203902,1627734|202683|203506|203518|203902,1626153|1626181|1627751|200782|202335,28.0,26.0,1610612760.0,21601015,True
1,PT00M33.90S,00:33,Q1 00:33,36.565,119,2pt,MISS Powell 3' Driving Layup,['pointsinthepaint'],Powell,0,0,Missed,True,False,1626181.0,,2pt made,rebound,,,,1626153|1626181|1627734|1627751|200782|202335|202683|203506|203518|203902,1626153|1626181|1627751|200782|202335,1627734|202683|203506|203518|203902,-27.0,7.0,1610612761.0,21601015,True
1,PT00M33.10S,00:33,Q1 00:33,36.55166666666667,120,rebound,Poeltl REBOUND (Off:1 Def:1),[],Poeltl,0,0,,False,False,1627751.0,,2pt missed,3pt missed,,,,1626153|1626181|1627734|1627751|200782|202335|202683|203506|203518|203902,1626153|1626181|1627751|200782|202335,1627734|202683|203506|203518|203902,,,1610612761.0,21601015,True
1,PT00M29.80S,00:29,Q1 00:29,36.49666666666667,121,3pt,MISS Tucker 25' 3PT Jump Shot,[],Tucker,0,0,Missed,True,False,200782.0,,rebound,rebound,,,,1626153|1626181|1627734|1627751|200782|202335|202683|203506|203518|203902,1626153|1626181|1627751|200782|202335,1627734|202683|203506|203518|203902,105.0,228.0,1610612761.0,21601015,True
1,PT00M28.90S,00:28,Q1 00:28,36.48166666666667,122,rebound,Oladipo REBOUND (Off:0 Def:2),[],Oladipo,0,0,,False,False,203506.0,,3pt missed,2pt missed,,,,1626153|1626181|1627734|1627751|200782|202335|202683|203506|203518|203902,1627734|202683|203506|203518|203902,1626153|1626181|1627751|200782|202335,,,1610612760.0,21601015,True
1,PT00M10.90S,00:10,Q1 00:10,36.181666666666665,123,2pt,MISS Sabonis 21' Jump Shot,[],Sabonis,0,0,Missed,True,False,1627734.0,,rebound,rebound,,,,1626153|1626181|1627734|1627751|200782|202335|202683|203506|203518|203902,1627734|202683|203506|203518|203902,1626153|1626181|1627751|200782|202335,-24.0,208.0,1610612760.0,21601015,True
1,PT00M09.90S,00:09,Q1 00:09,36.165,124,rebound,Tucker REBOUND (Off:0 Def:1),[],Tucker,0,0,,False,False,200782.0,,2pt missed,foul,,,,1626153|1626181|1627734|1627751|200782|202335|202683|203506|203518|203902,1626153|1626181|1627751|200782|202335,1627734|202683|203506|203518|203902,,,1610612761.0,21601015,True
1,PT00M01.00S,00:01,Q1 00:01,36.016666666666666,125,foul,Sabonis S.FOUL (P2.PN) (M.Ervin),['inpenalty'],Sabonis,0,0,,False,False,1627734.0,,rebound,freethrow,1626181.0,,,1626153|1626181|1627734|1627751|200782|202335|202683|203506|203518|203902,1627734|202683|203506|203518|203902,1626153|1626181|1627751|200782|202335,,,1610612760.0,21601015,True
1,PT00M01.00S,00:01,Q1 00:01,36.016666666666666,126,freethrow,MISS Powell Free Throw 1 of 3,[],Powell,0,0,Missed,False,False,1626181.0,,foul,rebound,,,,1626153|1626181|1627734|1627751|200782|202335|202683|203506|203518|203902,1626153|1626181|1627751|200782|202335,1627734|202683|203506|203518|203902,,,1610612761.0,21601015,True
1,PT00M01.00S,00:01,Q1 00:01,36.016666666666666,127,rebound,TEAM offensive REBOUND,['team'],,0,0,,False,False,0.0,,freethrow,freethrow,,,,1626153|1626181|1627734|1627751|200782|202335|202683|203506|203518|203902,1626153|1626181|1627751|200782|202335,1627734|202683|203506|203518|203902,,,1610612761.0,21601015,True
1,PT00M01.00S,00:01,Q1 00:01,36.016666666666666,128,freethrow,Powell Free Throw 2 of 3 (1 PTS),['2ndchance'],Powell,23,29,Made,False,False,1626181.0,,rebound,freethrow,,,,1626153|1626181|1627734|1627751|200782|202335|202683|203506|203518|203902,1626153|1626181|1627751|200782|202335,1627734|202683|203506|203518|203902,,,1610612761.0,21601015,True
1,PT00M01.00S,00:01,Q1 00:01,36.016666666666666,130,freethrow,Powell Free Throw 3 of 3 (2 PTS),[],Powell,24,29,Made,False,False,1626181.0,,freethrow,turnover,,,,1626153|1626181|1627734|1627751|200782|202335|202683|203506|203518|203902,1626153|1626181|1627751|200782|202335,1627734|202683|203506|203518|203902,,,1610612761.0,21601015,True
1,PT00M00.40S,00:00,Q1 00:00,36.00666666666667,132,turnover,Kanter Out of Bounds - Bad Pass Turnover Turnover (P1.T4),[],Freedom,0,0,,False,False,202683.0,,freethrow,period,,,,1626153|1626181|1627734|1627751|200782|202335|202683|203506|203518|203902,1627734|202683|203506|203518|203902,1626153|1626181|1627751|200782|202335,,,1610612760.0,21601015,True
1,PT00M00.00S,00:00,Q1 00:00,36.0,133,period,End of 1st Period (7:37 PM EST),[],,24,29,,False,False,0.0,,turnover,period,,,,1626153|1626181|1627734|1627751|200782|202335|202683|203506|203518|203902,1626153|1626181|1627751|200782|202335,1627734|202683|203506|203518|203902,,,1610612761.0,21601015,True
2,PT12M00.00S,12:00,Q2 12:00,36.0,135,period,Start of 2nd Period (7:40 PM EST),[],,24,29,,False,False,0.0,,period,2pt missed,,,,1626153|1626181|1627734|1627751|200782|202335|202683|203506|203518|203902,1626153|1626181|1627751|200782|202335,1627734|202683|203506|203518|203902,,,1610612761.0,21601015,True
2,PT11M43.00S,11:43,Q2 11:43,35.71666666666667,137,2pt,MISS Poeltl 4' Turnaround Hook Shot,['pointsinthepaint'],Poeltl,0,0,Missed,True,False,1627751.0,,period,rebound,,,,1626153|1626181|1627734|1627751|200782|202335|202683|203506|203518|203902,1626153|1626181|1627751|200782|202335,1627734|202683|203506|203518|203902,-35.0,2.0,1610612761.0,21601015,True
2,PT11M43.00S,11:43,Q2 11:43,35.71666666666667,138,rebound,Sabonis REBOUND (Off:0 Def:1),[],Sabonis,0,0,,False,False,1627734.0,,2pt missed,2pt missed,,,,1626153|1626181|1627734|1627751|200782|202335|202683|203506|203518|203902,1627734|202683|203506|203518|203902,1626153|1626181|1627751|200782|202335,,,1610612760.0,21601015,True
2,PT11M30.00S,11:30,Q2 11:30,35.5,139,2pt,MISS Oladipo 17' Pullup Jump Shot,[],Oladipo,0,0,Missed,True,False,203506.0,,rebound,rebound,,,,1626153|1626181|1627734|1627751|200782|202335|202683|203506|203518|203902,1627734|202683|203506|203518|203902,1626153|1626181|1627751|200782|202335,87.0,141.0,1610612760.0,21601015,True
2,PT11M29.00S,11:29,Q2 11:29,35.483333333333334,140,rebound,Wright REBOUND (Off:0 Def:1),[],Wright,0,0,,False,False,1626153.0,,2pt missed,turnover,,,,1626153|1626181|1627734|1627751|200782|202335|202683|203506|203518|203902,1626153|1626181|1627751|200782|202335,1627734|202683|203506|203518|203902,,,1610612761.0,21601015,True
2,PT11M21.00S,11:21,Q2 11:21,35.35,141,turnover,Wright Bad Pass Turnover (P1.T5),[],Wright,0,0,,False,False,1626153.0,,rebound,steal,,,,1626153|1626181|1627734|1627751|200782|202335|202683|203506|203518|203902,1626153|1626181|1627751|200782|202335,1627734|202683|203506|203518|203902,,,1610612761.0,21601015,True
2,PT11M21.00S,11:21,Q2 11:21,35.35,141,steal,Abrines STEAL (1 STL),[],Abrines,0,0,,False,False,203518.0,,turnover,2pt missed,,203518.0,,1626153|1626181|1627734|1627751|200782|202335|202683|203506|203518|203902,1627734|202683|203506|203518|203902,1626153|1626181|1627751|200782|202335,,,1610612760.0,21601015,True
2,PT11M13.00S,11:13,Q2 11:13,35.21666666666667,143,2pt,MISS Oladipo 3' Driving Layup,['pointsinthepaint'],Oladipo,0,0,Missed,True,False,203506.0,,steal,rebound,,,,1626153|1626181|1627734|1627751|200782|202335|202683|203506|203518|203902,1627734|202683|203506|203518|203902,1626153|1626181|1627751|200782|202335,24.0,11.0,1610612760.0,21601015,True
2,PT11M12.00S,11:12,Q2 11:12,35.2,144,rebound,Oladipo REBOUND (Off:1 Def:2),[],Oladipo,0,0,,False,False,203506.0,,2pt missed,foul,,,,1626153|1626181|1627734|1627751|200782|202335|202683|203506|203518|203902,1627734|202683|203506|203518|203902,1626153|1626181|1627751|200782|202335,,,1610612760.0,21601015,True
2,PT11M03.00S,11:03,Q2 11:03,35.05,145,foul,Poeltl S.FOUL (P1.T1) (M.Ervin),[],Poeltl,0,0,,False,False,1627751.0,,rebound,freethrow,202683.0,,,1626153|1626181|1627734|1627751|200782|202335|202683|203506|203518|203902,1626153|1626181|1627751|200782|202335,1627734|202683|203506|203518|203902,,,1610612761.0,21601015,True
2,PT11M03.00S,11:03,Q2 11:03,35.05,146,freethrow,Kanter Free Throw 1 of 2 (7 PTS),[],Freedom,24,30,Made,False,False,202683.0,,foul,freethrow,,,,1626153|1626181|1627734|1627751|200782|202335|202683|203506|203518|203902,1627734|202683|203506|203518|203902,1626153|1626181|1627751|200782|202335,,,1610612760.0,21601015,True
2,PT11M03.00S,11:03,Q2 11:03,35.05,149,freethrow,Kanter Free Throw 2 of 2 (8 PTS),[],Freedom,24,31,Made,False,False,202683.0,,freethrow,substitution,,,,1626153|1626181|1627734|1627751|200782|202335|202683|203506|203518|203902,1627734|202683|203506|203518|203902,1626153|1626181|1627751|200782|202335,,,1610612760.0,21601015,True
2,PT11M03.00S,11:03,Q2 11:03,35.05,148,substitution,SUB out: A. Abrines,[],Abrines,0,0,,False,False,203518.0,,freethrow,substitution,,,,1626153|1626181|1627734|1627751|200782|202335|202683|203506|203902,1627734|202683|203506|203902,1626153|1626181|1627751|200782|202335,,,1610612760.0,21601015,False
2,PT11M03.00S,11:03,Q2 11:03,35.05,149,substitution,SUB in: D. McDermott,[],McDermott,0,0,,False,False,203926.0,,substitution,foul,,,,1626153|1626181|1627734|1627751|200782|202335|202683|203506|203902|203926,1627734|202683|203506|203902|203926,1626153|1626181|1627751|200782|202335,,,1610612760.0,21601015,True
2,PT10M47.00S,10:47,Q2 10:47,34.78333333333333,151,foul,Kanter Shooting Block Foul (P2.T1) (J.Tiven),[],Freedom,0,0,,False,False,202683.0,,substitution,freethrow,1626181.0,,,1626153|1626181|1627734|1627751|200782|202335|202683|203506|203902|203926,1627734|202683|203506|203902|203926,1626153|1626181|1627751|200782|202335,,,1610612760.0,21601015,True
2,PT10M47.00S,10:47,Q2 10:47,34.78333333333333,152,freethrow,Powell Free Throw 1 of 2 (3 PTS),[],Powell,25,31,Made,False,False,1626181.0,,foul,freethrow,,,,1626153|1626181|1627734|1627751|200782|202335|202683|203506|203902|203926,1626153|1626181|1627751|200782|202335,1627734|202683|203506|203902|203926,,,1610612761.0,21601015,True
2,PT10M47.00S,10:47,Q2 10:47,34.78333333333333,154,freethrow,Powell Free Throw 2 of 2 (4 PTS),[],Powell,26,31,Made,False,False,1626181.0,,freethrow,3pt made,,,,1626153|1626181|1627734|1627751|200782|202335|202683|203506|203902|203926,1626153|1626181|1627751|200782|202335,1627734|202683|203506|203902|203926,,,1610612761.0,21601015,True
2,PT10M31.00S,10:31,Q2 10:31,34.516666666666666,156,3pt,McDermott 25' 3PT Jump Shot (3 PTS) (Oladipo 2 AST),[],McDermott,26,34,Made,True,True,203926.0,203506.0,freethrow,foul,,,,1626153|1626181|1627734|1627751|200782|202335|202683|203506|203902|203926,1627734|202683|203506|203902|203926,1626153|1626181|1627751|200782|202335,246.0,-6.0,1610612760.0,21601015,True
2,PT10M17.00S,10:17,Q2 10:17,34.28333333333333,157,foul,Christon S.FOUL (P1.T2) (J.Tiven),[],Christon,0,0,,False,False,203902.0,,3pt made,freethrow,1627751.0,,,1626153|1626181|1627734|1627751|200782|202335|202683|203506|203902|203926,1627734|202683|203506|203902|203926,1626153|1626181|1627751|200782|202335,,,1610612760.0,21601015,True
2,PT10M17.00S,10:17,Q2 10:17,34.28333333333333,158,freethrow,Poeltl Free Throw 1 of 2 (5 PTS),[],Poeltl,27,34,Made,False,False,1627751.0,,foul,freethrow,,,,1626153|1626181|1627734|1627751|200782|202335|202683|203506|203902|203926,1626153|1626181|1627751|200782|202335,1627734|202683|203506|203902|203926,,,1610612761.0,21601015,True
2,PT10M17.00S,10:17,Q2 10:17,34.28333333333333,160,freethrow,Poeltl Free Throw 2 of 2 (6 PTS),[],Poeltl,28,34,Made,False,False,1627751.0,,freethrow,2pt missed,,,,1626153|1626181|1627734|1627751|200782|202335|202683|203506|203902|203926,1626153|1626181|1627751|200782|202335,1627734|202683|203506|203902|203926,,,1610612761.0,21601015,True
2,PT09M55.00S,09:55,Q2 09:55,33.916666666666664,163,2pt,MISS Kanter 3' Cutting Layup Shot,['pointsinthepaint'],Freedom,0,0,Missed,True,False,202683.0,,freethrow,block,,,,1626153|1626181|1627734|1627751|200782|202335|202683|203506|203902|203926,1627734|202683|203506|203902|203926,1626153|1626181|1627751|200782|202335,32.0,7.0,1610612760.0,21601015,True
2,PT09M55.00S,09:55,Q2 09:55,33.916666666666664,163,block,Tucker BLOCK (1 BLK),[],Tucker,0,0,,False,False,200782.0,,2pt missed,rebound,,,200782.0,1626153|1626181|1627734|1627751|200782|202335|202683|203506|203902|203926,1626153|1626181|1627751|200782|202335,1627734|202683|203506|203902|203926,,,1610612761.0,21601015,True
2,PT09M54.00S,09:54,Q2 09:54,33.9,164,rebound,Tucker REBOUND (Off:0 Def:2),[],Tucker,0,0,,False,False,200782.0,,block,2pt missed,,,,1626153|1626181|1627734|1627751|200782|202335|202683|203506|203902|203926,1626153|1626181|1627751|200782|202335,1627734|202683|203506|203902|203926,,,1610612761.0,21601015,True
2,PT09M48.00S,09:48,Q2 09:48,33.8,165,2pt,MISS Powell 1' Running Layup,['pointsinthepaint'],Powell,0,0,Missed,True,False,1626181.0,,rebound,rebound,,,,1626153|1626181|1627734|1627751|200782|202335|202683|203506|203902|203926,1626153|1626181|1627751|200782|202335,1627734|202683|203506|203902|203926,2.0,-5.0,1610612761.0,21601015,True
2,PT09M47.00S,09:47,Q2 09:47,33.78333333333333,166,rebound,Sabonis REBOUND (Off:0 Def:2),[],Sabonis,0,0,,False,False,1627734.0,,2pt missed,turnover,,,,1626153|1626181|1627734|1627751|200782|202335|202683|203506|203902|203926,1627734|202683|203506|203902|203926,1626153|1626181|1627751|200782|202335,,,1610612760.0,21601015,True
2,PT09M42.00S,09:42,Q2 09:42,33.7,167,turnover,Christon Bad Pass Turnover (P1.T5),[],Christon,0,0,,False,False,203902.0,,rebound,steal,,,,1626153|1626181|1627734|1627751|200782|202335|202683|203506|203902|203926,1627734|202683|203506|203902|203926,1626153|1626181|1627751|200782|202335,,,1610612760.0,21601015,True
2,PT09M42.00S,09:42,Q2 09:42,33.7,167,steal,Patterson STEAL (1 STL),[],Patterson,0,0,,False,False,202335.0,,turnover,3pt missed,,202335.0,,1626153|1626181|1627734|1627751|200782|202335|202683|203506|203902|203926,1626153|1626181|1627751|200782|202335,1627734|202683|203506|203902|203926,,,1610612761.0,21601015,True
2,PT09M35.00S,09:35,Q2 09:35,33.583333333333336,168,3pt,MISS Powell 26' 3PT Jump Shot,[],Powell,0,0,Missed,True,False,1626181.0,,steal,rebound,,,,1626153|1626181|1627734|1627751|200782|202335|202683|203506|203902|203926,1626153|1626181|1627751|200782|202335,1627734|202683|203506|203902|203926,177.0,195.0,1610612761.0,21601015,True
2,PT09M35.00S,09:35,Q2 09:35,33.583333333333336,169,rebound,Oladipo REBOUND (Off:1 Def:3),[],Oladipo,0,0,,False,False,203506.0,,3pt missed,timeout,,,,1626153|1626181|1627734|1627751|200782|202335|202683|203506|203902|203926,1627734|202683|203506|203902|203926,1626153|1626181|1627751|200782|202335,,,1610612760.0,21601015,True
2,PT09M29.00S,09:29,Q2 09:29,33.483333333333334,170,timeout,Thunder Timeout: Regular (Reg.2 Short 0),[],,0,0,,False,False,0.0,,rebound,substitution,,,,1626153|1626181|1627734|1627751|200782|202335|202683|203506|203902|203926,1627734|202683|203506|203902|203926,1626153|1626181|1627751|200782|202335,,,1610612760.0,21601015,True
2,PT09M29.00S,09:29,Q2 09:29,33.483333333333334,173,substitution,SUB out: J. Poeltl,[],Poeltl,0,0,,False,False,1627751.0,,timeout,substitution,,,,1626153|1626181|1627734|200782|202335|202683|203506|203902|203926,1626153|1626181|200782|202335,1627734|202683|203506|203902|203926,,,1610612761.0,21601015,False
2,PT09M29.00S,09:29,Q2 09:29,33.483333333333334,174,substitution,SUB in: S. Ibaka,[],Ibaka,0,0,,False,False,201586.0,,substitution,2pt missed,,,,1626153|1626181|1627734|200782|201586|202335|202683|203506|203902|203926,1626153|1626181|200782|201586|202335,1627734|202683|203506|203902|203926,,,1610612761.0,21601015,True
2,PT09M13.00S,09:13,Q2 09:13,33.21666666666667,174,2pt,MISS Christon 16' Pullup Jump Shot,[],Christon,0,0,Missed,True,False,203902.0,,substitution,rebound,,,,1626153|1626181|1627734|200782|201586|202335|202683|203506|203902|203926,1627734|202683|203506|203902|203926,1626153|1626181|200782|201586|202335,159.0,28.0,1610612760.0,21601015,True
2,PT09M12.00S,09:12,Q2 09:12,33.2,175,rebound,TEAM defensive REBOUND,['team'],,0,0,,False,False,0.0,,2pt missed,2pt made,,,,1626153|1626181|1627734|200782|201586|202335|202683|203506|203902|203926,1626153|1626181|200782|201586|202335,1627734|202683|203506|203902|203926,,,1610612761.0,21601015,True
2,PT08M53.00S,08:53,Q2 08:53,32.88333333333333,176,2pt,Ibaka 16' Jump Shot (2 PTS),[],Ibaka,30,34,Made,True,False,201586.0,,rebound,foul,,,,1626153|1626181|1627734|200782|201586|202335|202683|203506|203902|203926,1626153|1626181|200782|201586|202335,1627734|202683|203506|203902|203926,-151.0,36.0,1610612761.0,21601015,True
2,PT08M36.00S,08:36,Q2 08:36,32.6,177,foul,Patterson S.FOUL (P2.T2) (J.Tiven),[],Patterson,0,0,,False,False,202335.0,,2pt made,freethrow,1627734.0,,,1626153|1626181|1627734|200782|201586|202335|202683|203506|203902|203926,1626153|1626181|200782|201586|202335,1627734|202683|203506|203902|203926,,,1610612761.0,21601015,True
2,PT08M36.00S,08:36,Q2 08:36,32.6,178,freethrow,Sabonis Free Throw 1 of 2 (1 PTS),[],Sabonis,30,35,Made,False,False,1627734.0,,foul,freethrow,,,,1626153|1626181|1627734|200782|201586|202335|202683|203506|203902|203926,1627734|202683|203506|203902|203926,1626153|1626181|200782|201586|202335,,,1610612760.0,21601015,True
2,PT08M36.00S,08:36,Q2 08:36,32.6,181,freethrow,MISS Sabonis Free Throw 2 of 2,[],Sabonis,0,0,Missed,False,False,1627734.0,,freethrow,rebound,,,,1626153|1626181|1627734|200782|201586|202335|202683|203506|203902|203926,1627734|202683|203506|203902|203926,1626153|1626181|200782|201586|202335,,,1610612760.0,21601015,True
2,PT08M36.00S,08:36,Q2 08:36,32.6,183,rebound,Ibaka REBOUND (Off:0 Def:1),[],Ibaka,0,0,,False,False,201586.0,,freethrow,substitution,,,,1626153|1626181|1627734|200782|201586|202335|202683|203506|203902|203926,1626153|1626181|200782|201586|202335,1627734|202683|203506|203902|203926,,,1610612761.0,21601015,True
2,PT08M36.00S,08:36,Q2 08:36,32.6,180,substitution,SUB out: V. Oladipo,[],Oladipo,0,0,,False,False,203506.0,,rebound,substitution,,,,1626153|1626181|1627734|200782|201586|202335|202683|203902|203926,1627734|202683|203902|203926,1626153|1626181|200782|201586|202335,,,1610612760.0,21601015,False
2,PT08M36.00S,08:36,Q2 08:36,32.6,181,substitution,SUB in: R. Westbrook,[],Westbrook,0,0,,False,False,201566.0,,substitution,2pt missed,,,,1626153|1626181|1627734|200782|201566|201586|202335|202683|203902|203926,1627734|201566|202683|203902|203926,1626153|1626181|200782|201586|202335,,,1610612760.0,21601015,True
2,PT08M24.00S,08:24,Q2 08:24,32.4,184,2pt,MISS Wright 9' Driving Floating Jump Shot,['pointsinthepaint'],Wright,0,0,Missed,True,False,1626153.0,,substitution,rebound,,,,1626153|1626181|1627734|200782|201566|201586|202335|202683|203902|203926,1626153|1626181|200782|201586|202335,1627734|201566|202683|203902|203926,-52.0,70.0,1610612761.0,21601015,True
2,PT08M24.00S,08:24,Q2 08:24,32.4,185,rebound,Patterson REBOUND (Off:1 Def:1),[],Patterson,0,0,,False,False,202335.0,,2pt missed,foul,,,,1626153|1626181|1627734|200782|201566|201586|202335|202683|203902|203926,1626153|1626181|200782|201586|202335,1627734|201566|202683|203902|203926,,,1610612761.0,21601015,True
2,PT08M24.00S,08:24,Q2 08:24,32.4,186,foul,Sabonis S.FOUL (P3.T3) (J.Tiven),[],Sabonis,0,0,,False,False,1627734.0,,rebound,freethrow,202335.0,,,1626153|1626181|1627734|200782|201566|201586|202335|202683|203902|203926,1627734|201566|202683|203902|203926,1626153|1626181|200782|201586|202335,,,1610612760.0,21601015,True
2,PT08M24.00S,08:24,Q2 08:24,32.4,187,freethrow,Patterson Free Throw 1 of 2 (1 PTS),[],Patterson,31,35,Made,False,False,202335.0,,foul,freethrow,,,,1626153|1626181|1627734|200782|201566|201586|202335|202683|203902|203926,1626153|1626181|200782|201586|202335,1627734|201566|202683|203902|203926,,,1610612761.0,21601015,True
2,PT08M24.00S,08:24,Q2 08:24,32.4,189,freethrow,MISS Patterson Free Throw 2 of 2,[],Patterson,0,0,Missed,False,False,202335.0,,freethrow,rebound,,,,1626153|1626181|1627734|200782|201566|201586|202335|202683|203902|203926,1626153|1626181|200782|201586|202335,1627734|201566|202683|203902|203926,,,1610612761.0,21601015,True
2,PT08M23.00S,08:23,Q2 08:23,32.38333333333333,191,rebound,Westbrook REBOUND (Off:0 Def:4),[],Westbrook,0,0,,False,False,201566.0,,freethrow,3pt missed,,,,1626153|1626181|1627734|200782|201566|201586|202335|202683|203902|203926,1627734|201566|202683|203902|203926,1626153|1626181|200782|201586|202335,,,1610612760.0,21601015,True
2,PT08M12.00S,08:12,Q2 08:12,32.2,192,3pt,MISS McDermott 26' 3PT Jump Shot,[],McDermott,0,0,Missed,True,False,203926.0,,rebound,rebound,,,,1626153|1626181|1627734|200782|201566|201586|202335|202683|203902|203926,1627734|201566|202683|203902|203926,1626153|1626181|200782|201586|202335,-91.0,247.0,1610612760.0,21601015,True
2,PT08M12.00S,08:12,Q2 08:12,32.2,193,rebound,Tucker REBOUND (Off:0 Def:3),[],Tucker,0,0,,False,False,200782.0,,3pt missed,foul,,,,1626153|1626181|1627734|200782|201566|201586|202335|202683|203902|203926,1626153|1626181|200782|201586|202335,1627734|201566|202683|203902|203926,,,1610612761.0,21601015,True
2,PT08M09.00S,08:09,Q2 08:09,32.15,194,foul,McDermott P.FOUL (P1.T4) (M.Ervin),[],McDermott,0,0,,False,False,203926.0,,rebound,substitution,1626153.0,,,1626153|1626181|1627734|200782|201566|201586|202335|202683|203902|203926,1627734|201566|202683|203902|203926,1626153|1626181|200782|201586|202335,,,1610612760.0,21601015,True
2,PT08M09.00S,08:09,Q2 08:09,32.15,195,substitution,SUB out: P. Patterson,[],Patterson,0,0,,False,False,202335.0,,foul,substitution,,,,1626153|1626181|1627734|200782|201566|201586|202683|203902|203926,1626153|1626181|200782|201586,1627734|201566|202683|203902|203926,,,1610612761.0,21601015,False
2,PT08M09.00S,08:09,Q2 08:09,32.15,196,substitution,SUB out: S. Christon,[],Christon,0,0,,False,False,203902.0,,substitution,substitution,,,,1626153|1626181|1627734|200782|201566|201586|202683|203926,1627734|201566|202683|203926,1626153|1626181|200782|201586,,,1610612760.0,21601015,False
2,PT08M09.00S,08:09,Q2 08:09,32.15,197,substitution,SUB in: D. DeRozan,[],DeRozan,0,0,,False,False,201942.0,,substitution,substitution,,,,1626153|1626181|1627734|200782|201566|201586|201942|202683|203926,1626153|1626181|200782|201586|201942,1627734|201566|202683|203926,,,1610612761.0,21601015,False
2,PT08M09.00S,08:09,Q2 08:09,32.15,198,substitution,SUB in: A. Roberson,[],Roberson,0,0,,False,False,203460.0,,substitution,foul,,,,1626153|1626181|1627734|200782|201566|201586|201942|202683|203460|203926,1627734|201566|202683|203460|203926,1626153|1626181|200782|201586|201942,,,1610612760.0,21601015,True
2,PT08M04.00S,08:04,Q2 08:04,32.06666666666666,198,foul,Westbrook S.FOUL (P2.PN) (J.Tiven),['inpenalty'],Westbrook,0,0,,False,False,201566.0,,substitution,freethrow,1626153.0,,,1626153|1626181|1627734|200782|201566|201586|201942|202683|203460|203926,1627734|201566|202683|203460|203926,1626153|1626181|200782|201586|201942,,,1610612760.0,21601015,True
2,PT08M04.00S,08:04,Q2 08:04,32.06666666666666,199,freethrow,Wright Free Throw 1 of 2 (3 PTS),[],Wright,32,35,Made,False,False,1626153.0,,foul,freethrow,,,,1626153|1626181|1627734|200782|201566|201586|201942|202683|203460|203926,1626153|1626181|200782|201586|201942,1627734|201566|202683|203460|203926,,,1610612761.0,21601015,True
2,PT08M04.00S,08:04,Q2 08:04,32.06666666666666,202,freethrow,Wright Free Throw 2 of 2 (4 PTS),[],Wright,33,35,Made,False,False,1626153.0,,freethrow,substitution,,,,1626153|1626181|1627734|200782|201566|201586|201942|202683|203460|203926,1626153|1626181|200782|201586|201942,1627734|201566|202683|203460|203926,,,1610612761.0,21601015,True
2,PT08M04.00S,08:04,Q2 08:04,32.06666666666666,201,substitution,SUB out: D. Sabonis,[],Sabonis,0,0,,False,False,1627734.0,,freethrow,substitution,,,,1626153|1626181|200782|201566|201586|201942|202683|203460|203926,201566|202683|203460|203926,1626153|1626181|200782|201586|201942,,,1610612760.0,21601015,False
2,PT08M04.00S,08:04,Q2 08:04,32.06666666666666,202,substitution,SUB in: J. Grant,[],Grant,0,0,,False,False,203924.0,,substitution,3pt made,,,,1626153|1626181|200782|201566|201586|201942|202683|203460|203924|203926,201566|202683|203460|203924|203926,1626153|1626181|200782|201586|201942,,,1610612760.0,21601015,True
2,PT07M50.00S,07:50,Q2 07:50,31.833333333333332,204,3pt,Grant 26' 3PT Jump Shot (3 PTS) (Westbrook 6 AST),[],Grant,33,38,Made,True,True,203924.0,201566.0,substitution,foul,,,,1626153|1626181|200782|201566|201586|201942|202683|203460|203924|203926,201566|202683|203460|203924|203926,1626153|1626181|200782|201586|201942,-150.0,218.0,1610612760.0,21601015,True
2,PT07M35.00S,07:35,Q2 07:35,31.583333333333332,205,foul,Grant S.FOUL (P1.PN) (M.Ervin),['inpenalty'],Grant,0,0,,False,False,203924.0,,3pt made,freethrow,200782.0,,,1626153|1626181|200782|201566|201586|201942|202683|203460|203924|203926,201566|202683|203460|203924|203926,1626153|1626181|200782|201586|201942,,,1610612760.0,21601015,True
2,PT07M35.00S,07:35,Q2 07:35,31.583333333333332,206,freethrow,Tucker Free Throw 1 of 2 (1 PTS),[],Tucker,34,38,Made,False,False,200782.0,,foul,freethrow,,,,1626153|1626181|200782|201566|201586|201942|202683|203460|203924|203926,1626153|1626181|200782|201586|201942,201566|202683|203460|203924|203926,,,1610612761.0,21601015,True
2,PT07M35.00S,07:35,Q2 07:35,31.583333333333332,208,freethrow,MISS Tucker Free Throw 2 of 2,[],Tucker,0,0,Missed,False,False,200782.0,,freethrow,rebound,,,,1626153|1626181|200782|201566|201586|201942|202683|203460|203924|203926,1626153|1626181|200782|201586|201942,201566|202683|203460|203924|203926,,,1610612761.0,21601015,True
2,PT07M34.00S,07:34,Q2 07:34,31.566666666666666,210,rebound,Westbrook REBOUND (Off:0 Def:5),[],Westbrook,0,0,,False,False,201566.0,,freethrow,2pt missed,,,,1626153|1626181|200782|201566|201586|201942|202683|203460|203924|203926,201566|202683|203460|203924|203926,1626153|1626181|200782|201586|201942,,,1610612760.0,21601015,True
2,PT07M26.00S,07:26,Q2 07:26,31.433333333333334,211,2pt,MISS Kanter 13' Jump Shot,['pointsinthepaint'],Freedom,0,0,Missed,True,False,202683.0,,rebound,rebound,,,,1626153|1626181|200782|201566|201586|201942|202683|203460|203924|203926,201566|202683|203460|203924|203926,1626153|1626181|200782|201586|201942,-12.0,131.0,1610612760.0,21601015,True
2,PT07M25.00S,07:25,Q2 07:25,31.416666666666668,212,rebound,DeRozan REBOUND (Off:0 Def:2),[],DeRozan,0,0,,False,False,201942.0,,2pt missed,2pt missed,,,,1626153|1626181|200782|201566|201586|201942|202683|203460|203924|203926,1626153|1626181|200782|201586|201942,201566|202683|203460|203924|203926,,,1610612761.0,21601015,True
2,PT07M11.00S,07:11,Q2 07:11,31.183333333333334,213,2pt,MISS Powell 3' Driving Finger Roll Layup,['pointsinthepaint'],Powell,0,0,Missed,True,False,1626181.0,,rebound,rebound,,,,1626153|1626181|200782|201566|201586|201942|202683|203460|203924|203926,1626153|1626181|200782|201586|201942,201566|202683|203460|203924|203926,19.0,21.0,1610612761.0,21601015,True
2,PT07M11.00S,07:11,Q2 07:11,31.183333333333334,214,rebound,Powell REBOUND (Off:1 Def:0),[],Powell,0,0,,False,False,1626181.0,,2pt missed,2pt missed,,,,1626153|1626181|200782|201566|201586|201942|202683|203460|203924|203926,1626153|1626181|200782|201586|201942,201566|202683|203460|203924|203926,,,1610612761.0,21601015,True
2,PT07M09.00S,07:09,Q2 07:09,31.15,215,2pt,MISS Powell 2' Tip Layup Shot,['pointsinthepaint'],Powell,0,0,Missed,True,False,1626181.0,,rebound,rebound,,,,1626153|1626181|200782|201566|201586|201942|202683|203460|203924|203926,1626153|1626181|200782|201586|201942,201566|202683|203460|203924|203926,15.0,18.0,1610612761.0,21601015,True
2,PT07M09.00S,07:09,Q2 07:09,31.15,216,rebound,Kanter REBOUND (Off:1 Def:1),[],Freedom,0,0,,False,False,202683.0,,2pt missed,foul,,,,1626153|1626181|200782|201566|201586|201942|202683|203460|203924|203926,201566|202683|203460|203924|203926,1626153|1626181|200782|201586|201942,,,1610612760.0,21601015,True
2,PT07M09.00S,07:09,Q2 07:09,31.15,217,foul,Wright P.FOUL (P1.T3) (J.Tiven),[],Wright,0,0,,False,False,1626153.0,,rebound,substitution,,,,1626153|1626181|200782|201566|201586|201942|202683|203460|203924|203926,1626153|1626181|200782|201586|201942,201566|202683|203460|203924|203926,,,1610612761.0,21601015,True
2,PT07M09.00S,07:09,Q2 07:09,31.15,218,substitution,SUB out: E. Freedom,[],Freedom,0,0,,False,False,202683.0,,foul,substitution,,,,1626153|1626181|200782|201566|201586|201942|203460|203924|203926,201566|203460|203924|203926,1626153|1626181|200782|201586|201942,,,1610612760.0,21601015,False
2,PT07M09.00S,07:09,Q2 07:09,31.15,219,substitution,SUB out: P. Tucker,[],Tucker,0,0,,False,False,200782.0,,substitution,substitution,,,,1626153|1626181|201566|201586|201942|203460|203924|203926,1626153|1626181|201586|201942,201566|203460|203924|203926,,,1610612761.0,21601015,False
2,PT07M09.00S,07:09,Q2 07:09,31.15,220,substitution,SUB out: D. Wright,[],Wright,0,0,,False,False,1626153.0,,substitution,substitution,,,,1626181|201566|201586|201942|203460|203924|203926,1626181|201586|201942,201566|203460|203924|203926,,,1610612761.0,21601015,False
2,PT07M09.00S,07:09,Q2 07:09,31.15,221,substitution,SUB in: S. Adams,[],Adams,0,0,,False,False,203500.0,,substitution,substitution,,,,1626181|201566|201586|201942|203460|203500|203924|203926,201566|203460|203500|203924|203926,1626181|201586|201942,,,1610612760.0,21601015,False
2,PT07M09.00S,07:09,Q2 07:09,31.15,222,substitution,SUB in: C. Joseph,[],Joseph,0,0,,False,False,202709.0,,substitution,substitution,,,,1626181|201566|201586|201942|202709|203460|203500|203924|203926,1626181|201586|201942|202709,201566|203460|203500|203924|203926,,,1610612761.0,21601015,False
2,PT07M09.00S,07:09,Q2 07:09,31.15,223,substitution,SUB in: J. Valanciunas,[],Valanciunas,0,0,,False,False,202685.0,,substitution,turnover,,,,1626181|201566|201586|201942|202685|202709|203460|203500|203924|203926,1626181|201586|201942|202685|202709,201566|203460|203500|203924|203926,,,1610612761.0,21601015,True
2,PT06M57.00S,06:57,Q2 06:57,30.95,221,turnover,Grant Bad Pass Turnover (P1.T6),[],Grant,0,0,,False,False,203924.0,,substitution,steal,,,,1626181|201566|201586|201942|202685|202709|203460|203500|203924|203926,201566|203460|203500|203924|203926,1626181|201586|201942|202685|202709,,,1610612760.0,21601015,True
2,PT06M57.00S,06:57,Q2 06:57,30.95,221,steal,Joseph STEAL (2 STL),[],Joseph,0,0,,False,False,202709.0,,turnover,2pt made,,202709.0,,1626181|201566|201586|201942|202685|202709|203460|203500|203924|203926,1626181|201586|201942|202685|202709,201566|203460|203500|203924|203926,,,1610612761.0,21601015,True
2,PT06M46.00S,06:46,Q2 06:46,30.766666666666666,222,2pt,Valanciunas 15' Jump Shot (5 PTS) (Joseph 2 AST),['pointsinthepaint'],Valanciunas,36,38,Made,True,True,202685.0,202709.0,steal,2pt missed,,,,1626181|201566|201586|201942|202685|202709|203460|203500|203924|203926,1626181|201586|201942|202685|202709,201566|203460|203500|203924|203926,76.0,126.0,1610612761.0,21601015,True
2,PT06M33.00S,06:33,Q2 06:33,30.55,223,2pt,MISS Westbrook 18' Pullup Jump Shot,[],Westbrook,0,0,Missed,True,False,201566.0,,2pt made,rebound,,,,1626181|201566|201586|201942|202685|202709|203460|203500|203924|203926,201566|203460|203500|203924|203926,1626181|201586|201942|202685|202709,156.0,95.0,1610612760.0,21601015,True
2,PT06M32.00S,06:32,Q2 06:32,30.53333333333333,224,rebound,DeRozan REBOUND (Off:0 Def:3),[],DeRozan,0,0,,False,False,201942.0,,2pt missed,turnover,,,,1626181|201566|201586|201942|202685|202709|203460|203500|203924|203926,1626181|201586|201942|202685|202709,201566|203460|203500|203924|203926,,,1610612761.0,21601015,True
2,PT06M23.00S,06:23,Q2 06:23,30.383333333333333,226,turnover,Ibaka Bad Pass Turnover (P1.T6),[],Ibaka,0,0,,False,False,201586.0,,rebound,steal,,,,1626181|201566|201586|201942|202685|202709|203460|203500|203924|203926,1626181|201586|201942|202685|202709,201566|203460|203500|203924|203926,,,1610612761.0,21601015,True
2,PT06M23.00S,06:23,Q2 06:23,30.383333333333333,226,steal,Roberson STEAL (1 STL),[],Roberson,0,0,,False,False,203460.0,,turnover,2pt missed,,203460.0,,1626181|201566|201586|201942|202685|202709|203460|203500|203924|203926,201566|203460|203500|203924|203926,1626181|201586|201942|202685|202709,,,1610612760.0,21601015,True
2,PT06M10.00S,06:10,Q2 06:10,30.166666666666668,229,2pt,MISS Westbrook 17' Turnaround Jump Shot,[],Westbrook,0,0,Missed,True,False,201566.0,,steal,rebound,,,,1626181|201566|201586|201942|202685|202709|203460|203500|203924|203926,201566|203460|203500|203924|203926,1626181|201586|201942|202685|202709,-132.0,110.0,1610612760.0,21601015,True
2,PT06M10.00S,06:10,Q2 06:10,30.166666666666668,230,rebound,Powell REBOUND (Off:1 Def:1),[],Powell,0,0,,False,False,1626181.0,,2pt missed,2pt missed,,,,1626181|201566|201586|201942|202685|202709|203460|203500|203924|203926,1626181|201586|201942|202685|202709,201566|203460|203500|203924|203926,,,1610612761.0,21601015,True
2,PT05M59.00S,05:59,Q2 05:59,29.983333333333334,231,2pt,MISS DeRozan 14' Pullup Jump Shot,[],DeRozan,0,0,Missed,True,False,201942.0,,rebound,rebound,,,,1626181|201566|201586|201942|202685|202709|203460|203500|203924|203926,1626181|201586|201942|202685|202709,201566|203460|203500|203924|203926,-140.0,18.0,1610612761.0,21601015,True
2,PT05M59.00S,05:59,Q2 05:59,29.983333333333334,232,rebound,Adams REBOUND (Off:1 Def:1),[],Adams,0,0,,False,False,203500.0,,2pt missed,3pt made,,,,1626181|201566|201586|201942|202685|202709|203460|203500|203924|203926,201566|203460|203500|203924|203926,1626181|201586|201942|202685|202709,,,1610612760.0,21601015,True
2,PT05M51.00S,05:51,Q2 05:51,29.85,233,3pt,Westbrook 25' 3PT Running Pull-Up Jump Shot (5 PTS),[],Westbrook,36,41,Made,True,False,201566.0,,rebound,3pt missed,,,,1626181|201566|201586|201942|202685|202709|203460|203500|203924|203926,201566|203460|203500|203924|203926,1626181|201586|201942|202685|202709,-79.0,242.0,1610612760.0,21601015,True
2,PT05M34.00S,05:34,Q2 05:34,29.566666666666666,235,3pt,MISS Ibaka 26' 3PT Jump Shot,[],Ibaka,0,0,Missed,True,False,201586.0,,3pt made,rebound,,,,1626181|201566|201586|201942|202685|202709|203460|203500|203924|203926,1626181|201586|201942|202685|202709,201566|203460|203500|203924|203926,81.0,249.0,1610612761.0,21601015,True
2,PT05M34.00S,05:34,Q2 05:34,29.566666666666666,236,rebound,Adams REBOUND (Off:1 Def:2),[],Adams,0,0,,False,False,203500.0,,3pt missed,2pt made,,,,1626181|201566|201586|201942|202685|202709|203460|203500|203924|203926,201566|203460|203500|203924|203926,1626181|201586|201942|202685|202709,,,1610612760.0,21601015,True
2,PT05M25.00S,05:25,Q2 05:25,29.416666666666668,237,2pt,Adams 3' Hook Shot (6 PTS) (Westbrook 7 AST),['pointsinthepaint'],Adams,36,43,Made,True,True,203500.0,201566.0,rebound,timeout,,,,1626181|201566|201586|201942|202685|202709|203460|203500|203924|203926,201566|203460|203500|203924|203926,1626181|201586|201942|202685|202709,28.0,16.0,1610612760.0,21601015,True
2,PT05M19.00S,05:19,Q2 05:19,29.316666666666666,238,timeout,RAPTORS Timeout: Regular (Full 2 Short 1),[],,0,0,,False,False,0.0,,2pt made,substitution,,,,1626181|201566|201586|201942|202685|202709|203460|203500|203924|203926,1626181|201586|201942|202685|202709,201566|203460|203500|203924|203926,,,1610612761.0,21601015,True
2,PT05M19.00S,05:19,Q2 05:19,29.316666666666666,239,substitution,SUB out: J. Grant,[],Grant,0,0,,False,False,203924.0,,timeout,substitution,,,,1626181|201566|201586|201942|202685|202709|203460|203500|203926,201566|203460|203500|203926,1626181|201586|201942|202685|202709,,,1610612760.0,21601015,False
2,PT05M19.00S,05:19,Q2 05:19,29.316666666666666,240,substitution,SUB in: T. Gibson,[],Gibson,0,0,,False,False,201959.0,,substitution,2pt made,,,,1626181|201566|201586|201942|201959|202685|202709|203460|203500|203926,201566|201959|203460|203500|203926,1626181|201586|201942|202685|202709,,,1610612760.0,21601015,True
2,PT05M10.00S,05:10,Q2 05:10,29.166666666666668,241,2pt,DeRozan 3' Driving Finger Roll Layup (8 PTS) (Joseph 3 AST),['pointsinthepaint'],DeRozan,38,43,Made,True,True,201942.0,202709.0,substitution,2pt made,,,,1626181|201566|201586|201942|201959|202685|202709|203460|203500|203926,1626181|201586|201942|202685|202709,201566|201959|203460|203500|203926,4.0,31.0,1610612761.0,21601015,True
2,PT04M57.00S,04:57,Q2 04:57,28.95,242,2pt,Westbrook 16' Pullup Jump Shot (7 PTS),[],Westbrook,38,45,Made,True,False,201566.0,,2pt made,2pt made,,,,1626181|201566|201586|201942|201959|202685|202709|203460|203500|203926,201566|201959|203460|203500|203926,1626181|201586|201942|202685|202709,130.0,95.0,1610612760.0,21601015,True
2,PT04M47.00S,04:47,Q2 04:47,28.78333333333333,243,2pt,Valanciunas 14' Jump Shot (7 PTS) (Joseph 4 AST),['pointsinthepaint'],Valanciunas,40,45,Made,True,True,202685.0,202709.0,2pt made,2pt made,,,,1626181|201566|201586|201942|201959|202685|202709|203460|203500|203926,1626181|201586|201942|202685|202709,201566|201959|203460|203500|203926,20.0,134.0,1610612761.0,21601015,True
2,PT04M26.00S,04:26,Q2 04:26,28.433333333333334,244,2pt,Roberson 4' Cutting Layup Shot (6 PTS) (Westbrook 8 AST),['pointsinthepaint'],Roberson,40,47,Made,True,True,203460.0,201566.0,2pt made,2pt missed,,,,1626181|201566|201586|201942|201959|202685|202709|203460|203500|203926,201566|201959|203460|203500|203926,1626181|201586|201942|202685|202709,37.0,7.0,1610612760.0,21601015,True
2,PT04M09.00S,04:09,Q2 04:09,28.15,245,2pt,MISS Valanciunas 5' Driving Hook Shot,['pointsinthepaint'],Valanciunas,0,0,Missed,True,False,202685.0,,2pt made,rebound,,,,1626181|201566|201586|201942|201959|202685|202709|203460|203500|203926,1626181|201586|201942|202685|202709,201566|201959|203460|203500|203926,28.0,38.0,1610612761.0,21601015,True
2,PT04M08.00S,04:08,Q2 04:08,28.133333333333333,246,rebound,Westbrook REBOUND (Off:0 Def:6),[],Westbrook,0,0,,False,False,201566.0,,2pt missed,2pt made,,,,1626181|201566|201586|201942|201959|202685|202709|203460|203500|203926,201566|201959|203460|203500|203926,1626181|201586|201942|202685|202709,,,1610612760.0,21601015,True
2,PT04M01.00S,04:01,Q2 04:01,28.016666666666666,247,2pt,Adams 9' Hook Shot (8 PTS) (Westbrook 9 AST),['pointsinthepaint'],Adams,40,49,Made,True,True,203500.0,201566.0,rebound,2pt made,,,,1626181|201566|201586|201942|201959|202685|202709|203460|203500|203926,201566|201959|203460|203500|203926,1626181|201586|201942|202685|202709,24.0,90.0,1610612760.0,21601015,True
2,PT03M44.00S,03:44,Q2 03:44,27.733333333333334,248,2pt,DeRozan 17' Turnaround Jump Shot (10 PTS),[],DeRozan,42,49,Made,True,False,201942.0,,2pt made,3pt made,,,,1626181|201566|201586|201942|201959|202685|202709|203460|203500|203926,1626181|201586|201942|202685|202709,201566|201959|203460|203500|203926,169.0,36.0,1610612761.0,21601015,True
2,PT03M26.00S,03:26,Q2 03:26,27.433333333333334,249,3pt,Westbrook 28' 3PT Pullup Jump Shot (10 PTS),[],Westbrook,42,52,Made,True,False,201566.0,,2pt made,3pt missed,,,,1626181|201566|201586|201942|201959|202685|202709|203460|203500|203926,201566|201959|203460|203500|203926,1626181|201586|201942|202685|202709,130.0,244.0,1610612760.0,21601015,True
2,PT03M08.00S,03:08,Q2 03:08,27.133333333333333,250,3pt,MISS Ibaka 27' 3PT Jump Shot,[],Ibaka,0,0,Missed,True,False,201586.0,,3pt made,rebound,,,,1626181|201566|201586|201942|201959|202685|202709|203460|203500|203926,1626181|201586|201942|202685|202709,201566|201959|203460|203500|203926,212.0,174.0,1610612761.0,21601015,True
2,PT03M08.00S,03:08,Q2 03:08,27.133333333333333,251,rebound,McDermott REBOUND (Off:0 Def:1),[],McDermott,0,0,,False,False,203926.0,,3pt missed,turnover,,,,1626181|201566|201586|201942|201959|202685|202709|203460|203500|203926,201566|201959|203460|203500|203926,1626181|201586|201942|202685|202709,,,1610612760.0,21601015,True
2,PT03M03.00S,03:03,Q2 03:03,27.05,252,turnover,Westbrook Out of Bounds - Bad Pass Turnover Turnover (P2.T7),[],Westbrook,0,0,,False,False,201566.0,,rebound,substitution,,,,1626181|201566|201586|201942|201959|202685|202709|203460|203500|203926,201566|201959|203460|203500|203926,1626181|201586|201942|202685|202709,,,1610612760.0,21601015,True
2,PT03M03.00S,03:03,Q2 03:03,27.05,253,substitution,SUB out: D. McDermott,[],McDermott,0,0,,False,False,203926.0,,turnover,substitution,,,,1626181|201566|201586|201942|201959|202685|202709|203460|203500,201566|201959|203460|203500,1626181|201586|201942|202685|202709,,,1610612760.0,21601015,False
2,PT03M03.00S,03:03,Q2 03:03,27.05,254,substitution,SUB out: N. Powell,[],Powell,0,0,,False,False,1626181.0,,substitution,substitution,,,,201566|201586|201942|201959|202685|202709|203460|203500,201586|201942|202685|202709,201566|201959|203460|203500,,,1610612761.0,21601015,False
2,PT03M03.00S,03:03,Q2 03:03,27.05,255,substitution,SUB in: V. Oladipo,[],Oladipo,0,0,,False,False,203506.0,,substitution,substitution,,,,201566|201586|201942|201959|202685|202709|203460|203500|203506,201566|201959|203460|203500|203506,201586|201942|202685|202709,,,1610612760.0,21601015,False
2,PT03M03.00S,03:03,Q2 03:03,27.05,256,substitution,SUB in: D. Carroll,[],Carroll,0,0,,False,False,201960.0,,substitution,turnover,,,,201566|201586|201942|201959|201960|202685|202709|203460|203500|203506,201586|201942|201960|202685|202709,201566|201959|203460|203500|203506,,,1610612761.0,21601015,True
2,PT02M54.00S,02:54,Q2 02:54,26.9,255,turnover,Ibaka Bad Pass Turnover (P2.T7),[],Ibaka,0,0,,False,False,201586.0,,substitution,steal,,,,201566|201586|201942|201959|201960|202685|202709|203460|203500|203506,201586|201942|201960|202685|202709,201566|201959|203460|203500|203506,,,1610612761.0,21601015,True
2,PT02M54.00S,02:54,Q2 02:54,26.9,255,steal,Roberson STEAL (2 STL),[],Roberson,0,0,,False,False,203460.0,,turnover,timeout,,203460.0,,201566|201586|201942|201959|201960|202685|202709|203460|203500|203506,201566|201959|203460|203500|203506,201586|201942|201960|202685|202709,,,1610612760.0,21601015,True
2,PT02M51.00S,02:51,Q2 02:51,26.85,257,timeout,Timeout: Official,[],,0,0,,False,False,0.0,,steal,2pt missed,,,,201566|201586|201942|201959|201960|202685|202709|203460|203500|203506,201586|201942|201960|202685|202709,201566|201959|203460|203500|203506,,,0.0,21601015,True
2,PT02M45.00S,02:45,Q2 02:45,26.75,260,2pt,MISS Adams 1' Cutting Layup Shot,['pointsinthepaint'],Adams,0,0,Missed,True,False,203500.0,,timeout,block,,,,201566|201586|201942|201959|201960|202685|202709|203460|203500|203506,201566|201959|203460|203500|203506,201586|201942|201960|202685|202709,-6.0,13.0,1610612760.0,21601015,True
2,PT02M45.00S,02:45,Q2 02:45,26.75,260,block,Valanciunas BLOCK (2 BLK),[],Valanciunas,0,0,,False,False,202685.0,,2pt missed,rebound,,,202685.0,201566|201586|201942|201959|201960|202685|202709|203460|203500|203506,201586|201942|201960|202685|202709,201566|201959|203460|203500|203506,,,1610612761.0,21601015,True
2,PT02M44.00S,02:44,Q2 02:44,26.733333333333334,261,rebound,Oladipo REBOUND (Off:2 Def:3),[],Oladipo,0,0,,False,False,203506.0,,block,2pt made,,,,201566|201586|201942|201959|201960|202685|202709|203460|203500|203506,201566|201959|203460|203500|203506,201586|201942|201960|202685|202709,,,1610612760.0,21601015,True
2,PT02M37.00S,02:37,Q2 02:37,26.616666666666667,262,2pt,Westbrook 18' Pullup Jump Shot (12 PTS),[],Westbrook,42,54,Made,True,False,201566.0,,rebound,turnover,,,,201566|201586|201942|201959|201960|202685|202709|203460|203500|203506,201566|201959|203460|203500|203506,201586|201942|201960|202685|202709,60.0,165.0,1610612760.0,21601015,True
2,PT02M13.00S,02:13,Q2 02:13,26.21666666666667,263,turnover,Joseph Bad Pass Turnover (P2.T8),[],Joseph,0,0,,False,False,202709.0,,2pt made,steal,,,,201566|201586|201942|201959|201960|202685|202709|203460|203500|203506,201586|201942|201960|202685|202709,201566|201959|203460|203500|203506,,,1610612761.0,21601015,True
2,PT02M13.00S,02:13,Q2 02:13,26.21666666666667,263,steal,Westbrook STEAL (1 STL),[],Westbrook,0,0,,False,False,201566.0,,turnover,2pt made,,201566.0,,201566|201586|201942|201959|201960|202685|202709|203460|203500|203506,201566|201959|203460|203500|203506,201586|201942|201960|202685|202709,,,1610612760.0,21601015,True
2,PT02M08.00S,02:08,Q2 02:08,26.133333333333333,264,2pt,Oladipo 2' Running Layup (9 PTS) (Westbrook 10 AST),['pointsinthepaint'],Oladipo,42,56,Made,True,True,203506.0,201566.0,steal,2pt made,,,,201566|201586|201942|201959|201960|202685|202709|203460|203500|203506,201566|201959|203460|203500|203506,201586|201942|201960|202685|202709,-17.0,18.0,1610612760.0,21601015,True
2,PT01M49.00S,01:49,Q2 01:49,25.816666666666666,266,2pt,Joseph 4' Driving Layup (7 PTS),['pointsinthepaint'],Joseph,44,56,Made,True,False,202709.0,,2pt made,2pt made,,,,201566|201586|201942|201959|201960|202685|202709|203460|203500|203506,201586|201942|201960|202685|202709,201566|201959|203460|203500|203506,33.0,16.0,1610612761.0,21601015,True
2,PT01M37.00S,01:37,Q2 01:37,25.616666666666667,267,2pt,Oladipo 3' Alley Oop Layup (11 PTS) (Westbrook 11 AST),['pointsinthepaint'],Oladipo,44,58,Made,True,True,203506.0,201566.0,2pt made,foul,,,,201566|201586|201942|201959|201960|202685|202709|203460|203500|203506,201566|201959|203460|203500|203506,201586|201942|201960|202685|202709,33.0,11.0,1610612760.0,21601015,True
2,PT01M27.00S,01:27,Q2 01:27,25.45,268,foul,Adams S.FOUL (P1.PN) (M.Davis),['inpenalty'],Adams,0,0,,False,False,203500.0,,2pt made,freethrow,201942.0,,,201566|201586|201942|201959|201960|202685|202709|203460|203500|203506,201566|201959|203460|203500|203506,201586|201942|201960|202685|202709,,,1610612760.0,21601015,True
2,PT01M27.00S,01:27,Q2 01:27,25.45,269,freethrow,MISS DeRozan Free Throw 1 of 2,[],DeRozan,0,0,Missed,False,False,201942.0,,foul,rebound,,,,201566|201586|201942|201959|201960|202685|202709|203460|203500|203506,201586|201942|201960|202685|202709,201566|201959|203460|203500|203506,,,1610612761.0,21601015,True
2,PT01M27.00S,01:27,Q2 01:27,25.45,270,rebound,TEAM offensive REBOUND,['team'],,0,0,,False,False,0.0,,freethrow,freethrow,,,,201566|201586|201942|201959|201960|202685|202709|203460|203500|203506,201586|201942|201960|202685|202709,201566|201959|203460|203500|203506,,,1610612761.0,21601015,True
2,PT01M27.00S,01:27,Q2 01:27,25.45,271,freethrow,DeRozan Free Throw 2 of 2 (11 PTS),['2ndchance'],DeRozan,45,58,Made,False,False,201942.0,,rebound,2pt missed,,,,201566|201586|201942|201959|201960|202685|202709|203460|203500|203506,201586|201942|201960|202685|202709,201566|201959|203460|203500|203506,,,1610612761.0,21601015,True
2,PT01M14.00S,01:14,Q2 01:14,25.233333333333334,273,2pt,MISS Gibson 9' Floating Jump Shot,['pointsinthepaint'],Gibson,0,0,Missed,True,False,201959.0,,freethrow,rebound,,,,201566|201586|201942|201959|201960|202685|202709|203460|203500|203506,201566|201959|203460|203500|203506,201586|201942|201960|202685|202709,-17.0,87.0,1610612760.0,21601015,True
2,PT01M14.00S,01:14,Q2 01:14,25.233333333333334,274,rebound,Gibson REBOUND (Off:1 Def:0),[],Gibson,0,0,,False,False,201959.0,,2pt missed,foul,,,,201566|201586|201942|201959|201960|202685|202709|203460|203500|203506,201566|201959|203460|203500|203506,201586|201942|201960|202685|202709,,,1610612760.0,21601015,True
2,PT01M13.00S,01:13,Q2 01:13,25.21666666666667,275,foul,DeRozan P.FOUL (P1.T4) (M.Ervin),[],DeRozan,0,0,,False,False,201942.0,,rebound,3pt missed,201566.0,,,201566|201586|201942|201959|201960|202685|202709|203460|203500|203506,201586|201942|201960|202685|202709,201566|201959|203460|203500|203506,,,1610612761.0,21601015,True
2,PT01M05.00S,01:05,Q2 01:05,25.083333333333332,276,3pt,MISS Westbrook 26' 3PT Pullup Jump Shot,[],Westbrook,0,0,Missed,True,False,201566.0,,foul,rebound,,,,201566|201586|201942|201959|201960|202685|202709|203460|203500|203506,201566|201959|203460|203500|203506,201586|201942|201960|202685|202709,84.0,247.0,1610612760.0,21601015,True
2,PT01M05.00S,01:05,Q2 01:05,25.083333333333332,277,rebound,Gibson REBOUND (Off:2 Def:0),[],Gibson,0,0,,False,False,201959.0,,3pt missed,3pt missed,,,,201566|201586|201942|201959|201960|202685|202709|203460|203500|203506,201566|201959|203460|203500|203506,201586|201942|201960|202685|202709,,,1610612760.0,21601015,True
2,PT00M54.90S,00:54,Q2 00:54,24.915,278,3pt,MISS Roberson 26' 3PT Jump Shot,[],Roberson,0,0,Missed,True,False,203460.0,,rebound,rebound,,,,201566|201586|201942|201959|201960|202685|202709|203460|203500|203506,201566|201959|203460|203500|203506,201586|201942|201960|202685|202709,68.0,249.0,1610612760.0,21601015,True
2,PT00M54.30S,00:54,Q2 00:54,24.905,279,rebound,Ibaka REBOUND (Off:0 Def:2),[],Ibaka,0,0,,False,False,201586.0,,3pt missed,2pt made,,,,201566|201586|201942|201959|201960|202685|202709|203460|203500|203506,201586|201942|201960|202685|202709,201566|201959|203460|203500|203506,,,1610612761.0,21601015,True
2,PT00M43.30S,00:43,Q2 00:43,24.721666666666668,280,2pt,DeRozan 13' Pullup Jump Shot (13 PTS),[],DeRozan,47,58,Made,True,False,201942.0,,rebound,foul,,,,201566|201586|201942|201959|201960|202685|202709|203460|203500|203506,201586|201942|201960|202685|202709,201566|201959|203460|203500|203506,127.0,41.0,1610612761.0,21601015,True
2,PT00M43.30S,00:43,Q2 00:43,24.721666666666668,281,foul,Roberson S.FOUL (P2.PN) (M.Ervin),['inpenalty'],Roberson,0,0,,False,False,203460.0,,2pt made,timeout,201942.0,,,201566|201586|201942|201959|201960|202685|202709|203460|203500|203506,201566|201959|203460|203500|203506,201586|201942|201960|202685|202709,,,1610612760.0,21601015,True
2,PT00M43.30S,00:43,Q2 00:43,24.721666666666668,282,timeout,Thunder Timeout: Short (Reg.2 Short 1),[],,0,0,,False,False,0.0,,foul,freethrow,,,,201566|201586|201942|201959|201960|202685|202709|203460|203500|203506,201566|201959|203460|203500|203506,201586|201942|201960|202685|202709,,,1610612760.0,21601015,True
2,PT00M43.30S,00:43,Q2 00:43,24.721666666666668,286,freethrow,DeRozan Free Throw 1 of 1 (14 PTS),[],DeRozan,48,58,Made,False,False,201942.0,,timeout,substitution,,,,201566|201586|201942|201959|201960|202685|202709|203460|203500|203506,201586|201942|201960|202685|202709,201566|201959|203460|203500|203506,,,1610612761.0,21601015,True
2,PT00M43.30S,00:43,Q2 00:43,24.721666666666668,285,substitution,SUB out: J. Valanciunas,[],Valanciunas,0,0,,False,False,202685.0,,freethrow,substitution,,,,201566|201586|201942|201959|201960|202709|203460|203500|203506,201586|201942|201960|202709,201566|201959|203460|203500|203506,,,1610612761.0,21601015,False
2,PT00M43.30S,00:43,Q2 00:43,24.721666666666668,286,substitution,SUB in: P. Tucker,[],Tucker,0,0,,False,False,200782.0,,substitution,2pt missed,,,,200782|201566|201586|201942|201959|201960|202709|203460|203500|203506,200782|201586|201942|201960|202709,201566|201959|203460|203500|203506,,,1610612761.0,21601015,True
2,PT00M32.80S,00:32,Q2 00:32,24.546666666666667,288,2pt,MISS Westbrook 13' Pullup Jump Shot,[],Westbrook,0,0,Missed,True,False,201566.0,,substitution,rebound,,,,200782|201566|201586|201942|201959|201960|202709|203460|203500|203506,201566|201959|203460|203500|203506,200782|201586|201942|201960|202709,130.0,21.0,1610612760.0,21601015,True
2,PT00M32.60S,00:32,Q2 00:32,24.543333333333333,289,rebound,Ibaka REBOUND (Off:0 Def:3),[],Ibaka,0,0,,False,False,201586.0,,2pt missed,3pt missed,,,,200782|201566|201586|201942|201959|201960|202709|203460|203500|203506,200782|201586|201942|201960|202709,201566|201959|203460|203500|203506,,,1610612761.0,21601015,True
2,PT00M24.90S,00:24,Q2 00:24,24.415,290,3pt,MISS Carroll 24' 3PT Jump Shot,[],Carroll,0,0,Missed,True,False,201960.0,,rebound,rebound,,,,200782|201566|201586|201942|201959|201960|202709|203460|203500|203506,200782|201586|201942|201960|202709,201566|201959|203460|203500|203506,-235.0,0.0,1610612761.0,21601015,True
2,PT00M24.40S,00:24,Q2 00:24,24.406666666666666,291,rebound,Carroll REBOUND (Off:1 Def:0),[],Carroll,0,0,,False,False,201960.0,,3pt missed,3pt missed,,,,200782|201566|201586|201942|201959|201960|202709|203460|203500|203506,200782|201586|201942|201960|202709,201566|201959|203460|203500|203506,,,1610612761.0,21601015,True
2,PT00M00.30S,00:00,Q2 00:00,24.005,292,3pt,MISS DeRozan 27' 3PT Pullup Jump Shot,[],DeRozan,0,0,Missed,True,False,201942.0,,rebound,rebound,,,,200782|201566|201586|201942|201959|201960|202709|203460|203500|203506,200782|201586|201942|201960|202709,201566|201959|203460|203500|203506,-158.0,223.0,1610612761.0,21601015,True
2,PT00M00.10S,00:00,Q2 00:00,24.001666666666665,293,rebound,Adams REBOUND (Off:1 Def:3),[],Adams,0,0,,False,False,203500.0,,3pt missed,period,,,,200782|201566|201586|201942|201959|201960|202709|203460|203500|203506,201566|201959|203460|203500|203506,200782|201586|201942|201960|202709,,,1610612760.0,21601015,True
2,PT00M00.00S,00:00,Q2 00:00,24.0,294,period,End of 2nd Period (8:10 PM EST),[],,48,58,,False,False,0.0,,rebound,period,,,,200782|201566|201586|201942|201959|201960|202709|203460|203500|203506,200782|201586|201942|201960|202709,201566|201959|203460|203500|203506,,,1610612761.0,21601015,True
3,PT12M00.00S,12:00,Q3 12:00,24.0,296,period,Start of 3rd Period (8:26 PM EST),[],,48,58,,False,False,0.0,,period,substitution,,,,200782|201566|201586|201942|201959|201960|202709|203460|203500|203506,200782|201586|201942|201960|202709,201566|201959|203460|203500|203506,,,1610612761.0,21601015,True
3,PT11M50.00S,11:50,Q3 11:50,23.833333333333336,297,foul,Adams S.FOUL (P2.T1) (M.Davis),[],Adams,0,0,,False,False,203500.0,,substitution,freethrow,201942.0,,,201566|201586|201942|201959|201960|202685|202709|203460|203500|203506,201566|201959|203460|203500|203506,201586|201942|201960|202685|202709,,,1610612760.0,21601015,True
3,PT11M50.00S,11:50,Q3 11:50,23.833333333333336,298,freethrow,DeRozan Free Throw 1 of 2 (15 PTS),[],DeRozan,49,58,Made,False,False,201942.0,,foul,freethrow,,,,201566|201586|201942|201959|201960|202685|202709|203460|203500|203506,201586|201942|201960|202685|202709,201566|201959|203460|203500|203506,,,1610612761.0,21601015,True
3,PT11M50.00S,11:50,Q3 11:50,23.833333333333336,300,freethrow,DeRozan Free Throw 2 of 2 (16 PTS),[],DeRozan,50,58,Made,False,False,201942.0,,freethrow,3pt made,,,,201566|201586|201942|201959|201960|202685|202709|203460|203500|203506,201586|201942|201960|202685|202709,201566|201959|203460|203500|203506,,,1610612761.0,21601015,True
3,PT11M37.00S,11:37,Q3 11:37,23.616666666666667,302,3pt,Oladipo 27' 3PT Jump Shot (14 PTS) (Westbrook 12 AST),[],Oladipo,50,61,Made,True,True,203506.0,201566.0,freethrow,2pt made,,,,201566|201586|201942|201959|201960|202685|202709|203460|203500|203506,201566|201959|203460|203500|203506,201586|201942|201960|202685|202709,161.0,213.0,1610612760.0,21601015,True
3,PT11M11.00S,11:11,Q3 11:11,23.183333333333334,303,2pt,Ibaka 9' Pullup Jump Shot (4 PTS),['pointsinthepaint'],Ibaka,52,61,Made,True,False,201586.0,,3pt made,foul,,,,201566|201586|201942|201959|201960|202685|202709|203460|203500|203506,201586|201942|201960|202685|202709,201566|201959|203460|203500|203506,76.0,52.0,1610612761.0,21601015,True
3,PT10M58.00S,10:58,Q3 10:58,22.96666666666667,304,foul,Valanciunas S.FOUL (P3.T1) (M.Davis),[],Valanciunas,0,0,,False,False,202685.0,,2pt made,freethrow,201566.0,,,201566|201586|201942|201959|201960|202685|202709|203460|203500|203506,201586|201942|201960|202685|202709,201566|201959|203460|203500|203506,,,1610612761.0,21601015,True
3,PT10M58.00S,10:58,Q3 10:58,22.96666666666667,305,freethrow,Westbrook Free Throw 1 of 2 (13 PTS),[],Westbrook,52,62,Made,False,False,201566.0,,foul,freethrow,,,,201566|201586|201942|201959|201960|202685|202709|203460|203500|203506,201566|201959|203460|203500|203506,201586|201942|201960|202685|202709,,,1610612760.0,21601015,True
3,PT10M58.00S,10:58,Q3 10:58,22.96666666666667,307,freethrow,Westbrook Free Throw 2 of 2 (14 PTS),[],Westbrook,52,63,Made,False,False,201566.0,,freethrow,2pt made,,,,201566|201586|201942|201959|201960|202685|202709|203460|203500|203506,201566|201959|203460|203500|203506,201586|201942|201960|202685|202709,,,1610612760.0,21601015,True
3,PT10M44.00S,10:44,Q3 10:44,22.733333333333334,309,2pt,Joseph 10' Driving Floating Jump Shot (9 PTS),['pointsinthepaint'],Joseph,54,63,Made,True,False,202709.0,,freethrow,3pt made,,,,201566|201586|201942|201959|201960|202685|202709|203460|203500|203506,201586|201942|201960|202685|202709,201566|201959|203460|203500|203506,-68.0,80.0,1610612761.0,21601015,True
3,PT10M19.00S,10:19,Q3 10:19,22.316666666666666,310,3pt,Westbrook 28' 3PT Jump Shot (17 PTS) (Adams 2 AST),[],Westbrook,54,66,Made,True,True,201566.0,203500.0,2pt made,turnover,,,,201566|201586|201942|201959|201960|202685|202709|203460|203500|203506,201566|201959|203460|203500|203506,201586|201942|201960|202685|202709,-181.0,208.0,1610612760.0,21601015,True
3,PT10M06.00S,10:06,Q3 10:06,22.1,311,turnover,DeRozan Bad Pass Turnover (P2.T9),[],DeRozan,0,0,,False,False,201942.0,,3pt made,steal,,,,201566|201586|201942|201959|201960|202685|202709|203460|203500|203506,201586|201942|201960|202685|202709,201566|201959|203460|203500|203506,,,1610612761.0,21601015,True
3,PT10M06.00S,10:06,Q3 10:06,22.1,311,steal,Gibson STEAL (2 STL),[],Gibson,0,0,,False,False,201959.0,,turnover,2pt missed,,201959.0,,201566|201586|201942|201959|201960|202685|202709|203460|203500|203506,201566|201959|203460|203500|203506,201586|201942|201960|202685|202709,,,1610612760.0,21601015,True
3,PT10M00.00S,10:00,Q3 10:00,22.0,312,2pt,MISS Gibson 2' Layup,['pointsinthepaint'],Gibson,0,0,Missed,True,False,201959.0,,steal,rebound,,,,201566|201586|201942|201959|201960|202685|202709|203460|203500|203506,201566|201959|203460|203500|203506,201586|201942|201960|202685|202709,-16.0,13.0,1610612760.0,21601015,True
3,PT09M58.00S,09:58,Q3 09:58,21.96666666666667,313,rebound,Roberson REBOUND (Off:1 Def:3),[],Roberson,0,0,,False,False,203460.0,,2pt missed,2pt made,,,,201566|201586|201942|201959|201960|202685|202709|203460|203500|203506,201566|201959|203460|203500|203506,201586|201942|201960|202685|202709,,,1610612760.0,21601015,True
3,PT09M57.00S,09:57,Q3 09:57,21.95,314,2pt,Roberson 2' Tip Layup Shot (8 PTS),['pointsinthepaint'],Roberson,54,68,Made,True,False,203460.0,,rebound,foul,,,,201566|201586|201942|201959|201960|202685|202709|203460|203500|203506,201566|201959|203460|203500|203506,201586|201942|201960|202685|202709,22.0,8.0,1610612760.0,21601015,True
3,PT09M45.00S,09:45,Q3 09:45,21.75,316,foul,Roberson P.FOUL (P3.T2) (M.Ervin),[],Roberson,0,0,,False,False,203460.0,,2pt made,2pt made,201586.0,,,201566|201586|201942|201959|201960|202685|202709|203460|203500|203506,201566|201959|203460|203500|203506,201586|201942|201960|202685|202709,,,1610612760.0,21601015,True
3,PT09M38.00S,09:38,Q3 09:38,21.633333333333333,317,2pt,Ibaka 18' Jump Shot (6 PTS) (Joseph 5 AST),[],Ibaka,56,68,Made,True,True,201586.0,202709.0,foul,3pt missed,,,,201566|201586|201942|201959|201960|202685|202709|203460|203500|203506,201586|201942|201960|202685|202709,201566|201959|203460|203500|203506,176.0,7.0,1610612761.0,21601015,True
3,PT09M25.00S,09:25,Q3 09:25,21.416666666666664,318,3pt,MISS Westbrook 28' 3PT Pullup Jump Shot,[],Westbrook,0,0,Missed,True,False,201566.0,,2pt made,rebound,,,,201566|201586|201942|201959|201960|202685|202709|203460|203500|203506,201566|201959|203460|203500|203506,201586|201942|201960|202685|202709,125.0,252.0,1610612760.0,21601015,True
3,PT09M25.00S,09:25,Q3 09:25,21.416666666666664,319,rebound,Adams REBOUND (Off:2 Def:3),[],Adams,0,0,,False,False,203500.0,,3pt missed,2pt missed,,,,201566|201586|201942|201959|201960|202685|202709|203460|203500|203506,201566|201959|203460|203500|203506,201586|201942|201960|202685|202709,,,1610612760.0,21601015,True
3,PT09M08.00S,09:08,Q3 09:08,21.133333333333333,320,2pt,MISS Oladipo 8' Driving Floating Jump Shot,['pointsinthepaint'],Oladipo,0,0,Missed,True,False,203506.0,,rebound,block,,,,201566|201586|201942|201959|201960|202685|202709|203460|203500|203506,201566|201959|203460|203500|203506,201586|201942|201960|202685|202709,-56.0,51.0,1610612760.0,21601015,True
3,PT09M08.00S,09:08,Q3 09:08,21.133333333333333,320,block,Carroll BLOCK (1 BLK),[],Carroll,0,0,,False,False,201960.0,,2pt missed,rebound,,,201960.0,201566|201586|201942|201959|201960|202685|202709|203460|203500|203506,201586|201942|201960|202685|202709,201566|201959|203460|203500|203506,,,1610612761.0,21601015,True
3,PT09M06.00S,09:06,Q3 09:06,21.1,321,rebound,Carroll REBOUND (Off:1 Def:1),[],Carroll,0,0,,False,False,201960.0,,block,2pt missed,,,,201566|201586|201942|201959|201960|202685|202709|203460|203500|203506,201586|201942|201960|202685|202709,201566|201959|203460|203500|203506,,,1610612761.0,21601015,True
3,PT09M00.00S,09:00,Q3 09:00,21.0,322,2pt,MISS DeRozan 15' Pullup Jump Shot,[],DeRozan,0,0,Missed,True,False,201942.0,,rebound,rebound,,,,201566|201586|201942|201959|201960|202685|202709|203460|203500|203506,201586|201942|201960|202685|202709,201566|201959|203460|203500|203506,-65.0,139.0,1610612761.0,21601015,True
3,PT09M00.00S,09:00,Q3 09:00,21.0,323,rebound,Westbrook REBOUND (Off:0 Def:7),[],Westbrook,0,0,,False,False,201566.0,,2pt missed,2pt missed,,,,201566|201586|201942|201959|201960|202685|202709|203460|203500|203506,201566|201959|203460|203500|203506,201586|201942|201960|202685|202709,,,1610612760.0,21601015,True
3,PT08M51.00S,08:51,Q3 08:51,20.85,324,2pt,MISS Oladipo 15' Pullup Jump Shot,['pointsinthepaint'],Oladipo,0,0,Missed,True,False,203506.0,,rebound,rebound,,,,201566|201586|201942|201959|201960|202685|202709|203460|203500|203506,201566|201959|203460|203500|203506,201586|201942|201960|202685|202709,73.0,129.0,1610612760.0,21601015,True
3,PT08M50.00S,08:50,Q3 08:50,20.833333333333336,325,rebound,Valanciunas REBOUND (Off:0 Def:3),[],Valanciunas,0,0,,False,False,202685.0,,2pt missed,turnover,,,,201566|201586|201942|201959|201960|202685|202709|203460|203500|203506,201586|201942|201960|202685|202709,201566|201959|203460|203500|203506,,,1610612761.0,21601015,True
3,PT08M46.00S,08:46,Q3 08:46,20.766666666666666,326,turnover,DeRozan Out of Bounds - Bad Pass Turnover Turnover (P3.T10),[],DeRozan,0,0,,False,False,201942.0,,rebound,timeout,,,,201566|201586|201942|201959|201960|202685|202709|203460|203500|203506,201586|201942|201960|202685|202709,201566|201959|203460|203500|203506,,,1610612761.0,21601015,True
3,PT08M46.00S,08:46,Q3 08:46,20.766666666666666,327,timeout,Thunder Timeout: Regular (Reg.3 Short 1),[],,0,0,,False,False,0.0,,turnover,3pt missed,,,,201566|201586|201942|201959|201960|202685|202709|203460|203500|203506,201566|201959|203460|203500|203506,201586|201942|201960|202685|202709,,,1610612760.0,21601015,True
3,PT08M34.00S,08:34,Q3 08:34,20.566666666666666,332,3pt,MISS Westbrook 25' 3PT Pullup Jump Shot,[],Westbrook,0,0,Missed,True,False,201566.0,,timeout,rebound,,,,201566|201586|201942|201959|201960|202685|202709|203460|203500|203506,201566|201959|203460|203500|203506,201586|201942|201960|202685|202709,60.0,247.0,1610612760.0,21601015,True
3,PT08M33.00S,08:33,Q3 08:33,20.55,333,rebound,Carroll REBOUND (Off:1 Def:2),[],Carroll,0,0,,False,False,201960.0,,3pt missed,2pt missed,,,,201566|201586|201942|201959|201960|202685|202709|203460|203500|203506,201586|201942|201960|202685|202709,201566|201959|203460|203500|203506,,,1610612761.0,21601015,True
3,PT08M14.00S,08:14,Q3 08:14,20.233333333333334,334,2pt,MISS DeRozan 18' Pullup Jump Shot,[],DeRozan,0,0,Missed,True,False,201942.0,,rebound,rebound,,,,201566|201586|201942|201959|201960|202685|202709|203460|203500|203506,201586|201942|201960|202685|202709,201566|201959|203460|203500|203506,45.0,175.0,1610612761.0,21601015,True
3,PT08M14.00S,08:14,Q3 08:14,20.233333333333334,335,rebound,Valanciunas REBOUND (Off:1 Def:3),[],Valanciunas,0,0,,False,False,202685.0,,2pt missed,2pt missed,,,,201566|201586|201942|201959|201960|202685|202709|203460|203500|203506,201586|201942|201960|202685|202709,201566|201959|203460|203500|203506,,,1610612761.0,21601015,True
3,PT08M12.00S,08:12,Q3 08:12,20.2,336,2pt,MISS Valanciunas 1' Tip Layup Shot,['pointsinthepaint'],Valanciunas,0,0,Missed,True,False,202685.0,,rebound,2pt missed,,,,201566|201586|201942|201959|201960|202685|202709|203460|203500|203506,201586|201942|201960|202685|202709,201566|201959|203460|203500|203506,5.0,-1.0,1610612761.0,21601015,True
3,PT08M11.00S,08:11,Q3 08:11,20.183333333333334,337,2pt,MISS Valanciunas 1' Tip Layup Shot,['pointsinthepaint'],Valanciunas,0,0,Missed,True,False,202685.0,,2pt missed,rebound,,,,201566|201586|201942|201959|201960|202685|202709|203460|203500|203506,201586|201942|201960|202685|202709,201566|201959|203460|203500|203506,10.0,-1.0,1610612761.0,21601015,True
3,PT08M11.00S,08:11,Q3 08:11,20.183333333333334,338,rebound,Valanciunas REBOUND (Off:2 Def:3),[],Valanciunas,0,0,,False,False,202685.0,,2pt missed,rebound,,,,201566|201586|201942|201959|201960|202685|202709|203460|203500|203506,201586|201942|201960|202685|202709,201566|201959|203460|203500|203506,,,1610612761.0,21601015,True
3,PT08M11.00S,08:11,Q3 08:11,20.183333333333334,339,rebound,TEAM offensive REBOUND,['team'],,0,0,,False,False,0.0,,rebound,3pt missed,,,,201566|201586|201942|201959|201960|202685|202709|203460|203500|203506,201586|201942|201960|202685|202709,201566|201959|203460|203500|203506,,,1610612761.0,21601015,True
3,PT08M02.00S,08:02,Q3 08:02,20.03333333333333,341,3pt,MISS Carroll 24' 3PT Jump Shot,['2ndchance'],Carroll,0,0,Missed,True,False,201960.0,,rebound,rebound,,,,201566|201586|201942|201959|201960|202685|202709|203460|203500|203506,201586|201942|201960|202685|202709,201566|201959|203460|203500|203506,241.0,2.0,1610612761.0,21601015,True
3,PT08M02.00S,08:02,Q3 08:02,20.03333333333333,343,rebound,Westbrook REBOUND (Off:0 Def:8),[],Westbrook,0,0,,False,False,201566.0,,3pt missed,foul,,,,201566|201586|201942|201959|201960|202685|202709|203460|203500|203506,201566|201959|203460|203500|203506,201586|201942|201960|202685|202709,,,1610612760.0,21601015,True
3,PT07M55.00S,07:55,Q3 07:55,19.916666666666668,344,foul,Carroll S.FOUL (P1.T2) (M.Davis),[],Carroll,0,0,,False,False,201960.0,,rebound,freethrow,203506.0,,,201566|201586|201942|201959|201960|202685|202709|203460|203500|203506,201586|201942|201960|202685|202709,201566|201959|203460|203500|203506,,,1610612761.0,21601015,True
3,PT07M55.00S,07:55,Q3 07:55,19.916666666666668,345,freethrow,Oladipo Free Throw 1 of 3 (15 PTS),[],Oladipo,56,69,Made,False,False,203506.0,,foul,freethrow,,,,201566|201586|201942|201959|201960|202685|202709|203460|203500|203506,201566|201959|203460|203500|203506,201586|201942|201960|202685|202709,,,1610612760.0,21601015,True
3,PT07M55.00S,07:55,Q3 07:55,19.916666666666668,347,freethrow,MISS Oladipo Free Throw 2 of 3,[],Oladipo,0,0,Missed,False,False,203506.0,,freethrow,rebound,,,,201566|201586|201942|201959|201960|202685|202709|203460|203500|203506,201566|201959|203460|203500|203506,201586|201942|201960|202685|202709,,,1610612760.0,21601015,True
3,PT07M55.00S,07:55,Q3 07:55,19.916666666666668,349,rebound,TEAM offensive REBOUND,['team'],,0,0,,False,False,0.0,,freethrow,freethrow,,,,201566|201586|201942|201959|201960|202685|202709|203460|203500|203506,201566|201959|203460|203500|203506,201586|201942|201960|202685|202709,,,1610612760.0,21601015,True
3,PT07M55.00S,07:55,Q3 07:55,19.916666666666668,350,freethrow,Oladipo Free Throw 3 of 3 (16 PTS),['2ndchance'],Oladipo,56,70,Made,False,False,203506.0,,rebound,2pt made,,,,201566|201586|201942|201959|201960|202685|202709|203460|203500|203506,201566|201959|203460|203500|203506,201586|201942|201960|202685|202709,,,1610612760.0,21601015,True
3,PT07M32.00S,07:32,Q3 07:32,19.53333333333333,354,2pt,DeRozan 14' Fadeaway Jumper (18 PTS),['pointsinthepaint'],DeRozan,58,70,Made,True,False,201942.0,,freethrow,foul,,,,201566|201586|201942|201959|201960|202685|202709|203460|203500|203506,201586|201942|201960|202685|202709,201566|201959|203460|203500|203506,-53.0,129.0,1610612761.0,21601015,True
3,PT07M22.00S,07:22,Q3 07:22,19.366666666666667,355,foul,Adams OFF.Foul (P3) (M.Ervin),[],Adams,0,0,,False,False,203500.0,,2pt made,turnover,201942.0,,,201566|201586|201942|201959|201960|202685|202709|203460|203500|203506,201566|201959|203460|203500|203506,201586|201942|201960|202685|202709,,,1610612760.0,21601015,True
3,PT07M22.00S,07:22,Q3 07:22,19.366666666666667,356,turnover,Adams Foul Turnover (P1.T8),[],Adams,0,0,,False,False,203500.0,,foul,substitution,,,,201566|201586|201942|201959|201960|202685|202709|203460|203500|203506,201566|201959|203460|203500|203506,201586|201942|201960|202685|202709,,,1610612760.0,21601015,True
3,PT07M22.00S,07:22,Q3 07:22,19.366666666666667,357,substitution,SUB out: D. Carroll,[],Carroll,0,0,,False,False,201960.0,,turnover,substitution,,,,201566|201586|201942|201959|202685|202709|203460|203500|203506,201586|201942|202685|202709,201566|201959|203460|203500|203506,,,1610612761.0,21601015,False
3,PT07M22.00S,07:22,Q3 07:22,19.366666666666667,358,substitution,SUB out: J. Valanciunas,[],Valanciunas,0,0,,False,False,202685.0,,substitution,substitution,,,,201566|201586|201942|201959|202709|203460|203500|203506,201586|201942|202709,201566|201959|203460|203500|203506,,,1610612761.0,21601015,False
3,PT07M22.00S,07:22,Q3 07:22,19.366666666666667,359,substitution,SUB in: P. Patterson,[],Patterson,0,0,,False,False,202335.0,,substitution,substitution,,,,201566|201586|201942|201959|202335|202709|203460|203500|203506,201586|201942|202335|202709,201566|201959|203460|203500|203506,,,1610612761.0,21601015,False
3,PT07M22.00S,07:22,Q3 07:22,19.366666666666667,360,substitution,SUB in: N. Powell,[],Powell,0,0,,False,False,1626181.0,,substitution,2pt made,,,,1626181|201566|201586|201942|201959|202335|202709|203460|203500|203506,1626181|201586|201942|202335|202709,201566|201959|203460|203500|203506,,,1610612761.0,21601015,True
3,PT07M08.00S,07:08,Q3 07:08,19.133333333333333,360,2pt,DeRozan 9' Pullup Jump Shot (20 PTS),[],DeRozan,60,70,Made,True,False,201942.0,,substitution,2pt missed,,,,1626181|201566|201586|201942|201959|202335|202709|203460|203500|203506,1626181|201586|201942|202335|202709,201566|201959|203460|203500|203506,94.0,11.0,1610612761.0,21601015,True
3,PT06M47.00S,06:47,Q3 06:47,18.78333333333333,361,2pt,MISS Westbrook 18' Jump Shot,[],Westbrook,0,0,Missed,True,False,201566.0,,2pt made,rebound,,,,1626181|201566|201586|201942|201959|202335|202709|203460|203500|203506,201566|201959|203460|203500|203506,1626181|201586|201942|202335|202709,-132.0,115.0,1610612760.0,21601015,True
3,PT06M47.00S,06:47,Q3 06:47,18.78333333333333,362,rebound,TEAM offensive REBOUND,['team'],,0,0,,False,False,0.0,,2pt missed,foul,,,,1626181|201566|201586|201942|201959|202335|202709|203460|203500|203506,201566|201959|203460|203500|203506,1626181|201586|201942|202335|202709,,,1610612760.0,21601015,True
3,PT06M47.00S,06:47,Q3 06:47,18.78333333333333,363,foul,Ibaka L.B.FOUL (P2.T3) (M.Ervin),[],Ibaka,0,0,,False,False,201586.0,,rebound,3pt made,201566.0,,,1626181|201566|201586|201942|201959|202335|202709|203460|203500|203506,1626181|201586|201942|202335|202709,201566|201959|203460|203500|203506,,,1610612761.0,21601015,True
3,PT06M39.00S,06:39,Q3 06:39,18.65,364,3pt,Westbrook 28' 3PT Jump Shot (20 PTS) (Roberson 2 AST),[],Westbrook,60,73,Made,True,True,201566.0,203460.0,foul,2pt missed,,,,1626181|201566|201586|201942|201959|202335|202709|203460|203500|203506,201566|201959|203460|203500|203506,1626181|201586|201942|202335|202709,-78.0,264.0,1610612760.0,21601015,True
3,PT06M22.00S,06:22,Q3 06:22,18.366666666666667,365,2pt,MISS Joseph 3' Driving Layup,['pointsinthepaint'],Joseph,0,0,Missed,True,False,202709.0,,3pt made,rebound,,,,1626181|201566|201586|201942|201959|202335|202709|203460|203500|203506,1626181|201586|201942|202335|202709,201566|201959|203460|203500|203506,-20.0,21.0,1610612761.0,21601015,True
3,PT06M21.00S,06:21,Q3 06:21,18.35,366,rebound,TEAM defensive REBOUND,['team'],,0,0,,False,False,0.0,,2pt missed,foul,,,,1626181|201566|201586|201942|201959|202335|202709|203460|203500|203506,201566|201959|203460|203500|203506,1626181|201586|201942|202335|202709,,,1610612760.0,21601015,True
3,PT06M09.00S,06:09,Q3 06:09,18.15,367,foul,Powell P.FOUL (P1.T4) (M.Davis),[],Powell,0,0,,False,False,1626181.0,,rebound,2pt made,203500.0,,,1626181|201566|201586|201942|201959|202335|202709|203460|203500|203506,1626181|201586|201942|202335|202709,201566|201959|203460|203500|203506,,,1610612761.0,21601015,True
3,PT05M59.00S,05:59,Q3 05:59,17.983333333333334,368,2pt,Adams  Cutting Dunk Shot (10 PTS) (Westbrook 13 AST),['pointsinthepaint'],Adams,60,75,Made,True,True,203500.0,201566.0,foul,2pt made,,,,1626181|201566|201586|201942|201959|202335|202709|203460|203500|203506,201566|201959|203460|203500|203506,1626181|201586|201942|202335|202709,0.0,1.0,1610612760.0,21601015,True
3,PT05M46.00S,05:46,Q3 05:46,17.766666666666666,369,2pt,Ibaka 15' Jump Shot (8 PTS) (DeRozan 3 AST),[],Ibaka,62,75,Made,True,True,201586.0,201942.0,2pt made,2pt made,,,,1626181|201566|201586|201942|201959|202335|202709|203460|203500|203506,1626181|201586|201942|202335|202709,201566|201959|203460|203500|203506,141.0,41.0,1610612761.0,21601015,True
3,PT05M32.00S,05:32,Q3 05:32,17.53333333333333,370,2pt,Oladipo  Cutting Dunk Shot (18 PTS) (Westbrook 14 AST),['pointsinthepaint'],Oladipo,62,77,Made,True,True,203506.0,201566.0,2pt made,timeout,,,,1626181|201566|201586|201942|201959|202335|202709|203460|203500|203506,201566|201959|203460|203500|203506,1626181|201586|201942|202335|202709,0.0,1.0,1610612760.0,21601015,True
3,PT05M31.00S,05:31,Q3 05:31,17.516666666666666,371,timeout,RAPTORS Timeout: Regular (Full 3 Short 1),[],,0,0,,False,False,0.0,,2pt made,substitution,,,,1626181|201566|201586|201942|201959|202335|202709|203460|203500|203506,1626181|201586|201942|202335|202709,201566|201959|203460|203500|203506,,,1610612761.0,21601015,True
3,PT05M31.00S,05:31,Q3 05:31,17.516666666666666,373,substitution,SUB out: V. Oladipo,[],Oladipo,0,0,,False,False,203506.0,,timeout,substitution,,,,1626181|201566|201586|201942|201959|202335|202709|203460|203500,201566|201959|203460|203500,1626181|201586|201942|202335|202709,,,1610612760.0,21601015,False
3,PT05M31.00S,05:31,Q3 05:31,17.516666666666666,374,substitution,SUB in: A. Abrines,[],Abrines,0,0,,False,False,203518.0,,substitution,foul,,,,1626181|201566|201586|201942|201959|202335|202709|203460|203500|203518,201566|201959|203460|203500|203518,1626181|201586|201942|202335|202709,,,1610612760.0,21601015,True
3,PT05M26.00S,05:26,Q3 05:26,17.433333333333334,374,foul,Ibaka OFF.Foul (P3) (J.Tiven),['inpenalty'],Ibaka,0,0,,False,False,201586.0,,substitution,turnover,201566.0,,,1626181|201566|201586|201942|201959|202335|202709|203460|203500|203518,1626181|201586|201942|202335|202709,201566|201959|203460|203500|203518,,,1610612761.0,21601015,True
3,PT05M26.00S,05:26,Q3 05:26,17.433333333333334,375,turnover,Ibaka Foul Turnover (P3.T11),[],Ibaka,0,0,,False,False,201586.0,,foul,foul,,,,1626181|201566|201586|201942|201959|202335|202709|203460|203500|203518,1626181|201586|201942|202335|202709,201566|201959|203460|203500|203518,,,1610612761.0,21601015,True
3,PT05M13.00S,05:13,Q3 05:13,17.21666666666667,376,foul,Powell P.FOUL (P2.PN) (M.Ervin),['inpenalty'],Powell,0,0,,False,False,1626181.0,,turnover,freethrow,201566.0,,,1626181|201566|201586|201942|201959|202335|202709|203460|203500|203518,1626181|201586|201942|202335|202709,201566|201959|203460|203500|203518,,,1610612761.0,21601015,True
3,PT05M13.00S,05:13,Q3 05:13,17.21666666666667,377,freethrow,Westbrook Free Throw 1 of 2 (21 PTS),[],Westbrook,62,78,Made,False,False,201566.0,,foul,freethrow,,,,1626181|201566|201586|201942|201959|202335|202709|203460|203500|203518,201566|201959|203460|203500|203518,1626181|201586|201942|202335|202709,,,1610612760.0,21601015,True
3,PT05M13.00S,05:13,Q3 05:13,17.21666666666667,379,freethrow,Westbrook Free Throw 2 of 2 (22 PTS),[],Westbrook,62,79,Made,False,False,201566.0,,freethrow,2pt made,,,,1626181|201566|201586|201942|201959|202335|202709|203460|203500|203518,201566|201959|203460|203500|203518,1626181|201586|201942|202335|202709,,,1610612760.0,21601015,True
3,PT04M57.00S,04:57,Q3 04:57,16.95,381,2pt,DeRozan 2' Driving Reverse Layup (22 PTS) (Joseph 6 AST),['pointsinthepaint'],DeRozan,64,79,Made,True,True,201942.0,202709.0,freethrow,2pt missed,,,,1626181|201566|201586|201942|201959|202335|202709|203460|203500|203518,1626181|201586|201942|202335|202709,201566|201959|203460|203500|203518,14.0,16.0,1610612761.0,21601015,True
3,PT04M33.00S,04:33,Q3 04:33,16.55,382,2pt,MISS Westbrook 19' Pullup Jump Shot,[],Westbrook,0,0,Missed,True,False,201566.0,,2pt made,rebound,,,,1626181|201566|201586|201942|201959|202335|202709|203460|203500|203518,201566|201959|203460|203500|203518,1626181|201586|201942|202335|202709,-60.0,180.0,1610612760.0,21601015,True
3,PT04M33.00S,04:33,Q3 04:33,16.55,383,rebound,Gibson REBOUND (Off:3 Def:0),[],Gibson,0,0,,False,False,201959.0,,2pt missed,foul,,,,1626181|201566|201586|201942|201959|202335|202709|203460|203500|203518,201566|201959|203460|203500|203518,1626181|201586|201942|202335|202709,,,1610612760.0,21601015,True
3,PT04M30.00S,04:30,Q3 04:30,16.5,384,foul,Joseph Personal Block Foul (P2.PN) (M.Ervin),['inpenalty'],Joseph,0,0,,False,False,202709.0,,rebound,freethrow,203518.0,,,1626181|201566|201586|201942|201959|202335|202709|203460|203500|203518,1626181|201586|201942|202335|202709,201566|201959|203460|203500|203518,,,1610612761.0,21601015,True
3,PT04M30.00S,04:30,Q3 04:30,16.5,385,freethrow,Abrines Free Throw 1 of 2 (1 PTS),[],Abrines,64,80,Made,False,False,203518.0,,foul,freethrow,,,,1626181|201566|201586|201942|201959|202335|202709|203460|203500|203518,201566|201959|203460|203500|203518,1626181|201586|201942|202335|202709,,,1610612760.0,21601015,True
3,PT04M30.00S,04:30,Q3 04:30,16.5,387,freethrow,Abrines Free Throw 2 of 2 (2 PTS),[],Abrines,64,81,Made,False,False,203518.0,,freethrow,3pt missed,,,,1626181|201566|201586|201942|201959|202335|202709|203460|203500|203518,201566|201959|203460|203500|203518,1626181|201586|201942|202335|202709,,,1610612760.0,21601015,True
3,PT04M17.00S,04:17,Q3 04:17,16.28333333333333,389,3pt,MISS Powell 26' 3PT Jump Shot,[],Powell,0,0,Missed,True,False,1626181.0,,freethrow,rebound,,,,1626181|201566|201586|201942|201959|202335|202709|203460|203500|203518,1626181|201586|201942|202335|202709,201566|201959|203460|203500|203518,-204.0,159.0,1610612761.0,21601015,True
3,PT04M16.00S,04:16,Q3 04:16,16.266666666666666,390,rebound,Westbrook REBOUND (Off:0 Def:9),[],Westbrook,0,0,,False,False,201566.0,,3pt missed,2pt made,,,,1626181|201566|201586|201942|201959|202335|202709|203460|203500|203518,201566|201959|203460|203500|203518,1626181|201586|201942|202335|202709,,,1610612760.0,21601015,True
3,PT04M06.00S,04:06,Q3 04:06,16.1,391,2pt,Westbrook 16' Fadeaway Jumper (24 PTS),[],Westbrook,64,83,Made,True,False,201566.0,,rebound,2pt missed,,,,1626181|201566|201586|201942|201959|202335|202709|203460|203500|203518,201566|201959|203460|203500|203518,1626181|201586|201942|202335|202709,91.0,126.0,1610612760.0,21601015,True
3,PT03M56.00S,03:56,Q3 03:56,15.933333333333334,392,2pt,MISS Powell 4' Driving Layup,['pointsinthepaint'],Powell,0,0,Missed,True,False,1626181.0,,2pt made,rebound,,,,1626181|201566|201586|201942|201959|202335|202709|203460|203500|203518,1626181|201586|201942|202335|202709,201566|201959|203460|203500|203518,40.0,16.0,1610612761.0,21601015,True
3,PT03M56.00S,03:56,Q3 03:56,15.933333333333334,393,rebound,Westbrook REBOUND (Off:0 Def:10),[],Westbrook,0,0,,False,False,201566.0,,2pt missed,3pt missed,,,,1626181|201566|201586|201942|201959|202335|202709|203460|203500|203518,201566|201959|203460|203500|203518,1626181|201586|201942|202335|202709,,,1610612760.0,21601015,True
3,PT03M46.00S,03:46,Q3 03:46,15.766666666666666,394,3pt,MISS Abrines 27' 3PT Jump Shot,[],Abrines,0,0,Missed,True,False,203518.0,,rebound,rebound,,,,1626181|201566|201586|201942|201959|202335|202709|203460|203500|203518,201566|201959|203460|203500|203518,1626181|201586|201942|202335|202709,-192.0,183.0,1610612760.0,21601015,True
3,PT03M45.00S,03:45,Q3 03:45,15.75,395,rebound,Joseph REBOUND (Off:0 Def:2),[],Joseph,0,0,,False,False,202709.0,,3pt missed,2pt made,,,,1626181|201566|201586|201942|201959|202335|202709|203460|203500|203518,1626181|201586|201942|202335|202709,201566|201959|203460|203500|203518,,,1610612761.0,21601015,True
3,PT03M35.00S,03:35,Q3 03:35,15.583333333333334,396,2pt,Ibaka 17' Pullup Jump Shot (10 PTS),[],Ibaka,66,83,Made,True,False,201586.0,,rebound,3pt made,,,,1626181|201566|201586|201942|201959|202335|202709|203460|203500|203518,1626181|201586|201942|202335|202709,201566|201959|203460|203500|203518,19.0,164.0,1610612761.0,21601015,True
3,PT03M19.00S,03:19,Q3 03:19,15.316666666666666,397,3pt,Roberson 24' 3PT Jump Shot (11 PTS) (Westbrook 15 AST),[],Roberson,66,86,Made,True,True,203460.0,201566.0,2pt made,2pt made,,,,1626181|201566|201586|201942|201959|202335|202709|203460|203500|203518,201566|201959|203460|203500|203518,1626181|201586|201942|202335|202709,235.0,7.0,1610612760.0,21601015,True
3,PT02M59.00S,02:59,Q3 02:59,14.983333333333334,398,2pt,Joseph 19' Pullup Jump Shot (11 PTS) (Ibaka 1 AST),[],Joseph,68,86,Made,True,True,202709.0,201586.0,3pt made,2pt made,,,,1626181|201566|201586|201942|201959|202335|202709|203460|203500|203518,1626181|201586|201942|202335|202709,201566|201959|203460|203500|203518,20.0,193.0,1610612761.0,21601015,True
3,PT02M36.00S,02:36,Q3 02:36,14.6,399,2pt,Gibson 6' Turnaround Bank Shot (8 PTS),['pointsinthepaint'],Gibson,68,88,Made,True,False,201959.0,,2pt made,3pt missed,,,,1626181|201566|201586|201942|201959|202335|202709|203460|203500|203518,201566|201959|203460|203500|203518,1626181|201586|201942|202335|202709,-58.0,26.0,1610612760.0,21601015,True
3,PT02M18.00S,02:18,Q3 02:18,14.3,400,3pt,MISS Patterson 26' 3PT Jump Shot,[],Patterson,0,0,Missed,True,False,202335.0,,2pt made,rebound,,,,1626181|201566|201586|201942|201959|202335|202709|203460|203500|203518,1626181|201586|201942|202335|202709,201566|201959|203460|203500|203518,171.0,198.0,1610612761.0,21601015,True
3,PT02M17.00S,02:17,Q3 02:17,14.283333333333333,401,rebound,Gibson REBOUND (Off:3 Def:1),[],Gibson,0,0,,False,False,201959.0,,3pt missed,2pt made,,,,1626181|201566|201586|201942|201959|202335|202709|203460|203500|203518,201566|201959|203460|203500|203518,1626181|201586|201942|202335|202709,,,1610612760.0,21601015,True
3,PT02M06.00S,02:06,Q3 02:06,14.1,402,2pt,Gibson 20' Jump Shot (10 PTS) (Westbrook 16 AST),[],Gibson,68,90,Made,True,True,201959.0,201566.0,rebound,foul,,,,1626181|201566|201586|201942|201959|202335|202709|203460|203500|203518,201566|201959|203460|203500|203518,1626181|201586|201942|202335|202709,96.0,180.0,1610612760.0,21601015,True
3,PT01M59.00S,01:59,Q3 01:59,13.983333333333334,403,foul,Gibson S.FOUL (P1.T3) (J.Tiven),[],Gibson,0,0,,False,False,201959.0,,2pt made,freethrow,202709.0,,,1626181|201566|201586|201942|201959|202335|202709|203460|203500|203518,201566|201959|203460|203500|203518,1626181|201586|201942|202335|202709,,,1610612760.0,21601015,True
3,PT01M59.00S,01:59,Q3 01:59,13.983333333333334,404,freethrow,MISS Joseph Free Throw 1 of 2,[],Joseph,0,0,Missed,False,False,202709.0,,foul,rebound,,,,1626181|201566|201586|201942|201959|202335|202709|203460|203500|203518,1626181|201586|201942|202335|202709,201566|201959|203460|203500|203518,,,1610612761.0,21601015,True
3,PT01M59.00S,01:59,Q3 01:59,13.983333333333334,405,rebound,TEAM offensive REBOUND,['team'],,0,0,,False,False,0.0,,freethrow,freethrow,,,,1626181|201566|201586|201942|201959|202335|202709|203460|203500|203518,1626181|201586|201942|202335|202709,201566|201959|203460|203500|203518,,,1610612761.0,21601015,True
3,PT01M59.00S,01:59,Q3 01:59,13.983333333333334,412,freethrow,MISS Joseph Free Throw 2 of 2,[],Joseph,0,0,Missed,False,False,202709.0,,rebound,substitution,,,,1626181|201566|201586|201942|201959|202335|202709|203460|203500|203518,1626181|201586|201942|202335|202709,201566|201959|203460|203500|203518,,,1610612761.0,21601015,True
3,PT01M59.00S,01:59,Q3 01:59,13.983333333333334,406,substitution,SUB out: T. Gibson,[],Gibson,0,0,,False,False,201959.0,,substitution,substitution,,,,1626181|201566|201586|201942|202335|202683|202709|203460|203518,201566|202683|203460|203518,1626181|201586|201942|202335|202709,,,1610612760.0,21601015,False
3,PT01M59.00S,01:59,Q3 01:59,13.983333333333334,407,substitution,SUB: Kanter FOR Adams,[],Adams,0,0,,False,False,203500.0,,substitution,substitution,,,,1626181|201566|201586|201942|202335|202683|202709|203460|203518,201566|202683|203460|203518,1626181|201586|201942|202335|202709,,,1610612760.0,21601015,False
3,PT01M59.00S,01:59,Q3 01:59,13.983333333333334,408,substitution,SUB out: R. Westbrook,[],Westbrook,0,0,,False,False,201566.0,,substitution,substitution,,,,1626181|201586|201942|202335|202683|202709|203460|203518,202683|203460|203518,1626181|201586|201942|202335|202709,,,1610612760.0,21601015,False
3,PT01M59.00S,01:59,Q3 01:59,13.983333333333334,409,substitution,SUB out: S. Ibaka,[],Ibaka,0,0,,False,False,201586.0,,substitution,substitution,,,,1626181|201942|202335|202683|202709|203460|203518,1626181|201942|202335|202709,202683|203460|203518,,,1610612761.0,21601015,False
3,PT01M59.00S,01:59,Q3 01:59,13.983333333333334,410,substitution,SUB out: D. DeRozan,[],DeRozan,0,0,,False,False,201942.0,,substitution,substitution,,,,1626181|202335|202683|202709|203460|203518,1626181|202335|202709,202683|203460|203518,,,1610612761.0,21601015,False
3,PT01M59.00S,01:59,Q3 01:59,13.983333333333334,411,substitution,SUB out: N. Powell,[],Powell,0,0,,False,False,1626181.0,,substitution,substitution,,,,202335|202683|202709|203460|203518,202335|202709,202683|203460|203518,,,1610612761.0,21601015,False
3,PT01M59.00S,01:59,Q3 01:59,13.983333333333334,412,substitution,SUB in: D. Sabonis,[],Sabonis,0,0,,False,False,1627734.0,,substitution,substitution,,,,1627734|202335|202683|202709|203460|203518,1627734|202683|203460|203518,202335|202709,,,1610612760.0,21601015,False
3,PT01M59.00S,01:59,Q3 01:59,13.983333333333334,414,substitution,SUB in: S. Christon,[],Christon,0,0,,False,False,203902.0,,substitution,substitution,,,,1627734|202335|202683|202709|203460|203518|203902,1627734|202683|203460|203518|203902,202335|202709,,,1610612760.0,21601015,False
3,PT01M59.00S,01:59,Q3 01:59,13.983333333333334,415,substitution,SUB in: D. Wright,[],Wright,0,0,,False,False,1626153.0,,substitution,substitution,,,,1626153|1627734|202335|202683|202709|203460|203518|203902,1626153|202335|202709,1627734|202683|203460|203518|203902,,,1610612761.0,21601015,False
3,PT01M59.00S,01:59,Q3 01:59,13.983333333333334,416,substitution,SUB in: P. Tucker,[],Tucker,0,0,,False,False,200782.0,,substitution,substitution,,,,1626153|1627734|200782|202335|202683|202709|203460|203518|203902,1626153|200782|202335|202709,1627734|202683|203460|203518|203902,,,1610612761.0,21601015,False
3,PT01M59.00S,01:59,Q3 01:59,13.983333333333334,417,substitution,SUB in: J. Poeltl,[],Poeltl,0,0,,False,False,1627751.0,,substitution,rebound,,,,1626153|1627734|1627751|200782|202335|202683|202709|203460|203518|203902,1626153|1627751|200782|202335|202709,1627734|202683|203460|203518|203902,,,1610612761.0,21601015,True
3,PT01M55.00S,01:55,Q3 01:55,13.916666666666666,414,rebound,Kanter REBOUND (Off:1 Def:2),[],Freedom,0,0,,False,False,202683.0,,substitution,3pt made,,,,1626153|1627734|1627751|200782|202335|202683|202709|203460|203518|203902,1627734|202683|203460|203518|203902,1626153|1627751|200782|202335|202709,,,1610612760.0,21601015,True
3,PT01M39.00S,01:39,Q3 01:39,13.65,415,3pt,Sabonis 26' 3PT Jump Shot (4 PTS) (Roberson 3 AST),[],Sabonis,68,93,Made,True,True,1627734.0,203460.0,rebound,2pt made,,,,1626153|1627734|1627751|200782|202335|202683|202709|203460|203518|203902,1627734|202683|203460|203518|203902,1626153|1627751|200782|202335|202709,50.0,259.0,1610612760.0,21601015,True
3,PT01M24.00S,01:24,Q3 01:24,13.4,416,2pt,Tucker 7' Driving Bank Hook Shot (3 PTS),['pointsinthepaint'],Tucker,70,93,Made,True,False,200782.0,,3pt made,2pt made,,,,1626153|1627734|1627751|200782|202335|202683|202709|203460|203518|203902,1626153|1627751|200782|202335|202709,1627734|202683|203460|203518|203902,63.0,16.0,1610612761.0,21601015,True
3,PT01M08.00S,01:08,Q3 01:08,13.133333333333333,417,2pt,Roberson 4' Driving Finger Roll Layup (13 PTS) (Sabonis 1 AST),['pointsinthepaint'],Roberson,70,95,Made,True,True,203460.0,1627734.0,2pt made,2pt missed,,,,1626153|1627734|1627751|200782|202335|202683|202709|203460|203518|203902,1627734|202683|203460|203518|203902,1626153|1627751|200782|202335|202709,12.0,36.0,1610612760.0,21601015,True
3,PT00M54.90S,00:54,Q3 00:54,12.915,418,2pt,MISS Wright 6' Driving Floating Jump Shot,['pointsinthepaint'],Wright,0,0,Missed,True,False,1626153.0,,2pt made,rebound,,,,1626153|1627734|1627751|200782|202335|202683|202709|203460|203518|203902,1626153|1627751|200782|202335|202709,1627734|202683|203460|203518|203902,-58.0,16.0,1610612761.0,21601015,True
3,PT00M53.90S,00:53,Q3 00:53,12.898333333333333,419,rebound,Abrines REBOUND (Off:0 Def:1),[],Abrines,0,0,,False,False,203518.0,,2pt missed,2pt made,,,,1626153|1627734|1627751|200782|202335|202683|202709|203460|203518|203902,1627734|202683|203460|203518|203902,1626153|1627751|200782|202335|202709,,,1610612760.0,21601015,True
3,PT00M34.60S,00:34,Q3 00:34,12.576666666666666,421,2pt,Sabonis 20' Jump Shot (6 PTS) (Christon 1 AST),[],Sabonis,70,97,Made,True,True,1627734.0,203902.0,rebound,2pt missed,,,,1626153|1627734|1627751|200782|202335|202683|202709|203460|203518|203902,1627734|202683|203460|203518|203902,1626153|1627751|200782|202335|202709,-53.0,193.0,1610612760.0,21601015,True
3,PT00M12.40S,00:12,Q3 00:12,12.206666666666667,423,2pt,MISS Joseph 4' Driving Layup,['pointsinthepaint'],Joseph,0,0,Missed,True,False,202709.0,,2pt made,rebound,,,,1626153|1627734|1627751|200782|202335|202683|202709|203460|203518|203902,1626153|1627751|200782|202335|202709,1627734|202683|203460|203518|203902,-35.0,16.0,1610612761.0,21601015,True
3,PT00M11.90S,00:11,Q3 00:11,12.198333333333334,424,rebound,Christon REBOUND (Off:0 Def:1),[],Christon,0,0,,False,False,203902.0,,2pt missed,turnover,,,,1626153|1627734|1627751|200782|202335|202683|202709|203460|203518|203902,1627734|202683|203460|203518|203902,1626153|1627751|200782|202335|202709,,,1610612760.0,21601015,True
3,PT00M02.50S,00:02,Q3 00:02,12.041666666666666,425,turnover,Christon Out of Bounds Lost Ball Turnover (P2.T9),[],Christon,0,0,,False,False,203902.0,,rebound,substitution,,,,1626153|1627734|1627751|200782|202335|202683|202709|203460|203518|203902,1627734|202683|203460|203518|203902,1626153|1627751|200782|202335|202709,,,1610612760.0,21601015,True
3,PT00M02.50S,00:02,Q3 00:02,12.041666666666666,426,substitution,SUB out: C. Joseph,[],Joseph,0,0,,False,False,202709.0,,turnover,substitution,,,,1626153|1627734|1627751|200782|202335|202683|203460|203518|203902,1626153|1627751|200782|202335,1627734|202683|203460|203518|203902,,,1610612761.0,21601015,False
3,PT00M02.50S,00:02,Q3 00:02,12.041666666666666,427,substitution,SUB in: F. VanVleet,[],VanVleet,0,0,,False,False,1627832.0,,substitution,3pt missed,,,,1626153|1627734|1627751|1627832|200782|202335|202683|203460|203518|203902,1626153|1627751|1627832|200782|202335,1627734|202683|203460|203518|203902,,,1610612761.0,21601015,True
3,PT00M00.00S,00:00,Q3 00:00,12.0,428,3pt,MISS Wright 35' 3PT Pullup Jump Shot,[],Wright,0,0,Missed,True,False,1626153.0,,substitution,rebound,,,,1626153|1627734|1627751|1627832|200782|202335|202683|203460|203518|203902,1626153|1627751|1627832|200782|202335,1627734|202683|203460|203518|203902,-2.0,345.0,1610612761.0,21601015,True
3,PT00M00.00S,00:00,Q3 00:00,12.0,429,rebound,TEAM offensive REBOUND,['team'],,0,0,,False,False,0.0,,3pt missed,period,,,,1626153|1627734|1627751|1627832|200782|202335|202683|203460|203518|203902,1626153|1627751|1627832|200782|202335,1627734|202683|203460|203518|203902,,,1610612761.0,21601015,True
3,PT00M00.00S,00:00,Q3 00:00,12.0,430,period,End of 3rd Period (8:52 PM EST),[],,70,97,,False,False,0.0,,rebound,period,,,,1626153|1627734|1627751|1627832|200782|202335|202683|203460|203518|203902,1626153|1627751|1627832|200782|202335,1627734|202683|203460|203518|203902,,,1610612761.0,21601015,True
4,PT12M00.00S,12:00,Q4 12:00,12.0,432,period,Start of 4th Period (8:54 PM EST),[],,70,97,,False,False,0.0,,period,substitution,,,,1626153|1627734|1627751|1627832|200782|202335|202683|203460|203518|203902,1626153|1627751|1627832|200782|202335,1627734|202683|203460|203518|203902,,,1610612761.0,21601015,True
4,PT11M46.00S,11:46,Q4 11:46,11.766666666666667,433,turnover,Oladipo Out of Bounds - Bad Pass Turnover Turnover (P2.T10),[],Oladipo,0,0,,False,False,203506.0,,substitution,2pt made,,,,1626153|1627734|1627751|1627832|200782|202335|202683|203506|203518|203902,1627734|202683|203506|203518|203902,1626153|1627751|1627832|200782|202335,,,1610612760.0,21601015,True
4,PT11M38.00S,11:38,Q4 11:38,11.633333333333333,434,2pt,Wright 2' Driving Layup (6 PTS),['pointsinthepaint'],Wright,72,97,Made,True,False,1626153.0,,turnover,2pt made,,,,1626153|1627734|1627751|1627832|200782|202335|202683|203506|203518|203902,1626153|1627751|1627832|200782|202335,1627734|202683|203506|203518|203902,-17.0,13.0,1610612761.0,21601015,True
4,PT11M25.00S,11:25,Q4 11:25,11.416666666666666,435,2pt,Oladipo 7' Driving Floating Jump Shot (20 PTS),['pointsinthepaint'],Oladipo,72,99,Made,True,False,203506.0,,2pt made,3pt made,,,,1626153|1627734|1627751|1627832|200782|202335|202683|203506|203518|203902,1627734|202683|203506|203518|203902,1626153|1627751|1627832|200782|202335,-48.0,52.0,1610612760.0,21601015,True
4,PT11M03.00S,11:03,Q4 11:03,11.05,436,3pt,Tucker 24' 3PT Jump Shot (6 PTS) (VanVleet 1 AST),[],Tucker,75,99,Made,True,True,200782.0,1627832.0,2pt made,turnover,,,,1626153|1627734|1627751|1627832|200782|202335|202683|203506|203518|203902,1626153|1627751|1627832|200782|202335,1627734|202683|203506|203518|203902,241.0,-6.0,1610612761.0,21601015,True
4,PT10M45.00S,10:45,Q4 10:45,10.75,437,turnover,Abrines Bad Pass Turnover (P1.T11),[],Abrines,0,0,,False,False,203518.0,,3pt made,steal,,,,1626153|1627734|1627751|1627832|200782|202335|202683|203506|203518|203902,1627734|202683|203506|203518|203902,1626153|1627751|1627832|200782|202335,,,1610612760.0,21601015,True
4,PT10M45.00S,10:45,Q4 10:45,10.75,437,steal,Patterson STEAL (2 STL),[],Patterson,0,0,,False,False,202335.0,,turnover,foul,,202335.0,,1626153|1627734|1627751|1627832|200782|202335|202683|203506|203518|203902,1626153|1627751|1627832|200782|202335,1627734|202683|203506|203518|203902,,,1610612761.0,21601015,True
4,PT10M44.00S,10:44,Q4 10:44,10.733333333333333,438,foul,Abrines L.B.FOUL (P1.T1) (M.Davis),[],Abrines,0,0,,False,False,203518.0,,steal,turnover,200782.0,,,1626153|1627734|1627751|1627832|200782|202335|202683|203506|203518|203902,1627734|202683|203506|203518|203902,1626153|1627751|1627832|200782|202335,,,1610612760.0,21601015,True
4,PT10M22.00S,10:22,Q4 10:22,10.366666666666667,439,turnover,Tucker Bad Pass Turnover (P1.T12),[],Tucker,0,0,,False,False,200782.0,,foul,steal,,,,1626153|1627734|1627751|1627832|200782|202335|202683|203506|203518|203902,1626153|1627751|1627832|200782|202335,1627734|202683|203506|203518|203902,,,1610612761.0,21601015,True
4,PT10M22.00S,10:22,Q4 10:22,10.366666666666667,439,steal,Kanter STEAL (1 STL),[],Freedom,0,0,,False,False,202683.0,,turnover,2pt missed,,202683.0,,1626153|1627734|1627751|1627832|200782|202335|202683|203506|203518|203902,1627734|202683|203506|203518|203902,1626153|1627751|1627832|200782|202335,,,1610612760.0,21601015,True
4,PT10M17.00S,10:17,Q4 10:17,10.283333333333333,440,2pt,MISS Oladipo 5' Running Layup,['pointsinthepaint'],Oladipo,0,0,Missed,True,False,203506.0,,steal,block,,,,1626153|1627734|1627751|1627832|200782|202335|202683|203506|203518|203902,1627734|202683|203506|203518|203902,1626153|1627751|1627832|200782|202335,48.0,16.0,1610612760.0,21601015,True
4,PT10M17.00S,10:17,Q4 10:17,10.283333333333333,440,block,VanVleet BLOCK (1 BLK),[],VanVleet,0,0,,False,False,1627832.0,,2pt missed,rebound,,,1627832.0,1626153|1627734|1627751|1627832|200782|202335|202683|203506|203518|203902,1626153|1627751|1627832|200782|202335,1627734|202683|203506|203518|203902,,,1610612761.0,21601015,True
4,PT10M17.00S,10:17,Q4 10:17,10.283333333333333,441,rebound,TEAM offensive REBOUND,['team'],,0,0,,False,False,0.0,,block,turnover,,,,1626153|1627734|1627751|1627832|200782|202335|202683|203506|203518|203902,1627734|202683|203506|203518|203902,1626153|1627751|1627832|200782|202335,,,1610612760.0,21601015,True
4,PT10M11.00S,10:11,Q4 10:11,10.183333333333334,442,turnover,Kanter Bad Pass Turnover (P2.T12),[],Freedom,0,0,,False,False,202683.0,,rebound,steal,,,,1626153|1627734|1627751|1627832|200782|202335|202683|203506|203518|203902,1627734|202683|203506|203518|203902,1626153|1627751|1627832|200782|202335,,,1610612760.0,21601015,True
4,PT10M11.00S,10:11,Q4 10:11,10.183333333333334,442,steal,VanVleet STEAL (1 STL),[],VanVleet,0,0,,False,False,1627832.0,,turnover,2pt missed,,1627832.0,,1626153|1627734|1627751|1627832|200782|202335|202683|203506|203518|203902,1626153|1627751|1627832|200782|202335,1627734|202683|203506|203518|203902,,,1610612761.0,21601015,True
4,PT10M06.00S,10:06,Q4 10:06,10.1,443,2pt,MISS VanVleet 2' Running Layup,['pointsinthepaint'],VanVleet,0,0,Missed,True,False,1627832.0,,steal,rebound,,,,1626153|1627734|1627751|1627832|200782|202335|202683|203506|203518|203902,1626153|1627751|1627832|200782|202335,1627734|202683|203506|203518|203902,-22.0,11.0,1610612761.0,21601015,True
4,PT10M06.00S,10:06,Q4 10:06,10.1,444,rebound,Sabonis REBOUND (Off:0 Def:3),[],Sabonis,0,0,,False,False,1627734.0,,2pt missed,timeout,,,,1626153|1627734|1627751|1627832|200782|202335|202683|203506|203518|203902,1627734|202683|203506|203518|203902,1626153|1627751|1627832|200782|202335,,,1610612760.0,21601015,True
4,PT10M06.00S,10:06,Q4 10:06,10.1,445,timeout,Thunder Timeout: Regular (Reg.4 Short 1),[],,0,0,,False,False,0.0,,rebound,3pt made,,,,1626153|1627734|1627751|1627832|200782|202335|202683|203506|203518|203902,1627734|202683|203506|203518|203902,1626153|1627751|1627832|200782|202335,,,1610612760.0,21601015,True
4,PT09M48.00S,09:48,Q4 09:48,9.8,449,3pt,Oladipo 24' 3PT Jump Shot (23 PTS) (Kanter 1 AST),[],Oladipo,75,102,Made,True,False,203506.0,,timeout,2pt missed,,,,1626153|1627734|1627751|1627832|200782|202335|202683|203506|203518|203902,1627734|202683|203506|203518|203902,1626153|1627751|1627832|200782|202335,-186.0,159.0,1610612760.0,21601015,True
4,PT09M26.00S,09:26,Q4 09:26,9.433333333333334,450,2pt,MISS Tucker  Driving Layup,['pointsinthepaint'],Tucker,0,0,Missed,True,False,200782.0,,3pt made,rebound,,,,1626153|1627734|1627751|1627832|200782|202335|202683|203506|203518|203902,1626153|1627751|1627832|200782|202335,1627734|202683|203506|203518|203902,3.0,-1.0,1610612761.0,21601015,True
4,PT09M26.00S,09:26,Q4 09:26,9.433333333333334,451,rebound,Kanter REBOUND (Off:1 Def:3),[],Freedom,0,0,,False,False,202683.0,,2pt missed,2pt missed,,,,1626153|1627734|1627751|1627832|200782|202335|202683|203506|203518|203902,1627734|202683|203506|203518|203902,1626153|1627751|1627832|200782|202335,,,1610612760.0,21601015,True
4,PT09M18.00S,09:18,Q4 09:18,9.3,452,2pt,MISS Sabonis 3' Cutting Layup Shot,['pointsinthepaint'],Sabonis,0,0,Missed,True,False,1627734.0,,rebound,block,,,,1626153|1627734|1627751|1627832|200782|202335|202683|203506|203518|203902,1627734|202683|203506|203518|203902,1626153|1627751|1627832|200782|202335,28.0,11.0,1610612760.0,21601015,True
4,PT09M18.00S,09:18,Q4 09:18,9.3,452,block,Poeltl BLOCK (2 BLK),[],Poeltl,0,0,,False,False,1627751.0,,2pt missed,rebound,,,1627751.0,1626153|1627734|1627751|1627832|200782|202335|202683|203506|203518|203902,1626153|1627751|1627832|200782|202335,1627734|202683|203506|203518|203902,,,1610612761.0,21601015,True
4,PT09M17.00S,09:17,Q4 09:17,9.283333333333333,453,rebound,Patterson REBOUND (Off:1 Def:2),[],Patterson,0,0,,False,False,202335.0,,block,2pt missed,,,,1626153|1627734|1627751|1627832|200782|202335|202683|203506|203518|203902,1626153|1627751|1627832|200782|202335,1627734|202683|203506|203518|203902,,,1610612761.0,21601015,True
4,PT09M04.00S,09:04,Q4 09:04,9.066666666666666,454,2pt,MISS Patterson 8' Pullup Bank Shot,['pointsinthepaint'],Patterson,0,0,Missed,True,False,202335.0,,rebound,rebound,,,,1626153|1627734|1627751|1627832|200782|202335|202683|203506|203518|203902,1626153|1627751|1627832|200782|202335,1627734|202683|203506|203518|203902,74.0,26.0,1610612761.0,21601015,True
4,PT09M04.00S,09:04,Q4 09:04,9.066666666666666,455,rebound,Kanter REBOUND (Off:1 Def:4),[],Freedom,0,0,,False,False,202683.0,,2pt missed,2pt made,,,,1626153|1627734|1627751|1627832|200782|202335|202683|203506|203518|203902,1627734|202683|203506|203518|203902,1626153|1627751|1627832|200782|202335,,,1610612760.0,21601015,True
4,PT08M44.00S,08:44,Q4 08:44,8.733333333333333,456,2pt,Kanter 3' Driving Reverse Layup (10 PTS),['pointsinthepaint'],Freedom,75,104,Made,True,False,202683.0,,rebound,foul,,,,1626153|1627734|1627751|1627832|200782|202335|202683|203506|203518|203902,1627734|202683|203506|203518|203902,1626153|1627751|1627832|200782|202335,20.0,18.0,1610612760.0,21601015,True
4,PT08M44.00S,08:44,Q4 08:44,8.733333333333333,457,foul,Poeltl S.FOUL (P2.T1) (J.Tiven),[],Poeltl,0,0,,False,False,1627751.0,,2pt made,freethrow,202683.0,,,1626153|1627734|1627751|1627832|200782|202335|202683|203506|203518|203902,1626153|1627751|1627832|200782|202335,1627734|202683|203506|203518|203902,,,1610612761.0,21601015,True
4,PT08M44.00S,08:44,Q4 08:44,8.733333333333333,459,freethrow,Kanter Free Throw 1 of 1 (11 PTS),[],Freedom,75,105,Made,False,False,202683.0,,foul,substitution,,,,1626153|1627734|1627751|1627832|200782|202335|202683|203506|203518|203902,1627734|202683|203506|203518|203902,1626153|1627751|1627832|200782|202335,,,1610612760.0,21601015,True
4,PT08M44.00S,08:44,Q4 08:44,8.733333333333333,458,substitution,SUB out: A. Abrines,[],Abrines,0,0,,False,False,203518.0,,freethrow,substitution,,,,1626153|1627734|1627751|1627832|200782|202335|202683|203506|203902,1627734|202683|203506|203902,1626153|1627751|1627832|200782|202335,,,1610612760.0,21601015,False
4,PT08M44.00S,08:44,Q4 08:44,8.733333333333333,459,substitution,SUB in: D. McDermott,[],McDermott,0,0,,False,False,203926.0,,substitution,foul,,,,1626153|1627734|1627751|1627832|200782|202335|202683|203506|203902|203926,1627734|202683|203506|203902|203926,1626153|1627751|1627832|200782|202335,,,1610612760.0,21601015,True
4,PT08M32.00S,08:32,Q4 08:32,8.533333333333333,461,foul,Sabonis S.FOUL (P4.T2) (J.Tiven),[],Sabonis,0,0,,False,False,1627734.0,,substitution,freethrow,202335.0,,,1626153|1627734|1627751|1627832|200782|202335|202683|203506|203902|203926,1627734|202683|203506|203902|203926,1626153|1627751|1627832|200782|202335,,,1610612760.0,21601015,True
4,PT08M32.00S,08:32,Q4 08:32,8.533333333333333,462,freethrow,Patterson Free Throw 1 of 2 (2 PTS),[],Patterson,76,105,Made,False,False,202335.0,,foul,freethrow,,,,1626153|1627734|1627751|1627832|200782|202335|202683|203506|203902|203926,1626153|1627751|1627832|200782|202335,1627734|202683|203506|203902|203926,,,1610612761.0,21601015,True
4,PT08M32.00S,08:32,Q4 08:32,8.533333333333333,464,freethrow,Patterson Free Throw 2 of 2 (3 PTS),[],Patterson,77,105,Made,False,False,202335.0,,freethrow,turnover,,,,1626153|1627734|1627751|1627832|200782|202335|202683|203506|203902|203926,1626153|1627751|1627832|200782|202335,1627734|202683|203506|203902|203926,,,1610612761.0,21601015,True
4,PT08M16.00S,08:16,Q4 08:16,8.266666666666667,466,turnover,McDermott Bad Pass Turnover (P1.T13),[],McDermott,0,0,,False,False,203926.0,,freethrow,steal,,,,1626153|1627734|1627751|1627832|200782|202335|202683|203506|203902|203926,1627734|202683|203506|203902|203926,1626153|1627751|1627832|200782|202335,,,1610612760.0,21601015,True
4,PT08M16.00S,08:16,Q4 08:16,8.266666666666667,466,steal,Wright STEAL (1 STL),[],Wright,0,0,,False,False,1626153.0,,turnover,2pt missed,,1626153.0,,1626153|1627734|1627751|1627832|200782|202335|202683|203506|203902|203926,1626153|1627751|1627832|200782|202335,1627734|202683|203506|203902|203926,,,1610612761.0,21601015,True
4,PT08M02.00S,08:02,Q4 08:02,8.033333333333333,467,2pt,MISS VanVleet 6' Driving Hook Shot,['pointsinthepaint'],VanVleet,0,0,Missed,True,False,1627832.0,,steal,rebound,,,,1626153|1627734|1627751|1627832|200782|202335|202683|203506|203902|203926,1626153|1627751|1627832|200782|202335,1627734|202683|203506|203902|203926,42.0,38.0,1610612761.0,21601015,True
4,PT08M02.00S,08:02,Q4 08:02,8.033333333333333,468,rebound,Sabonis REBOUND (Off:0 Def:4),[],Sabonis,0,0,,False,False,1627734.0,,2pt missed,turnover,,,,1626153|1627734|1627751|1627832|200782|202335|202683|203506|203902|203926,1627734|202683|203506|203902|203926,1626153|1627751|1627832|200782|202335,,,1610612760.0,21601015,True
4,PT07M50.00S,07:50,Q4 07:50,7.833333333333333,469,turnover,Kanter 3 Second Violation Turnover (P3.T14),[],Freedom,0,0,,False,False,202683.0,,rebound,3pt missed,,,,1626153|1627734|1627751|1627832|200782|202335|202683|203506|203902|203926,1627734|202683|203506|203902|203926,1626153|1627751|1627832|200782|202335,,,1610612760.0,21601015,True
4,PT07M38.00S,07:38,Q4 07:38,7.633333333333333,470,3pt,MISS Patterson 25' 3PT Jump Shot,[],Patterson,0,0,Missed,True,False,202335.0,,turnover,rebound,,,,1626153|1627734|1627751|1627832|200782|202335|202683|203506|203902|203926,1626153|1627751|1627832|200782|202335,1627734|202683|203506|203902|203926,-166.0,188.0,1610612761.0,21601015,True
4,PT07M38.00S,07:38,Q4 07:38,7.633333333333333,471,rebound,Kanter REBOUND (Off:1 Def:5),[],Freedom,0,0,,False,False,202683.0,,3pt missed,2pt missed,,,,1626153|1627734|1627751|1627832|200782|202335|202683|203506|203902|203926,1627734|202683|203506|203902|203926,1626153|1627751|1627832|200782|202335,,,1610612760.0,21601015,True
4,PT07M17.00S,07:17,Q4 07:17,7.283333333333333,472,2pt,MISS Kanter 4' Driving Hook Shot,['pointsinthepaint'],Freedom,0,0,Missed,True,False,202683.0,,rebound,rebound,,,,1626153|1627734|1627751|1627832|200782|202335|202683|203506|203902|203926,1627734|202683|203506|203902|203926,1626153|1627751|1627832|200782|202335,-7.0,41.0,1610612760.0,21601015,True
4,PT07M16.00S,07:16,Q4 07:16,7.266666666666667,473,rebound,Kanter REBOUND (Off:2 Def:5),[],Freedom,0,0,,False,False,202683.0,,2pt missed,2pt made,,,,1626153|1627734|1627751|1627832|200782|202335|202683|203506|203902|203926,1627734|202683|203506|203902|203926,1626153|1627751|1627832|200782|202335,,,1610612760.0,21601015,True
4,PT07M15.00S,07:15,Q4 07:15,7.25,474,2pt,Kanter 1' Putback Layup (13 PTS),['pointsinthepaint'],Freedom,77,107,Made,True,False,202683.0,,rebound,turnover,,,,1626153|1627734|1627751|1627832|200782|202335|202683|203506|203902|203926,1627734|202683|203506|203902|203926,1626153|1627751|1627832|200782|202335,9.0,3.0,1610612760.0,21601015,True
4,PT07M00.00S,07:00,Q4 07:00,7.0,475,turnover,Patterson Lost Ball Turnover (P1.T13),[],Patterson,0,0,,False,False,202335.0,,2pt made,steal,,,,1626153|1627734|1627751|1627832|200782|202335|202683|203506|203902|203926,1626153|1627751|1627832|200782|202335,1627734|202683|203506|203902|203926,,,1610612761.0,21601015,True
4,PT07M00.00S,07:00,Q4 07:00,7.0,475,steal,Christon STEAL (1 STL),[],Christon,0,0,,False,False,203902.0,,turnover,foul,,203902.0,,1626153|1627734|1627751|1627832|200782|202335|202683|203506|203902|203926,1627734|202683|203506|203902|203926,1626153|1627751|1627832|200782|202335,,,1610612760.0,21601015,True
4,PT06M59.00S,06:59,Q4 06:59,6.983333333333333,476,foul,Patterson P.FOUL (P3.T2) (M.Davis),[],Patterson,0,0,,False,False,202335.0,,steal,2pt missed,1627734.0,,,1626153|1627734|1627751|1627832|200782|202335|202683|203506|203902|203926,1626153|1627751|1627832|200782|202335,1627734|202683|203506|203902|203926,,,1610612761.0,21601015,True
4,PT06M46.00S,06:46,Q4 06:46,6.766666666666667,477,2pt,MISS Sabonis  Hook Shot,['pointsinthepaint'],Sabonis,0,0,Missed,True,False,1627734.0,,foul,rebound,,,,1626153|1627734|1627751|1627832|200782|202335|202683|203506|203902|203926,1627734|202683|203506|203902|203926,1626153|1627751|1627832|200782|202335,0.0,1.0,1610612760.0,21601015,True
4,PT06M45.00S,06:45,Q4 06:45,6.75,478,rebound,Patterson REBOUND (Off:1 Def:3),[],Patterson,0,0,,False,False,202335.0,,2pt missed,3pt missed,,,,1626153|1627734|1627751|1627832|200782|202335|202683|203506|203902|203926,1626153|1627751|1627832|200782|202335,1627734|202683|203506|203902|203926,,,1610612761.0,21601015,True
4,PT06M37.00S,06:37,Q4 06:37,6.616666666666667,479,3pt,MISS Tucker 24' 3PT Jump Shot,[],Tucker,0,0,Missed,True,False,200782.0,,rebound,rebound,,,,1626153|1627734|1627751|1627832|200782|202335|202683|203506|203902|203926,1626153|1627751|1627832|200782|202335,1627734|202683|203506|203902|203926,-238.0,7.0,1610612761.0,21601015,True
4,PT06M37.00S,06:37,Q4 06:37,6.616666666666667,480,rebound,Christon REBOUND (Off:0 Def:2),[],Christon,0,0,,False,False,203902.0,,3pt missed,turnover,,,,1626153|1627734|1627751|1627832|200782|202335|202683|203506|203902|203926,1627734|202683|203506|203902|203926,1626153|1627751|1627832|200782|202335,,,1610612760.0,21601015,True
4,PT06M18.00S,06:18,Q4 06:18,6.3,481,turnover,Kanter Bad Pass Turnover (P4.T15),[],Freedom,0,0,,False,False,202683.0,,rebound,steal,,,,1626153|1627734|1627751|1627832|200782|202335|202683|203506|203902|203926,1627734|202683|203506|203902|203926,1626153|1627751|1627832|200782|202335,,,1610612760.0,21601015,True
4,PT06M18.00S,06:18,Q4 06:18,6.3,481,steal,Wright STEAL (2 STL),[],Wright,0,0,,False,False,1626153.0,,turnover,2pt missed,,1626153.0,,1626153|1627734|1627751|1627832|200782|202335|202683|203506|203902|203926,1626153|1627751|1627832|200782|202335,1627734|202683|203506|203902|203926,,,1610612761.0,21601015,True
4,PT06M12.00S,06:12,Q4 06:12,6.2,482,2pt,MISS Tucker 2' Running Reverse Layup,['pointsinthepaint'],Tucker,0,0,Missed,True,False,200782.0,,steal,rebound,,,,1626153|1627734|1627751|1627832|200782|202335|202683|203506|203902|203926,1626153|1627751|1627832|200782|202335,1627734|202683|203506|203902|203926,17.0,3.0,1610612761.0,21601015,True
4,PT06M10.00S,06:10,Q4 06:10,6.166666666666667,483,rebound,Sabonis REBOUND (Off:0 Def:5),[],Sabonis,0,0,,False,False,1627734.0,,2pt missed,foul,,,,1626153|1627734|1627751|1627832|200782|202335|202683|203506|203902|203926,1627734|202683|203506|203902|203926,1626153|1627751|1627832|200782|202335,,,1610612760.0,21601015,True
4,PT06M04.00S,06:04,Q4 06:04,6.066666666666666,484,foul,Wright S.FOUL (P2.T3) (J.Tiven),[],Wright,0,0,,False,False,1626153.0,,rebound,freethrow,202683.0,,,1626153|1627734|1627751|1627832|200782|202335|202683|203506|203902|203926,1626153|1627751|1627832|200782|202335,1627734|202683|203506|203902|203926,,,1610612761.0,21601015,True
4,PT06M04.00S,06:04,Q4 06:04,6.066666666666666,485,freethrow,MISS Kanter Free Throw 1 of 2,[],Freedom,0,0,Missed,False,False,202683.0,,foul,rebound,,,,1626153|1627734|1627751|1627832|200782|202335|202683|203506|203902|203926,1627734|202683|203506|203902|203926,1626153|1627751|1627832|200782|202335,,,1610612760.0,21601015,True
4,PT06M04.00S,06:04,Q4 06:04,6.066666666666666,486,rebound,TEAM offensive REBOUND,['team'],,0,0,,False,False,0.0,,freethrow,freethrow,,,,1626153|1627734|1627751|1627832|200782|202335|202683|203506|203902|203926,1627734|202683|203506|203902|203926,1626153|1627751|1627832|200782|202335,,,1610612760.0,21601015,True
4,PT06M04.00S,06:04,Q4 06:04,6.066666666666666,490,freethrow,Kanter Free Throw 2 of 2 (14 PTS),[],Freedom,77,108,Made,False,False,202683.0,,rebound,substitution,,,,1626153|1627734|1627751|1627832|200782|202335|202683|203506|203902|203926,1627734|202683|203506|203902|203926,1626153|1627751|1627832|200782|202335,,,1610612760.0,21601015,True
4,PT06M04.00S,06:04,Q4 06:04,6.066666666666666,487,substitution,SUB out: P. Patterson,[],Patterson,0,0,,False,False,202335.0,,freethrow,substitution,,,,1626153|1627734|1627751|1627832|200782|202683|203506|203902|203926,1626153|1627751|1627832|200782,1627734|202683|203506|203902|203926,,,1610612761.0,21601015,False
4,PT06M04.00S,06:04,Q4 06:04,6.066666666666666,488,substitution,SUB out: P. Tucker,[],Tucker,0,0,,False,False,200782.0,,substitution,substitution,,,,1626153|1627734|1627751|1627832|202683|203506|203902|203926,1626153|1627751|1627832,1627734|202683|203506|203902|203926,,,1610612761.0,21601015,False
4,PT06M04.00S,06:04,Q4 06:04,6.066666666666666,489,substitution,SUB out: J. Poeltl,[],Poeltl,0,0,,False,False,1627751.0,,substitution,substitution,,,,1626153|1627734|1627832|202683|203506|203902|203926,1626153|1627832,1627734|202683|203506|203902|203926,,,1610612761.0,21601015,False
4,PT06M04.00S,06:04,Q4 06:04,6.066666666666666,490,substitution,SUB in: P. Siakam,[],Siakam,0,0,,False,False,1627783.0,,substitution,substitution,,,,1626153|1627734|1627783|1627832|202683|203506|203902|203926,1626153|1627783|1627832,1627734|202683|203506|203902|203926,,,1610612761.0,21601015,False
4,PT06M04.00S,06:04,Q4 06:04,6.066666666666666,491,substitution,SUB in: N. Powell,[],Powell,0,0,,False,False,1626181.0,,substitution,substitution,,,,1626153|1626181|1627734|1627783|1627832|202683|203506|203902|203926,1626153|1626181|1627783|1627832,1627734|202683|203506|203902|203926,,,1610612761.0,21601015,False
4,PT06M04.00S,06:04,Q4 06:04,6.066666666666666,492,substitution,SUB in: L. Nogueira,[],Nogueira,0,0,,False,False,203512.0,,substitution,2pt made,,,,1626153|1626181|1627734|1627783|1627832|202683|203506|203512|203902|203926,1626153|1626181|1627783|1627832|203512,1627734|202683|203506|203902|203926,,,1610612761.0,21601015,True
4,PT05M49.00S,05:49,Q4 05:49,5.816666666666666,493,2pt,Wright 3' Driving Floating Jump Shot (8 PTS),['pointsinthepaint'],Wright,79,108,Made,True,False,1626153.0,,substitution,foul,,,,1626153|1626181|1627734|1627783|1627832|202683|203506|203512|203902|203926,1626153|1626181|1627783|1627832|203512,1627734|202683|203506|203902|203926,12.0,31.0,1610612761.0,21601015,True
4,PT05M49.00S,05:49,Q4 05:49,5.816666666666666,494,foul,McDermott S.FOUL (P2.T3) (J.Tiven),[],McDermott,0,0,,False,False,203926.0,,2pt made,timeout,1626153.0,,,1626153|1626181|1627734|1627783|1627832|202683|203506|203512|203902|203926,1627734|202683|203506|203902|203926,1626153|1626181|1627783|1627832|203512,,,1610612760.0,21601015,True
4,PT05M49.00S,05:49,Q4 05:49,5.816666666666666,495,timeout,Timeout: Official,[],,0,0,,False,False,0.0,,foul,freethrow,,,,1626153|1626181|1627734|1627783|1627832|202683|203506|203512|203902|203926,1626153|1626181|1627783|1627832|203512,1627734|202683|203506|203902|203926,,,0.0,21601015,True
4,PT05M49.00S,05:49,Q4 05:49,5.816666666666666,498,freethrow,MISS Wright Free Throw 1 of 1,[],Wright,0,0,Missed,False,False,1626153.0,,timeout,substitution,,,,1626153|1626181|1627734|1627783|1627832|202683|203506|203512|203902|203926,1626153|1626181|1627783|1627832|203512,1627734|202683|203506|203902|203926,,,1610612761.0,21601015,True
4,PT05M49.00S,05:49,Q4 05:49,5.816666666666666,497,substitution,SUB out: V. Oladipo,[],Oladipo,0,0,,False,False,203506.0,,freethrow,substitution,,,,1626153|1626181|1627734|1627783|1627832|202683|203512|203902|203926,1627734|202683|203902|203926,1626153|1626181|1627783|1627832|203512,,,1610612760.0,21601015,False
4,PT05M49.00S,05:49,Q4 05:49,5.816666666666666,498,substitution,SUB in: A. Abrines,[],Abrines,0,0,,False,False,203518.0,,substitution,rebound,,,,1626153|1626181|1627734|1627783|1627832|202683|203512|203518|203902|203926,1627734|202683|203518|203902|203926,1626153|1626181|1627783|1627832|203512,,,1610612760.0,21601015,True
4,PT05M48.00S,05:48,Q4 05:48,5.8,500,rebound,Sabonis REBOUND (Off:0 Def:6),[],Sabonis,0,0,,False,False,1627734.0,,substitution,3pt missed,,,,1626153|1626181|1627734|1627783|1627832|202683|203512|203518|203902|203926,1627734|202683|203518|203902|203926,1626153|1626181|1627783|1627832|203512,,,1610612760.0,21601015,True
4,PT05M33.00S,05:33,Q4 05:33,5.55,501,3pt,MISS Abrines 27' 3PT Jump Shot,[],Abrines,0,0,Missed,True,False,203518.0,,rebound,rebound,,,,1626153|1626181|1627734|1627783|1627832|202683|203512|203518|203902|203926,1627734|202683|203518|203902|203926,1626153|1626181|1627783|1627832|203512,-214.0,164.0,1610612760.0,21601015,True
4,PT05M32.00S,05:32,Q4 05:32,5.533333333333333,502,rebound,Powell REBOUND (Off:1 Def:2),[],Powell,0,0,,False,False,1626181.0,,3pt missed,2pt missed,,,,1626153|1626181|1627734|1627783|1627832|202683|203512|203518|203902|203926,1626153|1626181|1627783|1627832|203512,1627734|202683|203518|203902|203926,,,1610612761.0,21601015,True
4,PT05M23.00S,05:23,Q4 05:23,5.383333333333334,503,2pt,MISS Powell 20' Pullup Jump Shot,[],Powell,0,0,Missed,True,False,1626181.0,,rebound,rebound,,,,1626153|1626181|1627734|1627783|1627832|202683|203512|203518|203902|203926,1626153|1626181|1627783|1627832|203512,1627734|202683|203518|203902|203926,56.0,193.0,1610612761.0,21601015,True
4,PT05M23.00S,05:23,Q4 05:23,5.383333333333334,504,rebound,Abrines REBOUND (Off:0 Def:2),[],Abrines,0,0,,False,False,203518.0,,2pt missed,3pt made,,,,1626153|1626181|1627734|1627783|1627832|202683|203512|203518|203902|203926,1627734|202683|203518|203902|203926,1626153|1626181|1627783|1627832|203512,,,1610612760.0,21601015,True
4,PT05M07.00S,05:07,Q4 05:07,5.116666666666666,505,3pt,McDermott  3PT Jump Shot (6 PTS) (Abrines 1 AST),[],McDermott,79,111,Made,True,True,203926.0,203518.0,rebound,3pt made,,,,1626153|1626181|1627734|1627783|1627832|202683|203512|203518|203902|203926,1627734|202683|203518|203902|203926,1626153|1626181|1627783|1627832|203512,-232.0,-6.0,1610612760.0,21601015,True
4,PT04M50.00S,04:50,Q4 04:50,4.833333333333333,507,3pt,Powell 28' 3PT Jump Shot (7 PTS) (Wright 1 AST),[],Powell,82,111,Made,True,True,1626181.0,1626153.0,3pt made,foul,,,,1626153|1626181|1627734|1627783|1627832|202683|203512|203518|203902|203926,1626153|1626181|1627783|1627832|203512,1627734|202683|203518|203902|203926,161.0,223.0,1610612761.0,21601015,True
4,PT04M38.00S,04:38,Q4 04:38,4.633333333333333,508,foul,Powell P.FOUL (P3.T4) (M.Davis),[],Powell,0,0,,False,False,1626181.0,,3pt made,3pt made,203518.0,,,1626153|1626181|1627734|1627783|1627832|202683|203512|203518|203902|203926,1626153|1626181|1627783|1627832|203512,1627734|202683|203518|203902|203926,,,1610612761.0,21601015,True
4,PT04M30.00S,04:30,Q4 04:30,4.5,509,3pt,Abrines 26' 3PT Jump Shot (5 PTS) (Sabonis 2 AST),[],Abrines,82,114,Made,True,True,203518.0,1627734.0,foul,foul,,,,1626153|1626181|1627734|1627783|1627832|202683|203512|203518|203902|203926,1627734|202683|203518|203902|203926,1626153|1626181|1627783|1627832|203512,138.0,223.0,1610612760.0,21601015,True
4,PT04M21.00S,04:21,Q4 04:21,4.35,510,foul,Sabonis P.FOUL (P5.T4) (M.Davis),[],Sabonis,0,0,,False,False,1627734.0,,3pt made,substitution,1626181.0,,,1626153|1626181|1627734|1627783|1627832|202683|203512|203518|203902|203926,1627734|202683|203518|203902|203926,1626153|1626181|1627783|1627832|203512,,,1610612760.0,21601015,True
4,PT04M21.00S,04:21,Q4 04:21,4.35,511,substitution,SUB out: E. Freedom,[],Freedom,0,0,,False,False,202683.0,,foul,substitution,,,,1626153|1626181|1627734|1627783|1627832|203512|203518|203902|203926,1627734|203518|203902|203926,1626153|1626181|1627783|1627832|203512,,,1610612760.0,21601015,False
4,PT04M21.00S,04:21,Q4 04:21,4.35,512,substitution,SUB in: J. Grant,[],Grant,0,0,,False,False,203924.0,,substitution,2pt made,,,,1626153|1626181|1627734|1627783|1627832|203512|203518|203902|203924|203926,1627734|203518|203902|203924|203926,1626153|1626181|1627783|1627832|203512,,,1610612760.0,21601015,True
4,PT04M13.00S,04:13,Q4 04:13,4.216666666666667,512,2pt,Powell 3' Driving Layup (9 PTS),['pointsinthepaint'],Powell,84,114,Made,True,False,1626181.0,,substitution,3pt missed,,,,1626153|1626181|1627734|1627783|1627832|203512|203518|203902|203924|203926,1626153|1626181|1627783|1627832|203512,1627734|203518|203902|203924|203926,-30.0,18.0,1610612761.0,21601015,True
4,PT04M03.00S,04:03,Q4 04:03,4.05,513,3pt,MISS Abrines  3PT Jump Shot,[],Abrines,0,0,Missed,True,False,203518.0,,2pt made,rebound,,,,1626153|1626181|1627734|1627783|1627832|203512|203518|203902|203924|203926,1627734|203518|203902|203924|203926,1626153|1626181|1627783|1627832|203512,-233.0,-1.0,1610612760.0,21601015,True
4,PT04M02.00S,04:02,Q4 04:02,4.033333333333333,514,rebound,Wright REBOUND (Off:0 Def:2),[],Wright,0,0,,False,False,1626153.0,,3pt missed,2pt made,,,,1626153|1626181|1627734|1627783|1627832|203512|203518|203902|203924|203926,1626153|1626181|1627783|1627832|203512,1627734|203518|203902|203924|203926,,,1610612761.0,21601015,True
4,PT03M41.00S,03:41,Q4 03:41,3.6833333333333336,515,2pt,Siakam 4' Driving Floating Jump Shot (2 PTS),['pointsinthepaint'],Siakam,86,114,Made,True,False,1627783.0,,rebound,2pt missed,,,,1626153|1626181|1627734|1627783|1627832|203512|203518|203902|203924|203926,1626153|1626181|1627783|1627832|203512,1627734|203518|203902|203924|203926,-12.0,36.0,1610612761.0,21601015,True
4,PT03M28.00S,03:28,Q4 03:28,3.466666666666667,516,2pt,MISS McDermott 4' Driving Layup,['pointsinthepaint'],McDermott,0,0,Missed,True,False,203926.0,,2pt made,block,,,,1626153|1626181|1627734|1627783|1627832|203512|203518|203902|203924|203926,1627734|203518|203902|203924|203926,1626153|1626181|1627783|1627832|203512,19.0,38.0,1610612760.0,21601015,True
4,PT03M28.00S,03:28,Q4 03:28,3.466666666666667,516,block,Siakam BLOCK (1 BLK),[],Siakam,0,0,,False,False,1627783.0,,2pt missed,rebound,,,1627783.0,1626153|1626181|1627734|1627783|1627832|203512|203518|203902|203924|203926,1626153|1626181|1627783|1627832|203512,1627734|203518|203902|203924|203926,,,1610612761.0,21601015,True
4,PT03M27.00S,03:27,Q4 03:27,3.45,517,rebound,VanVleet REBOUND (Off:0 Def:1),[],VanVleet,0,0,,False,False,1627832.0,,block,3pt made,,,,1626153|1626181|1627734|1627783|1627832|203512|203518|203902|203924|203926,1626153|1626181|1627783|1627832|203512,1627734|203518|203902|203924|203926,,,1610612761.0,21601015,True
4,PT03M15.00S,03:15,Q4 03:15,3.25,518,3pt,Siakam 25' 3PT Jump Shot (5 PTS) (VanVleet 2 AST),[],Siakam,89,114,Made,True,True,1627783.0,1627832.0,rebound,3pt missed,,,,1626153|1626181|1627734|1627783|1627832|203512|203518|203902|203924|203926,1626153|1626181|1627783|1627832|203512,1627734|203518|203902|203924|203926,-71.0,242.0,1610612761.0,21601015,True
4,PT02M52.00S,02:52,Q4 02:52,2.8666666666666667,519,3pt,MISS McDermott 24' 3PT Jump Shot,[],McDermott,0,0,Missed,True,False,203926.0,,3pt made,rebound,,,,1626153|1626181|1627734|1627783|1627832|203512|203518|203902|203924|203926,1627734|203518|203902|203924|203926,1626153|1626181|1627783|1627832|203512,-237.0,-5.0,1610612760.0,21601015,True
4,PT02M52.00S,02:52,Q4 02:52,2.8666666666666667,520,rebound,Powell REBOUND (Off:1 Def:3),[],Powell,0,0,,False,False,1626181.0,,3pt missed,2pt made,,,,1626153|1626181|1627734|1627783|1627832|203512|203518|203902|203924|203926,1626153|1626181|1627783|1627832|203512,1627734|203518|203902|203924|203926,,,1610612761.0,21601015,True
4,PT02M46.00S,02:46,Q4 02:46,2.7666666666666666,521,2pt,Powell 4' Running Finger Roll Layup (11 PTS),['pointsinthepaint'],Powell,91,114,Made,True,False,1626181.0,,rebound,timeout,,,,1626153|1626181|1627734|1627783|1627832|203512|203518|203902|203924|203926,1626153|1626181|1627783|1627832|203512,1627734|203518|203902|203924|203926,27.0,33.0,1610612761.0,21601015,True
4,PT02M45.00S,02:45,Q4 02:45,2.75,522,timeout,Thunder Timeout: Short (Reg.4 Short 2),[],,0,0,,False,False,0.0,,2pt made,timeout,,,,1626153|1626181|1627734|1627783|1627832|203512|203518|203902|203924|203926,1627734|203518|203902|203924|203926,1626153|1626181|1627783|1627832|203512,,,1610612760.0,21601015,True
4,PT02M45.00S,02:45,Q4 02:45,2.75,523,timeout,RAPTORS Timeout: Regular (Full 4 Short 1),[],,0,0,,False,False,0.0,,timeout,substitution,,,,1626153|1626181|1627734|1627783|1627832|203512|203518|203902|203924|203926,1626153|1626181|1627783|1627832|203512,1627734|203518|203902|203924|203926,,,1610612761.0,21601015,True
4,PT02M45.00S,02:45,Q4 02:45,2.75,525,substitution,SUB out: D. McDermott,[],McDermott,0,0,,False,False,203926.0,,timeout,substitution,,,,1626153|1626181|1627734|1627783|1627832|203512|203518|203902|203924,1627734|203518|203902|203924,1626153|1626181|1627783|1627832|203512,,,1610612760.0,21601015,False
4,PT02M45.00S,02:45,Q4 02:45,2.75,526,substitution,SUB in: N. Cole,[],Cole,0,0,,False,False,202708.0,,substitution,turnover,,,,1626153|1626181|1627734|1627783|1627832|202708|203512|203518|203902|203924,1627734|202708|203518|203902|203924,1626153|1626181|1627783|1627832|203512,,,1610612760.0,21601015,True
4,PT02M39.00S,02:39,Q4 02:39,2.65,528,turnover,Grant Out of Bounds - Bad Pass Turnover Turnover (P2.T16),[],Grant,0,0,,False,False,203924.0,,substitution,turnover,,,,1626153|1626181|1627734|1627783|1627832|202708|203512|203518|203902|203924,1627734|202708|203518|203902|203924,1626153|1626181|1627783|1627832|203512,,,1610612760.0,21601015,True
4,PT02M24.00S,02:24,Q4 02:24,2.4,529,turnover,VanVleet Bad Pass Turnover (P1.T14),[],VanVleet,0,0,,False,False,1627832.0,,turnover,steal,,,,1626153|1626181|1627734|1627783|1627832|202708|203512|203518|203902|203924,1626153|1626181|1627783|1627832|203512,1627734|202708|203518|203902|203924,,,1610612761.0,21601015,True
4,PT02M24.00S,02:24,Q4 02:24,2.4,529,steal,Abrines STEAL (2 STL),[],Abrines,0,0,,False,False,203518.0,,turnover,2pt made,,203518.0,,1626153|1626181|1627734|1627783|1627832|202708|203512|203518|203902|203924,1627734|202708|203518|203902|203924,1626153|1626181|1627783|1627832|203512,,,1610612760.0,21601015,True
4,PT02M08.00S,02:08,Q4 02:08,2.1333333333333333,530,2pt,Sabonis 20' Jump Shot (8 PTS) (Abrines 2 AST),[],Sabonis,91,116,Made,True,True,1627734.0,203518.0,steal,foul,,,,1626153|1626181|1627734|1627783|1627832|202708|203512|203518|203902|203924,1627734|202708|203518|203902|203924,1626153|1626181|1627783|1627832|203512,-166.0,105.0,1610612760.0,21601015,True
4,PT01M57.00S,01:57,Q4 01:57,1.95,531,foul,Sabonis P.FOUL (P6.PN) (M.Ervin),['inpenalty'],Sabonis,0,0,,False,False,1627734.0,,2pt made,freethrow,1626153.0,,,1626153|1626181|1627734|1627783|1627832|202708|203512|203518|203902|203924,1627734|202708|203518|203902|203924,1626153|1626181|1627783|1627832|203512,,,1610612760.0,21601015,True
4,PT01M57.00S,01:57,Q4 01:57,1.95,533,freethrow,Wright Free Throw 1 of 2 (9 PTS),[],Wright,92,116,Made,False,False,1626153.0,,foul,freethrow,,,,1626153|1626181|1627734|1627783|1627832|202708|203512|203518|203902|203924,1626153|1626181|1627783|1627832|203512,1627734|202708|203518|203902|203924,,,1610612761.0,21601015,True
4,PT01M57.00S,01:57,Q4 01:57,1.95,535,freethrow,Wright Free Throw 2 of 2 (10 PTS),[],Wright,93,116,Made,False,False,1626153.0,,freethrow,substitution,,,,1626153|1626181|1627734|1627783|1627832|202708|203512|203518|203902|203924,1626153|1626181|1627783|1627832|203512,1627734|202708|203518|203902|203924,,,1610612761.0,21601015,True
4,PT01M57.00S,01:57,Q4 01:57,1.95,532,substitution,SUB out: D. Sabonis,[],Sabonis,0,0,,False,False,1627734.0,,freethrow,substitution,,,,1626153|1626181|1627783|1627832|202708|203512|203518|203902|203924,202708|203518|203902|203924,1626153|1626181|1627783|1627832|203512,,,1610612760.0,21601015,False
4,PT01M57.00S,01:57,Q4 01:57,1.95,533,substitution,SUB in: D. McDermott,[],McDermott,0,0,,False,False,203926.0,,substitution,turnover,,,,1626153|1626181|1627783|1627832|202708|203512|203518|203902|203924|203926,202708|203518|203902|203924|203926,1626153|1626181|1627783|1627832|203512,,,1610612760.0,21601015,True
4,PT01M44.00S,01:44,Q4 01:44,1.7333333333333334,537,turnover,Cole Bad Pass Turnover (P1.T17),[],Cole,0,0,,False,False,202708.0,,substitution,steal,,,,1626153|1626181|1627783|1627832|202708|203512|203518|203902|203924|203926,202708|203518|203902|203924|203926,1626153|1626181|1627783|1627832|203512,,,1610612760.0,21601015,True
4,PT01M44.00S,01:44,Q4 01:44,1.7333333333333334,537,steal,VanVleet STEAL (2 STL),[],VanVleet,0,0,,False,False,1627832.0,,turnover,2pt made,,1627832.0,,1626153|1626181|1627783|1627832|202708|203512|203518|203902|203924|203926,1626153|1626181|1627783|1627832|203512,202708|203518|203902|203924|203926,,,1610612761.0,21601015,True
4,PT01M33.00S,01:33,Q4 01:33,1.55,538,2pt,Siakam 5' Turnaround Hook Shot (7 PTS),['pointsinthepaint'],Siakam,95,116,Made,True,False,1627783.0,,steal,turnover,,,,1626153|1626181|1627783|1627832|202708|203512|203518|203902|203924|203926,1626153|1626181|1627783|1627832|203512,202708|203518|203902|203924|203926,17.0,46.0,1610612761.0,21601015,True
4,PT01M24.00S,01:24,Q4 01:24,1.4,539,turnover,Cole Bad Pass Turnover (P2.T18),[],Cole,0,0,,False,False,202708.0,,2pt made,steal,,,,1626153|1626181|1627783|1627832|202708|203512|203518|203902|203924|203926,202708|203518|203902|203924|203926,1626153|1626181|1627783|1627832|203512,,,1610612760.0,21601015,True
4,PT01M24.00S,01:24,Q4 01:24,1.4,539,steal,Nogueira STEAL (1 STL),[],Nogueira,0,0,,False,False,203512.0,,turnover,2pt made,,203512.0,,1626153|1626181|1627783|1627832|202708|203512|203518|203902|203924|203926,1626153|1626181|1627783|1627832|203512,202708|203518|203902|203924|203926,,,1610612761.0,21601015,True
4,PT01M21.00S,01:21,Q4 01:21,1.35,540,2pt,VanVleet 3' Running Layup (2 PTS),['pointsinthepaint'],VanVleet,97,116,Made,True,False,1627832.0,,steal,2pt missed,,,,1626153|1626181|1627783|1627832|202708|203512|203518|203902|203924|203926,1626153|1626181|1627783|1627832|203512,202708|203518|203902|203924|203926,-19.0,23.0,1610612761.0,21601015,True
4,PT01M06.00S,01:06,Q4 01:06,1.1,541,2pt,MISS Cole 2' Driving Layup,['pointsinthepaint'],Cole,0,0,Missed,True,False,202708.0,,2pt made,block,,,,1626153|1626181|1627783|1627832|202708|203512|203518|203902|203924|203926,202708|203518|203902|203924|203926,1626153|1626181|1627783|1627832|203512,-22.0,7.0,1610612760.0,21601015,True
4,PT01M06.00S,01:06,Q4 01:06,1.1,541,block,Nogueira BLOCK (1 BLK),[],Nogueira,0,0,,False,False,203512.0,,2pt missed,rebound,,,203512.0,1626153|1626181|1627783|1627832|202708|203512|203518|203902|203924|203926,1626153|1626181|1627783|1627832|203512,202708|203518|203902|203924|203926,,,1610612761.0,21601015,True
4,PT01M06.00S,01:06,Q4 01:06,1.1,542,rebound,TEAM offensive REBOUND,['team'],,0,0,,False,False,0.0,,block,2pt made,,,,1626153|1626181|1627783|1627832|202708|203512|203518|203902|203924|203926,202708|203518|203902|203924|203926,1626153|1626181|1627783|1627832|203512,,,1610612760.0,21601015,True
4,PT01M03.00S,01:03,Q4 01:03,1.05,543,2pt,Grant 20' Jump Shot (5 PTS) (Cole 1 AST),['2ndchance'],Grant,97,118,Made,True,True,203924.0,202708.0,rebound,2pt missed,,,,1626153|1626181|1627783|1627832|202708|203512|203518|203902|203924|203926,202708|203518|203902|203924|203926,1626153|1626181|1627783|1627832|203512,-106.0,169.0,1610612760.0,21601015,True
4,PT00M53.90S,00:53,Q4 00:53,0.8983333333333333,544,2pt,MISS Wright 2' Driving Reverse Layup,['pointsinthepaint'],Wright,0,0,Missed,True,False,1626153.0,,2pt made,rebound,,,,1626153|1626181|1627783|1627832|202708|203512|203518|203902|203924|203926,1626153|1626181|1627783|1627832|203512,202708|203518|203902|203924|203926,-16.0,-1.0,1610612761.0,21601015,True
4,PT00M53.80S,00:53,Q4 00:53,0.8966666666666666,545,rebound,McDermott REBOUND (Off:0 Def:2),[],McDermott,0,0,,False,False,203926.0,,2pt missed,2pt made,,,,1626153|1626181|1627783|1627832|202708|203512|203518|203902|203924|203926,202708|203518|203902|203924|203926,1626153|1626181|1627783|1627832|203512,,,1610612760.0,21601015,True
4,PT00M41.40S,00:41,Q4 00:41,0.69,546,2pt,Abrines 2' Driving Layup (7 PTS) (McDermott 1 AST),['pointsinthepaint'],Abrines,97,120,Made,True,True,203518.0,203926.0,rebound,2pt made,,,,1626153|1626181|1627783|1627832|202708|203512|203518|203902|203924|203926,202708|203518|203902|203924|203926,1626153|1626181|1627783|1627832|203512,-16.0,3.0,1610612760.0,21601015,True
4,PT00M33.70S,00:33,Q4 00:33,0.5616666666666668,548,2pt,Powell  Driving Dunk (13 PTS),['pointsinthepaint'],Powell,99,120,Made,True,False,1626181.0,,2pt made,3pt made,,,,1626153|1626181|1627783|1627832|202708|203512|203518|203902|203924|203926,1626153|1626181|1627783|1627832|203512,202708|203518|203902|203924|203926,0.0,1.0,1610612761.0,21601015,True
4,PT00M11.70S,00:11,Q4 00:11,0.19499999999999998,549,3pt,Abrines 26' 3PT Jump Shot (10 PTS) (Cole 2 AST),[],Abrines,99,123,Made,True,True,203518.0,202708.0,2pt made,3pt made,,,,1626153|1626181|1627783|1627832|202708|203512|203518|203902|203924|203926,202708|203518|203902|203924|203926,1626153|1626181|1627783|1627832|203512,-207.0,165.0,1610612760.0,21601015,True
4,PT00M03.10S,00:03,Q4 00:03,0.051666666666666666,550,3pt,VanVleet 35' 3PT Pullup Jump Shot (5 PTS),[],VanVleet,102,123,Made,True,False,1627832.0,,3pt made,period,,,,1626153|1626181|1627783|1627832|202708|203512|203518|203902|203924|203926,1626153|1626181|1627783|1627832|203512,202708|203518|203902|203924|203926,145.0,316.0,1610612761.0,21601015,True
4,PT00M00.00S,00:00,Q4 00:00,0.0,551,period,End of 4th Period (9:21 PM EST),[],,102,123,,False,False,0.0,,3pt made,,,,,1626153|1626181|1627783|1627832|202708|203512|203518|203902|203924|203926,1626153|1626181|1627783|1627832|203512,202708|203518|203902|203924|203926,,,1610612761.0,21601015,True
