period,clock,clock_display,game_clock,minutes_left_in_game,actionNumber,actionType,description,qualifier,playerName,scoreHome,scoreAway,shotResult,isFieldGoal,assisted,person_id,assister_id,previous_action,next_action,foulDrawnPersonId,stealPersonId,blockPersonId,players_on,off_players_on,def_players_on,xLegacy,yLegacy,teamId,game_id,poc_ok
1,PT12M00.00S,12:00,Q1 12:00,48.0,0,period,Start of 1st Period (7:11 PM EST),[],,0,0,,False,False,0.0,,,2pt made,,,,101162|202322|202693|203078|203089|203490|203503|203507|203521|203953,101162|202322|202693|203078|203490,203089|203503|203507|203521|203953,,,1610612764.0,21600346,True
1,PT11M45.00S,11:45,Q1 11:45,47.75,2,2pt,Wall 3' Driving Layup (2 PTS),['pointsinthepaint'],Wall,2,0,Made,True,False,202322.0,,period,2pt made,,,,101162|202322|202693|203078|203089|203490|203503|203507|203521|203953,101162|202322|202693|203078|203490,203089|203503|203507|203521|203953,-6.0,26.0,1610612764.0,21600346,True
1,PT11M27.00S,11:27,Q1 11:27,47.45,3,2pt,Henson 7' Jump Shot (2 PTS) (Snell 1 AST),['pointsinthepaint'],Henson,2,2,Made,True,True,203089.0,203503.0,2pt made,2pt missed,,,,101162|202322|202693|203078|203089|203490|203503|203507|203521|203953,203089|203503|203507|203521|203953,101162|202322|202693|203078|203490,10.0,65.0,1610612749.0,21600346,True
1,PT11M14.00S,11:14,Q1 11:14,47.233333333333334,5,2pt,MISS Mark Morris 10' Jump Shot,[],Morris,0,0,Missed,True,False,202693.0,,2pt made,block,,,,101162|202322|202693|203078|203089|203490|203503|203507|203521|203953,101162|202322|202693|203078|203490,203089|203503|203507|203521|203953,96.0,31.0,1610612764.0,21600346,True
1,PT11M14.00S,11:14,Q1 11:14,47.233333333333334,5,block,Henson BLOCK (1 BLK),[],Henson,0,0,,False,False,203089.0,,2pt missed,rebound,,,203089.0,101162|202322|202693|203078|203089|203490|203503|203507|203521|203953,203089|203503|203507|203521|203953,101162|202322|202693|203078|203490,,,1610612749.0,21600346,True
1,PT11M13.00S,11:13,Q1 11:13,47.21666666666667,6,rebound,Snell REBOUND (Off:0 Def:1),[],Snell,0,0,,False,False,203503.0,,block,3pt missed,,,,101162|202322|202693|203078|203089|203490|203503|203507|203521|203953,203089|203503|203507|203521|203953,101162|202322|202693|203078|203490,,,1610612749.0,21600346,True
1,PT11M06.00S,11:06,Q1 11:06,47.1,7,3pt,MISS Dellavedova 24' 3PT Jump Shot,[],Dellavedova,0,0,Missed,True,False,203521.0,,rebound,rebound,,,,101162|202322|202693|203078|203089|203490|203503|203507|203521|203953,203089|203503|203507|203521|203953,101162|202322|202693|203078|203490,233.0,47.0,1610612749.0,21600346,True
1,PT11M04.00S,11:04,Q1 11:04,47.06666666666666,8,rebound,Mark Morris REBOUND (Off:0 Def:1),[],Morris,0,0,,False,False,202693.0,,3pt missed,2pt missed,,,,101162|202322|202693|203078|203089|203490|203503|203507|203521|203953,101162|202322|202693|203078|203490,203089|203503|203507|203521|203953,,,1610612764.0,21600346,True
1,PT10M58.00S,10:58,Q1 10:58,46.96666666666667,9,2pt,MISS Porter Jr. 2' Layup,['pointsinthepaint'],Porter Jr.,0,0,Missed,True,False,203490.0,,rebound,rebound,,,,101162|202322|202693|203078|203089|203490|203503|203507|203521|203953,101162|202322|202693|203078|203490,203089|203503|203507|203521|203953,12.0,16.0,1610612764.0,21600346,True
1,PT10M57.00S,10:57,Q1 10:57,46.95,10,rebound,Gortat REBOUND (Off:1 Def:0),[],Gortat,0,0,,False,False,101162.0,,2pt missed,2pt missed,,,,101162|202322|202693|203078|203089|203490|203503|203507|203521|203953,101162|202322|202693|203078|203490,203089|203503|203507|203521|203953,,,1610612764.0,21600346,True
1,PT10M55.00S,10:55,Q1 10:55,46.916666666666664,11,2pt,MISS Gortat 3' Jump Shot,['pointsinthepaint'],Gortat,0,0,Missed,True,False,101162.0,,rebound,rebound,,,,101162|202322|202693|203078|203089|203490|203503|203507|203521|203953,101162|202322|202693|203078|203490,203089|203503|203507|203521|203953,1.0,31.0,1610612764.0,21600346,True
1,PT10M54.00S,10:54,Q1 10:54,46.9,12,rebound,Gortat REBOUND (Off:2 Def:0),[],Gortat,0,0,,False,False,101162.0,,2pt missed,2pt missed,,,,101162|202322|202693|203078|203089|203490|203503|203507|203521|203953,101162|202322|202693|203078|203490,203089|203503|203507|203521|203953,,,1610612764.0,21600346,True
1,PT10M53.00S,10:53,Q1 10:53,46.88333333333333,13,2pt,MISS Gortat 2' Layup,['pointsinthepaint'],Gortat,0,0,Missed,True,False,101162.0,,rebound,rebound,,,,101162|202322|202693|203078|203089|203490|203503|203507|203521|203953,101162|202322|202693|203078|203490,203089|203503|203507|203521|203953,0.0,21.0,1610612764.0,21600346,True
1,PT10M52.00S,10:52,Q1 10:52,46.86666666666667,14,rebound,Porter Jr. REBOUND (Off:1 Def:0),[],Porter Jr.,0,0,,False,False,203490.0,,2pt missed,3pt missed,,,,101162|202322|202693|203078|203089|203490|203503|203507|203521|203953,101162|202322|202693|203078|203490,203089|203503|203507|203521|203953,,,1610612764.0,21600346,True
1,PT10M51.00S,10:51,Q1 10:51,46.85,15,3pt,MISS Wall  3PT Jump Shot,[],Wall,0,0,Missed,True,False,202322.0,,rebound,rebound,,,,101162|202322|202693|203078|203089|203490|203503|203507|203521|203953,101162|202322|202693|203078|203490,203089|203503|203507|203521|203953,-223.0,28.0,1610612764.0,21600346,True
1,PT10M50.00S,10:50,Q1 10:50,46.833333333333336,16,rebound,Snell REBOUND (Off:0 Def:2),[],Snell,0,0,,False,False,203503.0,,3pt missed,2pt made,,,,101162|202322|202693|203078|203089|203490|203503|203507|203521|203953,203089|203503|203507|203521|203953,101162|202322|202693|203078|203490,,,1610612749.0,21600346,True
1,PT10M40.00S,10:40,Q1 10:40,46.666666666666664,18,2pt,Antetokounmpo 1' Driving Layup (2 PTS),['pointsinthepaint'],Antetokounmpo,2,4,Made,True,False,203507.0,,rebound,2pt missed,,,,101162|202322|202693|203078|203089|203490|203503|203507|203521|203953,203089|203503|203507|203521|203953,101162|202322|202693|203078|203490,9.0,11.0,1610612749.0,21600346,True
1,PT10M29.00S,10:29,Q1 10:29,46.483333333333334,19,2pt,MISS Beal 14' Jump Shot,[],Beal,0,0,Missed,True,False,203078.0,,2pt made,rebound,,,,101162|202322|202693|203078|203089|203490|203503|203507|203521|203953,101162|202322|202693|203078|203490,203089|203503|203507|203521|203953,107.0,97.0,1610612764.0,21600346,True
1,PT10M28.00S,10:28,Q1 10:28,46.46666666666667,20,rebound,Henson REBOUND (Off:0 Def:1),[],Henson,0,0,,False,False,203089.0,,2pt missed,2pt missed,,,,101162|202322|202693|203078|203089|203490|203503|203507|203521|203953,203089|203503|203507|203521|203953,101162|202322|202693|203078|203490,,,1610612749.0,21600346,True
1,PT10M18.00S,10:18,Q1 10:18,46.3,21,2pt,MISS Antetokounmpo 19' Jump Shot,[],Antetokounmpo,0,0,Missed,True,False,203507.0,,rebound,rebound,,,,101162|202322|202693|203078|203089|203490|203503|203507|203521|203953,203089|203503|203507|203521|203953,101162|202322|202693|203078|203490,84.0,174.0,1610612749.0,21600346,True
1,PT10M18.00S,10:18,Q1 10:18,46.3,22,rebound,Gortat REBOUND (Off:2 Def:1),[],Gortat,0,0,,False,False,101162.0,,2pt missed,turnover,,,,101162|202322|202693|203078|203089|203490|203503|203507|203521|203953,101162|202322|202693|203078|203490,203089|203503|203507|203521|203953,,,1610612764.0,21600346,True
1,PT10M06.00S,10:06,Q1 10:06,46.1,24,turnover,Wall Out of Bounds - Bad Pass Turnover Turnover (P1.T1),[],Wall,0,0,,False,False,202322.0,,rebound,turnover,,,,101162|202322|202693|203078|203089|203490|203503|203507|203521|203953,101162|202322|202693|203078|203490,203089|203503|203507|203521|203953,,,1610612764.0,21600346,True
1,PT09M49.00S,09:49,Q1 09:49,45.81666666666666,25,turnover,Henson Bad Pass Turnover (P1.T1),[],Henson,0,0,,False,False,203089.0,,turnover,steal,,,,101162|202322|202693|203078|203089|203490|203503|203507|203521|203953,203089|203503|203507|203521|203953,101162|202322|202693|203078|203490,,,1610612749.0,21600346,True
1,PT09M49.00S,09:49,Q1 09:49,45.81666666666666,25,steal,Mark Morris STEAL (1 STL),[],Morris,0,0,,False,False,202693.0,,turnover,2pt made,,202693.0,,101162|202322|202693|203078|203089|203490|203503|203507|203521|203953,101162|202322|202693|203078|203490,203089|203503|203507|203521|203953,,,1610612764.0,21600346,True
1,PT09M34.00S,09:34,Q1 09:34,45.56666666666666,26,2pt,Mark Morris 8' Pullup Jump Shot (2 PTS) (Wall 1 AST),['pointsinthepaint'],Morris,4,4,Made,True,True,202693.0,202322.0,steal,turnover,,,,101162|202322|202693|203078|203089|203490|203503|203507|203521|203953,101162|202322|202693|203078|203490,203089|203503|203507|203521|203953,37.0,75.0,1610612764.0,21600346,True
1,PT09M13.00S,09:13,Q1 09:13,45.21666666666667,28,turnover,Antetokounmpo Out of Bounds - Bad Pass Turnover Turnover (P1.T2),[],Antetokounmpo,0,0,,False,False,203507.0,,2pt made,2pt missed,,,,101162|202322|202693|203078|203089|203490|203503|203507|203521|203953,203089|203503|203507|203521|203953,101162|202322|202693|203078|203490,,,1610612749.0,21600346,True
1,PT09M03.00S,09:03,Q1 09:03,45.05,29,2pt,MISS Mark Morris 17' Jump Shot,[],Morris,0,0,Missed,True,False,202693.0,,turnover,rebound,,,,101162|202322|202693|203078|203089|203490|203503|203507|203521|203953,101162|202322|202693|203078|203490,203089|203503|203507|203521|203953,87.0,149.0,1610612764.0,21600346,True
1,PT09M00.00S,09:00,Q1 09:00,45.0,30,rebound,Antetokounmpo REBOUND (Off:0 Def:1),[],Antetokounmpo,0,0,,False,False,203507.0,,2pt missed,2pt missed,,,,101162|202322|202693|203078|203089|203490|203503|203507|203521|203953,203089|203503|203507|203521|203953,101162|202322|202693|203078|203490,,,1610612749.0,21600346,True
1,PT08M43.00S,08:43,Q1 08:43,44.71666666666667,31,2pt,MISS Parker 18' Jump Shot,[],Parker,0,0,Missed,True,False,203953.0,,rebound,rebound,,,,101162|202322|202693|203078|203089|203490|203503|203507|203521|203953,203089|203503|203507|203521|203953,101162|202322|202693|203078|203490,-117.0,134.0,1610612749.0,21600346,True
1,PT08M42.00S,08:42,Q1 08:42,44.7,32,rebound,Gortat REBOUND (Off:2 Def:2),[],Gortat,0,0,,False,False,101162.0,,2pt missed,2pt made,,,,101162|202322|202693|203078|203089|203490|203503|203507|203521|203953,101162|202322|202693|203078|203490,203089|203503|203507|203521|203953,,,1610612764.0,21600346,True
1,PT08M38.00S,08:38,Q1 08:38,44.63333333333333,33,2pt,Beal 2' Running Finger Roll Layup (2 PTS) (Wall 2 AST),['pointsinthepaint'],Beal,6,4,Made,True,True,203078.0,202322.0,rebound,foul,,,,101162|202322|202693|203078|203089|203490|203503|203507|203521|203953,101162|202322|202693|203078|203490,203089|203503|203507|203521|203953,20.0,-1.0,1610612764.0,21600346,True
1,PT08M27.00S,08:27,Q1 08:27,44.45,35,foul,Wall P.FOUL (P1.T1) (D.Collins),[],Wall,0,0,,False,False,202322.0,,2pt made,2pt made,203953.0,,,101162|202322|202693|203078|203089|203490|203503|203507|203521|203953,101162|202322|202693|203078|203490,203089|203503|203507|203521|203953,,,1610612764.0,21600346,True
1,PT08M20.00S,08:20,Q1 08:20,44.333333333333336,36,2pt,Parker 1' Reverse Layup (2 PTS) (Dellavedova 1 AST),['pointsinthepaint'],Parker,6,6,Made,True,True,203953.0,203521.0,foul,2pt made,,,,101162|202322|202693|203078|203089|203490|203503|203507|203521|203953,203089|203503|203507|203521|203953,101162|202322|202693|203078|203490,4.0,11.0,1610612749.0,21600346,True
1,PT08M13.00S,08:13,Q1 08:13,44.21666666666667,37,2pt,Gortat  Cutting Layup Shot (2 PTS) (Wall 3 AST),['pointsinthepaint'],Gortat,8,6,Made,True,True,101162.0,202322.0,2pt made,2pt missed,,,,101162|202322|202693|203078|203089|203490|203503|203507|203521|203953,101162|202322|202693|203078|203490,203089|203503|203507|203521|203953,-4.0,-1.0,1610612764.0,21600346,True
1,PT07M58.00S,07:58,Q1 07:58,43.96666666666667,39,2pt,MISS Snell 21' Jump Shot,[],Snell,0,0,Missed,True,False,203503.0,,2pt made,rebound,,,,101162|202322|202693|203078|203089|203490|203503|203507|203521|203953,203089|203503|203507|203521|203953,101162|202322|202693|203078|203490,161.0,131.0,1610612749.0,21600346,True
1,PT07M57.00S,07:57,Q1 07:57,43.95,40,rebound,Mark Morris REBOUND (Off:0 Def:2),[],Morris,0,0,,False,False,202693.0,,2pt missed,2pt missed,,,,101162|202322|202693|203078|203089|203490|203503|203507|203521|203953,101162|202322|202693|203078|203490,203089|203503|203507|203521|203953,,,1610612764.0,21600346,True
1,PT07M49.00S,07:49,Q1 07:49,43.81666666666666,41,2pt,MISS Wall 17' Jump Shot,[],Wall,0,0,Missed,True,False,202322.0,,rebound,rebound,,,,101162|202322|202693|203078|203089|203490|203503|203507|203521|203953,101162|202322|202693|203078|203490,203089|203503|203507|203521|203953,40.0,165.0,1610612764.0,21600346,True
1,PT07M48.00S,07:48,Q1 07:48,43.8,42,rebound,Gortat REBOUND (Off:3 Def:2),[],Gortat,0,0,,False,False,101162.0,,2pt missed,2pt made,,,,101162|202322|202693|203078|203089|203490|203503|203507|203521|203953,101162|202322|202693|203078|203490,203089|203503|203507|203521|203953,,,1610612764.0,21600346,True
1,PT07M43.00S,07:43,Q1 07:43,43.71666666666667,43,2pt,Mark Morris 2' Reverse Layup (4 PTS) (Wall 4 AST),['pointsinthepaint'],Morris,10,6,Made,True,True,202693.0,202322.0,rebound,2pt made,,,,101162|202322|202693|203078|203089|203490|203503|203507|203521|203953,101162|202322|202693|203078|203490,203089|203503|203507|203521|203953,-12.0,16.0,1610612764.0,21600346,True
1,PT07M21.00S,07:21,Q1 07:21,43.35,45,2pt,Henson 8' Turnaround Hook Shot (4 PTS) (Dellavedova 2 AST),['pointsinthepaint'],Henson,10,8,Made,True,True,203089.0,203521.0,2pt made,2pt made,,,,101162|202322|202693|203078|203089|203490|203503|203507|203521|203953,203089|203503|203507|203521|203953,101162|202322|202693|203078|203490,-53.0,62.0,1610612749.0,21600346,True
1,PT07M06.00S,07:06,Q1 07:06,43.1,47,2pt,Beal 17' Step Back Jump Shot (4 PTS),[],Beal,12,8,Made,True,False,203078.0,,2pt made,3pt made,,,,101162|202322|202693|203078|203089|203490|203503|203507|203521|203953,101162|202322|202693|203078|203490,203089|203503|203507|203521|203953,-71.0,149.0,1610612764.0,21600346,True
1,PT06M53.00S,06:53,Q1 06:53,42.88333333333333,48,3pt,Dellavedova  3PT Jump Shot (3 PTS),[],Dellavedova,12,11,Made,True,False,203521.0,,2pt made,instant replay,,,,101162|202322|202693|203078|203089|203490|203503|203507|203521|203953,203089|203503|203507|203521|203953,101162|202322|202693|203078|203490,-230.0,43.0,1610612749.0,21600346,True
1,PT06M26.00S,06:26,Q1 06:26,42.43333333333334,50,2pt,MISS Beal 13' Jump Shot,[],Beal,0,0,Missed,True,False,203078.0,,instant replay,rebound,,,,101162|202322|202693|203078|203089|203490|203503|203507|203521|203953,101162|202322|202693|203078|203490,203089|203503|203507|203521|203953,-129.0,8.0,1610612764.0,21600346,True
1,PT06M26.00S,06:26,Q1 06:26,42.43333333333334,51,rebound,TEAM defensive REBOUND,['team'],,0,0,,False,False,0.0,,2pt missed,foul,,,,101162|202322|202693|203078|203089|203490|203503|203507|203521|203953,203089|203503|203507|203521|203953,101162|202322|202693|203078|203490,,,1610612749.0,21600346,True
1,PT06M26.00S,06:26,Q1 06:26,42.43333333333334,52,foul,Gortat L.B.FOUL (P1.T2) (M.Davis),[],Gortat,0,0,,False,False,101162.0,,rebound,substitution,203521.0,,,101162|202322|202693|203078|203089|203490|203503|203507|203521|203953,101162|202322|202693|203078|203490,203089|203503|203507|203521|203953,,,1610612764.0,21600346,True
1,PT06M26.00S,06:26,Q1 06:26,42.43333333333334,53,substitution,SUB out: J. Parker,[],Parker,0,0,,False,False,203953.0,,foul,substitution,,,,101162|202322|202693|203078|203089|203490|203503|203507|203521,203089|203503|203507|203521,101162|202322|202693|203078|203490,,,1610612749.0,21600346,False
1,PT06M26.00S,06:26,Q1 06:26,42.43333333333334,54,substitution,SUB in: M. Teletovic,[],Teletovic,0,0,,False,False,203141.0,,substitution,3pt missed,,,,101162|202322|202693|203078|203089|203141|203490|203503|203507|203521,203089|203141|203503|203507|203521,101162|202322|202693|203078|203490,,,1610612749.0,21600346,True
1,PT06M17.00S,06:17,Q1 06:17,42.28333333333333,55,3pt,MISS Dellavedova 28' 3PT Jump Shot,[],Dellavedova,0,0,Missed,True,False,203521.0,,substitution,rebound,,,,101162|202322|202693|203078|203089|203141|203490|203503|203507|203521,203089|203141|203503|203507|203521,101162|202322|202693|203078|203490,10.0,277.0,1610612749.0,21600346,True
1,PT06M16.00S,06:16,Q1 06:16,42.266666666666666,56,rebound,Antetokounmpo REBOUND (Off:1 Def:1),[],Antetokounmpo,0,0,,False,False,203507.0,,3pt missed,2pt made,,,,101162|202322|202693|203078|203089|203141|203490|203503|203507|203521,203089|203141|203503|203507|203521,101162|202322|202693|203078|203490,,,1610612749.0,21600346,True
1,PT06M12.00S,06:12,Q1 06:12,42.2,57,2pt,Teletovic 15' Jump Shot (2 PTS) (Antetokounmpo 1 AST),[],Teletovic,12,13,Made,True,True,203141.0,203507.0,rebound,3pt missed,,,,101162|202322|202693|203078|203089|203141|203490|203503|203507|203521,203089|203141|203503|203507|203521,101162|202322|202693|203078|203490,-142.0,31.0,1610612749.0,21600346,True
1,PT05M57.00S,05:57,Q1 05:57,41.95,58,3pt,MISS Wall 28' 3PT Jump Shot,[],Wall,0,0,Missed,True,False,202322.0,,2pt made,rebound,,,,101162|202322|202693|203078|203089|203141|203490|203503|203507|203521,101162|202322|202693|203078|203490,203089|203141|203503|203507|203521,222.0,169.0,1610612764.0,21600346,True
1,PT05M55.00S,05:55,Q1 05:55,41.916666666666664,59,rebound,Snell REBOUND (Off:0 Def:3),[],Snell,0,0,,False,False,203503.0,,3pt missed,3pt made,,,,101162|202322|202693|203078|203089|203141|203490|203503|203507|203521,203089|203141|203503|203507|203521,101162|202322|202693|203078|203490,,,1610612749.0,21600346,True
1,PT05M42.00S,05:42,Q1 05:42,41.7,60,3pt,Teletovic  3PT Jump Shot (5 PTS) (Henson 1 AST),[],Teletovic,12,16,Made,True,True,203141.0,203089.0,rebound,timeout,,,,101162|202322|202693|203078|203089|203141|203490|203503|203507|203521,203089|203141|203503|203507|203521,101162|202322|202693|203078|203490,-232.0,13.0,1610612749.0,21600346,True
1,PT05M36.00S,05:36,Q1 05:36,41.6,62,timeout,WIZARDS Timeout: Regular (Full 1 Short 0),[],,0,0,,False,False,0.0,,3pt made,2pt missed,,,,101162|202322|202693|203078|203089|203141|203490|203503|203507|203521,101162|202322|202693|203078|203490,203089|203141|203503|203507|203521,,,1610612764.0,21600346,True
1,PT05M27.00S,05:27,Q1 05:27,41.45,65,2pt,MISS Beal 1' Layup,['pointsinthepaint'],Beal,0,0,Missed,True,False,203078.0,,timeout,rebound,,,,101162|202322|202693|203078|203089|203141|203490|203503|203507|203521,101162|202322|202693|203078|203490,203089|203141|203503|203507|203521,-9.0,3.0,1610612764.0,21600346,True
1,PT05M26.00S,05:26,Q1 05:26,41.43333333333334,66,rebound,Gortat REBOUND (Off:4 Def:2),[],Gortat,0,0,,False,False,101162.0,,2pt missed,2pt missed,,,,101162|202322|202693|203078|203089|203141|203490|203503|203507|203521,101162|202322|202693|203078|203490,203089|203141|203503|203507|203521,,,1610612764.0,21600346,True
1,PT05M24.00S,05:24,Q1 05:24,41.4,67,2pt,MISS Gortat 1' Layup,['pointsinthepaint'],Gortat,0,0,Missed,True,False,101162.0,,rebound,rebound,,,,101162|202322|202693|203078|203089|203141|203490|203503|203507|203521,101162|202322|202693|203078|203490,203089|203141|203503|203507|203521,-9.0,2.0,1610612764.0,21600346,True
1,PT05M24.00S,05:24,Q1 05:24,41.4,68,rebound,Antetokounmpo REBOUND (Off:1 Def:2),[],Antetokounmpo,0,0,,False,False,203507.0,,2pt missed,2pt made,,,,101162|202322|202693|203078|203089|203141|203490|203503|203507|203521,203089|203141|203503|203507|203521,101162|202322|202693|203078|203490,,,1610612749.0,21600346,True
1,PT05M10.00S,05:10,Q1 05:10,41.166666666666664,69,2pt,Henson 4' Driving Bank Shot (6 PTS) (Snell 2 AST),['pointsinthepaint'],Henson,12,18,Made,True,True,203089.0,203503.0,rebound,2pt made,,,,101162|202322|202693|203078|203089|203141|203490|203503|203507|203521,203089|203141|203503|203507|203521,101162|202322|202693|203078|203490,-27.0,26.0,1610612749.0,21600346,True
1,PT04M52.00S,04:52,Q1 04:52,40.86666666666667,70,2pt,Porter Jr. 17' Jump Shot (2 PTS) (Wall 5 AST),[],Porter Jr.,14,18,Made,True,True,203490.0,202322.0,2pt made,turnover,,,,101162|202322|202693|203078|203089|203141|203490|203503|203507|203521,101162|202322|202693|203078|203490,203089|203141|203503|203507|203521,-130.0,105.0,1610612764.0,21600346,True
1,PT04M33.00S,04:33,Q1 04:33,40.55,72,turnover,Henson Out of Bounds Lost Ball Turnover (P2.T3),[],Henson,0,0,,False,False,203089.0,,2pt made,substitution,,,,101162|202322|202693|203078|203089|203141|203490|203503|203507|203521,203089|203141|203503|203507|203521,101162|202322|202693|203078|203490,,,1610612749.0,21600346,True
1,PT04M33.00S,04:33,Q1 04:33,40.55,73,substitution,SUB out: M. Morris,[],Morris,0,0,,False,False,202693.0,,turnover,substitution,,,,101162|202322|203078|203089|203141|203490|203503|203507|203521,101162|202322|203078|203490,203089|203141|203503|203507|203521,,,1610612764.0,21600346,False
1,PT04M33.00S,04:33,Q1 04:33,40.55,74,substitution,SUB out: M. Dellavedova,[],Dellavedova,0,0,,False,False,203521.0,,substitution,substitution,,,,101162|202322|203078|203089|203141|203490|203503|203507,203089|203141|203503|203507,101162|202322|203078|203490,,,1610612749.0,21600346,False
1,PT04M33.00S,04:33,Q1 04:33,40.55,75,substitution,SUB in: K. Oubre Jr.,[],Oubre Jr.,0,0,,False,False,1626162.0,,substitution,substitution,,,,101162|1626162|202322|203078|203089|203141|203490|203503|203507,101162|1626162|202322|203078|203490,203089|203141|203503|203507,,,1610612764.0,21600346,False
1,PT04M33.00S,04:33,Q1 04:33,40.55,76,substitution,SUB in: M. Brogdon,[],Brogdon,0,0,,False,False,1627763.0,,substitution,2pt missed,,,,101162|1626162|1627763|202322|203078|203089|203141|203490|203503|203507,1627763|203089|203141|203503|203507,101162|1626162|202322|203078|203490,,,1610612749.0,21600346,True
1,PT04M12.00S,04:12,Q1 04:12,40.2,75,2pt,MISS Wall 7' Jump Shot,['pointsinthepaint'],Wall,0,0,Missed,True,False,202322.0,,substitution,rebound,,,,101162|1626162|1627763|202322|203078|203089|203141|203490|203503|203507,101162|1626162|202322|203078|203490,1627763|203089|203141|203503|203507,33.0,61.0,1610612764.0,21600346,True
1,PT04M10.00S,04:10,Q1 04:10,40.166666666666664,76,rebound,Henson REBOUND (Off:0 Def:2),[],Henson,0,0,,False,False,203089.0,,2pt missed,3pt missed,,,,101162|1626162|1627763|202322|203078|203089|203141|203490|203503|203507,1627763|203089|203141|203503|203507,101162|1626162|202322|203078|203490,,,1610612749.0,21600346,True
1,PT04M01.00S,04:01,Q1 04:01,40.016666666666666,77,3pt,MISS Snell 25' 3PT Jump Shot,[],Snell,0,0,Missed,True,False,203503.0,,rebound,rebound,,,,101162|1626162|1627763|202322|203078|203089|203141|203490|203503|203507,1627763|203089|203141|203503|203507,101162|1626162|202322|203078|203490,-132.0,210.0,1610612749.0,21600346,True
1,PT04M00.00S,04:00,Q1 04:00,40.0,78,rebound,Oubre Jr. REBOUND (Off:0 Def:1),[],Oubre Jr.,0,0,,False,False,1626162.0,,3pt missed,foul,,,,101162|1626162|1627763|202322|203078|203089|203141|203490|203503|203507,101162|1626162|202322|203078|203490,1627763|203089|203141|203503|203507,,,1610612764.0,21600346,True
1,PT03M53.00S,03:53,Q1 03:53,39.88333333333333,79,foul,Snell S.FOUL (P1.T1) (D.Richardson),[],Snell,0,0,,False,False,203503.0,,rebound,freethrow,203078.0,,,101162|1626162|1627763|202322|203078|203089|203141|203490|203503|203507,1627763|203089|203141|203503|203507,101162|1626162|202322|203078|203490,,,1610612749.0,21600346,True
1,PT03M53.00S,03:53,Q1 03:53,39.88333333333333,80,freethrow,Beal Free Throw 1 of 2 (5 PTS),[],Beal,15,18,Made,False,False,203078.0,,foul,freethrow,,,,101162|1626162|1627763|202322|203078|203089|203141|203490|203503|203507,101162|1626162|202322|203078|203490,1627763|203089|203141|203503|203507,,,1610612764.0,21600346,True
1,PT03M53.00S,03:53,Q1 03:53,39.88333333333333,84,freethrow,Beal Free Throw 2 of 2 (6 PTS),[],Beal,16,18,Made,False,False,203078.0,,freethrow,substitution,,,,101162|1626162|1627763|202322|203078|203089|203141|203490|203503|203507,101162|1626162|202322|203078|203490,1627763|203089|203141|203503|203507,,,1610612764.0,21600346,True
1,PT03M53.00S,03:53,Q1 03:53,39.88333333333333,82,substitution,SUB out: J. Henson,[],Henson,0,0,,False,False,203089.0,,freethrow,substitution,,,,101162|1626162|1627763|202322|203078|203141|203490|203503|203507,1627763|203141|203503|203507,101162|1626162|202322|203078|203490,,,1610612749.0,21600346,False
1,PT03M53.00S,03:53,Q1 03:53,39.88333333333333,83,substitution,SUB out: M. Gortat,[],Gortat,0,0,,False,False,101162.0,,substitution,substitution,,,,1626162|1627763|202322|203078|203141|203490|203503|203507,1626162|202322|203078|203490,1627763|203141|203503|203507,,,1610612764.0,21600346,False
1,PT03M53.00S,03:53,Q1 03:53,39.88333333333333,84,substitution,SUB in: G. Monroe,[],Monroe,0,0,,False,False,202328.0,,substitution,substitution,,,,1626162|1627763|202322|202328|203078|203141|203490|203503|203507,1627763|202328|203141|203503|203507,1626162|202322|203078|203490,,,1610612749.0,21600346,False
1,PT03M53.00S,03:53,Q1 03:53,39.88333333333333,85,substitution,SUB in: A. Nicholson,[],Nicholson,0,0,,False,False,203094.0,,substitution,foul,,,,1626162|1627763|202322|202328|203078|203094|203141|203490|203503|203507,1626162|202322|203078|203094|203490,1627763|202328|203141|203503|203507,,,1610612764.0,21600346,True
1,PT03M42.00S,03:42,Q1 03:42,39.7,87,foul,Oubre Jr. P.FOUL (P1.T3) (M.Davis),[],Oubre Jr.,0,0,,False,False,1626162.0,,substitution,2pt made,203507.0,,,1626162|1627763|202322|202328|203078|203094|203141|203490|203503|203507,1626162|202322|203078|203094|203490,1627763|202328|203141|203503|203507,,,1610612764.0,21600346,True
1,PT03M35.00S,03:35,Q1 03:35,39.583333333333336,88,2pt,Antetokounmpo  Dunk (4 PTS) (Monroe 1 AST),['pointsinthepaint'],Antetokounmpo,16,20,Made,True,True,203507.0,202328.0,foul,3pt missed,,,,1626162|1627763|202322|202328|203078|203094|203141|203490|203503|203507,1627763|202328|203141|203503|203507,1626162|202322|203078|203094|203490,0.0,1.0,1610612749.0,21600346,True
1,PT03M27.00S,03:27,Q1 03:27,39.45,89,3pt,MISS Beal 26' 3PT Jump Shot,[],Beal,0,0,Missed,True,False,203078.0,,2pt made,rebound,,,,1626162|1627763|202322|202328|203078|203094|203141|203490|203503|203507,1626162|202322|203078|203094|203490,1627763|202328|203141|203503|203507,107.0,239.0,1610612764.0,21600346,True
1,PT03M26.00S,03:26,Q1 03:26,39.43333333333334,90,rebound,Monroe REBOUND (Off:0 Def:1),[],Monroe,0,0,,False,False,202328.0,,3pt missed,2pt made,,,,1626162|1627763|202322|202328|203078|203094|203141|203490|203503|203507,1627763|202328|203141|203503|203507,1626162|202322|203078|203094|203490,,,1610612749.0,21600346,True
1,PT03M06.00S,03:06,Q1 03:06,39.1,92,2pt,Monroe  Reverse Layup (2 PTS),['pointsinthepaint'],Monroe,16,22,Made,True,False,202328.0,,rebound,2pt made,,,,1626162|1627763|202322|202328|203078|203094|203141|203490|203503|203507,1627763|202328|203141|203503|203507,1626162|202322|203078|203094|203490,1.0,2.0,1610612749.0,21600346,True
1,PT02M50.00S,02:50,Q1 02:50,38.833333333333336,93,2pt,Beal  Driving Layup (8 PTS) (Nicholson 1 AST),['pointsinthepaint'],Beal,18,22,Made,True,True,203078.0,203094.0,2pt made,foul,,,,1626162|1627763|202322|202328|203078|203094|203141|203490|203503|203507,1626162|202322|203078|203094|203490,1627763|202328|203141|203503|203507,1.0,3.0,1610612764.0,21600346,True
1,PT02M50.00S,02:50,Q1 02:50,38.833333333333336,94,foul,Monroe S.FOUL (P1.T2) (D.Richardson),[],Monroe,0,0,,False,False,202328.0,,2pt made,timeout,203078.0,,,1626162|1627763|202322|202328|203078|203094|203141|203490|203503|203507,1627763|202328|203141|203503|203507,1626162|202322|203078|203094|203490,,,1610612749.0,21600346,True
1,PT02M50.00S,02:50,Q1 02:50,38.833333333333336,95,timeout,Bucks Timeout: Regular (Reg.1 Short 0),[],,0,0,,False,False,0.0,,foul,freethrow,,,,1626162|1627763|202322|202328|203078|203094|203141|203490|203503|203507,1627763|202328|203141|203503|203507,1626162|202322|203078|203094|203490,,,1610612749.0,21600346,True
1,PT02M50.00S,02:50,Q1 02:50,38.833333333333336,98,freethrow,Beal Free Throw 1 of 1 (9 PTS),[],Beal,19,22,Made,False,False,203078.0,,timeout,substitution,,,,1626162|1627763|202322|202328|203078|203094|203141|203490|203503|203507,1626162|202322|203078|203094|203490,1627763|202328|203141|203503|203507,,,1610612764.0,21600346,True
1,PT02M50.00S,02:50,Q1 02:50,38.833333333333336,97,substitution,SUB out: G. Antetokounmpo,[],Antetokounmpo,0,0,,False,False,203507.0,,freethrow,substitution,,,,1626162|1627763|202322|202328|203078|203094|203141|203490|203503,1627763|202328|203141|203503,1626162|202322|203078|203094|203490,,,1610612749.0,21600346,False
1,PT02M50.00S,02:50,Q1 02:50,38.833333333333336,98,substitution,SUB in: M. Beasley,[],Beasley,0,0,,False,False,201563.0,,substitution,2pt missed,,,,1626162|1627763|201563|202322|202328|203078|203094|203141|203490|203503,1627763|201563|202328|203141|203503,1626162|202322|203078|203094|203490,,,1610612749.0,21600346,True
1,PT02M36.00S,02:36,Q1 02:36,38.6,101,2pt,MISS Monroe 5' Jump Shot,['pointsinthepaint'],Monroe,0,0,Missed,True,False,202328.0,,substitution,rebound,,,,1626162|1627763|201563|202322|202328|203078|203094|203141|203490|203503,1627763|201563|202328|203141|203503,1626162|202322|203078|203094|203490,20.0,41.0,1610612749.0,21600346,True
1,PT02M35.00S,02:35,Q1 02:35,38.583333333333336,102,rebound,Oubre Jr. REBOUND (Off:0 Def:2),[],Oubre Jr.,0,0,,False,False,1626162.0,,2pt missed,3pt missed,,,,1626162|1627763|201563|202322|202328|203078|203094|203141|203490|203503,1626162|202322|203078|203094|203490,1627763|201563|202328|203141|203503,,,1610612764.0,21600346,True
1,PT02M19.00S,02:19,Q1 02:19,38.31666666666666,103,3pt,MISS Oubre Jr. 24' 3PT Jump Shot,[],Oubre Jr.,0,0,Missed,True,False,1626162.0,,rebound,rebound,,,,1626162|1627763|201563|202322|202328|203078|203094|203141|203490|203503,1626162|202322|203078|203094|203490,1627763|201563|202328|203141|203503,236.0,26.0,1610612764.0,21600346,True
1,PT02M18.00S,02:18,Q1 02:18,38.3,104,rebound,Brogdon REBOUND (Off:0 Def:1),[],Brogdon,0,0,,False,False,1627763.0,,3pt missed,2pt made,,,,1626162|1627763|201563|202322|202328|203078|203094|203141|203490|203503,1627763|201563|202328|203141|203503,1626162|202322|203078|203094|203490,,,1610612749.0,21600346,True
1,PT02M01.00S,02:01,Q1 02:01,38.016666666666666,105,2pt,Brogdon 2' Finger Roll Layup (2 PTS),['pointsinthepaint'],Brogdon,19,24,Made,True,False,1627763.0,,rebound,2pt made,,,,1626162|1627763|201563|202322|202328|203078|203094|203141|203490|203503,1627763|201563|202328|203141|203503,1626162|202322|203078|203094|203490,-1.0,23.0,1610612749.0,21600346,True
1,PT01M47.00S,01:47,Q1 01:47,37.78333333333333,107,2pt,Wall 2' Driving Layup (4 PTS),['pointsinthepaint'],Wall,21,24,Made,True,False,202322.0,,2pt made,turnover,,,,1626162|1627763|201563|202322|202328|203078|203094|203141|203490|203503,1626162|202322|203078|203094|203490,1627763|201563|202328|203141|203503,10.0,18.0,1610612764.0,21600346,True
1,PT01M33.00S,01:33,Q1 01:33,37.55,108,turnover,Beasley Traveling Turnover (P1.T4),[],Beasley,0,0,,False,False,201563.0,,2pt made,substitution,,,,1626162|1627763|201563|202322|202328|203078|203094|203141|203490|203503,1627763|201563|202328|203141|203503,1626162|202322|203078|203094|203490,,,1610612749.0,21600346,True
1,PT01M33.00S,01:33,Q1 01:33,37.55,109,substitution,SUB out: B. Beal,[],Beal,0,0,,False,False,203078.0,,turnover,substitution,,,,1626162|1627763|201563|202322|202328|203094|203141|203490|203503,1626162|202322|203094|203490,1627763|201563|202328|203141|203503,,,1610612764.0,21600346,False
1,PT01M33.00S,01:33,Q1 01:33,37.55,110,substitution,SUB out: T. Snell,[],Snell,0,0,,False,False,203503.0,,substitution,substitution,,,,1626162|1627763|201563|202322|202328|203094|203141|203490,1627763|201563|202328|203141,1626162|202322|203094|203490,,,1610612749.0,21600346,False
1,PT01M33.00S,01:33,Q1 01:33,37.55,111,substitution,SUB in: M. Thornton,[],Thornton,0,0,,False,False,201977.0,,substitution,substitution,,,,1626162|1627763|201563|201977|202322|202328|203094|203141|203490,1626162|201977|202322|203094|203490,1627763|201563|202328|203141,,,1610612764.0,21600346,False
1,PT01M33.00S,01:33,Q1 01:33,37.55,112,substitution,SUB in: J. Terry,[],Terry,0,0,,False,False,1891.0,,substitution,2pt missed,,,,1626162|1627763|1891|201563|201977|202322|202328|203094|203141|203490,1627763|1891|201563|202328|203141,1626162|201977|202322|203094|203490,,,1610612749.0,21600346,True
1,PT01M11.00S,01:11,Q1 01:11,37.18333333333333,111,2pt,MISS Wall 21' Jump Shot,[],Wall,0,0,Missed,True,False,202322.0,,substitution,rebound,,,,1626162|1627763|1891|201563|201977|202322|202328|203094|203141|203490,1626162|201977|202322|203094|203490,1627763|1891|201563|202328|203141,-148.0,149.0,1610612764.0,21600346,True
1,PT01M10.00S,01:10,Q1 01:10,37.166666666666664,112,rebound,Teletovic REBOUND (Off:0 Def:1),[],Teletovic,0,0,,False,False,203141.0,,2pt missed,2pt missed,,,,1626162|1627763|1891|201563|201977|202322|202328|203094|203141|203490,1627763|1891|201563|202328|203141,1626162|201977|202322|203094|203490,,,1610612749.0,21600346,True
1,PT01M02.00S,01:02,Q1 01:02,37.03333333333333,113,2pt,MISS Beasley 2' Layup,['pointsinthepaint'],Beasley,0,0,Missed,True,False,201563.0,,rebound,rebound,,,,1626162|1627763|1891|201563|201977|202322|202328|203094|203141|203490,1627763|1891|201563|202328|203141,1626162|201977|202322|203094|203490,-16.0,2.0,1610612749.0,21600346,True
1,PT01M00.00S,01:00,Q1 01:00,37.0,114,rebound,Beasley REBOUND (Off:1 Def:0),[],Beasley,0,0,,False,False,201563.0,,2pt missed,2pt made,,,,1626162|1627763|1891|201563|201977|202322|202328|203094|203141|203490,1627763|1891|201563|202328|203141,1626162|201977|202322|203094|203490,,,1610612749.0,21600346,True
1,PT00M59.40S,00:59,Q1 00:59,36.99,115,2pt,Beasley 2' Putback Layup (2 PTS),['pointsinthepaint'],Beasley,21,26,Made,True,False,201563.0,,rebound,2pt made,,,,1626162|1627763|1891|201563|201977|202322|202328|203094|203141|203490,1627763|1891|201563|202328|203141,1626162|201977|202322|203094|203490,-17.0,7.0,1610612749.0,21600346,True
1,PT00M55.10S,00:55,Q1 00:55,36.91833333333334,116,2pt,Oubre Jr. 2' Driving Layup (2 PTS) (Wall 6 AST),['pointsinthepaint'],Oubre Jr.,23,26,Made,True,True,1626162.0,202322.0,2pt made,3pt made,,,,1626162|1627763|1891|201563|201977|202322|202328|203094|203141|203490,1626162|201977|202322|203094|203490,1627763|1891|201563|202328|203141,-17.0,13.0,1610612764.0,21600346,True
1,PT00M43.60S,00:43,Q1 00:43,36.72666666666667,118,3pt,Terry 26' 3PT Jump Shot (3 PTS) (Brogdon 1 AST),[],Terry,23,29,Made,True,True,1891.0,1627763.0,2pt made,turnover,,,,1626162|1627763|1891|201563|201977|202322|202328|203094|203141|203490,1627763|1891|201563|202328|203141,1626162|201977|202322|203094|203490,-194.0,174.0,1610612749.0,21600346,True
1,PT00M40.40S,00:40,Q1 00:40,36.67333333333333,119,turnover,Wall Out of Bounds - Bad Pass Turnover Turnover (P2.T2),[],Wall,0,0,,False,False,202322.0,,3pt made,2pt missed,,,,1626162|1627763|1891|201563|201977|202322|202328|203094|203141|203490,1626162|201977|202322|203094|203490,1627763|1891|201563|202328|203141,,,1610612764.0,21600346,True
1,PT00M32.90S,00:32,Q1 00:32,36.54833333333333,120,2pt,MISS Brogdon 1' Layup,['pointsinthepaint'],Brogdon,0,0,Missed,True,False,1627763.0,,turnover,rebound,,,,1626162|1627763|1891|201563|201977|202322|202328|203094|203141|203490,1627763|1891|201563|202328|203141,1626162|201977|202322|203094|203490,2.0,-6.0,1610612749.0,21600346,True
1,PT00M31.90S,00:31,Q1 00:31,36.531666666666666,121,rebound,Nicholson REBOUND (Off:0 Def:1),[],Nicholson,0,0,,False,False,203094.0,,2pt missed,2pt missed,,,,1626162|1627763|1891|201563|201977|202322|202328|203094|203141|203490,1626162|201977|202322|203094|203490,1627763|1891|201563|202328|203141,,,1610612764.0,21600346,True
1,PT00M19.80S,00:19,Q1 00:19,36.33,122,2pt,MISS Nicholson 6' Jump Shot,['pointsinthepaint'],Nicholson,0,0,Missed,True,False,203094.0,,rebound,rebound,,,,1626162|1627763|1891|201563|201977|202322|202328|203094|203141|203490,1626162|201977|202322|203094|203490,1627763|1891|201563|202328|203141,37.0,47.0,1610612764.0,21600346,True
1,PT00M19.10S,00:19,Q1 00:19,36.318333333333335,123,rebound,Monroe REBOUND (Off:0 Def:2),[],Monroe,0,0,,False,False,202328.0,,2pt missed,3pt made,,,,1626162|1627763|1891|201563|201977|202322|202328|203094|203141|203490,1627763|1891|201563|202328|203141,1626162|201977|202322|203094|203490,,,1610612749.0,21600346,True
1,PT00M00.90S,00:00,Q1 00:00,36.015,125,3pt,Teletovic 32' 3PT Jump Shot (8 PTS) (Brogdon 2 AST),[],Teletovic,23,32,Made,True,True,203141.0,1627763.0,rebound,instant replay,,,,1626162|1627763|1891|201563|201977|202322|202328|203094|203141|203490,1627763|1891|201563|202328|203141,1626162|201977|202322|203094|203490,99.0,308.0,1610612749.0,21600346,True
1,PT00M00.00S,00:00,Q1 00:00,36.0,127,period,End of 1st Period (7:32 PM EST),[],,23,32,,False,False,0.0,,instant replay,period,,,,1626162|1627763|1891|201563|201977|202322|202328|203094|203141|203490,1626162|201977|202322|203094|203490,1627763|1891|201563|202328|203141,,,1610612764.0,21600346,True
2,PT12M00.00S,12:00,Q2 12:00,36.0,129,period,Start of 2nd Period (7:34 PM EST),[],,23,32,,False,False,0.0,,period,substitution,,,,1626162|1627763|1891|201563|201977|202322|202328|203094|203141|203490,1626162|201977|202322|203094|203490,1627763|1891|201563|202328|203141,,,1610612764.0,21600346,True
2,PT11M43.00S,11:43,Q2 11:43,35.71666666666667,130,2pt,MISS Monroe 6' Jump Shot,['pointsinthepaint'],Monroe,0,0,Missed,True,False,202328.0,,substitution,rebound,,,,1626162|1627763|1891|201563|201977|202328|202693|203094|203141|203504,1627763|1891|201563|202328|203141,1626162|201977|202693|203094|203504,60.0,23.0,1610612749.0,21600346,True
2,PT11M42.00S,11:42,Q2 11:42,35.7,131,rebound,Oubre Jr. REBOUND (Off:0 Def:3),[],Oubre Jr.,0,0,,False,False,1626162.0,,2pt missed,3pt made,,,,1626162|1627763|1891|201563|201977|202328|202693|203094|203141|203504,1626162|201977|202693|203094|203504,1627763|1891|201563|202328|203141,,,1610612764.0,21600346,True
2,PT11M22.00S,11:22,Q2 11:22,35.36666666666667,132,3pt,Oubre Jr. 24' 3PT Jump Shot (5 PTS) (Mark Morris 1 AST),[],Oubre Jr.,26,32,Made,True,False,1626162.0,,rebound,2pt missed,,,,1626162|1627763|1891|201563|201977|202328|202693|203094|203141|203504,1626162|201977|202693|203094|203504,1627763|1891|201563|202328|203141,240.0,46.0,1610612764.0,21600346,True
2,PT11M04.00S,11:04,Q2 11:04,35.06666666666666,134,2pt,MISS Beasley 18' Jump Shot,[],Beasley,0,0,Missed,True,False,201563.0,,3pt made,rebound,,,,1626162|1627763|1891|201563|201977|202328|202693|203094|203141|203504,1627763|1891|201563|202328|203141,1626162|201977|202693|203094|203504,125.0,129.0,1610612749.0,21600346,True
2,PT11M03.00S,11:03,Q2 11:03,35.05,135,rebound,Oubre Jr. REBOUND (Off:0 Def:4),[],Oubre Jr.,0,0,,False,False,1626162.0,,2pt missed,3pt missed,,,,1626162|1627763|1891|201563|201977|202328|202693|203094|203141|203504,1626162|201977|202693|203094|203504,1627763|1891|201563|202328|203141,,,1610612764.0,21600346,True
2,PT10M51.00S,10:51,Q2 10:51,34.85,136,3pt,MISS Oubre Jr. 26' 3PT Jump Shot,[],Oubre Jr.,0,0,Missed,True,False,1626162.0,,rebound,rebound,,,,1626162|1627763|1891|201563|201977|202328|202693|203094|203141|203504,1626162|201977|202693|203094|203504,1627763|1891|201563|202328|203141,-179.0,190.0,1610612764.0,21600346,True
2,PT10M50.00S,10:50,Q2 10:50,34.833333333333336,137,rebound,TEAM defensive REBOUND,['team'],,0,0,,False,False,0.0,,3pt missed,turnover,,,,1626162|1627763|1891|201563|201977|202328|202693|203094|203141|203504,1627763|1891|201563|202328|203141,1626162|201977|202693|203094|203504,,,1610612749.0,21600346,True
2,PT10M42.00S,10:42,Q2 10:42,34.7,138,turnover,Beasley Lost Ball Turnover (P2.T5),[],Beasley,0,0,,False,False,201563.0,,rebound,steal,,,,1626162|1627763|1891|201563|201977|202328|202693|203094|203141|203504,1627763|1891|201563|202328|203141,1626162|201977|202693|203094|203504,,,1610612749.0,21600346,True
2,PT10M42.00S,10:42,Q2 10:42,34.7,138,steal,Mark Morris STEAL (2 STL),[],Morris,0,0,,False,False,202693.0,,turnover,2pt made,,202693.0,,1626162|1627763|1891|201563|201977|202328|202693|203094|203141|203504,1626162|201977|202693|203094|203504,1627763|1891|201563|202328|203141,,,1610612764.0,21600346,True
2,PT10M37.00S,10:37,Q2 10:37,34.61666666666667,139,2pt,Burke 7' Floating Jump Shot (2 PTS) (Mark Morris 2 AST),['pointsinthepaint'],Burke,28,32,Made,True,False,203504.0,,steal,turnover,,,,1626162|1627763|1891|201563|201977|202328|202693|203094|203141|203504,1626162|201977|202693|203094|203504,1627763|1891|201563|202328|203141,-2.0,65.0,1610612764.0,21600346,True
2,PT10M23.00S,10:23,Q2 10:23,34.38333333333333,141,turnover,Brogdon Out of Bounds Lost Ball Turnover (P1.T6),[],Brogdon,0,0,,False,False,1627763.0,,2pt made,substitution,,,,1626162|1627763|1891|201563|201977|202328|202693|203094|203141|203504,1627763|1891|201563|202328|203141,1626162|201977|202693|203094|203504,,,1610612749.0,21600346,True
2,PT10M23.00S,10:23,Q2 10:23,34.38333333333333,142,substitution,SUB out: M. Brogdon,[],Brogdon,0,0,,False,False,1627763.0,,turnover,substitution,,,,1626162|1891|201563|201977|202328|202693|203094|203141|203504,1891|201563|202328|203141,1626162|201977|202693|203094|203504,,,1610612749.0,21600346,False
2,PT10M23.00S,10:23,Q2 10:23,34.38333333333333,143,substitution,SUB in: M. Dellavedova,[],Dellavedova,0,0,,False,False,203521.0,,substitution,2pt made,,,,1626162|1891|201563|201977|202328|202693|203094|203141|203504|203521,1891|201563|202328|203141|203521,1626162|201977|202693|203094|203504,,,1610612749.0,21600346,True
2,PT10M06.00S,10:06,Q2 10:06,34.1,143,2pt,Nicholson 1' Cutting Layup Shot (2 PTS) (Thornton 1 AST),['pointsinthepaint'],Nicholson,30,32,Made,True,True,203094.0,201977.0,substitution,3pt missed,,,,1626162|1891|201563|201977|202328|202693|203094|203141|203504|203521,1626162|201977|202693|203094|203504,1891|201563|202328|203141|203521,-2.0,11.0,1610612764.0,21600346,True
2,PT09M51.00S,09:51,Q2 09:51,33.85,144,3pt,MISS Terry 27' 3PT Jump Shot,[],Terry,0,0,Missed,True,False,1891.0,,2pt made,rebound,,,,1626162|1891|201563|201977|202328|202693|203094|203141|203504|203521,1891|201563|202328|203141|203521,1626162|201977|202693|203094|203504,-101.0,247.0,1610612749.0,21600346,True
2,PT09M50.00S,09:50,Q2 09:50,33.833333333333336,145,rebound,Oubre Jr. REBOUND (Off:0 Def:5),[],Oubre Jr.,0,0,,False,False,1626162.0,,3pt missed,2pt missed,,,,1626162|1891|201563|201977|202328|202693|203094|203141|203504|203521,1626162|201977|202693|203094|203504,1891|201563|202328|203141|203521,,,1610612764.0,21600346,True
2,PT09M42.00S,09:42,Q2 09:42,33.7,146,2pt,MISS Burke 19' Jump Shot,[],Burke,0,0,Missed,True,False,203504.0,,rebound,rebound,,,,1626162|1891|201563|201977|202328|202693|203094|203141|203504|203521,1626162|201977|202693|203094|203504,1891|201563|202328|203141|203521,87.0,165.0,1610612764.0,21600346,True
2,PT09M42.00S,09:42,Q2 09:42,33.7,147,rebound,Teletovic REBOUND (Off:0 Def:2),[],Teletovic,0,0,,False,False,203141.0,,2pt missed,foul,,,,1626162|1891|201563|201977|202328|202693|203094|203141|203504|203521,1891|201563|202328|203141|203521,1626162|201977|202693|203094|203504,,,1610612749.0,21600346,True
2,PT09M41.00S,09:41,Q2 09:41,33.68333333333334,148,foul,Nicholson P.FOUL (P1.T1) (D.Collins),[],Nicholson,0,0,,False,False,203094.0,,rebound,substitution,203141.0,,,1626162|1891|201563|201977|202328|202693|203094|203141|203504|203521,1626162|201977|202693|203094|203504,1891|201563|202328|203141|203521,,,1610612764.0,21600346,True
2,PT09M41.00S,09:41,Q2 09:41,33.68333333333334,149,substitution,SUB out: M. Beasley,[],Beasley,0,0,,False,False,201563.0,,foul,substitution,,,,1626162|1891|201977|202328|202693|203094|203141|203504|203521,1891|202328|203141|203521,1626162|201977|202693|203094|203504,,,1610612749.0,21600346,False
2,PT09M41.00S,09:41,Q2 09:41,33.68333333333334,150,substitution,SUB in: J. Parker,[],Parker,0,0,,False,False,203953.0,,substitution,3pt missed,,,,1626162|1891|201977|202328|202693|203094|203141|203504|203521|203953,1891|202328|203141|203521|203953,1626162|201977|202693|203094|203504,,,1610612749.0,21600346,True
2,PT09M31.00S,09:31,Q2 09:31,33.516666666666666,151,3pt,MISS Teletovic 27' 3PT Jump Shot,[],Teletovic,0,0,Missed,True,False,203141.0,,substitution,rebound,,,,1626162|1891|201977|202328|202693|203094|203141|203504|203521|203953,1891|202328|203141|203521|203953,1626162|201977|202693|203094|203504,22.0,269.0,1610612749.0,21600346,True
2,PT09M30.00S,09:30,Q2 09:30,33.5,152,rebound,Thornton REBOUND (Off:0 Def:1),[],Thornton,0,0,,False,False,201977.0,,3pt missed,2pt missed,,,,1626162|1891|201977|202328|202693|203094|203141|203504|203521|203953,1626162|201977|202693|203094|203504,1891|202328|203141|203521|203953,,,1610612764.0,21600346,True
2,PT09M21.00S,09:21,Q2 09:21,33.35,154,2pt,MISS Thornton 18' Jump Shot,[],Thornton,0,0,Missed,True,False,201977.0,,rebound,rebound,,,,1626162|1891|201977|202328|202693|203094|203141|203504|203521|203953,1626162|201977|202693|203094|203504,1891|202328|203141|203521|203953,-106.0,151.0,1610612764.0,21600346,True
2,PT09M20.00S,09:20,Q2 09:20,33.333333333333336,155,rebound,Parker REBOUND (Off:0 Def:1),[],Parker,0,0,,False,False,203953.0,,2pt missed,turnover,,,,1626162|1891|201977|202328|202693|203094|203141|203504|203521|203953,1891|202328|203141|203521|203953,1626162|201977|202693|203094|203504,,,1610612749.0,21600346,True
2,PT09M16.00S,09:16,Q2 09:16,33.266666666666666,156,turnover,Parker Bad Pass Turnover (P1.T7),[],Parker,0,0,,False,False,203953.0,,rebound,steal,,,,1626162|1891|201977|202328|202693|203094|203141|203504|203521|203953,1891|202328|203141|203521|203953,1626162|201977|202693|203094|203504,,,1610612749.0,21600346,True
2,PT09M16.00S,09:16,Q2 09:16,33.266666666666666,156,steal,Mark Morris STEAL (3 STL),[],Morris,0,0,,False,False,202693.0,,turnover,foul,,202693.0,,1626162|1891|201977|202328|202693|203094|203141|203504|203521|203953,1626162|201977|202693|203094|203504,1891|202328|203141|203521|203953,,,1610612764.0,21600346,True
2,PT09M15.00S,09:15,Q2 09:15,33.25,157,foul,Teletovic Personal Take Foul (P1.T1) (M.Davis),[],Teletovic,0,0,,False,False,203141.0,,steal,2pt made,202693.0,,,1626162|1891|201977|202328|202693|203094|203141|203504|203521|203953,1891|202328|203141|203521|203953,1626162|201977|202693|203094|203504,,,1610612749.0,21600346,True
2,PT09M00.00S,09:00,Q2 09:00,33.0,158,2pt,Mark Morris  Cutting Layup Shot (6 PTS) (Burke 1 AST),['pointsinthepaint'],Morris,32,32,Made,True,True,202693.0,203504.0,foul,foul,,,,1626162|1891|201977|202328|202693|203094|203141|203504|203521|203953,1626162|201977|202693|203094|203504,1891|202328|203141|203521|203953,2.0,2.0,1610612764.0,21600346,True
2,PT08M46.00S,08:46,Q2 08:46,32.766666666666666,160,foul,Nicholson P.FOUL (P2.T2) (D.Richardson),[],Nicholson,0,0,,False,False,203094.0,,2pt made,timeout,203953.0,,,1626162|1891|201977|202328|202693|203094|203141|203504|203521|203953,1626162|201977|202693|203094|203504,1891|202328|203141|203521|203953,,,1610612764.0,21600346,True
2,PT08M46.00S,08:46,Q2 08:46,32.766666666666666,161,timeout,Timeout: Official,[],,0,0,,False,False,0.0,,foul,turnover,,,,1626162|1891|201977|202328|202693|203094|203141|203504|203521|203953,1626162|201977|202693|203094|203504,1891|202328|203141|203521|203953,,,0.0,21600346,True
2,PT08M44.00S,08:44,Q2 08:44,32.733333333333334,163,turnover,Parker Bad Pass Turnover (P2.T8),[],Parker,0,0,,False,False,203953.0,,timeout,steal,,,,1626162|1891|201977|202328|202693|203094|203141|203504|203521|203953,1891|202328|203141|203521|203953,1626162|201977|202693|203094|203504,,,1610612749.0,21600346,True
2,PT08M44.00S,08:44,Q2 08:44,32.733333333333334,163,steal,Oubre Jr. STEAL (1 STL),[],Oubre Jr.,0,0,,False,False,1626162.0,,turnover,foul,,1626162.0,,1626162|1891|201977|202328|202693|203094|203141|203504|203521|203953,1626162|201977|202693|203094|203504,1891|202328|203141|203521|203953,,,1610612764.0,21600346,True
2,PT08M43.00S,08:43,Q2 08:43,32.71666666666667,164,foul,Teletovic S.FOUL (P2.T2) (D.Richardson),[],Teletovic,0,0,,False,False,203141.0,,steal,freethrow,1626162.0,,,1626162|1891|201977|202328|202693|203094|203141|203504|203521|203953,1891|202328|203141|203521|203953,1626162|201977|202693|203094|203504,,,1610612749.0,21600346,True
2,PT08M43.00S,08:43,Q2 08:43,32.71666666666667,165,freethrow,Oubre Jr. Free Throw 1 of 2 (6 PTS),[],Oubre Jr.,33,32,Made,False,False,1626162.0,,foul,freethrow,,,,1626162|1891|201977|202328|202693|203094|203141|203504|203521|203953,1626162|201977|202693|203094|203504,1891|202328|203141|203521|203953,,,1610612764.0,21600346,True
2,PT08M43.00S,08:43,Q2 08:43,32.71666666666667,167,freethrow,Oubre Jr. Free Throw 2 of 2 (7 PTS),[],Oubre Jr.,34,32,Made,False,False,1626162.0,,freethrow,2pt missed,,,,1626162|1891|201977|202328|202693|203094|203141|203504|203521|203953,1626162|201977|202693|203094|203504,1891|202328|203141|203521|203953,,,1610612764.0,21600346,True
2,PT08M28.00S,08:28,Q2 08:28,32.46666666666667,170,2pt,MISS Parker 10' Jump Shot,[],Parker,0,0,Missed,True,False,203953.0,,freethrow,rebound,,,,1626162|1891|201977|202328|202693|203094|203141|203504|203521|203953,1891|202328|203141|203521|203953,1626162|201977|202693|203094|203504,87.0,43.0,1610612749.0,21600346,True
2,PT08M27.00S,08:27,Q2 08:27,32.45,171,rebound,Oubre Jr. REBOUND (Off:0 Def:6),[],Oubre Jr.,0,0,,False,False,1626162.0,,2pt missed,foul,,,,1626162|1891|201977|202328|202693|203094|203141|203504|203521|203953,1626162|201977|202693|203094|203504,1891|202328|203141|203521|203953,,,1610612764.0,21600346,True
2,PT08M12.00S,08:12,Q2 08:12,32.2,172,foul,Parker S.FOUL (P1.T3) (D.Collins),[],Parker,0,0,,False,False,203953.0,,rebound,freethrow,202693.0,,,1626162|1891|201977|202328|202693|203094|203141|203504|203521|203953,1891|202328|203141|203521|203953,1626162|201977|202693|203094|203504,,,1610612749.0,21600346,True
2,PT08M12.00S,08:12,Q2 08:12,32.2,173,freethrow,Mark Morris Free Throw 1 of 2 (7 PTS),[],Morris,35,32,Made,False,False,202693.0,,foul,freethrow,,,,1626162|1891|201977|202328|202693|203094|203141|203504|203521|203953,1626162|201977|202693|203094|203504,1891|202328|203141|203521|203953,,,1610612764.0,21600346,True
2,PT08M12.00S,08:12,Q2 08:12,32.2,176,freethrow,MISS Mark Morris Free Throw 2 of 2,[],Morris,0,0,Missed,False,False,202693.0,,freethrow,substitution,,,,1626162|1891|201977|202328|202693|203094|203141|203504|203521|203953,1626162|201977|202693|203094|203504,1891|202328|203141|203521|203953,,,1610612764.0,21600346,True
2,PT08M12.00S,08:12,Q2 08:12,32.2,175,substitution,SUB out: M. Teletovic,[],Teletovic,0,0,,False,False,203141.0,,freethrow,substitution,,,,1626162|1891|201977|202328|202693|203094|203504|203521|203953,1891|202328|203521|203953,1626162|201977|202693|203094|203504,,,1610612749.0,21600346,False
2,PT08M12.00S,08:12,Q2 08:12,32.2,176,substitution,SUB in: G. Antetokounmpo,[],Antetokounmpo,0,0,,False,False,203507.0,,substitution,rebound,,,,1626162|1891|201977|202328|202693|203094|203504|203507|203521|203953,1891|202328|203507|203521|203953,1626162|201977|202693|203094|203504,,,1610612749.0,21600346,True
2,PT08M11.00S,08:11,Q2 08:11,32.18333333333334,178,rebound,Parker REBOUND (Off:0 Def:2),[],Parker,0,0,,False,False,203953.0,,substitution,3pt made,,,,1626162|1891|201977|202328|202693|203094|203504|203507|203521|203953,1891|202328|203507|203521|203953,1626162|201977|202693|203094|203504,,,1610612749.0,21600346,True
2,PT07M54.00S,07:54,Q2 07:54,31.9,179,3pt,Parker 24' 3PT Jump Shot (5 PTS) (Monroe 2 AST),[],Parker,35,35,Made,True,True,203953.0,202328.0,rebound,2pt missed,,,,1626162|1891|201977|202328|202693|203094|203504|203507|203521|203953,1891|202328|203507|203521|203953,1626162|201977|202693|203094|203504,235.0,11.0,1610612749.0,21600346,True
2,PT07M27.00S,07:27,Q2 07:27,31.45,181,2pt,MISS Nicholson 13' Hook Shot,[],Nicholson,0,0,Missed,True,False,203094.0,,3pt made,rebound,,,,1626162|1891|201977|202328|202693|203094|203504|203507|203521|203953,1626162|201977|202693|203094|203504,1891|202328|203507|203521|203953,-109.0,70.0,1610612764.0,21600346,True
2,PT07M26.00S,07:26,Q2 07:26,31.433333333333334,182,rebound,TEAM offensive REBOUND,['team'],,0,0,,False,False,0.0,,2pt missed,substitution,,,,1626162|1891|201977|202328|202693|203094|203504|203507|203521|203953,1626162|201977|202693|203094|203504,1891|202328|203507|203521|203953,,,1610612764.0,21600346,True
2,PT07M26.00S,07:26,Q2 07:26,31.433333333333334,183,substitution,SUB out: M. Thornton,[],Thornton,0,0,,False,False,201977.0,,rebound,substitution,,,,1626162|1891|202328|202693|203094|203504|203507|203521|203953,1626162|202693|203094|203504,1891|202328|203507|203521|203953,,,1610612764.0,21600346,False
2,PT07M26.00S,07:26,Q2 07:26,31.433333333333334,184,substitution,SUB out: J. Terry,[],Terry,0,0,,False,False,1891.0,,substitution,substitution,,,,1626162|202328|202693|203094|203504|203507|203521|203953,202328|203507|203521|203953,1626162|202693|203094|203504,,,1610612749.0,21600346,False
2,PT07M26.00S,07:26,Q2 07:26,31.433333333333334,185,substitution,SUB in: B. Beal,[],Beal,0,0,,False,False,203078.0,,substitution,substitution,,,,1626162|202328|202693|203078|203094|203504|203507|203521|203953,1626162|202693|203078|203094|203504,202328|203507|203521|203953,,,1610612764.0,21600346,False
2,PT07M26.00S,07:26,Q2 07:26,31.433333333333334,186,substitution,SUB in: T. Snell,[],Snell,0,0,,False,False,203503.0,,substitution,3pt made,,,,1626162|202328|202693|203078|203094|203503|203504|203507|203521|203953,202328|203503|203507|203521|203953,1626162|202693|203078|203094|203504,,,1610612749.0,21600346,True
2,PT07M16.00S,07:16,Q2 07:16,31.266666666666666,186,3pt,Burke 29' 3PT Jump Shot (5 PTS) (Beal 1 AST),[],Burke,38,35,Made,True,True,203504.0,203078.0,substitution,foul,,,,1626162|202328|202693|203078|203094|203503|203504|203507|203521|203953,1626162|202693|203078|203094|203504,202328|203503|203507|203521|203953,-112.0,272.0,1610612764.0,21600346,True
2,PT07M02.00S,07:02,Q2 07:02,31.03333333333333,188,foul,Nicholson S.FOUL (P3.T3) (M.Davis),[],Nicholson,0,0,,False,False,203094.0,,3pt made,freethrow,202328.0,,,1626162|202328|202693|203078|203094|203503|203504|203507|203521|203953,1626162|202693|203078|203094|203504,202328|203503|203507|203521|203953,,,1610612764.0,21600346,True
2,PT07M02.00S,07:02,Q2 07:02,31.03333333333333,189,freethrow,Monroe Free Throw 1 of 2 (3 PTS),[],Monroe,38,36,Made,False,False,202328.0,,foul,freethrow,,,,1626162|202328|202693|203078|203094|203503|203504|203507|203521|203953,202328|203503|203507|203521|203953,1626162|202693|203078|203094|203504,,,1610612749.0,21600346,True
2,PT07M02.00S,07:02,Q2 07:02,31.03333333333333,194,freethrow,Monroe Free Throw 2 of 2 (4 PTS),[],Monroe,38,37,Made,False,False,202328.0,,freethrow,substitution,,,,1626162|202328|202693|203078|203094|203503|203504|203507|203521|203953,202328|203503|203507|203521|203953,1626162|202693|203078|203094|203504,,,1610612749.0,21600346,True
2,PT07M02.00S,07:02,Q2 07:02,31.03333333333333,191,substitution,SUB out: A. Nicholson,[],Nicholson,0,0,,False,False,203094.0,,freethrow,substitution,,,,1626162|202328|202693|203078|203503|203504|203507|203521|203953,1626162|202693|203078|203504,202328|203503|203507|203521|203953,,,1610612764.0,21600346,False
2,PT07M02.00S,07:02,Q2 07:02,31.03333333333333,192,substitution,SUB in: M. Gortat,[],Gortat,0,0,,False,False,101162.0,,substitution,3pt missed,,,,101162|1626162|202328|202693|203078|203503|203504|203507|203521|203953,101162|1626162|202693|203078|203504,202328|203503|203507|203521|203953,,,1610612764.0,21600346,True
2,PT06M52.00S,06:52,Q2 06:52,30.866666666666667,196,3pt,MISS Mark Morris  3PT Jump Shot,[],Morris,0,0,Missed,True,False,202693.0,,substitution,rebound,,,,101162|1626162|202328|202693|203078|203503|203504|203507|203521|203953,101162|1626162|202693|203078|203504,202328|203503|203507|203521|203953,-233.0,-6.0,1610612764.0,21600346,True
2,PT06M52.00S,06:52,Q2 06:52,30.866666666666667,197,rebound,TEAM offensive REBOUND,['team'],,0,0,,False,False,0.0,,3pt missed,foul,,,,101162|1626162|202328|202693|203078|203503|203504|203507|203521|203953,101162|1626162|202693|203078|203504,202328|203503|203507|203521|203953,,,1610612764.0,21600346,True
2,PT06M52.00S,06:52,Q2 06:52,30.866666666666667,198,foul,Monroe L.B.FOUL (P2.T4) (M.Davis),[],Monroe,0,0,,False,False,202328.0,,rebound,substitution,203078.0,,,101162|1626162|202328|202693|203078|203503|203504|203507|203521|203953,202328|203503|203507|203521|203953,101162|1626162|202693|203078|203504,,,1610612749.0,21600346,True
2,PT06M52.00S,06:52,Q2 06:52,30.866666666666667,199,substitution,SUB out: G. Monroe,[],Monroe,0,0,,False,False,202328.0,,foul,substitution,,,,101162|1626162|202693|203078|203503|203504|203507|203521|203953,203503|203507|203521|203953,101162|1626162|202693|203078|203504,,,1610612749.0,21600346,False
2,PT06M52.00S,06:52,Q2 06:52,30.866666666666667,200,substitution,SUB in: J. Henson,[],Henson,0,0,,False,False,203089.0,,substitution,2pt missed,,,,101162|1626162|202693|203078|203089|203503|203504|203507|203521|203953,203089|203503|203507|203521|203953,101162|1626162|202693|203078|203504,,,1610612749.0,21600346,True
2,PT06M28.00S,06:28,Q2 06:28,30.46666666666667,201,2pt,MISS Beal 20' Jump Shot,[],Beal,0,0,Missed,True,False,203078.0,,substitution,rebound,,,,101162|1626162|202693|203078|203089|203503|203504|203507|203521|203953,101162|1626162|202693|203078|203504,203089|203503|203507|203521|203953,-168.0,110.0,1610612764.0,21600346,True
2,PT06M27.00S,06:27,Q2 06:27,30.45,202,rebound,Mark Morris REBOUND (Off:1 Def:2),[],Morris,0,0,,False,False,202693.0,,2pt missed,foul,,,,101162|1626162|202693|203078|203089|203503|203504|203507|203521|203953,101162|1626162|202693|203078|203504,203089|203503|203507|203521|203953,,,1610612764.0,21600346,True
2,PT06M27.00S,06:27,Q2 06:27,30.45,203,foul,Snell S.FOUL (P2.PN) (D.Collins),['inpenalty'],Snell,0,0,,False,False,203503.0,,rebound,freethrow,202693.0,,,101162|1626162|202693|203078|203089|203503|203504|203507|203521|203953,203089|203503|203507|203521|203953,101162|1626162|202693|203078|203504,,,1610612749.0,21600346,True
2,PT06M27.00S,06:27,Q2 06:27,30.45,204,freethrow,MISS Mark Morris Free Throw 1 of 2,[],Morris,0,0,Missed,False,False,202693.0,,foul,rebound,,,,101162|1626162|202693|203078|203089|203503|203504|203507|203521|203953,101162|1626162|202693|203078|203504,203089|203503|203507|203521|203953,,,1610612764.0,21600346,True
2,PT06M27.00S,06:27,Q2 06:27,30.45,205,rebound,TEAM offensive REBOUND,['team'],,0,0,,False,False,0.0,,freethrow,freethrow,,,,101162|1626162|202693|203078|203089|203503|203504|203507|203521|203953,101162|1626162|202693|203078|203504,203089|203503|203507|203521|203953,,,1610612764.0,21600346,True
2,PT06M27.00S,06:27,Q2 06:27,30.45,207,freethrow,Mark Morris Free Throw 2 of 2 (8 PTS),[],Morris,39,37,Made,False,False,202693.0,,rebound,substitution,,,,101162|1626162|202693|203078|203089|203503|203504|203507|203521|203953,101162|1626162|202693|203078|203504,203089|203503|203507|203521|203953,,,1610612764.0,21600346,True
2,PT06M27.00S,06:27,Q2 06:27,30.45,206,substitution,SUB out: T. Burke,[],Burke,0,0,,False,False,203504.0,,freethrow,substitution,,,,101162|1626162|202693|203078|203089|203503|203507|203521|203953,101162|1626162|202693|203078,203089|203503|203507|203521|203953,,,1610612764.0,21600346,False
2,PT06M27.00S,06:27,Q2 06:27,30.45,207,substitution,SUB in: J. Wall,[],Wall,0,0,,False,False,202322.0,,substitution,2pt missed,,,,101162|1626162|202322|202693|203078|203089|203503|203507|203521|203953,101162|1626162|202322|202693|203078,203089|203503|203507|203521|203953,,,1610612764.0,21600346,True
2,PT06M09.00S,06:09,Q2 06:09,30.15,210,2pt,MISS Antetokounmpo 6' Jump Shot,['pointsinthepaint'],Antetokounmpo,0,0,Missed,True,False,203507.0,,substitution,rebound,,,,101162|1626162|202322|202693|203078|203089|203503|203507|203521|203953,203089|203503|203507|203521|203953,101162|1626162|202322|202693|203078,17.0,61.0,1610612749.0,21600346,True
2,PT06M07.00S,06:07,Q2 06:07,30.116666666666667,211,rebound,Henson REBOUND (Off:1 Def:2),[],Henson,0,0,,False,False,203089.0,,2pt missed,2pt made,,,,101162|1626162|202322|202693|203078|203089|203503|203507|203521|203953,203089|203503|203507|203521|203953,101162|1626162|202322|202693|203078,,,1610612749.0,21600346,True
2,PT06M06.00S,06:06,Q2 06:06,30.1,212,2pt,Henson 1' Tip Layup Shot (8 PTS),['pointsinthepaint'],Henson,39,39,Made,True,False,203089.0,,rebound,turnover,,,,101162|1626162|202322|202693|203078|203089|203503|203507|203521|203953,203089|203503|203507|203521|203953,101162|1626162|202322|202693|203078,0.0,-6.0,1610612749.0,21600346,True
2,PT05M57.00S,05:57,Q2 05:57,29.95,213,turnover,Gortat Traveling Turnover (P1.T3),[],Gortat,0,0,,False,False,101162.0,,2pt made,timeout,,,,101162|1626162|202322|202693|203078|203089|203503|203507|203521|203953,101162|1626162|202322|202693|203078,203089|203503|203507|203521|203953,,,1610612764.0,21600346,True
2,PT05M57.00S,05:57,Q2 05:57,29.95,214,timeout,WIZARDS Timeout: Regular (Full 2 Short 0),[],,0,0,,False,False,0.0,,turnover,turnover,,,,101162|1626162|202322|202693|203078|203089|203503|203507|203521|203953,101162|1626162|202322|202693|203078,203089|203503|203507|203521|203953,,,1610612764.0,21600346,True
2,PT05M40.00S,05:40,Q2 05:40,29.666666666666668,217,turnover,Antetokounmpo Traveling Turnover (P2.T9),[],Antetokounmpo,0,0,,False,False,203507.0,,timeout,2pt missed,,,,101162|1626162|202322|202693|203078|203089|203503|203507|203521|203953,203089|203503|203507|203521|203953,101162|1626162|202322|202693|203078,,,1610612749.0,21600346,True
2,PT05M23.00S,05:23,Q2 05:23,29.383333333333333,218,2pt,MISS Wall 1' Layup,['pointsinthepaint'],Wall,0,0,Missed,True,False,202322.0,,turnover,rebound,,,,101162|1626162|202322|202693|203078|203089|203503|203507|203521|203953,101162|1626162|202322|202693|203078,203089|203503|203507|203521|203953,-14.0,3.0,1610612764.0,21600346,True
2,PT05M22.00S,05:22,Q2 05:22,29.366666666666667,219,rebound,Mark Morris REBOUND (Off:2 Def:2),[],Morris,0,0,,False,False,202693.0,,2pt missed,2pt missed,,,,101162|1626162|202322|202693|203078|203089|203503|203507|203521|203953,101162|1626162|202322|202693|203078,203089|203503|203507|203521|203953,,,1610612764.0,21600346,True
2,PT05M20.00S,05:20,Q2 05:20,29.333333333333332,220,2pt,MISS Mark Morris 1' Layup,['pointsinthepaint'],Morris,0,0,Missed,True,False,202693.0,,rebound,rebound,,,,101162|1626162|202322|202693|203078|203089|203503|203507|203521|203953,101162|1626162|202322|202693|203078,203089|203503|203507|203521|203953,-4.0,7.0,1610612764.0,21600346,True
2,PT05M20.00S,05:20,Q2 05:20,29.333333333333332,221,rebound,Oubre Jr. REBOUND (Off:1 Def:6),[],Oubre Jr.,0,0,,False,False,1626162.0,,2pt missed,2pt made,,,,101162|1626162|202322|202693|203078|203089|203503|203507|203521|203953,101162|1626162|202322|202693|203078,203089|203503|203507|203521|203953,,,1610612764.0,21600346,True
2,PT05M18.00S,05:18,Q2 05:18,29.3,222,2pt,Oubre Jr. 1' Putback Layup (9 PTS),['pointsinthepaint'],Oubre Jr.,41,39,Made,True,False,1626162.0,,rebound,foul,,,,101162|1626162|202322|202693|203078|203089|203503|203507|203521|203953,101162|1626162|202322|202693|203078,203089|203503|203507|203521|203953,-12.0,-6.0,1610612764.0,21600346,True
2,PT05M10.00S,05:10,Q2 05:10,29.166666666666668,223,foul,Oubre Jr. S.FOUL (P2.T4) (D.Collins),[],Oubre Jr.,0,0,,False,False,1626162.0,,2pt made,freethrow,203953.0,,,101162|1626162|202322|202693|203078|203089|203503|203507|203521|203953,101162|1626162|202322|202693|203078,203089|203503|203507|203521|203953,,,1610612764.0,21600346,True
2,PT05M10.00S,05:10,Q2 05:10,29.166666666666668,224,freethrow,MISS Parker Free Throw 1 of 2,[],Parker,0,0,Missed,False,False,203953.0,,foul,rebound,,,,101162|1626162|202322|202693|203078|203089|203503|203507|203521|203953,203089|203503|203507|203521|203953,101162|1626162|202322|202693|203078,,,1610612749.0,21600346,True
2,PT05M10.00S,05:10,Q2 05:10,29.166666666666668,225,rebound,TEAM offensive REBOUND,['team'],,0,0,,False,False,0.0,,freethrow,freethrow,,,,101162|1626162|202322|202693|203078|203089|203503|203507|203521|203953,203089|203503|203507|203521|203953,101162|1626162|202322|202693|203078,,,1610612749.0,21600346,True
2,PT05M10.00S,05:10,Q2 05:10,29.166666666666668,226,freethrow,Parker Free Throw 2 of 2 (6 PTS),['2ndchance'],Parker,41,40,Made,False,False,203953.0,,rebound,2pt missed,,,,101162|1626162|202322|202693|203078|203089|203503|203507|203521|203953,203089|203503|203507|203521|203953,101162|1626162|202322|202693|203078,,,1610612749.0,21600346,True
2,PT04M58.00S,04:58,Q2 04:58,28.96666666666667,229,2pt,MISS Beal 1' Layup,['pointsinthepaint'],Beal,0,0,Missed,True,False,203078.0,,freethrow,rebound,,,,101162|1626162|202322|202693|203078|203089|203503|203507|203521|203953,101162|1626162|202322|202693|203078,203089|203503|203507|203521|203953,6.0,7.0,1610612764.0,21600346,True
2,PT04M57.00S,04:57,Q2 04:57,28.95,230,rebound,Snell REBOUND (Off:0 Def:4),[],Snell,0,0,,False,False,203503.0,,2pt missed,3pt missed,,,,101162|1626162|202322|202693|203078|203089|203503|203507|203521|203953,203089|203503|203507|203521|203953,101162|1626162|202322|202693|203078,,,1610612749.0,21600346,True
2,PT04M45.00S,04:45,Q2 04:45,28.75,231,3pt,MISS Parker 26' 3PT Jump Shot,[],Parker,0,0,Missed,True,False,203953.0,,rebound,rebound,,,,101162|1626162|202322|202693|203078|203089|203503|203507|203521|203953,203089|203503|203507|203521|203953,101162|1626162|202322|202693|203078,-91.0,244.0,1610612749.0,21600346,True
2,PT04M44.00S,04:44,Q2 04:44,28.733333333333334,232,rebound,Mark Morris REBOUND (Off:2 Def:3),[],Morris,0,0,,False,False,202693.0,,3pt missed,foul,,,,101162|1626162|202322|202693|203078|203089|203503|203507|203521|203953,101162|1626162|202322|202693|203078,203089|203503|203507|203521|203953,,,1610612764.0,21600346,True
2,PT04M44.00S,04:44,Q2 04:44,28.733333333333334,233,foul,Henson P.FOUL (P1.PN) (D.Richardson),['inpenalty'],Henson,0,0,,False,False,203089.0,,rebound,freethrow,202693.0,,,101162|1626162|202322|202693|203078|203089|203503|203507|203521|203953,203089|203503|203507|203521|203953,101162|1626162|202322|202693|203078,,,1610612749.0,21600346,True
2,PT04M44.00S,04:44,Q2 04:44,28.733333333333334,234,freethrow,MISS Mark Morris Free Throw 1 of 2,[],Morris,0,0,Missed,False,False,202693.0,,foul,rebound,,,,101162|1626162|202322|202693|203078|203089|203503|203507|203521|203953,101162|1626162|202322|202693|203078,203089|203503|203507|203521|203953,,,1610612764.0,21600346,True
2,PT04M44.00S,04:44,Q2 04:44,28.733333333333334,235,rebound,TEAM offensive REBOUND,['team'],,0,0,,False,False,0.0,,freethrow,freethrow,,,,101162|1626162|202322|202693|203078|203089|203503|203507|203521|203953,101162|1626162|202322|202693|203078,203089|203503|203507|203521|203953,,,1610612764.0,21600346,True
2,PT04M44.00S,04:44,Q2 04:44,28.733333333333334,236,freethrow,Mark Morris Free Throw 2 of 2 (9 PTS),['2ndchance'],Morris,42,40,Made,False,False,202693.0,,rebound,2pt missed,,,,101162|1626162|202322|202693|203078|203089|203503|203507|203521|203953,101162|1626162|202322|202693|203078,203089|203503|203507|203521|203953,,,1610612764.0,21600346,True
2,PT04M32.00S,04:32,Q2 04:32,28.53333333333333,239,2pt,MISS Antetokounmpo 3' Layup,['pointsinthepaint'],Antetokounmpo,0,0,Missed,True,False,203507.0,,freethrow,rebound,,,,101162|1626162|202322|202693|203078|203089|203503|203507|203521|203953,203089|203503|203507|203521|203953,101162|1626162|202322|202693|203078,-25.0,8.0,1610612749.0,21600346,True
2,PT04M31.00S,04:31,Q2 04:31,28.516666666666666,240,rebound,Henson REBOUND (Off:2 Def:2),[],Henson,0,0,,False,False,203089.0,,2pt missed,2pt made,,,,101162|1626162|202322|202693|203078|203089|203503|203507|203521|203953,203089|203503|203507|203521|203953,101162|1626162|202322|202693|203078,,,1610612749.0,21600346,True
2,PT04M30.00S,04:30,Q2 04:30,28.5,241,2pt,Henson 1' Tip Layup Shot (10 PTS),['pointsinthepaint'],Henson,42,42,Made,True,False,203089.0,,rebound,3pt missed,,,,101162|1626162|202322|202693|203078|203089|203503|203507|203521|203953,203089|203503|203507|203521|203953,101162|1626162|202322|202693|203078,-4.0,13.0,1610612749.0,21600346,True
2,PT04M22.00S,04:22,Q2 04:22,28.366666666666667,242,3pt,MISS Oubre Jr. 25' 3PT Jump Shot,[],Oubre Jr.,0,0,Missed,True,False,1626162.0,,2pt made,rebound,,,,101162|1626162|202322|202693|203078|203089|203503|203507|203521|203953,101162|1626162|202322|202693|203078,203089|203503|203507|203521|203953,-245.0,28.0,1610612764.0,21600346,True
2,PT04M21.00S,04:21,Q2 04:21,28.35,243,rebound,Gortat REBOUND (Off:5 Def:2),[],Gortat,0,0,,False,False,101162.0,,3pt missed,turnover,,,,101162|1626162|202322|202693|203078|203089|203503|203507|203521|203953,101162|1626162|202322|202693|203078,203089|203503|203507|203521|203953,,,1610612764.0,21600346,True
2,PT04M13.00S,04:13,Q2 04:13,28.21666666666667,244,turnover,Gortat Out of Bounds - Bad Pass Turnover Turnover (P2.T4),[],Gortat,0,0,,False,False,101162.0,,rebound,2pt made,,,,101162|1626162|202322|202693|203078|203089|203503|203507|203521|203953,101162|1626162|202322|202693|203078,203089|203503|203507|203521|203953,,,1610612764.0,21600346,True
2,PT04M03.00S,04:03,Q2 04:03,28.05,246,2pt,Antetokounmpo  Cutting Dunk Shot (6 PTS) (Dellavedova 3 AST),['pointsinthepaint'],Antetokounmpo,42,44,Made,True,True,203507.0,203521.0,turnover,substitution,,,,101162|1626162|202322|202693|203078|203089|203503|203507|203521|203953,203089|203503|203507|203521|203953,101162|1626162|202322|202693|203078,0.0,1.0,1610612749.0,21600346,True
2,PT03M46.00S,03:46,Q2 03:46,27.766666666666666,248,substitution,SUB out: K. Oubre Jr.,[],Oubre Jr.,0,0,,False,False,1626162.0,,2pt made,substitution,,,,101162|202322|202693|203078|203089|203503|203507|203521|203953,101162|202322|202693|203078,203089|203503|203507|203521|203953,,,1610612764.0,21600346,False
2,PT03M46.00S,03:46,Q2 03:46,27.766666666666666,249,substitution,SUB in: O. Porter Jr.,[],Porter Jr.,0,0,,False,False,203490.0,,substitution,2pt made,,,,101162|202322|202693|203078|203089|203490|203503|203507|203521|203953,101162|202322|202693|203078|203490,203089|203503|203507|203521|203953,,,1610612764.0,21600346,True
2,PT03M42.00S,03:42,Q2 03:42,27.7,249,2pt,Beal 3' Turnaround Jump Shot (11 PTS) (Porter Jr. 1 AST),['pointsinthepaint'],Beal,44,44,Made,True,True,203078.0,203490.0,substitution,2pt made,,,,101162|202322|202693|203078|203089|203490|203503|203507|203521|203953,101162|202322|202693|203078|203490,203089|203503|203507|203521|203953,-20.0,28.0,1610612764.0,21600346,True
2,PT03M23.00S,03:23,Q2 03:23,27.383333333333333,251,2pt,Parker 2' Cutting Layup Shot (8 PTS) (Dellavedova 4 AST),['pointsinthepaint'],Parker,44,46,Made,True,True,203953.0,203521.0,2pt made,turnover,,,,101162|202322|202693|203078|203089|203490|203503|203507|203521|203953,203089|203503|203507|203521|203953,101162|202322|202693|203078|203490,-14.0,11.0,1610612749.0,21600346,True
2,PT03M15.00S,03:15,Q2 03:15,27.25,253,turnover,Beal Out of Bounds - Bad Pass Turnover Turnover (P1.T5),[],Beal,0,0,,False,False,203078.0,,2pt made,turnover,,,,101162|202322|202693|203078|203089|203490|203503|203507|203521|203953,101162|202322|202693|203078|203490,203089|203503|203507|203521|203953,,,1610612764.0,21600346,True
2,PT02M55.00S,02:55,Q2 02:55,26.916666666666668,254,turnover,Parker Lost Ball Turnover (P3.T10),[],Parker,0,0,,False,False,203953.0,,turnover,steal,,,,101162|202322|202693|203078|203089|203490|203503|203507|203521|203953,203089|203503|203507|203521|203953,101162|202322|202693|203078|203490,,,1610612749.0,21600346,True
2,PT02M55.00S,02:55,Q2 02:55,26.916666666666668,254,steal,Porter Jr. STEAL (1 STL),[],Porter Jr.,0,0,,False,False,203490.0,,turnover,foul,,203490.0,,101162|202322|202693|203078|203089|203490|203503|203507|203521|203953,101162|202322|202693|203078|203490,203089|203503|203507|203521|203953,,,1610612764.0,21600346,True
2,PT02M51.00S,02:51,Q2 02:51,26.85,255,foul,Dellavedova S.FOUL (P1.PN) (D.Richardson),['inpenalty'],Dellavedova,0,0,,False,False,203521.0,,steal,timeout,202322.0,,,101162|202322|202693|203078|203089|203490|203503|203507|203521|203953,203089|203503|203507|203521|203953,101162|202322|202693|203078|203490,,,1610612749.0,21600346,True
2,PT02M51.00S,02:51,Q2 02:51,26.85,256,timeout,Bucks Timeout: Regular (Reg.2 Short 0),[],,0,0,,False,False,0.0,,foul,freethrow,,,,101162|202322|202693|203078|203089|203490|203503|203507|203521|203953,203089|203503|203507|203521|203953,101162|202322|202693|203078|203490,,,1610612749.0,21600346,True
2,PT02M51.00S,02:51,Q2 02:51,26.85,258,freethrow,Wall Free Throw 1 of 2 (5 PTS),[],Wall,45,46,Made,False,False,202322.0,,timeout,freethrow,,,,101162|202322|202693|203078|203089|203490|203503|203507|203521|203953,101162|202322|202693|203078|203490,203089|203503|203507|203521|203953,,,1610612764.0,21600346,True
2,PT02M51.00S,02:51,Q2 02:51,26.85,260,freethrow,Wall Free Throw 2 of 2 (6 PTS),[],Wall,46,46,Made,False,False,202322.0,,freethrow,substitution,,,,101162|202322|202693|203078|203089|203490|203503|203507|203521|203953,101162|202322|202693|203078|203490,203089|203503|203507|203521|203953,,,1610612764.0,21600346,True
2,PT02M51.00S,02:51,Q2 02:51,26.85,257,substitution,SUB out: T. Snell,[],Snell,0,0,,False,False,203503.0,,freethrow,substitution,,,,101162|202322|202693|203078|203089|203490|203507|203521|203953,203089|203507|203521|203953,101162|202322|202693|203078|203490,,,1610612749.0,21600346,False
2,PT02M51.00S,02:51,Q2 02:51,26.85,258,substitution,SUB in: M. Brogdon,[],Brogdon,0,0,,False,False,1627763.0,,substitution,2pt missed,,,,101162|1627763|202322|202693|203078|203089|203490|203507|203521|203953,1627763|203089|203507|203521|203953,101162|202322|202693|203078|203490,,,1610612749.0,21600346,True
2,PT02M37.00S,02:37,Q2 02:37,26.616666666666667,263,2pt,MISS Antetokounmpo 7' Jump Shot,['pointsinthepaint'],Antetokounmpo,0,0,Missed,True,False,203507.0,,substitution,rebound,,,,101162|1627763|202322|202693|203078|203089|203490|203507|203521|203953,1627763|203089|203507|203521|203953,101162|202322|202693|203078|203490,12.0,70.0,1610612749.0,21600346,True
2,PT02M34.00S,02:34,Q2 02:34,26.566666666666666,264,rebound,Mark Morris REBOUND (Off:2 Def:4),[],Morris,0,0,,False,False,202693.0,,2pt missed,2pt made,,,,101162|1627763|202322|202693|203078|203089|203490|203507|203521|203953,101162|202322|202693|203078|203490,1627763|203089|203507|203521|203953,,,1610612764.0,21600346,True
2,PT02M26.00S,02:26,Q2 02:26,26.433333333333334,265,2pt,Gortat 4' Turnaround Bank Shot (4 PTS) (Wall 7 AST),['pointsinthepaint'],Gortat,48,46,Made,True,True,101162.0,202322.0,rebound,2pt missed,,,,101162|1627763|202322|202693|203078|203089|203490|203507|203521|203953,101162|202322|202693|203078|203490,1627763|203089|203507|203521|203953,-29.0,31.0,1610612764.0,21600346,True
2,PT02M05.00S,02:05,Q2 02:05,26.083333333333332,267,2pt,MISS Henson 4' Jump Shot,['pointsinthepaint'],Henson,0,0,Missed,True,False,203089.0,,2pt made,rebound,,,,101162|1627763|202322|202693|203078|203089|203490|203507|203521|203953,1627763|203089|203507|203521|203953,101162|202322|202693|203078|203490,35.0,21.0,1610612749.0,21600346,True
2,PT02M04.00S,02:04,Q2 02:04,26.066666666666666,268,rebound,Antetokounmpo REBOUND (Off:2 Def:2),[],Antetokounmpo,0,0,,False,False,203507.0,,2pt missed,2pt made,,,,101162|1627763|202322|202693|203078|203089|203490|203507|203521|203953,1627763|203089|203507|203521|203953,101162|202322|202693|203078|203490,,,1610612749.0,21600346,True
2,PT02M03.00S,02:03,Q2 02:03,26.05,269,2pt,Antetokounmpo  Putback Dunk (8 PTS),['pointsinthepaint'],Antetokounmpo,48,48,Made,True,False,203507.0,,rebound,foul,,,,101162|1627763|202322|202693|203078|203089|203490|203507|203521|203953,1627763|203089|203507|203521|203953,101162|202322|202693|203078|203490,0.0,1.0,1610612749.0,21600346,True
2,PT01M46.00S,01:46,Q2 01:46,25.766666666666666,270,foul,Brogdon P.FOUL (P1.PN) (M.Davis),['inpenalty'],Brogdon,0,0,,False,False,1627763.0,,2pt made,freethrow,203078.0,,,101162|1627763|202322|202693|203078|203089|203490|203507|203521|203953,1627763|203089|203507|203521|203953,101162|202322|202693|203078|203490,,,1610612749.0,21600346,True
2,PT01M46.00S,01:46,Q2 01:46,25.766666666666666,271,freethrow,Beal Free Throw 1 of 2 (12 PTS),[],Beal,49,48,Made,False,False,203078.0,,foul,freethrow,,,,101162|1627763|202322|202693|203078|203089|203490|203507|203521|203953,101162|202322|202693|203078|203490,1627763|203089|203507|203521|203953,,,1610612764.0,21600346,True
2,PT01M46.00S,01:46,Q2 01:46,25.766666666666666,273,freethrow,Beal Free Throw 2 of 2 (13 PTS),[],Beal,50,48,Made,False,False,203078.0,,freethrow,2pt made,,,,101162|1627763|202322|202693|203078|203089|203490|203507|203521|203953,101162|202322|202693|203078|203490,1627763|203089|203507|203521|203953,,,1610612764.0,21600346,True
2,PT01M27.00S,01:27,Q2 01:27,25.45,276,2pt,Henson 4' Hook Shot (12 PTS) (Antetokounmpo 2 AST),['pointsinthepaint'],Henson,50,50,Made,True,True,203089.0,203507.0,freethrow,2pt missed,,,,101162|1627763|202322|202693|203078|203089|203490|203507|203521|203953,1627763|203089|203507|203521|203953,101162|202322|202693|203078|203490,40.0,16.0,1610612749.0,21600346,True
2,PT01M06.00S,01:06,Q2 01:06,25.1,277,2pt,MISS Mark Morris 11' Jump Shot,[],Morris,0,0,Missed,True,False,202693.0,,2pt made,rebound,,,,101162|1627763|202322|202693|203078|203089|203490|203507|203521|203953,101162|202322|202693|203078|203490,1627763|203089|203507|203521|203953,-110.0,13.0,1610612764.0,21600346,True
2,PT01M06.00S,01:06,Q2 01:06,25.1,278,rebound,Antetokounmpo REBOUND (Off:2 Def:3),[],Antetokounmpo,0,0,,False,False,203507.0,,2pt missed,foul,,,,101162|1627763|202322|202693|203078|203089|203490|203507|203521|203953,1627763|203089|203507|203521|203953,101162|202322|202693|203078|203490,,,1610612749.0,21600346,True
2,PT01M03.00S,01:03,Q2 01:03,25.05,279,foul,Gortat P.FOUL (P2.PN) (D.Collins),['inpenalty'],Gortat,0,0,,False,False,101162.0,,rebound,freethrow,203507.0,,,101162|1627763|202322|202693|203078|203089|203490|203507|203521|203953,101162|202322|202693|203078|203490,1627763|203089|203507|203521|203953,,,1610612764.0,21600346,True
2,PT01M03.00S,01:03,Q2 01:03,25.05,280,freethrow,Antetokounmpo Free Throw 1 of 2 (9 PTS),[],Antetokounmpo,50,51,Made,False,False,203507.0,,foul,freethrow,,,,101162|1627763|202322|202693|203078|203089|203490|203507|203521|203953,1627763|203089|203507|203521|203953,101162|202322|202693|203078|203490,,,1610612749.0,21600346,True
2,PT01M03.00S,01:03,Q2 01:03,25.05,282,freethrow,Antetokounmpo Free Throw 2 of 2 (10 PTS),[],Antetokounmpo,50,52,Made,False,False,203507.0,,freethrow,2pt missed,,,,101162|1627763|202322|202693|203078|203089|203490|203507|203521|203953,1627763|203089|203507|203521|203953,101162|202322|202693|203078|203490,,,1610612749.0,21600346,True
2,PT00M42.10S,00:42,Q2 00:42,24.701666666666668,285,2pt,MISS Mark Morris 2' Layup,['pointsinthepaint'],Morris,0,0,Missed,True,False,202693.0,,freethrow,block,,,,101162|1627763|202322|202693|203078|203089|203490|203507|203521|203953,101162|202322|202693|203078|203490,1627763|203089|203507|203521|203953,17.0,2.0,1610612764.0,21600346,True
2,PT00M42.10S,00:42,Q2 00:42,24.701666666666668,285,block,Henson BLOCK (2 BLK),[],Henson,0,0,,False,False,203089.0,,2pt missed,rebound,,,203089.0,101162|1627763|202322|202693|203078|203089|203490|203507|203521|203953,1627763|203089|203507|203521|203953,101162|202322|202693|203078|203490,,,1610612749.0,21600346,True
2,PT00M41.10S,00:41,Q2 00:41,24.685,286,rebound,Gortat REBOUND (Off:6 Def:2),[],Gortat,0,0,,False,False,101162.0,,block,2pt made,,,,101162|1627763|202322|202693|203078|203089|203490|203507|203521|203953,101162|202322|202693|203078|203490,1627763|203089|203507|203521|203953,,,1610612764.0,21600346,True
2,PT00M34.60S,00:34,Q2 00:34,24.576666666666668,288,2pt,Wall 1' Driving Layup (8 PTS),['pointsinthepaint'],Wall,52,52,Made,True,False,202322.0,,rebound,2pt missed,,,,101162|1627763|202322|202693|203078|203089|203490|203507|203521|203953,101162|202322|202693|203078|203490,1627763|203089|203507|203521|203953,2.0,7.0,1610612764.0,21600346,True
2,PT00M21.00S,00:21,Q2 00:21,24.35,290,2pt,MISS Henson 1' Layup,['pointsinthepaint'],Henson,0,0,Missed,True,False,203089.0,,2pt made,block,,,,101162|1627763|202322|202693|203078|203089|203490|203507|203521|203953,1627763|203089|203507|203521|203953,101162|202322|202693|203078|203490,-7.0,11.0,1610612749.0,21600346,True
2,PT00M21.00S,00:21,Q2 00:21,24.35,290,block,Porter Jr. BLOCK (1 BLK),[],Porter Jr.,0,0,,False,False,203490.0,,2pt missed,rebound,,,203490.0,101162|1627763|202322|202693|203078|203089|203490|203507|203521|203953,101162|202322|202693|203078|203490,1627763|203089|203507|203521|203953,,,1610612764.0,21600346,True
2,PT00M21.00S,00:21,Q2 00:21,24.35,291,rebound,TEAM offensive REBOUND,['team'],,0,0,,False,False,0.0,,block,foul,,,,101162|1627763|202322|202693|203078|203089|203490|203507|203521|203953,1627763|203089|203507|203521|203953,101162|202322|202693|203078|203490,,,1610612749.0,21600346,True
2,PT00M21.00S,00:21,Q2 00:21,24.35,292,foul,Henson T.FOUL (P1.PN) (M.Davis),['inpenalty'],Henson,0,0,,False,False,203089.0,,rebound,freethrow,203078.0,,,101162|1627763|202322|202693|203078|203089|203490|203507|203521|203953,1627763|203089|203507|203521|203953,101162|202322|202693|203078|203490,,,1610612749.0,21600346,True
2,PT00M21.00S,00:21,Q2 00:21,24.35,293,freethrow,MISS Beal Free Throw Technical,[],Beal,0,0,Missed,False,False,203078.0,,foul,rebound,,,,101162|1627763|202322|202693|203078|203089|203490|203507|203521|203953,101162|202322|202693|203078|203490,1627763|203089|203507|203521|203953,,,1610612764.0,21600346,True
2,PT00M21.00S,00:21,Q2 00:21,24.35,294,rebound,TEAM defensive REBOUND,['team'],,0,0,,False,False,0.0,,freethrow,substitution,,,,101162|1627763|202322|202693|203078|203089|203490|203507|203521|203953,1627763|203089|203507|203521|203953,101162|202322|202693|203078|203490,,,1610612749.0,21600346,True
2,PT00M21.00S,00:21,Q2 00:21,24.35,295,substitution,SUB out: M. Gortat,[],Gortat,0,0,,False,False,101162.0,,rebound,substitution,,,,1627763|202322|202693|203078|203089|203490|203507|203521|203953,202322|202693|203078|203490,1627763|203089|203507|203521|203953,,,1610612764.0,21600346,False
2,PT00M21.00S,00:21,Q2 00:21,24.35,296,substitution,SUB in: J. Smith,[],Smith,0,0,,False,False,201160.0,,substitution,foul,,,,1627763|201160|202322|202693|203078|203089|203490|203507|203521|203953,201160|202322|202693|203078|203490,1627763|203089|203507|203521|203953,,,1610612764.0,21600346,True
2,PT00M16.60S,00:16,Q2 00:16,24.276666666666667,297,foul,Porter Jr. S.FOUL (P1.PN) (D.Collins),['inpenalty'],Porter Jr.,0,0,,False,False,203490.0,,substitution,freethrow,203507.0,,,1627763|201160|202322|202693|203078|203089|203490|203507|203521|203953,201160|202322|202693|203078|203490,1627763|203089|203507|203521|203953,,,1610612764.0,21600346,True
2,PT00M16.60S,00:16,Q2 00:16,24.276666666666667,298,freethrow,MISS Antetokounmpo Free Throw 1 of 2,[],Antetokounmpo,0,0,Missed,False,False,203507.0,,foul,rebound,,,,1627763|201160|202322|202693|203078|203089|203490|203507|203521|203953,1627763|203089|203507|203521|203953,201160|202322|202693|203078|203490,,,1610612749.0,21600346,True
2,PT00M16.60S,00:16,Q2 00:16,24.276666666666667,299,rebound,TEAM offensive REBOUND,['team'],,0,0,,False,False,0.0,,freethrow,freethrow,,,,1627763|201160|202322|202693|203078|203089|203490|203507|203521|203953,1627763|203089|203507|203521|203953,201160|202322|202693|203078|203490,,,1610612749.0,21600346,True
2,PT00M16.60S,00:16,Q2 00:16,24.276666666666667,300,freethrow,MISS Antetokounmpo Free Throw 2 of 2,['2ndchance'],Antetokounmpo,0,0,Missed,False,False,203507.0,,rebound,rebound,,,,1627763|201160|202322|202693|203078|203089|203490|203507|203521|203953,1627763|203089|203507|203521|203953,201160|202322|202693|203078|203490,,,1610612749.0,21600346,True
2,PT00M15.90S,00:15,Q2 00:15,24.265,302,rebound,Mark Morris REBOUND (Off:2 Def:5),[],Morris,0,0,,False,False,202693.0,,freethrow,2pt missed,,,,1627763|201160|202322|202693|203078|203089|203490|203507|203521|203953,201160|202322|202693|203078|203490,1627763|203089|203507|203521|203953,,,1610612764.0,21600346,True
2,PT00M01.00S,00:01,Q2 00:01,24.016666666666666,304,2pt,MISS Wall 20' Jump Shot,[],Wall,0,0,Missed,True,False,202322.0,,rebound,rebound,,,,1627763|201160|202322|202693|203078|203089|203490|203507|203521|203953,201160|202322|202693|203078|203490,1627763|203089|203507|203521|203953,24.0,203.0,1610612764.0,21600346,True
2,PT00M00.00S,00:00,Q2 00:00,24.0,305,rebound,TEAM offensive REBOUND,['team'],,0,0,,False,False,0.0,,2pt missed,period,,,,1627763|201160|202322|202693|203078|203089|203490|203507|203521|203953,201160|202322|202693|203078|203490,1627763|203089|203507|203521|203953,,,1610612764.0,21600346,True
2,PT00M00.00S,00:00,Q2 00:00,24.0,306,period,End of 2nd Period (8:08 PM EST),[],,52,52,,False,False,0.0,,rebound,period,,,,1627763|201160|202322|202693|203078|203089|203490|203507|203521|203953,201160|202322|202693|203078|203490,1627763|203089|203507|203521|203953,,,1610612764.0,21600346,True
3,PT12M00.00S,12:00,Q3 12:00,24.0,308,period,Start of 3rd Period (8:24 PM EST),[],,52,52,,False,False,0.0,,period,substitution,,,,1627763|201160|202322|202693|203078|203089|203490|203507|203521|203953,201160|202322|202693|203078|203490,1627763|203089|203507|203521|203953,,,1610612764.0,21600346,True
3,PT11M48.00S,11:48,Q3 11:48,23.8,309,2pt,MISS Parker 17' Jump Shot,[],Parker,0,0,Missed,True,False,203953.0,,substitution,rebound,,,,101162|202322|202693|203078|203089|203490|203503|203507|203521|203953,203089|203503|203507|203521|203953,101162|202322|202693|203078|203490,45.0,165.0,1610612749.0,21600346,True
3,PT11M47.00S,11:47,Q3 11:47,23.78333333333333,310,rebound,Gortat REBOUND (Off:6 Def:3),[],Gortat,0,0,,False,False,101162.0,,2pt missed,2pt missed,,,,101162|202322|202693|203078|203089|203490|203503|203507|203521|203953,101162|202322|202693|203078|203490,203089|203503|203507|203521|203953,,,1610612764.0,21600346,True
3,PT11M31.00S,11:31,Q3 11:31,23.516666666666666,311,2pt,MISS Porter Jr. 19' Jump Shot,[],Porter Jr.,0,0,Missed,True,False,203490.0,,rebound,rebound,,,,101162|202322|202693|203078|203089|203490|203503|203507|203521|203953,101162|202322|202693|203078|203490,203089|203503|203507|203521|203953,191.0,21.0,1610612764.0,21600346,True
3,PT11M30.00S,11:30,Q3 11:30,23.5,312,rebound,Dellavedova REBOUND (Off:0 Def:1),[],Dellavedova,0,0,,False,False,203521.0,,2pt missed,2pt made,,,,101162|202322|202693|203078|203089|203490|203503|203507|203521|203953,203089|203503|203507|203521|203953,101162|202322|202693|203078|203490,,,1610612749.0,21600346,True
3,PT11M06.00S,11:06,Q3 11:06,23.1,314,2pt,Antetokounmpo 1' Finger Roll Layup (12 PTS),['pointsinthepaint'],Antetokounmpo,52,54,Made,True,False,203507.0,,rebound,2pt made,,,,101162|202322|202693|203078|203089|203490|203503|203507|203521|203953,203089|203503|203507|203521|203953,101162|202322|202693|203078|203490,9.0,7.0,1610612749.0,21600346,True
3,PT10M47.00S,10:47,Q3 10:47,22.78333333333333,315,2pt,Mark Morris 10' Pullup Jump Shot (11 PTS) (Beal 2 AST),[],Morris,54,54,Made,True,True,202693.0,203078.0,2pt made,2pt made,,,,101162|202322|202693|203078|203089|203490|203503|203507|203521|203953,101162|202322|202693|203078|203490,203089|203503|203507|203521|203953,97.0,21.0,1610612764.0,21600346,True
3,PT10M34.00S,10:34,Q3 10:34,22.566666666666666,316,2pt,Antetokounmpo  Dunk (14 PTS),['pointsinthepaint'],Antetokounmpo,54,56,Made,True,False,203507.0,,2pt made,3pt missed,,,,101162|202322|202693|203078|203089|203490|203503|203507|203521|203953,203089|203503|203507|203521|203953,101162|202322|202693|203078|203490,0.0,1.0,1610612749.0,21600346,True
3,PT10M18.00S,10:18,Q3 10:18,22.3,318,3pt,MISS Porter Jr. 24' 3PT Jump Shot,[],Porter Jr.,0,0,Missed,True,False,203490.0,,2pt made,rebound,,,,101162|202322|202693|203078|203089|203490|203503|203507|203521|203953,101162|202322|202693|203078|203490,203089|203503|203507|203521|203953,-241.0,41.0,1610612764.0,21600346,True
3,PT10M17.00S,10:17,Q3 10:17,22.28333333333333,319,rebound,Snell REBOUND (Off:0 Def:5),[],Snell,0,0,,False,False,203503.0,,3pt missed,2pt made,,,,101162|202322|202693|203078|203089|203490|203503|203507|203521|203953,203089|203503|203507|203521|203953,101162|202322|202693|203078|203490,,,1610612749.0,21600346,True
3,PT09M55.00S,09:55,Q3 09:55,21.916666666666664,320,2pt,Henson 6' Jump Shot (14 PTS) (Antetokounmpo 3 AST),['pointsinthepaint'],Henson,54,58,Made,True,True,203089.0,203507.0,rebound,turnover,,,,101162|202322|202693|203078|203089|203490|203503|203507|203521|203953,203089|203503|203507|203521|203953,101162|202322|202693|203078|203490,1.0,57.0,1610612749.0,21600346,True
3,PT09M38.00S,09:38,Q3 09:38,21.633333333333333,321,turnover,Mark Morris Out of Bounds - Bad Pass Turnover Turnover (P1.T6),[],Morris,0,0,,False,False,202693.0,,2pt made,turnover,,,,101162|202322|202693|203078|203089|203490|203503|203507|203521|203953,101162|202322|202693|203078|203490,203089|203503|203507|203521|203953,,,1610612764.0,21600346,True
3,PT09M13.00S,09:13,Q3 09:13,21.21666666666667,323,turnover,Dellavedova Bad Pass Turnover (P1.T11),[],Dellavedova,0,0,,False,False,203521.0,,turnover,steal,,,,101162|202322|202693|203078|203089|203490|203503|203507|203521|203953,203089|203503|203507|203521|203953,101162|202322|202693|203078|203490,,,1610612749.0,21600346,True
3,PT09M13.00S,09:13,Q3 09:13,21.21666666666667,323,steal,Porter Jr. STEAL (2 STL),[],Porter Jr.,0,0,,False,False,203490.0,,turnover,foul,,203490.0,,101162|202322|202693|203078|203089|203490|203503|203507|203521|203953,101162|202322|202693|203078|203490,203089|203503|203507|203521|203953,,,1610612764.0,21600346,True
3,PT09M12.00S,09:12,Q3 09:12,21.2,324,foul,Antetokounmpo P.FOUL (P1.T1) (D.Collins),[],Antetokounmpo,0,0,,False,False,203507.0,,steal,2pt missed,202693.0,,,101162|202322|202693|203078|203089|203490|203503|203507|203521|203953,203089|203503|203507|203521|203953,101162|202322|202693|203078|203490,,,1610612749.0,21600346,True
3,PT08M51.00S,08:51,Q3 08:51,20.85,326,2pt,MISS Mark Morris 16' Jump Shot,[],Morris,0,0,Missed,True,False,202693.0,,foul,rebound,,,,101162|202322|202693|203078|203089|203490|203503|203507|203521|203953,101162|202322|202693|203078|203490,203089|203503|203507|203521|203953,79.0,139.0,1610612764.0,21600346,True
3,PT08M50.00S,08:50,Q3 08:50,20.833333333333336,327,rebound,Antetokounmpo REBOUND (Off:2 Def:4),[],Antetokounmpo,0,0,,False,False,203507.0,,2pt missed,2pt made,,,,101162|202322|202693|203078|203089|203490|203503|203507|203521|203953,203089|203503|203507|203521|203953,101162|202322|202693|203078|203490,,,1610612749.0,21600346,True
3,PT08M43.00S,08:43,Q3 08:43,20.71666666666667,328,2pt,Antetokounmpo  Driving Layup (16 PTS),['pointsinthepaint'],Antetokounmpo,54,60,Made,True,False,203507.0,,rebound,turnover,,,,101162|202322|202693|203078|203089|203490|203503|203507|203521|203953,203089|203503|203507|203521|203953,101162|202322|202693|203078|203490,-2.0,2.0,1610612749.0,21600346,True
3,PT08M16.00S,08:16,Q3 08:16,20.266666666666666,330,turnover,WIZARDS Turnover: Shot Clock (T#7),[],,0,0,,False,False,1610612764.0,,2pt made,turnover,,,,101162|202322|202693|203078|203089|203490|203503|203507|203521|203953,101162|202322|202693|203078|203490,203089|203503|203507|203521|203953,,,0.0,21600346,True
3,PT08M09.00S,08:09,Q3 08:09,20.15,331,turnover,Antetokounmpo Traveling Turnover (P3.T12),[],Antetokounmpo,0,0,,False,False,203507.0,,turnover,2pt missed,,,,101162|202322|202693|203078|203089|203490|203503|203507|203521|203953,203089|203503|203507|203521|203953,101162|202322|202693|203078|203490,,,1610612749.0,21600346,True
3,PT07M57.00S,07:57,Q3 07:57,19.95,332,2pt,MISS Wall 6' Jump Shot,['pointsinthepaint'],Wall,0,0,Missed,True,False,202322.0,,turnover,rebound,,,,101162|202322|202693|203078|203089|203490|203503|203507|203521|203953,101162|202322|202693|203078|203490,203089|203503|203507|203521|203953,19.0,61.0,1610612764.0,21600346,True
3,PT07M56.00S,07:56,Q3 07:56,19.933333333333334,333,rebound,Antetokounmpo REBOUND (Off:2 Def:5),[],Antetokounmpo,0,0,,False,False,203507.0,,2pt missed,turnover,,,,101162|202322|202693|203078|203089|203490|203503|203507|203521|203953,203089|203503|203507|203521|203953,101162|202322|202693|203078|203490,,,1610612749.0,21600346,True
3,PT07M42.00S,07:42,Q3 07:42,19.7,334,turnover,Henson Out of Bounds Lost Ball Turnover (P3.T13),[],Henson,0,0,,False,False,203089.0,,rebound,3pt missed,,,,101162|202322|202693|203078|203089|203490|203503|203507|203521|203953,203089|203503|203507|203521|203953,101162|202322|202693|203078|203490,,,1610612749.0,21600346,True
3,PT07M27.00S,07:27,Q3 07:27,19.45,335,3pt,MISS Beal 27' 3PT Jump Shot,[],Beal,0,0,Missed,True,False,203078.0,,turnover,rebound,,,,101162|202322|202693|203078|203089|203490|203503|203507|203521|203953,101162|202322|202693|203078|203490,203089|203503|203507|203521|203953,-171.0,208.0,1610612764.0,21600346,True
3,PT07M26.00S,07:26,Q3 07:26,19.433333333333334,336,rebound,Snell REBOUND (Off:0 Def:6),[],Snell,0,0,,False,False,203503.0,,3pt missed,2pt made,,,,101162|202322|202693|203078|203089|203490|203503|203507|203521|203953,203089|203503|203507|203521|203953,101162|202322|202693|203078|203490,,,1610612749.0,21600346,True
3,PT07M18.00S,07:18,Q3 07:18,19.3,337,2pt,Snell 1' Running Finger Roll Layup (2 PTS),['pointsinthepaint'],Snell,54,62,Made,True,False,203503.0,,rebound,timeout,,,,101162|202322|202693|203078|203089|203490|203503|203507|203521|203953,203089|203503|203507|203521|203953,101162|202322|202693|203078|203490,0.0,-6.0,1610612749.0,21600346,True
3,PT07M18.00S,07:18,Q3 07:18,19.3,338,timeout,WIZARDS Timeout: Regular (Full 3 Short 0),[],,0,0,,False,False,0.0,,2pt made,2pt made,,,,101162|202322|202693|203078|203089|203490|203503|203507|203521|203953,101162|202322|202693|203078|203490,203089|203503|203507|203521|203953,,,1610612764.0,21600346,True
3,PT07M09.00S,07:09,Q3 07:09,19.15,340,2pt,Gortat  Driving Dunk (6 PTS) (Beal 3 AST),['pointsinthepaint'],Gortat,56,62,Made,True,True,101162.0,203078.0,timeout,3pt missed,,,,101162|202322|202693|203078|203089|203490|203503|203507|203521|203953,101162|202322|202693|203078|203490,203089|203503|203507|203521|203953,0.0,1.0,1610612764.0,21600346,True
3,PT06M55.00S,06:55,Q3 06:55,18.916666666666668,341,3pt,MISS Parker 25' 3PT Jump Shot,[],Parker,0,0,Missed,True,False,203953.0,,2pt made,rebound,,,,101162|202322|202693|203078|203089|203490|203503|203507|203521|203953,203089|203503|203507|203521|203953,101162|202322|202693|203078|203490,-130.0,213.0,1610612749.0,21600346,True
3,PT06M54.00S,06:54,Q3 06:54,18.9,342,rebound,Gortat REBOUND (Off:6 Def:4),[],Gortat,0,0,,False,False,101162.0,,3pt missed,foul,,,,101162|202322|202693|203078|203089|203490|203503|203507|203521|203953,101162|202322|202693|203078|203490,203089|203503|203507|203521|203953,,,1610612764.0,21600346,True
3,PT06M43.00S,06:43,Q3 06:43,18.71666666666667,344,foul,Parker S.FOUL (P2.T2) (D.Richardson),[],Parker,0,0,,False,False,203953.0,,rebound,freethrow,202693.0,,,101162|202322|202693|203078|203089|203490|203503|203507|203521|203953,203089|203503|203507|203521|203953,101162|202322|202693|203078|203490,,,1610612749.0,21600346,True
3,PT06M43.00S,06:43,Q3 06:43,18.71666666666667,345,freethrow,Mark Morris Free Throw 1 of 2 (12 PTS),[],Morris,57,62,Made,False,False,202693.0,,foul,freethrow,,,,101162|202322|202693|203078|203089|203490|203503|203507|203521|203953,101162|202322|202693|203078|203490,203089|203503|203507|203521|203953,,,1610612764.0,21600346,True
3,PT06M43.00S,06:43,Q3 06:43,18.71666666666667,348,freethrow,Mark Morris Free Throw 2 of 2 (13 PTS),[],Morris,58,62,Made,False,False,202693.0,,freethrow,substitution,,,,101162|202322|202693|203078|203089|203490|203503|203507|203521|203953,101162|202322|202693|203078|203490,203089|203503|203507|203521|203953,,,1610612764.0,21600346,True
3,PT06M43.00S,06:43,Q3 06:43,18.71666666666667,347,substitution,SUB out: J. Parker,[],Parker,0,0,,False,False,203953.0,,freethrow,substitution,,,,101162|202322|202693|203078|203089|203490|203503|203507|203521,203089|203503|203507|203521,101162|202322|202693|203078|203490,,,1610612749.0,21600346,False
3,PT06M43.00S,06:43,Q3 06:43,18.71666666666667,348,substitution,SUB in: M. Teletovic,[],Teletovic,0,0,,False,False,203141.0,,substitution,2pt missed,,,,101162|202322|202693|203078|203089|203141|203490|203503|203507|203521,203089|203141|203503|203507|203521,101162|202322|202693|203078|203490,,,1610612749.0,21600346,True
3,PT06M31.00S,06:31,Q3 06:31,18.516666666666666,351,2pt,MISS Dellavedova 7' Jump Shot,['pointsinthepaint'],Dellavedova,0,0,Missed,True,False,203521.0,,substitution,rebound,,,,101162|202322|202693|203078|203089|203141|203490|203503|203507|203521,203089|203141|203503|203507|203521,101162|202322|202693|203078|203490,-17.0,65.0,1610612749.0,21600346,True
3,PT06M29.00S,06:29,Q3 06:29,18.483333333333334,352,rebound,TEAM offensive REBOUND,['team'],,0,0,,False,False,0.0,,2pt missed,turnover,,,,101162|202322|202693|203078|203089|203141|203490|203503|203507|203521,203089|203141|203503|203507|203521,101162|202322|202693|203078|203490,,,1610612749.0,21600346,True
3,PT06M25.00S,06:25,Q3 06:25,18.416666666666668,353,turnover,Antetokounmpo Bad Pass Turnover (P4.T14),[],Antetokounmpo,0,0,,False,False,203507.0,,rebound,steal,,,,101162|202322|202693|203078|203089|203141|203490|203503|203507|203521,203089|203141|203503|203507|203521,101162|202322|202693|203078|203490,,,1610612749.0,21600346,True
3,PT06M25.00S,06:25,Q3 06:25,18.416666666666668,353,steal,Wall STEAL (1 STL),[],Wall,0,0,,False,False,202322.0,,turnover,2pt made,,202322.0,,101162|202322|202693|203078|203089|203141|203490|203503|203507|203521,101162|202322|202693|203078|203490,203089|203141|203503|203507|203521,,,1610612764.0,21600346,True
3,PT06M17.00S,06:17,Q3 06:17,18.28333333333333,354,2pt,Mark Morris 18' Jump Shot (15 PTS) (Wall 8 AST),[],Morris,60,62,Made,True,True,202693.0,202322.0,steal,foul,,,,101162|202322|202693|203078|203089|203141|203490|203503|203507|203521,101162|202322|202693|203078|203490,203089|203141|203503|203507|203521,161.0,72.0,1610612764.0,21600346,True
3,PT06M02.00S,06:02,Q3 06:02,18.03333333333333,355,foul,Wall P.FOUL (P2.T1) (D.Collins),[],Wall,0,0,,False,False,202322.0,,2pt made,2pt missed,203141.0,,,101162|202322|202693|203078|203089|203141|203490|203503|203507|203521,101162|202322|202693|203078|203490,203089|203141|203503|203507|203521,,,1610612764.0,21600346,True
3,PT05M54.00S,05:54,Q3 05:54,17.9,356,2pt,MISS Teletovic 7' Jump Shot,['pointsinthepaint'],Teletovic,0,0,Missed,True,False,203141.0,,foul,rebound,,,,101162|202322|202693|203078|203089|203141|203490|203503|203507|203521,203089|203141|203503|203507|203521,101162|202322|202693|203078|203490,-50.0,43.0,1610612749.0,21600346,True
3,PT05M54.00S,05:54,Q3 05:54,17.9,357,rebound,TEAM defensive REBOUND,['team'],,0,0,,False,False,0.0,,2pt missed,foul,,,,101162|202322|202693|203078|203089|203141|203490|203503|203507|203521,101162|202322|202693|203078|203490,203089|203141|203503|203507|203521,,,1610612764.0,21600346,True
3,PT05M54.00S,05:54,Q3 05:54,17.9,358,foul,Henson L.B.FOUL (P2.T3) (D.Collins),[],Henson,0,0,,False,False,203089.0,,rebound,3pt made,203490.0,,,101162|202322|202693|203078|203089|203141|203490|203503|203507|203521,203089|203141|203503|203507|203521,101162|202322|202693|203078|203490,,,1610612749.0,21600346,True
3,PT05M43.00S,05:43,Q3 05:43,17.71666666666667,360,3pt,Porter Jr.  3PT Jump Shot (5 PTS) (Wall 9 AST),[],Porter Jr.,63,62,Made,True,True,203490.0,202322.0,foul,2pt missed,,,,101162|202322|202693|203078|203089|203141|203490|203503|203507|203521,101162|202322|202693|203078|203490,203089|203141|203503|203507|203521,-232.0,31.0,1610612764.0,21600346,True
3,PT05M30.00S,05:30,Q3 05:30,17.5,361,2pt,MISS Teletovic 1' Layup,['pointsinthepaint'],Teletovic,0,0,Missed,True,False,203141.0,,3pt made,block,,,,101162|202322|202693|203078|203089|203141|203490|203503|203507|203521,203089|203141|203503|203507|203521,101162|202322|202693|203078|203490,14.0,3.0,1610612749.0,21600346,True
3,PT05M30.00S,05:30,Q3 05:30,17.5,361,block,Mark Morris BLOCK (1 BLK),[],Morris,0,0,,False,False,202693.0,,2pt missed,rebound,,,202693.0,101162|202322|202693|203078|203089|203141|203490|203503|203507|203521,101162|202322|202693|203078|203490,203089|203141|203503|203507|203521,,,1610612764.0,21600346,True
3,PT05M30.00S,05:30,Q3 05:30,17.5,362,rebound,TEAM defensive REBOUND,['team'],,0,0,,False,False,0.0,,block,foul,,,,101162|202322|202693|203078|203089|203141|203490|203503|203507|203521,101162|202322|202693|203078|203490,203089|203141|203503|203507|203521,,,1610612764.0,21600346,True
3,PT05M14.00S,05:14,Q3 05:14,17.233333333333334,363,foul,Dellavedova S.FOUL (P2.T4) (D.Collins),[],Dellavedova,0,0,,False,False,203521.0,,rebound,freethrow,202322.0,,,101162|202322|202693|203078|203089|203141|203490|203503|203507|203521,203089|203141|203503|203507|203521,101162|202322|202693|203078|203490,,,1610612749.0,21600346,True
3,PT05M14.00S,05:14,Q3 05:14,17.233333333333334,364,freethrow,Wall Free Throw 1 of 2 (9 PTS),[],Wall,64,62,Made,False,False,202322.0,,foul,freethrow,,,,101162|202322|202693|203078|203089|203141|203490|203503|203507|203521,101162|202322|202693|203078|203490,203089|203141|203503|203507|203521,,,1610612764.0,21600346,True
3,PT05M14.00S,05:14,Q3 05:14,17.233333333333334,366,freethrow,Wall Free Throw 2 of 2 (10 PTS),[],Wall,65,62,Made,False,False,202322.0,,freethrow,3pt made,,,,101162|202322|202693|203078|203089|203141|203490|203503|203507|203521,101162|202322|202693|203078|203490,203089|203141|203503|203507|203521,,,1610612764.0,21600346,True
3,PT05M01.00S,05:01,Q3 05:01,17.016666666666666,369,3pt,Dellavedova 27' 3PT Jump Shot (6 PTS),[],Dellavedova,65,65,Made,True,False,203521.0,,freethrow,2pt missed,,,,101162|202322|202693|203078|203089|203141|203490|203503|203507|203521,203089|203141|203503|203507|203521,101162|202322|202693|203078|203490,-96.0,252.0,1610612749.0,21600346,True
3,PT04M39.00S,04:39,Q3 04:39,16.65,370,2pt,MISS Porter Jr. 17' Jump Shot,[],Porter Jr.,0,0,Missed,True,False,203490.0,,3pt made,rebound,,,,101162|202322|202693|203078|203089|203141|203490|203503|203507|203521,101162|202322|202693|203078|203490,203089|203141|203503|203507|203521,164.0,41.0,1610612764.0,21600346,True
3,PT04M38.00S,04:38,Q3 04:38,16.633333333333333,371,rebound,Teletovic REBOUND (Off:0 Def:3),[],Teletovic,0,0,,False,False,203141.0,,2pt missed,foul,,,,101162|202322|202693|203078|203089|203141|203490|203503|203507|203521,203089|203141|203503|203507|203521,101162|202322|202693|203078|203490,,,1610612749.0,21600346,True
3,PT04M22.00S,04:22,Q3 04:22,16.366666666666667,372,foul,Mark Morris P.FOUL (P1.T2) (D.Collins),[],Morris,0,0,,False,False,202693.0,,rebound,substitution,203507.0,,,101162|202322|202693|203078|203089|203141|203490|203503|203507|203521,101162|202322|202693|203078|203490,203089|203141|203503|203507|203521,,,1610612764.0,21600346,True
3,PT04M22.00S,04:22,Q3 04:22,16.366666666666667,373,substitution,SUB out: O. Porter Jr.,[],Porter Jr.,0,0,,False,False,203490.0,,foul,substitution,,,,101162|202322|202693|203078|203089|203141|203503|203507|203521,101162|202322|202693|203078,203089|203141|203503|203507|203521,,,1610612764.0,21600346,False
3,PT04M22.00S,04:22,Q3 04:22,16.366666666666667,374,substitution,SUB out: J. Henson,[],Henson,0,0,,False,False,203089.0,,substitution,substitution,,,,101162|202322|202693|203078|203141|203503|203507|203521,203141|203503|203507|203521,101162|202322|202693|203078,,,1610612749.0,21600346,False
3,PT04M22.00S,04:22,Q3 04:22,16.366666666666667,375,substitution,SUB in: K. Oubre Jr.,[],Oubre Jr.,0,0,,False,False,1626162.0,,substitution,substitution,,,,101162|1626162|202322|202693|203078|203141|203503|203507|203521,101162|1626162|202322|202693|203078,203141|203503|203507|203521,,,1610612764.0,21600346,False
3,PT04M22.00S,04:22,Q3 04:22,16.366666666666667,376,substitution,SUB in: G. Monroe,[],Monroe,0,0,,False,False,202328.0,,substitution,turnover,,,,101162|1626162|202322|202328|202693|203078|203141|203503|203507|203521,202328|203141|203503|203507|203521,101162|1626162|202322|202693|203078,,,1610612749.0,21600346,True
3,PT04M13.00S,04:13,Q3 04:13,16.21666666666667,375,turnover,Antetokounmpo Lost Ball Turnover (P5.T15),[],Antetokounmpo,0,0,,False,False,203507.0,,substitution,steal,,,,101162|1626162|202322|202328|202693|203078|203141|203503|203507|203521,202328|203141|203503|203507|203521,101162|1626162|202322|202693|203078,,,1610612749.0,21600346,True
3,PT04M13.00S,04:13,Q3 04:13,16.21666666666667,375,steal,Wall STEAL (2 STL),[],Wall,0,0,,False,False,202322.0,,turnover,2pt made,,202322.0,,101162|1626162|202322|202328|202693|203078|203141|203503|203507|203521,101162|1626162|202322|202693|203078,202328|203141|203503|203507|203521,,,1610612764.0,21600346,True
3,PT04M07.00S,04:07,Q3 04:07,16.116666666666667,376,2pt,Wall 1' Running Layup (12 PTS),['pointsinthepaint'],Wall,67,65,Made,True,False,202322.0,,steal,3pt missed,,,,101162|1626162|202322|202328|202693|203078|203141|203503|203507|203521,101162|1626162|202322|202693|203078,202328|203141|203503|203507|203521,-6.0,0.0,1610612764.0,21600346,True
3,PT03M51.00S,03:51,Q3 03:51,15.85,377,3pt,MISS Snell 24' 3PT Jump Shot,[],Snell,0,0,Missed,True,False,203503.0,,2pt made,rebound,,,,101162|1626162|202322|202328|202693|203078|203141|203503|203507|203521,202328|203141|203503|203507|203521,101162|1626162|202322|202693|203078,-235.0,51.0,1610612749.0,21600346,True
3,PT03M50.00S,03:50,Q3 03:50,15.833333333333334,378,rebound,Mark Morris REBOUND (Off:2 Def:6),[],Morris,0,0,,False,False,202693.0,,3pt missed,3pt made,,,,101162|1626162|202322|202328|202693|203078|203141|203503|203507|203521,101162|1626162|202322|202693|203078,202328|203141|203503|203507|203521,,,1610612764.0,21600346,True
3,PT03M35.00S,03:35,Q3 03:35,15.583333333333334,379,3pt,Wall  3PT Jump Shot (15 PTS) (Gortat 1 AST),[],Wall,70,65,Made,True,True,202322.0,101162.0,rebound,timeout,,,,101162|1626162|202322|202328|202693|203078|203141|203503|203507|203521,101162|1626162|202322|202693|203078,202328|203141|203503|203507|203521,228.0,46.0,1610612764.0,21600346,True
3,PT03M35.00S,03:35,Q3 03:35,15.583333333333334,380,timeout,Bucks Timeout: Regular (Reg.3 Short 0),[],,0,0,,False,False,0.0,,3pt made,substitution,,,,101162|1626162|202322|202328|202693|203078|203141|203503|203507|203521,202328|203141|203503|203507|203521,101162|1626162|202322|202693|203078,,,1610612749.0,21600346,True
3,PT03M35.00S,03:35,Q3 03:35,15.583333333333334,382,substitution,SUB out: M. Dellavedova,[],Dellavedova,0,0,,False,False,203521.0,,timeout,substitution,,,,101162|1626162|202322|202328|202693|203078|203141|203503|203507,202328|203141|203503|203507,101162|1626162|202322|202693|203078,,,1610612749.0,21600346,False
3,PT03M35.00S,03:35,Q3 03:35,15.583333333333334,383,substitution,SUB in: M. Brogdon,[],Brogdon,0,0,,False,False,1627763.0,,substitution,3pt missed,,,,101162|1626162|1627763|202322|202328|202693|203078|203141|203503|203507,1627763|202328|203141|203503|203507,101162|1626162|202322|202693|203078,,,1610612749.0,21600346,True
3,PT03M17.00S,03:17,Q3 03:17,15.283333333333333,383,3pt,MISS Antetokounmpo 26' 3PT Jump Shot,[],Antetokounmpo,0,0,Missed,True,False,203507.0,,substitution,rebound,,,,101162|1626162|1627763|202322|202328|202693|203078|203141|203503|203507,1627763|202328|203141|203503|203507,101162|1626162|202322|202693|203078,76.0,252.0,1610612749.0,21600346,True
3,PT03M16.00S,03:16,Q3 03:16,15.266666666666666,384,rebound,Mark Morris REBOUND (Off:2 Def:7),[],Morris,0,0,,False,False,202693.0,,3pt missed,3pt missed,,,,101162|1626162|1627763|202322|202328|202693|203078|203141|203503|203507,101162|1626162|202322|202693|203078,1627763|202328|203141|203503|203507,,,1610612764.0,21600346,True
3,PT02M59.00S,02:59,Q3 02:59,14.983333333333334,385,3pt,MISS Beal 26' 3PT Jump Shot,[],Beal,0,0,Missed,True,False,203078.0,,rebound,rebound,,,,101162|1626162|1627763|202322|202328|202693|203078|203141|203503|203507,101162|1626162|202322|202693|203078,1627763|202328|203141|203503|203507,176.0,188.0,1610612764.0,21600346,True
3,PT02M58.00S,02:58,Q3 02:58,14.966666666666667,386,rebound,Antetokounmpo REBOUND (Off:2 Def:6),[],Antetokounmpo,0,0,,False,False,203507.0,,3pt missed,3pt made,,,,101162|1626162|1627763|202322|202328|202693|203078|203141|203503|203507,1627763|202328|203141|203503|203507,101162|1626162|202322|202693|203078,,,1610612749.0,21600346,True
3,PT02M50.00S,02:50,Q3 02:50,14.833333333333334,387,3pt,Brogdon  3PT Jump Shot (5 PTS) (Antetokounmpo 4 AST),[],Brogdon,70,68,Made,True,True,1627763.0,203507.0,rebound,2pt missed,,,,101162|1626162|1627763|202322|202328|202693|203078|203141|203503|203507,1627763|202328|203141|203503|203507,101162|1626162|202322|202693|203078,-228.0,33.0,1610612749.0,21600346,True
3,PT02M24.00S,02:24,Q3 02:24,14.4,389,2pt,MISS Oubre Jr. 1' Layup,['pointsinthepaint'],Oubre Jr.,0,0,Missed,True,False,1626162.0,,3pt made,rebound,,,,101162|1626162|1627763|202322|202328|202693|203078|203141|203503|203507,101162|1626162|202322|202693|203078,1627763|202328|203141|203503|203507,2.0,-6.0,1610612764.0,21600346,True
3,PT02M23.00S,02:23,Q3 02:23,14.383333333333333,390,rebound,Monroe REBOUND (Off:0 Def:3),[],Monroe,0,0,,False,False,202328.0,,2pt missed,3pt made,,,,101162|1626162|1627763|202322|202328|202693|203078|203141|203503|203507,1627763|202328|203141|203503|203507,101162|1626162|202322|202693|203078,,,1610612749.0,21600346,True
3,PT02M17.00S,02:17,Q3 02:17,14.283333333333333,391,3pt,Teletovic 30' 3PT Pullup Jump Shot (11 PTS) (Antetokounmpo 5 AST),[],Teletovic,70,71,Made,True,True,203141.0,203507.0,rebound,3pt made,,,,101162|1626162|1627763|202322|202328|202693|203078|203141|203503|203507,1627763|202328|203141|203503|203507,101162|1626162|202322|202693|203078,-138.0,267.0,1610612749.0,21600346,True
3,PT01M53.00S,01:53,Q3 01:53,13.883333333333333,394,3pt,Beal 26' 3PT Jump Shot (16 PTS),[],Beal,73,71,Made,True,False,203078.0,,3pt made,2pt missed,,,,101162|1626162|1627763|202322|202328|202693|203078|203141|203503|203507,101162|1626162|202322|202693|203078,1627763|202328|203141|203503|203507,66.0,252.0,1610612764.0,21600346,True
3,PT01M40.00S,01:40,Q3 01:40,13.666666666666666,395,2pt,MISS Teletovic 20' Jump Shot,[],Teletovic,0,0,Missed,True,False,203141.0,,3pt made,rebound,,,,101162|1626162|1627763|202322|202328|202693|203078|203141|203503|203507,1627763|202328|203141|203503|203507,101162|1626162|202322|202693|203078,-132.0,154.0,1610612749.0,21600346,True
3,PT01M39.00S,01:39,Q3 01:39,13.65,396,rebound,Gortat REBOUND (Off:6 Def:5),[],Gortat,0,0,,False,False,101162.0,,2pt missed,foul,,,,101162|1626162|1627763|202322|202328|202693|203078|203141|203503|203507,101162|1626162|202322|202693|203078,1627763|202328|203141|203503|203507,,,1610612764.0,21600346,True
3,PT01M30.00S,01:30,Q3 01:30,13.5,397,foul,Antetokounmpo S.FOUL (P2.PN) (D.Collins),['inpenalty'],Antetokounmpo,0,0,,False,False,203507.0,,rebound,freethrow,101162.0,,,101162|1626162|1627763|202322|202328|202693|203078|203141|203503|203507,1627763|202328|203141|203503|203507,101162|1626162|202322|202693|203078,,,1610612749.0,21600346,True
3,PT01M30.00S,01:30,Q3 01:30,13.5,398,freethrow,Gortat Free Throw 1 of 2 (7 PTS),[],Gortat,74,71,Made,False,False,101162.0,,foul,freethrow,,,,101162|1626162|1627763|202322|202328|202693|203078|203141|203503|203507,101162|1626162|202322|202693|203078,1627763|202328|203141|203503|203507,,,1610612764.0,21600346,True
3,PT01M30.00S,01:30,Q3 01:30,13.5,402,freethrow,MISS Gortat Free Throw 2 of 2,[],Gortat,0,0,Missed,False,False,101162.0,,freethrow,substitution,,,,101162|1626162|1627763|202322|202328|202693|203078|203141|203503|203507,101162|1626162|202322|202693|203078,1627763|202328|203141|203503|203507,,,1610612764.0,21600346,True
3,PT01M30.00S,01:30,Q3 01:30,13.5,400,substitution,SUB out: B. Beal,[],Beal,0,0,,False,False,203078.0,,freethrow,substitution,,,,101162|1626162|1627763|202322|202328|202693|203141|203503|203507,101162|1626162|202322|202693,1627763|202328|203141|203503|203507,,,1610612764.0,21600346,False
3,PT01M30.00S,01:30,Q3 01:30,13.5,401,substitution,SUB out: T. Snell,[],Snell,0,0,,False,False,203503.0,,substitution,substitution,,,,101162|1626162|1627763|202322|202328|202693|203141|203507,1627763|202328|203141|203507,101162|1626162|202322|202693,,,1610612749.0,21600346,False
3,PT01M30.00S,01:30,Q3 01:30,13.5,402,substitution,SUB in: M. Thornton,[],Thornton,0,0,,False,False,201977.0,,substitution,substitution,,,,101162|1626162|1627763|201977|202322|202328|202693|203141|203507,101162|1626162|201977|202322|202693,1627763|202328|203141|203507,,,1610612764.0,21600346,False
3,PT01M30.00S,01:30,Q3 01:30,13.5,403,substitution,SUB in: J. Terry,[],Terry,0,0,,False,False,1891.0,,substitution,rebound,,,,101162|1626162|1627763|1891|201977|202322|202328|202693|203141|203507,1627763|1891|202328|203141|203507,101162|1626162|201977|202322|202693,,,1610612749.0,21600346,True
3,PT01M29.00S,01:29,Q3 01:29,13.483333333333334,404,rebound,Antetokounmpo REBOUND (Off:2 Def:7),[],Antetokounmpo,0,0,,False,False,203507.0,,substitution,3pt made,,,,101162|1626162|1627763|1891|201977|202322|202328|202693|203141|203507,1627763|1891|202328|203141|203507,101162|1626162|201977|202322|202693,,,1610612749.0,21600346,True
3,PT01M15.00S,01:15,Q3 01:15,13.25,406,3pt,Brogdon 28' 3PT Jump Shot (8 PTS) (Monroe 3 AST),[],Brogdon,74,74,Made,True,True,1627763.0,202328.0,rebound,3pt missed,,,,101162|1626162|1627763|1891|201977|202322|202328|202693|203141|203507,1627763|1891|202328|203141|203507,101162|1626162|201977|202322|202693,-161.0,232.0,1610612749.0,21600346,True
3,PT00M48.60S,00:48,Q3 00:48,12.81,407,3pt,MISS Wall 33' 3PT Jump Shot,[],Wall,0,0,Missed,True,False,202322.0,,3pt made,rebound,,,,101162|1626162|1627763|1891|201977|202322|202328|202693|203141|203507,101162|1626162|201977|202322|202693,1627763|1891|202328|203141|203507,-7.0,326.0,1610612764.0,21600346,True
3,PT00M46.90S,00:46,Q3 00:46,12.781666666666666,408,rebound,Antetokounmpo REBOUND (Off:2 Def:8),[],Antetokounmpo,0,0,,False,False,203507.0,,3pt missed,2pt missed,,,,101162|1626162|1627763|1891|201977|202322|202328|202693|203141|203507,1627763|1891|202328|203141|203507,101162|1626162|201977|202322|202693,,,1610612749.0,21600346,True
3,PT00M41.50S,00:41,Q3 00:41,12.691666666666666,409,2pt,MISS Brogdon 19' Jump Shot,[],Brogdon,0,0,Missed,True,False,1627763.0,,rebound,rebound,,,,101162|1626162|1627763|1891|201977|202322|202328|202693|203141|203507,1627763|1891|202328|203141|203507,101162|1626162|201977|202322|202693,-189.0,18.0,1610612749.0,21600346,True
3,PT00M39.60S,00:39,Q3 00:39,12.66,410,rebound,Antetokounmpo REBOUND (Off:3 Def:8),[],Antetokounmpo,0,0,,False,False,203507.0,,2pt missed,3pt made,,,,101162|1626162|1627763|1891|201977|202322|202328|202693|203141|203507,1627763|1891|202328|203141|203507,101162|1626162|201977|202322|202693,,,1610612749.0,21600346,True
3,PT00M29.20S,00:29,Q3 00:29,12.486666666666666,411,3pt,Antetokounmpo 27' 3PT Step Back Jump Shot (19 PTS),[],Antetokounmpo,74,77,Made,True,False,203507.0,,rebound,3pt made,,,,101162|1626162|1627763|1891|201977|202322|202328|202693|203141|203507,1627763|1891|202328|203141|203507,101162|1626162|201977|202322|202693,-184.0,193.0,1610612749.0,21600346,True
3,PT00M07.90S,00:07,Q3 00:07,12.131666666666666,413,3pt,Oubre Jr. 29' 3PT Jump Shot (12 PTS) (Wall 10 AST),[],Oubre Jr.,77,77,Made,True,True,1626162.0,202322.0,3pt made,2pt missed,,,,101162|1626162|1627763|1891|201977|202322|202328|202693|203141|203507,101162|1626162|201977|202322|202693,1627763|1891|202328|203141|203507,-140.0,249.0,1610612764.0,21600346,True
3,PT00M01.90S,00:01,Q3 00:01,12.031666666666666,415,2pt,MISS Antetokounmpo 12' Jump Shot,[],Antetokounmpo,0,0,Missed,True,False,203507.0,,3pt made,block,,,,101162|1626162|1627763|1891|201977|202322|202328|202693|203141|203507,1627763|1891|202328|203141|203507,101162|1626162|201977|202322|202693,-120.0,21.0,1610612749.0,21600346,True
3,PT00M01.90S,00:01,Q3 00:01,12.031666666666666,415,block,Wall BLOCK (1 BLK),[],Wall,0,0,,False,False,202322.0,,2pt missed,rebound,,,202322.0,101162|1626162|1627763|1891|201977|202322|202328|202693|203141|203507,101162|1626162|201977|202322|202693,1627763|1891|202328|203141|203507,,,1610612764.0,21600346,True
3,PT00M01.00S,00:01,Q3 00:01,12.016666666666667,416,rebound,Gortat REBOUND (Off:6 Def:6),[],Gortat,0,0,,False,False,101162.0,,block,period,,,,101162|1626162|1627763|1891|201977|202322|202328|202693|203141|203507,101162|1626162|201977|202322|202693,1627763|1891|202328|203141|203507,,,1610612764.0,21600346,True
3,PT00M00.00S,00:00,Q3 00:00,12.0,417,period,End of 3rd Period (8:48 PM EST),[],,77,77,,False,False,0.0,,rebound,period,,,,101162|1626162|1627763|1891|201977|202322|202328|202693|203141|203507,101162|1626162|201977|202322|202693,1627763|1891|202328|203141|203507,,,1610612764.0,21600346,True
4,PT12M00.00S,12:00,Q4 12:00,12.0,419,period,Start of 4th Period (8:50 PM EST),[],,77,77,,False,False,0.0,,period,substitution,,,,101162|1626162|1627763|1891|201977|202322|202328|202693|203141|203507,101162|1626162|201977|202322|202693,1627763|1891|202328|203141|203507,,,1610612764.0,21600346,True
4,PT11M47.00S,11:47,Q4 11:47,11.783333333333333,420,2pt,MISS Thornton 5' Jump Shot,['pointsinthepaint'],Thornton,0,0,Missed,True,False,201977.0,,substitution,rebound,,,,1626162|1627763|1891|201160|201977|202328|202693|203141|203504|203507,1626162|201160|201977|202693|203504,1627763|1891|202328|203141|203507,-11.0,46.0,1610612764.0,21600346,True
4,PT11M46.00S,11:46,Q4 11:46,11.766666666666667,421,rebound,Thornton REBOUND (Off:1 Def:1),[],Thornton,0,0,,False,False,201977.0,,2pt missed,2pt made,,,,1626162|1627763|1891|201160|201977|202328|202693|203141|203504|203507,1626162|201160|201977|202693|203504,1627763|1891|202328|203141|203507,,,1610612764.0,21600346,True
4,PT11M44.00S,11:44,Q4 11:44,11.733333333333333,422,2pt,Thornton 2' Pullup Jump Shot (2 PTS),['pointsinthepaint'],Thornton,79,77,Made,True,False,201977.0,,rebound,2pt made,,,,1626162|1627763|1891|201160|201977|202328|202693|203141|203504|203507,1626162|201160|201977|202693|203504,1627763|1891|202328|203141|203507,-17.0,11.0,1610612764.0,21600346,True
4,PT11M30.00S,11:30,Q4 11:30,11.5,424,2pt,Teletovic 10' Pullup Bank Shot (13 PTS) (Monroe 4 AST),['pointsinthepaint'],Teletovic,79,79,Made,True,True,203141.0,202328.0,2pt made,2pt missed,,,,1626162|1627763|1891|201160|201977|202328|202693|203141|203504|203507,1627763|1891|202328|203141|203507,1626162|201160|201977|202693|203504,55.0,80.0,1610612749.0,21600346,True
4,PT11M12.00S,11:12,Q4 11:12,11.2,425,2pt,MISS Burke 20' Jump Shot,[],Burke,0,0,Missed,True,False,203504.0,,2pt made,rebound,,,,1626162|1627763|1891|201160|201977|202328|202693|203141|203504|203507,1626162|201160|201977|202693|203504,1627763|1891|202328|203141|203507,112.0,164.0,1610612764.0,21600346,True
4,PT11M11.00S,11:11,Q4 11:11,11.183333333333334,426,rebound,Monroe REBOUND (Off:0 Def:4),[],Monroe,0,0,,False,False,202328.0,,2pt missed,foul,,,,1626162|1627763|1891|201160|201977|202328|202693|203141|203504|203507,1627763|1891|202328|203141|203507,1626162|201160|201977|202693|203504,,,1610612749.0,21600346,True
4,PT10M49.00S,10:49,Q4 10:49,10.816666666666666,427,foul,Oubre Jr. S.FOUL (P3.T1) (D.Richardson),[],Oubre Jr.,0,0,,False,False,1626162.0,,rebound,freethrow,203141.0,,,1626162|1627763|1891|201160|201977|202328|202693|203141|203504|203507,1626162|201160|201977|202693|203504,1627763|1891|202328|203141|203507,,,1610612764.0,21600346,True
4,PT10M49.00S,10:49,Q4 10:49,10.816666666666666,428,freethrow,Teletovic Free Throw 1 of 2 (14 PTS),[],Teletovic,79,80,Made,False,False,203141.0,,foul,freethrow,,,,1626162|1627763|1891|201160|201977|202328|202693|203141|203504|203507,1627763|1891|202328|203141|203507,1626162|201160|201977|202693|203504,,,1610612749.0,21600346,True
4,PT10M49.00S,10:49,Q4 10:49,10.816666666666666,430,freethrow,Teletovic Free Throw 2 of 2 (15 PTS),[],Teletovic,79,81,Made,False,False,203141.0,,freethrow,foul,,,,1626162|1627763|1891|201160|201977|202328|202693|203141|203504|203507,1627763|1891|202328|203141|203507,1626162|201160|201977|202693|203504,,,1610612749.0,21600346,True
4,PT10M33.00S,10:33,Q4 10:33,10.55,434,foul,Smith OFF.Foul (P1) (M.Davis),[],Smith,0,0,,False,False,201160.0,,freethrow,turnover,203507.0,,,1626162|1627763|1891|201160|201977|202328|202693|203141|203504|203507,1626162|201160|201977|202693|203504,1627763|1891|202328|203141|203507,,,1610612764.0,21600346,True
4,PT10M33.00S,10:33,Q4 10:33,10.55,435,turnover,Smith Foul Turnover (P1.T8),[],Smith,0,0,,False,False,201160.0,,foul,foul,,,,1626162|1627763|1891|201160|201977|202328|202693|203141|203504|203507,1626162|201160|201977|202693|203504,1627763|1891|202328|203141|203507,,,1610612764.0,21600346,True
4,PT10M26.00S,10:26,Q4 10:26,10.433333333333334,436,foul,Oubre Jr. P.FOUL (P4.T2) (D.Collins),[],Oubre Jr.,0,0,,False,False,1626162.0,,turnover,turnover,203507.0,,,1626162|1627763|1891|201160|201977|202328|202693|203141|203504|203507,1626162|201160|201977|202693|203504,1627763|1891|202328|203141|203507,,,1610612764.0,21600346,True
4,PT10M20.00S,10:20,Q4 10:20,10.333333333333334,437,turnover,Antetokounmpo Double Dribble Turnover (P6.T16),[],Antetokounmpo,0,0,,False,False,203507.0,,foul,2pt made,,,,1626162|1627763|1891|201160|201977|202328|202693|203141|203504|203507,1627763|1891|202328|203141|203507,1626162|201160|201977|202693|203504,,,1610612749.0,21600346,True
4,PT10M10.00S,10:10,Q4 10:10,10.166666666666666,438,2pt,Smith 20' Jump Shot (2 PTS) (Mark Morris 3 AST),[],Smith,81,81,Made,True,False,201160.0,,turnover,3pt made,,,,1626162|1627763|1891|201160|201977|202328|202693|203141|203504|203507,1626162|201160|201977|202693|203504,1627763|1891|202328|203141|203507,-109.0,165.0,1610612764.0,21600346,True
4,PT09M55.00S,09:55,Q4 09:55,9.916666666666666,440,3pt,Teletovic 31' 3PT Jump Shot (18 PTS) (Terry 1 AST),[],Teletovic,81,84,Made,True,True,203141.0,1891.0,2pt made,2pt made,,,,1626162|1627763|1891|201160|201977|202328|202693|203141|203504|203507,1627763|1891|202328|203141|203507,1626162|201160|201977|202693|203504,-142.0,272.0,1610612749.0,21600346,True
4,PT09M42.00S,09:42,Q4 09:42,9.7,441,2pt,Smith 22' Jump Shot (4 PTS) (Thornton 2 AST),[],Smith,83,84,Made,True,True,201160.0,201977.0,3pt made,2pt made,,,,1626162|1627763|1891|201160|201977|202328|202693|203141|203504|203507,1626162|201160|201977|202693|203504,1627763|1891|202328|203141|203507,119.0,183.0,1610612764.0,21600346,True
4,PT09M25.00S,09:25,Q4 09:25,9.416666666666666,442,2pt,Teletovic 21' Fadeaway Jumper (20 PTS) (Antetokounmpo 6 AST),[],Teletovic,83,86,Made,True,True,203141.0,203507.0,2pt made,timeout,,,,1626162|1627763|1891|201160|201977|202328|202693|203141|203504|203507,1627763|1891|202328|203141|203507,1626162|201160|201977|202693|203504,-137.0,159.0,1610612749.0,21600346,True
4,PT09M24.00S,09:24,Q4 09:24,9.4,443,timeout,WIZARDS Timeout: Regular (Full 4 Short 0),[],,0,0,,False,False,0.0,,2pt made,substitution,,,,1626162|1627763|1891|201160|201977|202328|202693|203141|203504|203507,1626162|201160|201977|202693|203504,1627763|1891|202328|203141|203507,,,1610612764.0,21600346,True
4,PT09M24.00S,09:24,Q4 09:24,9.4,445,substitution,SUB out: M. Morris,[],Morris,0,0,,False,False,202693.0,,timeout,substitution,,,,1626162|1627763|1891|201160|201977|202328|203141|203504|203507,1626162|201160|201977|203504,1627763|1891|202328|203141|203507,,,1610612764.0,21600346,False
4,PT09M24.00S,09:24,Q4 09:24,9.4,446,substitution,SUB in: O. Porter Jr.,[],Porter Jr.,0,0,,False,False,203490.0,,substitution,3pt missed,,,,1626162|1627763|1891|201160|201977|202328|203141|203490|203504|203507,1626162|201160|201977|203490|203504,1627763|1891|202328|203141|203507,,,1610612764.0,21600346,True
4,PT09M08.00S,09:08,Q4 09:08,9.133333333333333,446,3pt,MISS Burke 26' 3PT Jump Shot,[],Burke,0,0,Missed,True,False,203504.0,,substitution,rebound,,,,1626162|1627763|1891|201160|201977|202328|203141|203490|203504|203507,1626162|201160|201977|203490|203504,1627763|1891|202328|203141|203507,-89.0,244.0,1610612764.0,21600346,True
4,PT09M07.00S,09:07,Q4 09:07,9.116666666666667,447,rebound,Antetokounmpo REBOUND (Off:3 Def:9),[],Antetokounmpo,0,0,,False,False,203507.0,,3pt missed,3pt made,,,,1626162|1627763|1891|201160|201977|202328|203141|203490|203504|203507,1627763|1891|202328|203141|203507,1626162|201160|201977|203490|203504,,,1610612749.0,21600346,True
4,PT08M51.00S,08:51,Q4 08:51,8.85,448,3pt,Brogdon 28' 3PT Jump Shot (11 PTS) (Monroe 5 AST),[],Brogdon,83,89,Made,True,True,1627763.0,202328.0,rebound,3pt made,,,,1626162|1627763|1891|201160|201977|202328|203141|203490|203504|203507,1627763|1891|202328|203141|203507,1626162|201160|201977|203490|203504,189.0,208.0,1610612749.0,21600346,True
4,PT08M39.00S,08:39,Q4 08:39,8.65,450,3pt,Porter Jr. 26' 3PT Jump Shot (8 PTS) (Burke 2 AST),[],Porter Jr.,86,89,Made,True,True,203490.0,203504.0,3pt made,2pt made,,,,1626162|1627763|1891|201160|201977|202328|203141|203490|203504|203507,1626162|201160|201977|203490|203504,1627763|1891|202328|203141|203507,-107.0,237.0,1610612764.0,21600346,True
4,PT08M16.00S,08:16,Q4 08:16,8.266666666666667,451,2pt,Antetokounmpo 1' Driving Finger Roll Layup (21 PTS),['pointsinthepaint'],Antetokounmpo,86,91,Made,True,False,203507.0,,3pt made,foul,,,,1626162|1627763|1891|201160|201977|202328|203141|203490|203504|203507,1627763|1891|202328|203141|203507,1626162|201160|201977|203490|203504,6.0,2.0,1610612749.0,21600346,True
4,PT08M16.00S,08:16,Q4 08:16,8.266666666666667,452,foul,Smith S.FOUL (P2.T3) (D.Richardson),[],Smith,0,0,,False,False,201160.0,,2pt made,freethrow,203507.0,,,1626162|1627763|1891|201160|201977|202328|203141|203490|203504|203507,1626162|201160|201977|203490|203504,1627763|1891|202328|203141|203507,,,1610612764.0,21600346,True
4,PT08M16.00S,08:16,Q4 08:16,8.266666666666667,457,freethrow,Antetokounmpo Free Throw 1 of 1 (22 PTS),[],Antetokounmpo,86,92,Made,False,False,203507.0,,foul,substitution,,,,1626162|1627763|1891|201160|201977|202328|203141|203490|203504|203507,1627763|1891|202328|203141|203507,1626162|201160|201977|203490|203504,,,1610612749.0,21600346,True
4,PT08M16.00S,08:16,Q4 08:16,8.266666666666667,453,substitution,SUB out: J. Terry,[],Terry,0,0,,False,False,1891.0,,freethrow,substitution,,,,1626162|1627763|201160|201977|202328|203141|203490|203504|203507,1627763|202328|203141|203507,1626162|201160|201977|203490|203504,,,1610612749.0,21600346,False
4,PT08M16.00S,08:16,Q4 08:16,8.266666666666667,454,substitution,SUB out: M. Thornton,[],Thornton,0,0,,False,False,201977.0,,substitution,substitution,,,,1626162|1627763|201160|202328|203141|203490|203504|203507,1626162|201160|203490|203504,1627763|202328|203141|203507,,,1610612764.0,21600346,False
4,PT08M16.00S,08:16,Q4 08:16,8.266666666666667,455,substitution,SUB out: T. Burke,[],Burke,0,0,,False,False,203504.0,,substitution,substitution,,,,1626162|1627763|201160|202328|203141|203490|203507,1626162|201160|203490,1627763|202328|203141|203507,,,1610612764.0,21600346,False
4,PT08M16.00S,08:16,Q4 08:16,8.266666666666667,456,substitution,SUB out: J. Smith,[],Smith,0,0,,False,False,201160.0,,substitution,substitution,,,,1626162|1627763|202328|203141|203490|203507,1626162|203490,1627763|202328|203141|203507,,,1610612764.0,21600346,False
4,PT08M16.00S,08:16,Q4 08:16,8.266666666666667,457,substitution,SUB in: T. Snell,[],Snell,0,0,,False,False,203503.0,,substitution,substitution,,,,1626162|1627763|202328|203141|203490|203503|203507,1627763|202328|203141|203503|203507,1626162|203490,,,1610612749.0,21600346,False
4,PT08M16.00S,08:16,Q4 08:16,8.266666666666667,458,substitution,SUB in: J. Wall,[],Wall,0,0,,False,False,202322.0,,substitution,substitution,,,,1626162|1627763|202322|202328|203141|203490|203503|203507,1626162|202322|203490,1627763|202328|203141|203503|203507,,,1610612764.0,21600346,False
4,PT08M16.00S,08:16,Q4 08:16,8.266666666666667,459,substitution,SUB in: B. Beal,[],Beal,0,0,,False,False,203078.0,,substitution,substitution,,,,1626162|1627763|202322|202328|203078|203141|203490|203503|203507,1626162|202322|203078|203490,1627763|202328|203141|203503|203507,,,1610612764.0,21600346,False
4,PT08M16.00S,08:16,Q4 08:16,8.266666666666667,460,substitution,SUB in: M. Gortat,[],Gortat,0,0,,False,False,101162.0,,substitution,2pt made,,,,101162|1626162|1627763|202322|202328|203078|203141|203490|203503|203507,101162|1626162|202322|203078|203490,1627763|202328|203141|203503|203507,,,1610612764.0,21600346,True
4,PT08M01.00S,08:01,Q4 08:01,8.016666666666667,460,2pt,Oubre Jr. 12' Floating Jump Shot (14 PTS) (Gortat 2 AST),[],Oubre Jr.,88,92,Made,True,True,1626162.0,101162.0,substitution,foul,,,,101162|1626162|1627763|202322|202328|203078|203141|203490|203503|203507,101162|1626162|202322|203078|203490,1627763|202328|203141|203503|203507,119.0,36.0,1610612764.0,21600346,True
4,PT07M47.00S,07:47,Q4 07:47,7.783333333333333,461,foul,Monroe Offensive Charge Foul (P3.T1) (D.Collins),[],Monroe,0,0,,False,False,202328.0,,2pt made,turnover,203490.0,,,101162|1626162|1627763|202322|202328|203078|203141|203490|203503|203507,1627763|202328|203141|203503|203507,101162|1626162|202322|203078|203490,,,1610612749.0,21600346,True
4,PT07M47.00S,07:47,Q4 07:47,7.783333333333333,462,turnover,Monroe Foul Turnover (P1.T17),[],Monroe,0,0,,False,False,202328.0,,foul,3pt missed,,,,101162|1626162|1627763|202322|202328|203078|203141|203490|203503|203507,1627763|202328|203141|203503|203507,101162|1626162|202322|203078|203490,,,1610612749.0,21600346,True
4,PT07M35.00S,07:35,Q4 07:35,7.583333333333333,463,3pt,MISS Porter Jr. 24' 3PT Jump Shot,[],Porter Jr.,0,0,Missed,True,False,203490.0,,turnover,rebound,,,,101162|1626162|1627763|202322|202328|203078|203141|203490|203503|203507,101162|1626162|202322|203078|203490,1627763|202328|203141|203503|203507,238.0,-1.0,1610612764.0,21600346,True
4,PT07M35.00S,07:35,Q4 07:35,7.583333333333333,464,rebound,Monroe REBOUND (Off:0 Def:5),[],Monroe,0,0,,False,False,202328.0,,3pt missed,2pt made,,,,101162|1626162|1627763|202322|202328|203078|203141|203490|203503|203507,1627763|202328|203141|203503|203507,101162|1626162|202322|203078|203490,,,1610612749.0,21600346,True
4,PT07M14.00S,07:14,Q4 07:14,7.233333333333333,465,2pt,Antetokounmpo 8' Pullup Jump Shot (24 PTS),['pointsinthepaint'],Antetokounmpo,88,94,Made,True,False,203507.0,,rebound,2pt missed,,,,101162|1626162|1627763|202322|202328|203078|203141|203490|203503|203507,1627763|202328|203141|203503|203507,101162|1626162|202322|203078|203490,1.0,82.0,1610612749.0,21600346,True
4,PT06M54.00S,06:54,Q4 06:54,6.9,466,2pt,MISS Beal 6' Jump Shot,['pointsinthepaint'],Beal,0,0,Missed,True,False,203078.0,,2pt made,rebound,,,,101162|1626162|1627763|202322|202328|203078|203141|203490|203503|203507,101162|1626162|202322|203078|203490,1627763|202328|203141|203503|203507,-55.0,21.0,1610612764.0,21600346,True
4,PT06M53.00S,06:53,Q4 06:53,6.883333333333333,467,rebound,Monroe REBOUND (Off:0 Def:6),[],Monroe,0,0,,False,False,202328.0,,2pt missed,turnover,,,,101162|1626162|1627763|202322|202328|203078|203141|203490|203503|203507,1627763|202328|203141|203503|203507,101162|1626162|202322|203078|203490,,,1610612749.0,21600346,True
4,PT06M34.00S,06:34,Q4 06:34,6.566666666666666,469,turnover,Monroe Lost Ball Turnover (P2.T18),[],Monroe,0,0,,False,False,202328.0,,rebound,steal,,,,101162|1626162|1627763|202322|202328|203078|203141|203490|203503|203507,1627763|202328|203141|203503|203507,101162|1626162|202322|203078|203490,,,1610612749.0,21600346,True
4,PT06M34.00S,06:34,Q4 06:34,6.566666666666666,469,steal,Oubre Jr. STEAL (2 STL),[],Oubre Jr.,0,0,,False,False,1626162.0,,turnover,2pt made,,1626162.0,,101162|1626162|1627763|202322|202328|203078|203141|203490|203503|203507,101162|1626162|202322|203078|203490,1627763|202328|203141|203503|203507,,,1610612764.0,21600346,True
4,PT06M29.00S,06:29,Q4 06:29,6.483333333333333,470,2pt,Wall 1' Running Layup (17 PTS) (Oubre Jr. 1 AST),['pointsinthepaint'],Wall,90,94,Made,True,True,202322.0,1626162.0,steal,2pt made,,,,101162|1626162|1627763|202322|202328|203078|203141|203490|203503|203507,101162|1626162|202322|203078|203490,1627763|202328|203141|203503|203507,-7.0,2.0,1610612764.0,21600346,True
4,PT06M02.00S,06:02,Q4 06:02,6.033333333333333,472,2pt,Monroe 2' Layup (6 PTS),['pointsinthepaint'],Monroe,90,96,Made,True,False,202328.0,,2pt made,foul,,,,101162|1626162|1627763|202322|202328|203078|203141|203490|203503|203507,1627763|202328|203141|203503|203507,101162|1626162|202322|203078|203490,-9.0,-15.0,1610612749.0,21600346,True
4,PT05M57.00S,05:57,Q4 05:57,5.95,473,foul,Brogdon P.FOUL (P2.T2) (D.Richardson),[],Brogdon,0,0,,False,False,1627763.0,,2pt made,timeout,203490.0,,,101162|1626162|1627763|202322|202328|203078|203141|203490|203503|203507,1627763|202328|203141|203503|203507,101162|1626162|202322|203078|203490,,,1610612749.0,21600346,True
4,PT05M57.00S,05:57,Q4 05:57,5.95,474,timeout,Timeout: Official,[],,0,0,,False,False,0.0,,foul,2pt made,,,,101162|1626162|1627763|202322|202328|203078|203141|203490|203503|203507,101162|1626162|202322|203078|203490,1627763|202328|203141|203503|203507,,,0.0,21600346,True
4,PT05M47.00S,05:47,Q4 05:47,5.783333333333333,476,2pt,Porter Jr. 19' Jump Shot (10 PTS) (Beal 4 AST),[],Porter Jr.,92,96,Made,True,True,203490.0,203078.0,timeout,2pt missed,,,,101162|1626162|1627763|202322|202328|203078|203141|203490|203503|203507,101162|1626162|202322|203078|203490,1627763|202328|203141|203503|203507,-173.0,85.0,1610612764.0,21600346,True
4,PT05M31.00S,05:31,Q4 05:31,5.516666666666667,477,2pt,MISS Monroe 7' Jump Shot,['pointsinthepaint'],Monroe,0,0,Missed,True,False,202328.0,,2pt made,rebound,,,,101162|1626162|1627763|202322|202328|203078|203141|203490|203503|203507,1627763|202328|203141|203503|203507,101162|1626162|202322|203078|203490,-63.0,26.0,1610612749.0,21600346,True
4,PT05M30.00S,05:30,Q4 05:30,5.5,478,rebound,Wall REBOUND (Off:0 Def:1),[],Wall,0,0,,False,False,202322.0,,2pt missed,turnover,,,,101162|1626162|1627763|202322|202328|203078|203141|203490|203503|203507,101162|1626162|202322|203078|203490,1627763|202328|203141|203503|203507,,,1610612764.0,21600346,True
4,PT05M24.00S,05:24,Q4 05:24,5.4,479,turnover,Wall Bad Pass Turnover (P3.T9),[],Wall,0,0,,False,False,202322.0,,rebound,steal,,,,101162|1626162|1627763|202322|202328|203078|203141|203490|203503|203507,101162|1626162|202322|203078|203490,1627763|202328|203141|203503|203507,,,1610612764.0,21600346,True
4,PT05M24.00S,05:24,Q4 05:24,5.4,479,steal,Brogdon STEAL (1 STL),[],Brogdon,0,0,,False,False,1627763.0,,turnover,foul,,1627763.0,,101162|1626162|1627763|202322|202328|203078|203141|203490|203503|203507,1627763|202328|203141|203503|203507,101162|1626162|202322|203078|203490,,,1610612749.0,21600346,True
4,PT05M21.00S,05:21,Q4 05:21,5.35,480,foul,Porter Jr. S.FOUL (P2.T4) (D.Richardson),['inpenalty'],Porter Jr.,0,0,,False,False,203490.0,,steal,freethrow,203141.0,,,101162|1626162|1627763|202322|202328|203078|203141|203490|203503|203507,101162|1626162|202322|203078|203490,1627763|202328|203141|203503|203507,,,1610612764.0,21600346,True
4,PT05M21.00S,05:21,Q4 05:21,5.35,481,freethrow,Teletovic Free Throw 1 of 2 (21 PTS),[],Teletovic,92,97,Made,False,False,203141.0,,foul,freethrow,,,,101162|1626162|1627763|202322|202328|203078|203141|203490|203503|203507,1627763|202328|203141|203503|203507,101162|1626162|202322|203078|203490,,,1610612749.0,21600346,True
4,PT05M21.00S,05:21,Q4 05:21,5.35,483,freethrow,Teletovic Free Throw 2 of 2 (22 PTS),[],Teletovic,92,98,Made,False,False,203141.0,,freethrow,3pt made,,,,101162|1626162|1627763|202322|202328|203078|203141|203490|203503|203507,1627763|202328|203141|203503|203507,101162|1626162|202322|203078|203490,,,1610612749.0,21600346,True
4,PT05M05.00S,05:05,Q4 05:05,5.083333333333333,486,3pt,Oubre Jr. 24' 3PT Jump Shot (17 PTS) (Beal 5 AST),[],Oubre Jr.,95,98,Made,True,True,1626162.0,203078.0,freethrow,2pt missed,,,,101162|1626162|1627763|202322|202328|203078|203141|203490|203503|203507,101162|1626162|202322|203078|203490,1627763|202328|203141|203503|203507,233.0,41.0,1610612764.0,21600346,True
4,PT04M54.00S,04:54,Q4 04:54,4.9,487,2pt,MISS Brogdon 14' Jump Shot,['pointsinthepaint'],Brogdon,0,0,Missed,True,False,1627763.0,,3pt made,rebound,,,,101162|1626162|1627763|202322|202328|203078|203141|203490|203503|203507,1627763|202328|203141|203503|203507,101162|1626162|202322|203078|203490,48.0,134.0,1610612749.0,21600346,True
4,PT04M52.00S,04:52,Q4 04:52,4.866666666666667,488,rebound,Wall REBOUND (Off:0 Def:2),[],Wall,0,0,,False,False,202322.0,,2pt missed,turnover,,,,101162|1626162|1627763|202322|202328|203078|203141|203490|203503|203507,101162|1626162|202322|203078|203490,1627763|202328|203141|203503|203507,,,1610612764.0,21600346,True
4,PT04M48.00S,04:48,Q4 04:48,4.8,489,turnover,Wall Bad Pass Turnover (P4.T10),[],Wall,0,0,,False,False,202322.0,,rebound,foul,,,,101162|1626162|1627763|202322|202328|203078|203141|203490|203503|203507,101162|1626162|202322|203078|203490,1627763|202328|203141|203503|203507,,,1610612764.0,21600346,True
4,PT04M28.00S,04:28,Q4 04:28,4.466666666666667,490,foul,Wall S.FOUL (P3.PN) (M.Davis),['inpenalty'],Wall,0,0,,False,False,202322.0,,turnover,freethrow,203507.0,,,101162|1626162|1627763|202322|202328|203078|203141|203490|203503|203507,101162|1626162|202322|203078|203490,1627763|202328|203141|203503|203507,,,1610612764.0,21600346,True
4,PT04M28.00S,04:28,Q4 04:28,4.466666666666667,491,freethrow,Antetokounmpo Free Throw 1 of 2 (25 PTS),[],Antetokounmpo,95,99,Made,False,False,203507.0,,foul,freethrow,,,,101162|1626162|1627763|202322|202328|203078|203141|203490|203503|203507,1627763|202328|203141|203503|203507,101162|1626162|202322|203078|203490,,,1610612749.0,21600346,True
4,PT04M28.00S,04:28,Q4 04:28,4.466666666666667,494,freethrow,Antetokounmpo Free Throw 2 of 2 (26 PTS),[],Antetokounmpo,95,100,Made,False,False,203507.0,,freethrow,substitution,,,,101162|1626162|1627763|202322|202328|203078|203141|203490|203503|203507,1627763|202328|203141|203503|203507,101162|1626162|202322|203078|203490,,,1610612749.0,21600346,True
4,PT04M28.00S,04:28,Q4 04:28,4.466666666666667,493,substitution,SUB out: M. Brogdon,[],Brogdon,0,0,,False,False,1627763.0,,freethrow,substitution,,,,101162|1626162|202322|202328|203078|203141|203490|203503|203507,202328|203141|203503|203507,101162|1626162|202322|203078|203490,,,1610612749.0,21600346,False
4,PT04M28.00S,04:28,Q4 04:28,4.466666666666667,494,substitution,SUB in: M. Dellavedova,[],Dellavedova,0,0,,False,False,203521.0,,substitution,2pt made,,,,101162|1626162|202322|202328|203078|203141|203490|203503|203507|203521,202328|203141|203503|203507|203521,101162|1626162|202322|203078|203490,,,1610612749.0,21600346,True
4,PT04M15.00S,04:15,Q4 04:15,4.25,497,2pt,Wall 3' Driving Layup (19 PTS),['pointsinthepaint'],Wall,97,100,Made,True,False,202322.0,,substitution,2pt missed,,,,101162|1626162|202322|202328|203078|203141|203490|203503|203507|203521,101162|1626162|202322|203078|203490,202328|203141|203503|203507|203521,25.0,11.0,1610612764.0,21600346,True
4,PT03M55.00S,03:55,Q4 03:55,3.9166666666666665,498,2pt,MISS Antetokounmpo 18' Jump Shot,[],Antetokounmpo,0,0,Missed,True,False,203507.0,,2pt made,rebound,,,,101162|1626162|202322|202328|203078|203141|203490|203503|203507|203521,202328|203141|203503|203507|203521,101162|1626162|202322|203078|203490,155.0,97.0,1610612749.0,21600346,True
4,PT03M54.00S,03:54,Q4 03:54,3.9,499,rebound,Wall REBOUND (Off:0 Def:3),[],Wall,0,0,,False,False,202322.0,,2pt missed,2pt missed,,,,101162|1626162|202322|202328|203078|203141|203490|203503|203507|203521,101162|1626162|202322|203078|203490,202328|203141|203503|203507|203521,,,1610612764.0,21600346,True
4,PT03M47.00S,03:47,Q4 03:47,3.783333333333333,500,2pt,MISS Wall  Layup,['pointsinthepaint'],Wall,0,0,Missed,True,False,202322.0,,rebound,block,,,,101162|1626162|202322|202328|203078|203141|203490|203503|203507|203521,101162|1626162|202322|203078|203490,202328|203141|203503|203507|203521,0.0,2.0,1610612764.0,21600346,True
4,PT03M47.00S,03:47,Q4 03:47,3.783333333333333,500,block,Teletovic BLOCK (1 BLK),[],Teletovic,0,0,,False,False,203141.0,,2pt missed,rebound,,,203141.0,101162|1626162|202322|202328|203078|203141|203490|203503|203507|203521,202328|203141|203503|203507|203521,101162|1626162|202322|203078|203490,,,1610612749.0,21600346,True
4,PT03M45.00S,03:45,Q4 03:45,3.75,501,rebound,TEAM offensive REBOUND,['team'],,0,0,,False,False,0.0,,block,2pt made,,,,101162|1626162|202322|202328|203078|203141|203490|203503|203507|203521,101162|1626162|202322|203078|203490,202328|203141|203503|203507|203521,,,1610612764.0,21600346,True
4,PT03M43.00S,03:43,Q4 03:43,3.716666666666667,502,2pt,Gortat 9' Jump Shot (9 PTS) (Beal 6 AST),"['2ndchance', 'pointsinthepaint']",Gortat,99,100,Made,True,True,101162.0,203078.0,rebound,3pt missed,,,,101162|1626162|202322|202328|203078|203141|203490|203503|203507|203521,101162|1626162|202322|203078|203490,202328|203141|203503|203507|203521,63.0,62.0,1610612764.0,21600346,True
4,PT03M22.00S,03:22,Q4 03:22,3.3666666666666667,504,3pt,MISS Snell 26' 3PT Jump Shot,[],Snell,0,0,Missed,True,False,203503.0,,2pt made,rebound,,,,101162|1626162|202322|202328|203078|203141|203490|203503|203507|203521,202328|203141|203503|203507|203521,101162|1626162|202322|203078|203490,-124.0,229.0,1610612749.0,21600346,True
4,PT03M20.00S,03:20,Q4 03:20,3.3333333333333335,505,rebound,Wall REBOUND (Off:0 Def:4),[],Wall,0,0,,False,False,202322.0,,3pt missed,2pt made,,,,101162|1626162|202322|202328|203078|203141|203490|203503|203507|203521,101162|1626162|202322|203078|203490,202328|203141|203503|203507|203521,,,1610612764.0,21600346,True
4,PT03M03.00S,03:03,Q4 03:03,3.05,506,2pt,Wall 3' Driving Finger Roll Layup (21 PTS),['pointsinthepaint'],Wall,101,100,Made,True,False,202322.0,,rebound,timeout,,,,101162|1626162|202322|202328|203078|203141|203490|203503|203507|203521,101162|1626162|202322|203078|203490,202328|203141|203503|203507|203521,0.0,26.0,1610612764.0,21600346,True
4,PT03M03.00S,03:03,Q4 03:03,3.05,507,timeout,Bucks Timeout: Regular (Reg.4 Short 0),[],,0,0,,False,False,0.0,,2pt made,substitution,,,,101162|1626162|202322|202328|203078|203141|203490|203503|203507|203521,202328|203141|203503|203507|203521,101162|1626162|202322|203078|203490,,,1610612749.0,21600346,True
4,PT03M03.00S,03:03,Q4 03:03,3.05,510,substitution,SUB out: M. Teletovic,[],Teletovic,0,0,,False,False,203141.0,,timeout,substitution,,,,101162|1626162|202322|202328|203078|203490|203503|203507|203521,202328|203503|203507|203521,101162|1626162|202322|203078|203490,,,1610612749.0,21600346,False
4,PT03M03.00S,03:03,Q4 03:03,3.05,511,substitution,SUB out: G. Monroe,[],Monroe,0,0,,False,False,202328.0,,substitution,substitution,,,,101162|1626162|202322|203078|203490|203503|203507|203521,203503|203507|203521,101162|1626162|202322|203078|203490,,,1610612749.0,21600346,False
4,PT03M03.00S,03:03,Q4 03:03,3.05,512,substitution,SUB in: J. Henson,[],Henson,0,0,,False,False,203089.0,,substitution,substitution,,,,101162|1626162|202322|203078|203089|203490|203503|203507|203521,203089|203503|203507|203521,101162|1626162|202322|203078|203490,,,1610612749.0,21600346,False
4,PT03M03.00S,03:03,Q4 03:03,3.05,513,substitution,SUB in: J. Parker,[],Parker,0,0,,False,False,203953.0,,substitution,turnover,,,,101162|1626162|202322|203078|203089|203490|203503|203507|203521|203953,203089|203503|203507|203521|203953,101162|1626162|202322|203078|203490,,,1610612749.0,21600346,True
4,PT02M48.00S,02:48,Q4 02:48,2.8,512,turnover,Snell Bad Pass Turnover (P1.T19),[],Snell,0,0,,False,False,203503.0,,substitution,steal,,,,101162|1626162|202322|203078|203089|203490|203503|203507|203521|203953,203089|203503|203507|203521|203953,101162|1626162|202322|203078|203490,,,1610612749.0,21600346,True
4,PT02M48.00S,02:48,Q4 02:48,2.8,512,steal,Oubre Jr. STEAL (3 STL),[],Oubre Jr.,0,0,,False,False,1626162.0,,turnover,2pt made,,1626162.0,,101162|1626162|202322|203078|203089|203490|203503|203507|203521|203953,101162|1626162|202322|203078|203490,203089|203503|203507|203521|203953,,,1610612764.0,21600346,True
4,PT02M43.00S,02:43,Q4 02:43,2.716666666666667,513,2pt,Oubre Jr.  Running Dunk (19 PTS),['pointsinthepaint'],Oubre Jr.,103,100,Made,True,False,1626162.0,,steal,2pt missed,,,,101162|1626162|202322|203078|203089|203490|203503|203507|203521|203953,101162|1626162|202322|203078|203490,203089|203503|203507|203521|203953,0.0,1.0,1610612764.0,21600346,True
4,PT02M20.00S,02:20,Q4 02:20,2.3333333333333335,515,2pt,MISS Dellavedova 8' Jump Shot,['pointsinthepaint'],Dellavedova,0,0,Missed,True,False,203521.0,,2pt made,rebound,,,,101162|1626162|202322|203078|203089|203490|203503|203507|203521|203953,203089|203503|203507|203521|203953,101162|1626162|202322|203078|203490,30.0,75.0,1610612749.0,21600346,True
4,PT02M19.00S,02:19,Q4 02:19,2.3166666666666664,516,rebound,Dellavedova REBOUND (Off:1 Def:1),[],Dellavedova,0,0,,False,False,203521.0,,2pt missed,3pt missed,,,,101162|1626162|202322|203078|203089|203490|203503|203507|203521|203953,203089|203503|203507|203521|203953,101162|1626162|202322|203078|203490,,,1610612749.0,21600346,True
4,PT02M08.00S,02:08,Q4 02:08,2.1333333333333333,517,3pt,MISS Snell 27' 3PT Jump Shot,[],Snell,0,0,Missed,True,False,203503.0,,rebound,rebound,,,,101162|1626162|202322|203078|203089|203490|203503|203507|203521|203953,203089|203503|203507|203521|203953,101162|1626162|202322|203078|203490,-171.0,213.0,1610612749.0,21600346,True
4,PT02M07.00S,02:07,Q4 02:07,2.1166666666666667,518,rebound,Oubre Jr. REBOUND (Off:1 Def:7),[],Oubre Jr.,0,0,,False,False,1626162.0,,3pt missed,2pt made,,,,101162|1626162|202322|203078|203089|203490|203503|203507|203521|203953,101162|1626162|202322|203078|203490,203089|203503|203507|203521|203953,,,1610612764.0,21600346,True
4,PT01M47.00S,01:47,Q4 01:47,1.7833333333333332,519,2pt,Beal 1' Finger Roll Layup (18 PTS) (Wall 11 AST),['pointsinthepaint'],Beal,105,100,Made,True,True,203078.0,202322.0,rebound,2pt missed,,,,101162|1626162|202322|203078|203089|203490|203503|203507|203521|203953,101162|1626162|202322|203078|203490,203089|203503|203507|203521|203953,-2.0,8.0,1610612764.0,21600346,True
4,PT01M31.00S,01:31,Q4 01:31,1.5166666666666666,521,2pt,MISS Dellavedova 8' Jump Shot,['pointsinthepaint'],Dellavedova,0,0,Missed,True,False,203521.0,,2pt made,rebound,,,,101162|1626162|202322|203078|203089|203490|203503|203507|203521|203953,203089|203503|203507|203521|203953,101162|1626162|202322|203078|203490,10.0,82.0,1610612749.0,21600346,True
4,PT01M30.00S,01:30,Q4 01:30,1.5,522,rebound,Gortat REBOUND (Off:6 Def:7),[],Gortat,0,0,,False,False,101162.0,,2pt missed,2pt missed,,,,101162|1626162|202322|203078|203089|203490|203503|203507|203521|203953,101162|1626162|202322|203078|203490,203089|203503|203507|203521|203953,,,1610612764.0,21600346,True
4,PT01M05.00S,01:05,Q4 01:05,1.0833333333333333,523,2pt,MISS Wall 22' Jump Shot,[],Wall,0,0,Missed,True,False,202322.0,,rebound,rebound,,,,101162|1626162|202322|203078|203089|203490|203503|203507|203521|203953,101162|1626162|202322|203078|203490,203089|203503|203507|203521|203953,-16.0,224.0,1610612764.0,21600346,True
4,PT01M04.00S,01:04,Q4 01:04,1.0666666666666667,524,rebound,Parker REBOUND (Off:0 Def:3),[],Parker,0,0,,False,False,203953.0,,2pt missed,turnover,,,,101162|1626162|202322|203078|203089|203490|203503|203507|203521|203953,203089|203503|203507|203521|203953,101162|1626162|202322|203078|203490,,,1610612749.0,21600346,True
4,PT00M57.70S,00:57,Q4 00:57,0.9616666666666667,525,turnover,Antetokounmpo Traveling Turnover (P7.T20),[],Antetokounmpo,0,0,,False,False,203507.0,,rebound,timeout,,,,101162|1626162|202322|203078|203089|203490|203503|203507|203521|203953,203089|203503|203507|203521|203953,101162|1626162|202322|203078|203490,,,1610612749.0,21600346,True
4,PT00M57.40S,00:57,Q4 00:57,0.9566666666666667,527,timeout,WIZARDS Timeout: Regular (Full 5 Short 0),[],,0,0,,False,False,0.0,,turnover,2pt missed,,,,101162|1626162|202322|203078|203089|203490|203503|203507|203521|203953,101162|1626162|202322|203078|203490,203089|203503|203507|203521|203953,,,1610612764.0,21600346,True
4,PT00M34.90S,00:34,Q4 00:34,0.5816666666666667,528,2pt,MISS Wall 16' Jump Shot,[],Wall,0,0,Missed,True,False,202322.0,,timeout,rebound,,,,101162|1626162|202322|203078|203089|203490|203503|203507|203521|203953,101162|1626162|202322|203078|203490,203089|203503|203507|203521|203953,2.0,159.0,1610612764.0,21600346,True
4,PT00M33.80S,00:33,Q4 00:33,0.5633333333333332,529,rebound,Gortat REBOUND (Off:7 Def:7),[],Gortat,0,0,,False,False,101162.0,,2pt missed,2pt missed,,,,101162|1626162|202322|203078|203089|203490|203503|203507|203521|203953,101162|1626162|202322|203078|203490,203089|203503|203507|203521|203953,,,1610612764.0,21600346,True
4,PT00M31.90S,00:31,Q4 00:31,0.5316666666666666,530,2pt,MISS Gortat  Layup,['pointsinthepaint'],Gortat,0,0,Missed,True,False,101162.0,,rebound,rebound,,,,101162|1626162|202322|203078|203089|203490|203503|203507|203521|203953,101162|1626162|202322|203078|203490,203089|203503|203507|203521|203953,-2.0,0.0,1610612764.0,21600346,True
4,PT00M31.20S,00:31,Q4 00:31,0.52,531,rebound,Parker REBOUND (Off:0 Def:4),[],Parker,0,0,,False,False,203953.0,,2pt missed,2pt missed,,,,101162|1626162|202322|203078|203089|203490|203503|203507|203521|203953,203089|203503|203507|203521|203953,101162|1626162|202322|203078|203490,,,1610612749.0,21600346,True
4,PT00M23.10S,00:23,Q4 00:23,0.385,532,2pt,MISS Henson 8' Jump Shot,['pointsinthepaint'],Henson,0,0,Missed,True,False,203089.0,,rebound,rebound,,,,101162|1626162|202322|203078|203089|203490|203503|203507|203521|203953,203089|203503|203507|203521|203953,101162|1626162|202322|203078|203490,-70.0,36.0,1610612749.0,21600346,True
4,PT00M22.40S,00:22,Q4 00:22,0.3733333333333333,533,rebound,Oubre Jr. REBOUND (Off:1 Def:8),[],Oubre Jr.,0,0,,False,False,1626162.0,,2pt missed,foul,,,,101162|1626162|202322|203078|203089|203490|203503|203507|203521|203953,101162|1626162|202322|203078|203490,203089|203503|203507|203521|203953,,,1610612764.0,21600346,True
4,PT00M21.80S,00:21,Q4 00:21,0.36333333333333334,534,foul,Parker P.FOUL (P3.T3) (M.Davis),[],Parker,0,0,,False,False,203953.0,,rebound,foul,202322.0,,,101162|1626162|202322|203078|203089|203490|203503|203507|203521|203953,203089|203503|203507|203521|203953,101162|1626162|202322|203078|203490,,,1610612749.0,21600346,True
4,PT00M20.20S,00:20,Q4 00:20,0.33666666666666667,536,foul,Antetokounmpo Personal Take Foul (P3.PN) (M.Davis),[],Antetokounmpo,0,0,,False,False,203507.0,,foul,freethrow,202322.0,,,101162|1626162|202322|203078|203089|203490|203503|203507|203521|203953,203089|203503|203507|203521|203953,101162|1626162|202322|203078|203490,,,1610612749.0,21600346,True
4,PT00M20.20S,00:20,Q4 00:20,0.33666666666666667,537,freethrow,Wall Free Throw 1 of 2 (22 PTS),[],Wall,106,100,Made,False,False,202322.0,,foul,freethrow,,,,101162|1626162|202322|203078|203089|203490|203503|203507|203521|203953,101162|1626162|202322|203078|203490,203089|203503|203507|203521|203953,,,1610612764.0,21600346,True
4,PT00M20.20S,00:20,Q4 00:20,0.33666666666666667,539,freethrow,MISS Wall Free Throw 2 of 2,[],Wall,0,0,Missed,False,False,202322.0,,freethrow,rebound,,,,101162|1626162|202322|203078|203089|203490|203503|203507|203521|203953,101162|1626162|202322|203078|203490,203089|203503|203507|203521|203953,,,1610612764.0,21600346,True
4,PT00M19.80S,00:19,Q4 00:19,0.33,541,rebound,Antetokounmpo REBOUND (Off:3 Def:10),[],Antetokounmpo,0,0,,False,False,203507.0,,freethrow,timeout,,,,101162|1626162|202322|203078|203089|203490|203503|203507|203521|203953,203089|203503|203507|203521|203953,101162|1626162|202322|203078|203490,,,1610612749.0,21600346,True
4,PT00M19.80S,00:19,Q4 00:19,0.33,542,timeout,Bucks Timeout: Regular (Reg.5 Short 0),[],,0,0,,False,False,0.0,,rebound,substitution,,,,101162|1626162|202322|203078|203089|203490|203503|203507|203521|203953,203089|203503|203507|203521|203953,101162|1626162|202322|203078|203490,,,1610612749.0,21600346,True
4,PT00M19.70S,00:19,Q4 00:19,0.3283333333333333,544,substitution,SUB out: M. Gortat,[],Gortat,0,0,,False,False,101162.0,,timeout,substitution,,,,1626162|202322|203078|203089|203490|203503|203507|203521|203953,1626162|202322|203078|203490,203089|203503|203507|203521|203953,,,1610612764.0,21600346,False
4,PT00M19.70S,00:19,Q4 00:19,0.3283333333333333,545,substitution,SUB out: J. Henson,[],Henson,0,0,,False,False,203089.0,,substitution,substitution,,,,1626162|202322|203078|203490|203503|203507|203521|203953,203503|203507|203521|203953,1626162|202322|203078|203490,,,1610612749.0,21600346,False
4,PT00M19.70S,00:19,Q4 00:19,0.3283333333333333,546,substitution,SUB out: T. Snell,[],Snell,0,0,,False,False,203503.0,,substitution,substitution,,,,1626162|202322|203078|203490|203507|203521|203953,203507|203521|203953,1626162|202322|203078|203490,,,1610612749.0,21600346,False
4,PT00M19.70S,00:19,Q4 00:19,0.3283333333333333,547,substitution,SUB in: M. Morris,[],Morris,0,0,,False,False,202693.0,,substitution,substitution,,,,1626162|202322|202693|203078|203490|203507|203521|203953,1626162|202322|202693|203078|203490,203507|203521|203953,,,1610612764.0,21600346,False
4,PT00M19.70S,00:19,Q4 00:19,0.3283333333333333,548,substitution,SUB in: G. Monroe,[],Monroe,0,0,,False,False,202328.0,,substitution,substitution,,,,1626162|202322|202328|202693|203078|203490|203507|203521|203953,202328|203507|203521|203953,1626162|202322|202693|203078|203490,,,1610612749.0,21600346,False
4,PT00M19.70S,00:19,Q4 00:19,0.3283333333333333,549,substitution,SUB in: M. Teletovic,[],Teletovic,0,0,,False,False,203141.0,,substitution,2pt made,,,,1626162|202322|202328|202693|203078|203141|203490|203507|203521|203953,202328|203141|203507|203521|203953,1626162|202322|202693|203078|203490,,,1610612749.0,21600346,True
4,PT00M08.90S,00:08,Q4 00:08,0.14833333333333334,547,2pt,Antetokounmpo 3' Finger Roll Layup (28 PTS),['pointsinthepaint'],Antetokounmpo,106,102,Made,True,False,203507.0,,substitution,foul,,,,1626162|202322|202328|202693|203078|203141|203490|203507|203521|203953,202328|203141|203507|203521|203953,1626162|202322|202693|203078|203490,15.0,21.0,1610612749.0,21600346,True
4,PT00M08.30S,00:08,Q4 00:08,0.13833333333333334,548,foul,Parker Personal Take Foul (P4.PN) (D.Richardson),[],Parker,0,0,,False,False,203953.0,,2pt made,freethrow,202322.0,,,1626162|202322|202328|202693|203078|203141|203490|203507|203521|203953,202328|203141|203507|203521|203953,1626162|202322|202693|203078|203490,,,1610612749.0,21600346,True
4,PT00M08.30S,00:08,Q4 00:08,0.13833333333333334,549,freethrow,Wall Free Throw 1 of 2 (23 PTS),[],Wall,107,102,Made,False,False,202322.0,,foul,freethrow,,,,1626162|202322|202328|202693|203078|203141|203490|203507|203521|203953,1626162|202322|202693|203078|203490,202328|203141|203507|203521|203953,,,1610612764.0,21600346,True
4,PT00M08.30S,00:08,Q4 00:08,0.13833333333333334,551,freethrow,Wall Free Throw 2 of 2 (24 PTS),[],Wall,108,102,Made,False,False,202322.0,,freethrow,timeout,,,,1626162|202322|202328|202693|203078|203141|203490|203507|203521|203953,1626162|202322|202693|203078|203490,202328|203141|203507|203521|203953,,,1610612764.0,21600346,True
4,PT00M08.30S,00:08,Q4 00:08,0.13833333333333334,553,timeout,Bucks Timeout: Short (Reg.5 Short 1),[],,0,0,,False,False,0.0,,freethrow,3pt made,,,,1626162|202322|202328|202693|203078|203141|203490|203507|203521|203953,202328|203141|203507|203521|203953,1626162|202322|202693|203078|203490,,,1610612749.0,21600346,True
4,PT00M05.90S,00:05,Q4 00:05,0.09833333333333334,555,3pt,Teletovic 37' 3PT Jump Shot (25 PTS) (Antetokounmpo 7 AST),[],Teletovic,108,105,Made,True,True,203141.0,203507.0,timeout,timeout,,,,1626162|202322|202328|202693|203078|203141|203490|203507|203521|203953,202328|203141|203507|203521|203953,1626162|202322|202693|203078|203490,-158.0,331.0,1610612749.0,21600346,True
4,PT00M05.90S,00:05,Q4 00:05,0.09833333333333334,556,timeout,WIZARDS Timeout: Short (Full 5 Short 1),[],,0,0,,False,False,0.0,,3pt made,substitution,,,,1626162|202322|202328|202693|203078|203141|203490|203507|203521|203953,1626162|202322|202693|203078|203490,202328|203141|203507|203521|203953,,,1610612764.0,21600346,True
4,PT00M05.50S,00:05,Q4 00:05,0.09166666666666666,557,substitution,SUB out: M. Teletovic,[],Teletovic,0,0,,False,False,203141.0,,timeout,substitution,,,,1626162|202322|202328|202693|203078|203490|203507|203521|203953,202328|203507|203521|203953,1626162|202322|202693|203078|203490,,,1610612749.0,21600346,False
4,PT00M05.50S,00:05,Q4 00:05,0.09166666666666666,558,substitution,SUB out: G. Monroe,[],Monroe,0,0,,False,False,202328.0,,substitution,substitution,,,,1626162|202322|202693|203078|203490|203507|203521|203953,203507|203521|203953,1626162|202322|202693|203078|203490,,,1610612749.0,21600346,False
4,PT00M05.50S,00:05,Q4 00:05,0.09166666666666666,559,substitution,SUB in: M. Brogdon,[],Brogdon,0,0,,False,False,1627763.0,,substitution,substitution,,,,1626162|1627763|202322|202693|203078|203490|203507|203521|203953,1627763|203507|203521|203953,1626162|202322|202693|203078|203490,,,1610612749.0,21600346,False
4,PT00M05.50S,00:05,Q4 00:05,0.09166666666666666,560,substitution,SUB in: T. Maker,[],Maker,0,0,,False,False,1627748.0,,substitution,foul,,,,1626162|1627748|1627763|202322|202693|203078|203490|203507|203521|203953,1627748|1627763|203507|203521|203953,1626162|202322|202693|203078|203490,,,1610612749.0,21600346,True
4,PT00M05.00S,00:05,Q4 00:05,0.08333333333333333,559,foul,Brogdon Personal Take Foul (P3.PN) (M.Davis),['inpenalty'],Brogdon,0,0,,False,False,1627763.0,,substitution,freethrow,203078.0,,,1626162|1627748|1627763|202322|202693|203078|203490|203507|203521|203953,1627748|1627763|203507|203521|203953,1626162|202322|202693|203078|203490,,,1610612749.0,21600346,True
4,PT00M05.00S,00:05,Q4 00:05,0.08333333333333333,560,freethrow,Beal Free Throw 1 of 2 (19 PTS),[],Beal,109,105,Made,False,False,203078.0,,foul,freethrow,,,,1626162|1627748|1627763|202322|202693|203078|203490|203507|203521|203953,1626162|202322|202693|203078|203490,1627748|1627763|203507|203521|203953,,,1610612764.0,21600346,True
4,PT00M05.00S,00:05,Q4 00:05,0.08333333333333333,562,freethrow,Beal Free Throw 2 of 2 (20 PTS),[],Beal,110,105,Made,False,False,203078.0,,freethrow,timeout,,,,1626162|1627748|1627763|202322|202693|203078|203490|203507|203521|203953,1626162|202322|202693|203078|203490,1627748|1627763|203507|203521|203953,,,1610612764.0,21600346,True
4,PT00M05.00S,00:05,Q4 00:05,0.08333333333333333,564,timeout,Bucks Timeout: Short (Reg.5 Short 2),[],,0,0,,False,False,0.0,,freethrow,substitution,,,,1626162|1627748|1627763|202322|202693|203078|203490|203507|203521|203953,1627748|1627763|203507|203521|203953,1626162|202322|202693|203078|203490,,,1610612749.0,21600346,True
4,PT00M03.50S,00:03,Q4 00:03,0.058333333333333334,566,substitution,SUB out: M. Brogdon,[],Brogdon,0,0,,False,False,1627763.0,,timeout,substitution,,,,1626162|1627748|202322|202693|203078|203490|203507|203521|203953,1627748|203507|203521|203953,1626162|202322|202693|203078|203490,,,1610612749.0,21600346,False
4,PT00M03.50S,00:03,Q4 00:03,0.058333333333333334,567,substitution,SUB out: T. Maker,[],Maker,0,0,,False,False,1627748.0,,substitution,substitution,,,,1626162|202322|202693|203078|203490|203507|203521|203953,203507|203521|203953,1626162|202322|202693|203078|203490,,,1610612749.0,21600346,False
4,PT00M03.50S,00:03,Q4 00:03,0.058333333333333334,568,substitution,SUB in: M. Teletovic,[],Teletovic,0,0,,False,False,203141.0,,substitution,substitution,,,,1626162|202322|202693|203078|203141|203490|203507|203521|203953,203141|203507|203521|203953,1626162|202322|202693|203078|203490,,,1610612749.0,21600346,False
4,PT00M03.50S,00:03,Q4 00:03,0.058333333333333334,569,substitution,SUB in: J. Terry,[],Terry,0,0,,False,False,1891.0,,substitution,3pt missed,,,,1626162|1891|202322|202693|203078|203141|203490|203507|203521|203953,1891|203141|203507|203521|203953,1626162|202322|202693|203078|203490,,,1610612749.0,21600346,True
4,PT00M01.00S,00:01,Q4 00:01,0.016666666666666666,568,3pt,MISS Dellavedova 28' 3PT Jump Shot,[],Dellavedova,0,0,Missed,True,False,203521.0,,substitution,rebound,,,,1626162|1891|202322|202693|203078|203141|203490|203507|203521|203953,1891|203141|203507|203521|203953,1626162|202322|202693|203078|203490,-34.0,273.0,1610612749.0,21600346,True
4,PT00M00.00S,00:00,Q4 00:00,0.0,569,rebound,TEAM offensive REBOUND,['team'],,0,0,,False,False,0.0,,3pt missed,period,,,,1626162|1891|202322|202693|203078|203141|203490|203507|203521|203953,1891|203141|203507|203521|203953,1626162|202322|202693|203078|203490,,,1610612749.0,21600346,True
4,PT00M00.00S,00:00,Q4 00:00,0.0,571,period,End of 4th Period (9:27 PM EST),[],,110,105,,False,False,0.0,,rebound,,,,,1626162|1891|202322|202693|203078|203141|203490|203507|203521|203953,1626162|202322|202693|203078|203490,1891|203141|203507|203521|203953,,,1610612764.0,21600346,True
