period,clock,clock_display,game_clock,minutes_left_in_game,actionNumber,actionType,description,qualifier,playerName,scoreHome,scoreAway,shotResult,isFieldGoal,assisted,person_id,assister_id,previous_action,next_action,foulDrawnPersonId,stealPersonId,blockPersonId,players_on,off_players_on,def_players_on,xLegacy,yLegacy,teamId,game_id,poc_ok
1,PT12M00.00S,12:00,Q1 12:00,48.0,2,period,Start of 1st Period (7:42 PM EST),[],,0,0,,False,False,0.0,,,3pt made,,,,101127|201584|201599|201933|201976|202325|202683|203085|203501|204001,101127|201584|202683|203501|204001,201599|201933|201976|202325|203085,,,1610612752.0,21700245,True
1,PT11M38.00S,11:38,Q1 11:38,47.63333333333333,7,3pt,Jack 3PT Jump Shot (3 PTS) (Lee 1 AST),[],Jack,3,0,Made,True,True,101127.0,201584.0,period,3pt made,,,,101127|201584|201599|201933|201976|202325|202683|203085|203501|204001,101127|201584|202683|203501|204001,201599|201933|201976|202325|203085,-229.0,4.0,1610612752.0,21700245,True
1,PT11M16.00S,11:16,Q1 11:16,47.266666666666666,9,3pt,Johnson 3PT Jump Shot (3 PTS) (Beverley 1 AST),[],Johnson,3,3,Made,True,True,202325.0,201976.0,3pt made,2pt made,,,,101127|201584|201599|201933|201976|202325|202683|203085|203501|204001,201599|201933|201976|202325|203085,101127|201584|202683|203501|204001,-231.0,-12.0,1610612746.0,21700245,True
1,PT11M02.00S,11:02,Q1 11:02,47.03333333333333,11,2pt,Jack 9' Fadeaway Jumper (5 PTS),['pointsinthepaint'],Jack,5,3,Made,True,False,101127.0,,3pt made,turnover,,,,101127|201584|201599|201933|201976|202325|202683|203085|203501|204001,101127|201584|202683|203501|204001,201599|201933|201976|202325|203085,6.0,85.0,1610612752.0,21700245,True
1,PT10M53.00S,10:53,Q1 10:53,46.88333333333333,12,turnover,Beverley Step Out of Bounds Turnover (P1.T1),[],Beverley,5,3,,False,False,201976.0,,2pt made,turnover,,,,101127|201584|201599|201933|201976|202325|202683|203085|203501|204001,201599|201933|201976|202325|203085,101127|201584|202683|203501|204001,,,1610612746.0,21700245,True
1,PT10M46.00S,10:46,Q1 10:46,46.766666666666666,13,turnover,Hardaway Jr. Bad Pass Turnover (P1.T1),[],Hardaway Jr.,5,3,,False,False,203501.0,,turnover,steal,,,,101127|201584|201599|201933|201976|202325|202683|203085|203501|204001,101127|201584|202683|203501|204001,201599|201933|201976|202325|203085,,,1610612752.0,21700245,True
1,PT10M46.00S,10:46,Q1 10:46,46.766666666666666,13,steal,Johnson STEAL (1 STL),[],Johnson,5,3,,False,False,202325.0,,turnover,2pt made,,202325.0,,101127|201584|201599|201933|201976|202325|202683|203085|203501|204001,201599|201933|201976|202325|203085,101127|201584|202683|203501|204001,,,1610612746.0,21700245,True
1,PT10M42.00S,10:42,Q1 10:42,46.7,15,2pt,Griffin 2' Dunk (2 PTS) (Johnson 1 AST),['pointsinthepaint'],Griffin,5,5,Made,True,True,201933.0,202325.0,steal,foul,,,,101127|201584|201599|201933|201976|202325|202683|203085|203501|204001,201599|201933|201976|202325|203085,101127|201584|202683|203501|204001,-4.0,17.0,1610612746.0,21700245,True
1,PT10M18.00S,10:18,Q1 10:18,46.3,18,foul,Beverley S.FOUL (P1.T1) (T.Brown),[],Beverley,5,5,,False,False,201976.0,,2pt made,freethrow,204001.0,,,101127|201584|201599|201933|201976|202325|202683|203085|203501|204001,201599|201933|201976|202325|203085,101127|201584|202683|203501|204001,,,1610612746.0,21700245,True
1,PT10M18.00S,10:18,Q1 10:18,46.3,20,freethrow,Porzingis Free Throw 1 of 2 (1 PTS),[],Porzingis,6,5,Made,False,False,204001.0,,foul,freethrow,,,,101127|201584|201599|201933|201976|202325|202683|203085|203501|204001,101127|201584|202683|203501|204001,201599|201933|201976|202325|203085,,,1610612752.0,21700245,True
1,PT10M18.00S,10:18,Q1 10:18,46.3,21,freethrow,Porzingis Free Throw 2 of 2 (2 PTS),[],Porzingis,7,5,Made,False,False,204001.0,,freethrow,3pt made,,,,101127|201584|201599|201933|201976|202325|202683|203085|203501|204001,101127|201584|202683|203501|204001,201599|201933|201976|202325|203085,,,1610612752.0,21700245,True
1,PT09M59.00S,09:59,Q1 09:59,45.983333333333334,22,3pt,Griffin 25' 3PT Step Back Jump Shot (5 PTS),[],Griffin,7,8,Made,True,False,201933.0,,freethrow,turnover,,,,101127|201584|201599|201933|201976|202325|202683|203085|203501|204001,201599|201933|201976|202325|203085,101127|201584|202683|203501|204001,-182.0,167.0,1610612746.0,21700245,True
1,PT09M47.00S,09:47,Q1 09:47,45.78333333333333,23,turnover,Porzingis Lost Ball Turnover (P1.T2),[],Porzingis,7,8,,False,False,204001.0,,3pt made,steal,,,,101127|201584|201599|201933|201976|202325|202683|203085|203501|204001,101127|201584|202683|203501|204001,201599|201933|201976|202325|203085,,,1610612752.0,21700245,True
1,PT09M47.00S,09:47,Q1 09:47,45.78333333333333,23,steal,Griffin STEAL (1 STL),[],Griffin,7,8,,False,False,201933.0,,turnover,foul,,201933.0,,101127|201584|201599|201933|201976|202325|202683|203085|203501|204001,201599|201933|201976|202325|203085,101127|201584|202683|203501|204001,,,1610612746.0,21700245,True
1,PT09M42.00S,09:42,Q1 09:42,45.7,25,foul,Porzingis P.FOUL (P1.T1) (M.Kogut),[],Porzingis,7,8,,False,False,204001.0,,steal,foul,201933.0,,,101127|201584|201599|201933|201976|202325|202683|203085|203501|204001,101127|201584|202683|203501|204001,201599|201933|201976|202325|203085,,,1610612752.0,21700245,True
1,PT09M36.00S,09:36,Q1 09:36,45.6,27,foul,Freedom S.FOUL (P1.T2) (J.Tiven),[],Freedom,7,8,,False,False,202683.0,,foul,freethrow,201933.0,,,101127|201584|201599|201933|201976|202325|202683|203085|203501|204001,101127|201584|202683|203501|204001,201599|201933|201976|202325|203085,,,1610612752.0,21700245,True
1,PT09M36.00S,09:36,Q1 09:36,45.6,29,freethrow,Griffin Free Throw 1 of 2 (6 PTS),[],Griffin,7,9,Made,False,False,201933.0,,foul,freethrow,,,,101127|201584|201599|201933|201976|202325|202683|203085|203501|204001,201599|201933|201976|202325|203085,101127|201584|202683|203501|204001,,,1610612746.0,21700245,True
1,PT09M36.00S,09:36,Q1 09:36,45.6,30,freethrow,MISS Griffin Free Throw 2 of 2,[],Griffin,7,9,Missed,False,False,201933.0,,freethrow,rebound,,,,101127|201584|201599|201933|201976|202325|202683|203085|203501|204001,201599|201933|201976|202325|203085,101127|201584|202683|203501|204001,,,1610612746.0,21700245,True
1,PT09M33.00S,09:33,Q1 09:33,45.55,31,rebound,Hardaway Jr. REBOUND (Off:0 Def:1),[],Hardaway Jr.,7,9,,False,False,203501.0,,freethrow,3pt made,,,,101127|201584|201599|201933|201976|202325|202683|203085|203501|204001,101127|201584|202683|203501|204001,201599|201933|201976|202325|203085,,,1610612752.0,21700245,True
1,PT09M25.00S,09:25,Q1 09:25,45.416666666666664,32,3pt,Hardaway Jr. 25' 3PT Jump Shot (3 PTS) (Lee 2 AST),[],Hardaway Jr.,10,9,Made,True,True,203501.0,201584.0,rebound,3pt made,,,,101127|201584|201599|201933|201976|202325|202683|203085|203501|204001,101127|201584|202683|203501|204001,201599|201933|201976|202325|203085,157.0,197.0,1610612752.0,21700245,True
1,PT09M05.00S,09:05,Q1 09:05,45.083333333333336,34,3pt,Beverley 25' 3PT Jump Shot (3 PTS) (Griffin 1 AST),[],Beverley,10,12,Made,True,True,201976.0,201933.0,3pt made,3pt missed,,,,101127|201584|201599|201933|201976|202325|202683|203085|203501|204001,201599|201933|201976|202325|203085,101127|201584|202683|203501|204001,-128.0,219.0,1610612746.0,21700245,True
1,PT08M55.00S,08:55,Q1 08:55,44.916666666666664,36,3pt,MISS Porzingis 28' 3PT Jump Shot,[],Porzingis,10,12,Missed,True,False,204001.0,,3pt made,rebound,,,,101127|201584|201599|201933|201976|202325|202683|203085|203501|204001,101127|201584|202683|203501|204001,201599|201933|201976|202325|203085,105.0,257.0,1610612752.0,21700245,True
1,PT08M54.00S,08:54,Q1 08:54,44.9,37,rebound,Jordan REBOUND (Off:0 Def:1),[],Jordan,10,12,,False,False,201599.0,,3pt missed,3pt made,,,,101127|201584|201599|201933|201976|202325|202683|203085|203501|204001,201599|201933|201976|202325|203085,101127|201584|202683|203501|204001,,,1610612746.0,21700245,True
1,PT08M47.00S,08:47,Q1 08:47,44.78333333333333,38,3pt,Johnson 25' 3PT Jump Shot (6 PTS) (Griffin 2 AST),[],Johnson,10,15,Made,True,True,202325.0,201933.0,rebound,turnover,,,,101127|201584|201599|201933|201976|202325|202683|203085|203501|204001,201599|201933|201976|202325|203085,101127|201584|202683|203501|204001,-127.0,220.0,1610612746.0,21700245,True
1,PT08M27.00S,08:27,Q1 08:27,44.45,40,turnover,Freedom Lost Ball Turnover (P1.T3),[],Freedom,10,15,,False,False,202683.0,,3pt made,steal,,,,101127|201584|201599|201933|201976|202325|202683|203085|203501|204001,101127|201584|202683|203501|204001,201599|201933|201976|202325|203085,,,1610612752.0,21700245,True
1,PT08M27.00S,08:27,Q1 08:27,44.45,40,steal,Jordan STEAL (1 STL),[],Jordan,10,15,,False,False,201599.0,,turnover,3pt missed,,201599.0,,101127|201584|201599|201933|201976|202325|202683|203085|203501|204001,201599|201933|201976|202325|203085,101127|201584|202683|203501|204001,,,1610612746.0,21700245,True
1,PT08M02.00S,08:02,Q1 08:02,44.03333333333333,43,3pt,MISS Beverley 25' 3PT Jump Shot,[],Beverley,10,15,Missed,True,False,201976.0,,steal,rebound,,,,101127|201584|201599|201933|201976|202325|202683|203085|203501|204001,201599|201933|201976|202325|203085,101127|201584|202683|203501|204001,-114.0,227.0,1610612746.0,21700245,True
1,PT08M01.00S,08:01,Q1 08:01,44.016666666666666,44,rebound,Lee REBOUND (Off:0 Def:1),[],Lee,10,15,,False,False,201584.0,,3pt missed,3pt missed,,,,101127|201584|201599|201933|201976|202325|202683|203085|203501|204001,101127|201584|202683|203501|204001,201599|201933|201976|202325|203085,,,1610612752.0,21700245,True
1,PT07M54.00S,07:54,Q1 07:54,43.9,45,3pt,MISS Jack 25' 3PT Jump Shot,[],Jack,10,15,Missed,True,False,101127.0,,rebound,rebound,,,,101127|201584|201599|201933|201976|202325|202683|203085|203501|204001,101127|201584|202683|203501|204001,201599|201933|201976|202325|203085,232.0,85.0,1610612752.0,21700245,True
1,PT07M53.00S,07:53,Q1 07:53,43.88333333333333,46,rebound,Johnson REBOUND (Off:0 Def:1),[],Johnson,10,15,,False,False,202325.0,,3pt missed,2pt missed,,,,101127|201584|201599|201933|201976|202325|202683|203085|203501|204001,201599|201933|201976|202325|203085,101127|201584|202683|203501|204001,,,1610612746.0,21700245,True
1,PT07M32.00S,07:32,Q1 07:32,43.53333333333333,47,2pt,MISS Johnson 12' Fadeaway Jumper,['pointsinthepaint'],Johnson,10,15,Missed,True,False,202325.0,,rebound,rebound,,,,101127|201584|201599|201933|201976|202325|202683|203085|203501|204001,201599|201933|201976|202325|203085,101127|201584|202683|203501|204001,-46.0,111.0,1610612746.0,21700245,True
1,PT07M31.00S,07:31,Q1 07:31,43.516666666666666,48,rebound,Freedom REBOUND (Off:0 Def:1),[],Freedom,10,15,,False,False,202683.0,,2pt missed,2pt made,,,,101127|201584|201599|201933|201976|202325|202683|203085|203501|204001,101127|201584|202683|203501|204001,201599|201933|201976|202325|203085,,,1610612752.0,21700245,True
1,PT07M21.00S,07:21,Q1 07:21,43.35,49,2pt,Porzingis 14' Turnaround Jump Shot (4 PTS),[],Porzingis,12,15,Made,True,False,204001.0,,rebound,2pt missed,,,,101127|201584|201599|201933|201976|202325|202683|203085|203501|204001,101127|201584|202683|203501|204001,201599|201933|201976|202325|203085,-100.0,100.0,1610612752.0,21700245,True
1,PT07M03.00S,07:03,Q1 07:03,43.05,50,2pt,MISS Griffin 9' Running Jump Shot,['pointsinthepaint'],Griffin,12,15,Missed,True,False,201933.0,,2pt made,rebound,,,,101127|201584|201599|201933|201976|202325|202683|203085|203501|204001,201599|201933|201976|202325|203085,101127|201584|202683|203501|204001,54.0,68.0,1610612746.0,21700245,True
1,PT07M02.00S,07:02,Q1 07:02,43.03333333333333,51,rebound,Freedom REBOUND (Off:0 Def:2),[],Freedom,12,15,,False,False,202683.0,,2pt missed,timeout,,,,101127|201584|201599|201933|201976|202325|202683|203085|203501|204001,101127|201584|202683|203501|204001,201599|201933|201976|202325|203085,,,1610612752.0,21700245,True
1,PT06M57.00S,06:57,Q1 06:57,42.95,53,timeout,KNICKS Timeout: Regular (Full 1 Short 0),[],,12,15,,False,False,0.0,,rebound,foul,,,,101127|201584|201599|201933|201976|202325|202683|203085|203501|204001,101127|201584|202683|203501|204001,201599|201933|201976|202325|203085,,,1610612752.0,21700245,True
1,PT06M57.00S,06:57,Q1 06:57,42.95,54,foul,Rivers IN.FOUL (P1.T2) (T.Brown),[],Rivers,12,15,,False,False,203085.0,,timeout,freethrow,201584.0,,,101127|201584|201599|201933|201976|202325|202683|203085|203501|204001,201599|201933|201976|202325|203085,101127|201584|202683|203501|204001,,,1610612746.0,21700245,True
1,PT06M57.00S,06:57,Q1 06:57,42.95,56,freethrow,Lee Free Throw 1 of 1 (1 PTS),[],Lee,13,15,Made,False,False,201584.0,,foul,3pt missed,,,,101127|201584|201599|201933|201976|202325|202683|203085|203501|204001,101127|201584|202683|203501|204001,201599|201933|201976|202325|203085,,,1610612752.0,21700245,True
1,PT06M55.00S,06:55,Q1 06:55,42.916666666666664,57,3pt,MISS Porzingis 29' 3PT Jump Shot,[],Porzingis,13,15,Missed,True,False,204001.0,,freethrow,rebound,,,,101127|201584|201599|201933|201976|202325|202683|203085|203501|204001,101127|201584|202683|203501|204001,201599|201933|201976|202325|203085,-79.0,274.0,1610612752.0,21700245,True
1,PT06M52.00S,06:52,Q1 06:52,42.86666666666667,58,rebound,Johnson REBOUND (Off:0 Def:2),[],Johnson,13,15,,False,False,202325.0,,3pt missed,2pt missed,,,,101127|201584|201599|201933|201976|202325|202683|203085|203501|204001,201599|201933|201976|202325|203085,101127|201584|202683|203501|204001,,,1610612746.0,21700245,True
1,PT06M42.00S,06:42,Q1 06:42,42.7,59,2pt,MISS Griffin 2' Dunk,['pointsinthepaint'],Griffin,13,15,Missed,True,False,201933.0,,rebound,block,,,,101127|201584|201599|201933|201976|202325|202683|203085|203501|204001,201599|201933|201976|202325|203085,101127|201584|202683|203501|204001,9.0,17.0,1610612746.0,21700245,True
1,PT06M42.00S,06:42,Q1 06:42,42.7,59,block,Porzingis BLOCK (1 BLK),[],Porzingis,13,15,,False,False,204001.0,,2pt missed,rebound,,,204001.0,101127|201584|201599|201933|201976|202325|202683|203085|203501|204001,101127|201584|202683|203501|204001,201599|201933|201976|202325|203085,,,1610612752.0,21700245,True
1,PT06M41.00S,06:41,Q1 06:41,42.68333333333334,61,rebound,Jordan REBOUND (Off:1 Def:1),[],Jordan,13,15,,False,False,201599.0,,block,3pt missed,,,,101127|201584|201599|201933|201976|202325|202683|203085|203501|204001,201599|201933|201976|202325|203085,101127|201584|202683|203501|204001,,,1610612746.0,21700245,True
1,PT06M33.00S,06:33,Q1 06:33,42.55,62,3pt,MISS Beverley 27' 3PT Jump Shot,[],Beverley,13,15,Missed,True,False,201976.0,,rebound,rebound,,,,101127|201584|201599|201933|201976|202325|202683|203085|203501|204001,201599|201933|201976|202325|203085,101127|201584|202683|203501|204001,139.0,237.0,1610612746.0,21700245,True
1,PT06M32.00S,06:32,Q1 06:32,42.53333333333333,63,rebound,TEAM defensive REBOUND,['team'],,13,15,,False,False,0.0,,3pt missed,turnover,,,,101127|201584|201599|201933|201976|202325|202683|203085|203501|204001,101127|201584|202683|203501|204001,201599|201933|201976|202325|203085,,,1610612752.0,21700245,True
1,PT06M14.00S,06:14,Q1 06:14,42.233333333333334,64,turnover,Porzingis Lost Ball Turnover (P2.T4),[],Porzingis,13,15,,False,False,204001.0,,rebound,steal,,,,101127|201584|201599|201933|201976|202325|202683|203085|203501|204001,101127|201584|202683|203501|204001,201599|201933|201976|202325|203085,,,1610612752.0,21700245,True
1,PT06M14.00S,06:14,Q1 06:14,42.233333333333334,64,steal,Johnson STEAL (2 STL),[],Johnson,13,15,,False,False,202325.0,,turnover,turnover,,202325.0,,101127|201584|201599|201933|201976|202325|202683|203085|203501|204001,201599|201933|201976|202325|203085,101127|201584|202683|203501|204001,,,1610612746.0,21700245,True
1,PT06M10.00S,06:10,Q1 06:10,42.166666666666664,66,turnover,Beverley Out of Bounds - Bad Pass Turnover Turnover (P2.T2),[],Beverley,13,15,,False,False,201976.0,,steal,foul,,,,101127|201584|201599|201933|201976|202325|202683|203085|203501|204001,201599|201933|201976|202325|203085,101127|201584|202683|203501|204001,,,1610612746.0,21700245,True
1,PT05M52.00S,05:52,Q1 05:52,41.86666666666667,67,foul,Rivers P.FOUL (P2.T3) (T.Brown),[],Rivers,13,15,,False,False,203085.0,,turnover,substitution,204001.0,,,101127|201584|201599|201933|201976|202325|202683|203085|203501|204001,201599|201933|201976|202325|203085,101127|201584|202683|203501|204001,,,1610612746.0,21700245,True
1,PT05M52.00S,05:52,Q1 05:52,41.86666666666667,69,substitution,SUB out: P. Beverley,[],Beverley,13,15,,False,False,201976.0,,foul,substitution,,,,101127|201584|201599|201933|202325|202683|203085|203501|204001,201599|201933|202325|203085,101127|201584|202683|203501|204001,,,1610612746.0,21700245,False
1,PT05M52.00S,05:52,Q1 05:52,41.86666666666667,70,substitution,SUB out: A. Rivers,[],Rivers,13,15,,False,False,203085.0,,substitution,substitution,,,,101127|201584|201599|201933|202325|202683|203501|204001,201599|201933|202325,101127|201584|202683|203501|204001,,,1610612746.0,21700245,False
1,PT05M52.00S,05:52,Q1 05:52,41.86666666666667,71,substitution,SUB in: L. Williams,[],Williams,13,15,,False,False,101150.0,,substitution,substitution,,,,101127|101150|201584|201599|201933|202325|202683|203501|204001,101150|201599|201933|202325,101127|201584|202683|203501|204001,,,1610612746.0,21700245,False
1,PT05M52.00S,05:52,Q1 05:52,41.86666666666667,72,substitution,SUB in: S. Thornwell,[],Thornwell,13,15,,False,False,1628414.0,,substitution,2pt missed,,,,101127|101150|1628414|201584|201599|201933|202325|202683|203501|204001,101150|1628414|201599|201933|202325,101127|201584|202683|203501|204001,,,1610612746.0,21700245,True
1,PT05M44.00S,05:44,Q1 05:44,41.733333333333334,73,2pt,MISS Porzingis 16' Jump Shot,[],Porzingis,13,15,Missed,True,False,204001.0,,substitution,rebound,,,,101127|101150|1628414|201584|201599|201933|202325|202683|203501|204001,101127|201584|202683|203501|204001,101150|1628414|201599|201933|202325,118.0,105.0,1610612752.0,21700245,True
1,PT05M43.00S,05:43,Q1 05:43,41.71666666666667,74,rebound,Griffin REBOUND (Off:0 Def:1),[],Griffin,13,15,,False,False,201933.0,,2pt missed,turnover,,,,101127|101150|1628414|201584|201599|201933|202325|202683|203501|204001,101150|1628414|201599|201933|202325,101127|201584|202683|203501|204001,,,1610612746.0,21700245,True
1,PT05M31.00S,05:31,Q1 05:31,41.516666666666666,75,turnover,L. Williams Bad Pass Turnover (P1.T3),[],Williams,13,15,,False,False,101150.0,,rebound,steal,,,,101127|101150|1628414|201584|201599|201933|202325|202683|203501|204001,101150|1628414|201599|201933|202325,101127|201584|202683|203501|204001,,,1610612746.0,21700245,True
1,PT05M31.00S,05:31,Q1 05:31,41.516666666666666,75,steal,Porzingis STEAL (1 STL),[],Porzingis,13,15,,False,False,204001.0,,turnover,3pt missed,,204001.0,,101127|101150|1628414|201584|201599|201933|202325|202683|203501|204001,101127|201584|202683|203501|204001,101150|1628414|201599|201933|202325,,,1610612752.0,21700245,True
1,PT05M18.00S,05:18,Q1 05:18,41.3,77,3pt,MISS Hardaway Jr. 24' 3PT Jump Shot,[],Hardaway Jr.,13,15,Missed,True,False,203501.0,,steal,rebound,,,,101127|101150|1628414|201584|201599|201933|202325|202683|203501|204001,101127|201584|202683|203501|204001,101150|1628414|201599|201933|202325,230.0,58.0,1610612752.0,21700245,True
1,PT05M17.00S,05:17,Q1 05:17,41.28333333333333,78,rebound,L. Williams REBOUND (Off:0 Def:1),[],Williams,13,15,,False,False,101150.0,,3pt missed,turnover,,,,101127|101150|1628414|201584|201599|201933|202325|202683|203501|204001,101150|1628414|201599|201933|202325,101127|201584|202683|203501|204001,,,1610612746.0,21700245,True
1,PT05M08.00S,05:08,Q1 05:08,41.13333333333333,79,turnover,Griffin Out of Bounds - Bad Pass Turnover Turnover (P1.T4),[],Griffin,13,15,,False,False,201933.0,,rebound,2pt made,,,,101127|101150|1628414|201584|201599|201933|202325|202683|203501|204001,101150|1628414|201599|201933|202325,101127|201584|202683|203501|204001,,,1610612746.0,21700245,True
1,PT04M53.00S,04:53,Q1 04:53,40.88333333333333,80,2pt,Lee 1' Driving Layup (3 PTS) (Jack 1 AST),['pointsinthepaint'],Lee,15,15,Made,True,True,201584.0,101127.0,turnover,timeout,,,,101127|101150|1628414|201584|201599|201933|202325|202683|203501|204001,101127|201584|202683|203501|204001,101150|1628414|201599|201933|202325,-3.0,4.0,1610612752.0,21700245,True
1,PT04M43.00S,04:43,Q1 04:43,40.71666666666667,83,timeout,Clippers Timeout: Regular (Reg.1 Short 0),[],,15,15,,False,False,0.0,,2pt made,substitution,,,,101127|101150|1628414|201584|201599|201933|202325|202683|203501|204001,101150|1628414|201599|201933|202325,101127|201584|202683|203501|204001,,,1610612746.0,21700245,True
1,PT04M43.00S,04:43,Q1 04:43,40.71666666666667,84,substitution,SUB out: T. Hardaway Jr.,[],Hardaway Jr.,15,15,,False,False,203501.0,,timeout,substitution,,,,101127|101150|1628414|201584|201599|201933|202325|202683|204001,101127|201584|202683|204001,101150|1628414|201599|201933|202325,,,1610612752.0,21700245,False
1,PT04M43.00S,04:43,Q1 04:43,40.71666666666667,85,substitution,SUB in: D. McDermott,[],McDermott,15,15,,False,False,203926.0,,substitution,3pt missed,,,,101127|101150|1628414|201584|201599|201933|202325|202683|203926|204001,101127|201584|202683|203926|204001,101150|1628414|201599|201933|202325,,,1610612752.0,21700245,True
1,PT04M35.00S,04:35,Q1 04:35,40.583333333333336,86,3pt,MISS Griffin 25' 3PT Jump Shot,[],Griffin,15,15,Missed,True,False,201933.0,,substitution,rebound,,,,101127|101150|1628414|201584|201599|201933|202325|202683|203926|204001,101150|1628414|201599|201933|202325,101127|201584|202683|203926|204001,-134.0,206.0,1610612746.0,21700245,True
1,PT04M34.00S,04:34,Q1 04:34,40.56666666666666,87,rebound,Jack REBOUND (Off:0 Def:1),[],Jack,15,15,,False,False,101127.0,,3pt missed,2pt missed,,,,101127|101150|1628414|201584|201599|201933|202325|202683|203926|204001,101127|201584|202683|203926|204001,101150|1628414|201599|201933|202325,,,1610612752.0,21700245,True
1,PT04M25.00S,04:25,Q1 04:25,40.416666666666664,88,2pt,MISS Porzingis 14' Jump Shot,[],Porzingis,15,15,Missed,True,False,204001.0,,rebound,rebound,,,,101127|101150|1628414|201584|201599|201933|202325|202683|203926|204001,101127|201584|202683|203926|204001,101150|1628414|201599|201933|202325,92.0,110.0,1610612752.0,21700245,True
1,PT04M24.00S,04:24,Q1 04:24,40.4,89,rebound,Johnson REBOUND (Off:0 Def:3),[],Johnson,15,15,,False,False,202325.0,,2pt missed,turnover,,,,101127|101150|1628414|201584|201599|201933|202325|202683|203926|204001,101150|1628414|201599|201933|202325,101127|201584|202683|203926|204001,,,1610612746.0,21700245,True
1,PT04M07.00S,04:07,Q1 04:07,40.11666666666667,90,turnover,Griffin Backcourt Turnover (P2.T5),[],Griffin,15,15,,False,False,201933.0,,rebound,foul,,,,101127|101150|1628414|201584|201599|201933|202325|202683|203926|204001,101150|1628414|201599|201933|202325,101127|201584|202683|203926|204001,,,1610612746.0,21700245,True
1,PT03M49.00S,03:49,Q1 03:49,39.81666666666666,91,foul,Griffin S.FOUL (P1.T4) (T.Brown),[],Griffin,15,15,,False,False,201933.0,,turnover,freethrow,204001.0,,,101127|101150|1628414|201584|201599|201933|202325|202683|203926|204001,101150|1628414|201599|201933|202325,101127|201584|202683|203926|204001,,,1610612746.0,21700245,True
1,PT03M49.00S,03:49,Q1 03:49,39.81666666666666,93,freethrow,Porzingis Free Throw 1 of 2 (5 PTS),[],Porzingis,16,15,Made,False,False,204001.0,,foul,freethrow,,,,101127|101150|1628414|201584|201599|201933|202325|202683|203926|204001,101127|201584|202683|203926|204001,101150|1628414|201599|201933|202325,,,1610612752.0,21700245,True
1,PT03M49.00S,03:49,Q1 03:49,39.81666666666666,98,freethrow,Porzingis Free Throw 2 of 2 (6 PTS),[],Porzingis,17,15,Made,False,False,204001.0,,freethrow,substitution,,,,101127|101150|1628414|201584|201599|201933|202325|202683|203926|204001,101127|201584|202683|203926|204001,101150|1628414|201599|201933|202325,,,1610612752.0,21700245,True
1,PT03M49.00S,03:49,Q1 03:49,39.81666666666666,94,substitution,SUB out: J. Jack,[],Jack,16,15,,False,False,101127.0,,freethrow,substitution,,,,101150|1628414|201584|201599|201933|202325|202683|203926|204001,201584|202683|203926|204001,101150|1628414|201599|201933|202325,,,1610612752.0,21700245,False
1,PT03M49.00S,03:49,Q1 03:49,39.81666666666666,95,substitution,SUB out: W. Johnson,[],Johnson,16,15,,False,False,202325.0,,substitution,substitution,,,,101150|1628414|201584|201599|201933|202683|203926|204001,101150|1628414|201599|201933,201584|202683|203926|204001,,,1610612746.0,21700245,False
1,PT03M49.00S,03:49,Q1 03:49,39.81666666666666,96,substitution,SUB in: F. Ntilikina,[],Ntilikina,16,15,,False,False,1628373.0,,substitution,substitution,,,,101150|1628373|1628414|201584|201599|201933|202683|203926|204001,1628373|201584|202683|203926|204001,101150|1628414|201599|201933,,,1610612752.0,21700245,False
1,PT03M49.00S,03:49,Q1 03:49,39.81666666666666,97,substitution,SUB in: J. Evans,[],Evans,16,15,,False,False,1628393.0,,substitution,turnover,,,,101150|1628373|1628393|1628414|201584|201599|201933|202683|203926|204001,101150|1628393|1628414|201599|201933,1628373|201584|202683|203926|204001,,,1610612746.0,21700245,True
1,PT03M31.00S,03:31,Q1 03:31,39.516666666666666,99,turnover,L. Williams Bad Pass Turnover (P2.T6),[],Williams,17,15,,False,False,101150.0,,substitution,steal,,,,101150|1628373|1628393|1628414|201584|201599|201933|202683|203926|204001,101150|1628393|1628414|201599|201933,1628373|201584|202683|203926|204001,,,1610612746.0,21700245,True
1,PT03M31.00S,03:31,Q1 03:31,39.516666666666666,99,steal,Freedom STEAL (1 STL),[],Freedom,17,15,,False,False,202683.0,,turnover,foul,,202683.0,,101150|1628373|1628393|1628414|201584|201599|201933|202683|203926|204001,1628373|201584|202683|203926|204001,101150|1628393|1628414|201599|201933,,,1610612752.0,21700245,True
1,PT03M26.00S,03:26,Q1 03:26,39.43333333333334,102,foul,Ntilikina Offensive Charge Foul (P1) (J.Tiven),[],Ntilikina,17,15,,False,False,1628373.0,,steal,turnover,1628414.0,,,101150|1628373|1628393|1628414|201584|201599|201933|202683|203926|204001,1628373|201584|202683|203926|204001,101150|1628393|1628414|201599|201933,,,1610612752.0,21700245,True
1,PT03M26.00S,03:26,Q1 03:26,39.43333333333334,104,turnover,Ntilikina Offensive Foul Turnover (P1.T5),[],Ntilikina,17,15,,False,False,1628373.0,,foul,substitution,,,,101150|1628373|1628393|1628414|201584|201599|201933|202683|203926|204001,1628373|201584|202683|203926|204001,101150|1628393|1628414|201599|201933,,,1610612752.0,21700245,True
1,PT03M26.00S,03:26,Q1 03:26,39.43333333333334,105,substitution,SUB out: E. Freedom,[],Freedom,17,15,,False,False,202683.0,,turnover,substitution,,,,101150|1628373|1628393|1628414|201584|201599|201933|203926|204001,1628373|201584|203926|204001,101150|1628393|1628414|201599|201933,,,1610612752.0,21700245,False
1,PT03M26.00S,03:26,Q1 03:26,39.43333333333334,106,substitution,SUB in: K. O'Quinn,[],O'Quinn,17,15,,False,False,203124.0,,substitution,turnover,,,,101150|1628373|1628393|1628414|201584|201599|201933|203124|203926|204001,1628373|201584|203124|203926|204001,101150|1628393|1628414|201599|201933,,,1610612752.0,21700245,True
1,PT03M02.00S,03:02,Q1 03:02,39.03333333333333,107,turnover,Clippers Turnover: Shot Clock (T#7),[],,17,15,,False,False,1610612746.0,,substitution,foul,,,,101150|1628373|1628393|1628414|201584|201599|201933|203124|203926|204001,1628373|201584|203124|203926|204001,101150|1628393|1628414|201599|201933,,,0.0,21700245,True
1,PT02M55.00S,02:55,Q1 02:55,38.916666666666664,108,foul,Thornwell P.FOUL (P1.PN) (M.Kogut),['inpenalty'],Thornwell,17,15,,False,False,1628414.0,,turnover,freethrow,203926.0,,,101150|1628373|1628393|1628414|201584|201599|201933|203124|203926|204001,101150|1628393|1628414|201599|201933,1628373|201584|203124|203926|204001,,,1610612746.0,21700245,True
1,PT02M55.00S,02:55,Q1 02:55,38.916666666666664,110,freethrow,MISS McDermott Free Throw 1 of 2,[],McDermott,17,15,Missed,False,False,203926.0,,foul,rebound,,,,101150|1628373|1628393|1628414|201584|201599|201933|203124|203926|204001,1628373|201584|203124|203926|204001,101150|1628393|1628414|201599|201933,,,1610612752.0,21700245,True
1,PT02M55.00S,02:55,Q1 02:55,38.916666666666664,111,rebound,TEAM offensive REBOUND,['team'],,17,15,,False,False,0.0,,freethrow,freethrow,,,,101150|1628373|1628393|1628414|201584|201599|201933|203124|203926|204001,1628373|201584|203124|203926|204001,101150|1628393|1628414|201599|201933,,,1610612752.0,21700245,True
1,PT02M55.00S,02:55,Q1 02:55,38.916666666666664,114,freethrow,McDermott Free Throw 2 of 2 (1 PTS),[],McDermott,18,15,Made,False,False,203926.0,,rebound,substitution,,,,101150|1628373|1628393|1628414|201584|201599|201933|203124|203926|204001,1628373|201584|203124|203926|204001,101150|1628393|1628414|201599|201933,,,1610612752.0,21700245,True
1,PT02M55.00S,02:55,Q1 02:55,38.916666666666664,112,substitution,SUB out: K. Porzingis,[],Porzingis,17,15,,False,False,204001.0,,freethrow,substitution,,,,101150|1628373|1628393|1628414|201584|201599|201933|203124|203926,1628373|201584|203124|203926,101150|1628393|1628414|201599|201933,,,1610612752.0,21700245,False
1,PT02M55.00S,02:55,Q1 02:55,38.916666666666664,113,substitution,SUB in: L. Thomas,[],Thomas,17,15,,False,False,202498.0,,substitution,2pt missed,,,,101150|1628373|1628393|1628414|201584|201599|201933|202498|203124|203926,1628373|201584|202498|203124|203926,101150|1628393|1628414|201599|201933,,,1610612752.0,21700245,True
1,PT02M39.00S,02:39,Q1 02:39,38.65,115,2pt,MISS Evans 11' Running Jump Shot,['pointsinthepaint'],Evans,18,15,Missed,True,False,1628393.0,,substitution,rebound,,,,101150|1628373|1628393|1628414|201584|201599|201933|202498|203124|203926,101150|1628393|1628414|201599|201933,1628373|201584|202498|203124|203926,-32.0,101.0,1610612746.0,21700245,True
1,PT02M38.00S,02:38,Q1 02:38,38.63333333333333,116,rebound,O'Quinn REBOUND (Off:0 Def:1),[],O'Quinn,18,15,,False,False,203124.0,,2pt missed,2pt missed,,,,101150|1628373|1628393|1628414|201584|201599|201933|202498|203124|203926,1628373|201584|202498|203124|203926,101150|1628393|1628414|201599|201933,,,1610612752.0,21700245,True
1,PT02M28.00S,02:28,Q1 02:28,38.46666666666667,117,2pt,MISS O'Quinn 14' Jump Shot,[],O'Quinn,18,15,Missed,True,False,203124.0,,rebound,rebound,,,,101150|1628373|1628393|1628414|201584|201599|201933|202498|203124|203926,1628373|201584|202498|203124|203926,101150|1628393|1628414|201599|201933,-92.0,101.0,1610612752.0,21700245,True
1,PT02M27.00S,02:27,Q1 02:27,38.45,118,rebound,Griffin REBOUND (Off:0 Def:2),[],Griffin,18,15,,False,False,201933.0,,2pt missed,2pt missed,,,,101150|1628373|1628393|1628414|201584|201599|201933|202498|203124|203926,101150|1628393|1628414|201599|201933,1628373|201584|202498|203124|203926,,,1610612746.0,21700245,True
1,PT02M20.00S,02:20,Q1 02:20,38.333333333333336,119,2pt,MISS Griffin 20' Jump Shot,[],Griffin,18,15,Missed,True,False,201933.0,,rebound,rebound,,,,101150|1628373|1628393|1628414|201584|201599|201933|202498|203124|203926,101150|1628393|1628414|201599|201933,1628373|201584|202498|203124|203926,23.0,194.0,1610612746.0,21700245,True
1,PT02M19.00S,02:19,Q1 02:19,38.31666666666666,120,rebound,Lee REBOUND (Off:0 Def:2),[],Lee,18,15,,False,False,201584.0,,2pt missed,2pt missed,,,,101150|1628373|1628393|1628414|201584|201599|201933|202498|203124|203926,1628373|201584|202498|203124|203926,101150|1628393|1628414|201599|201933,,,1610612752.0,21700245,True
1,PT02M01.00S,02:01,Q1 02:01,38.016666666666666,121,2pt,MISS O'Quinn 15' Jump Shot,[],O'Quinn,18,15,Missed,True,False,203124.0,,rebound,rebound,,,,101150|1628373|1628393|1628414|201584|201599|201933|202498|203124|203926,1628373|201584|202498|203124|203926,101150|1628393|1628414|201599|201933,114.0,104.0,1610612752.0,21700245,True
1,PT01M58.00S,01:58,Q1 01:58,37.96666666666667,122,rebound,TEAM defensive REBOUND,['team'],,18,15,,False,False,0.0,,2pt missed,substitution,,,,101150|1628373|1628393|1628414|201584|201599|201933|202498|203124|203926,101150|1628393|1628414|201599|201933,1628373|201584|202498|203124|203926,,,1610612746.0,21700245,True
1,PT01M58.00S,01:58,Q1 01:58,37.96666666666667,207,substitution,SUB out: B. Griffin,[],Griffin,18,15,,False,False,201933.0,,rebound,substitution,,,,101150|1628373|1628393|1628414|201584|201599|202498|203124|203926,101150|1628393|1628414|201599,1628373|201584|202498|203124|203926,,,1610612746.0,21700245,False
1,PT01M58.00S,01:58,Q1 01:58,37.96666666666667,208,substitution,SUB out: D. Jordan,[],Jordan,18,15,,False,False,201599.0,,substitution,substitution,,,,101150|1628373|1628393|1628414|201584|202498|203124|203926,101150|1628393|1628414,1628373|201584|202498|203124|203926,,,1610612746.0,21700245,False
1,PT01M58.00S,01:58,Q1 01:58,37.96666666666667,209,substitution,SUB in: S. Dekker,[],Dekker,18,15,,False,False,1626155.0,,substitution,substitution,,,,101150|1626155|1628373|1628393|1628414|201584|202498|203124|203926,101150|1626155|1628393|1628414,1628373|201584|202498|203124|203926,,,1610612746.0,21700245,False
1,PT01M58.00S,01:58,Q1 01:58,37.96666666666667,210,substitution,SUB in: W. Reed,[],Reed,18,15,,False,False,203186.0,,substitution,foul,,,,101150|1626155|1628373|1628393|1628414|201584|202498|203124|203186|203926,101150|1626155|1628393|1628414|203186,1628373|201584|202498|203124|203926,,,1610612746.0,21700245,True
1,PT01M46.00S,01:46,Q1 01:46,37.766666666666666,127,foul,Thomas S.FOUL (P1.T3) (T.Brown),[],Thomas,18,15,,False,False,202498.0,,substitution,freethrow,203186.0,,,101150|1626155|1628373|1628393|1628414|201584|202498|203124|203186|203926,1628373|201584|202498|203124|203926,101150|1626155|1628393|1628414|203186,,,1610612752.0,21700245,True
1,PT01M46.00S,01:46,Q1 01:46,37.766666666666666,129,freethrow,Reed Free Throw 1 of 2 (1 PTS),[],Reed,18,16,Made,False,False,203186.0,,foul,freethrow,,,,101150|1626155|1628373|1628393|1628414|201584|202498|203124|203186|203926,101150|1626155|1628393|1628414|203186,1628373|201584|202498|203124|203926,,,1610612746.0,21700245,True
1,PT01M46.00S,01:46,Q1 01:46,37.766666666666666,130,freethrow,MISS Reed Free Throw 2 of 2,[],Reed,18,16,Missed,False,False,203186.0,,freethrow,rebound,,,,101150|1626155|1628373|1628393|1628414|201584|202498|203124|203186|203926,101150|1626155|1628393|1628414|203186,1628373|201584|202498|203124|203926,,,1610612746.0,21700245,True
1,PT01M44.00S,01:44,Q1 01:44,37.733333333333334,131,rebound,O'Quinn REBOUND (Off:0 Def:2),[],O'Quinn,18,16,,False,False,203124.0,,freethrow,foul,,,,101150|1626155|1628373|1628393|1628414|201584|202498|203124|203186|203926,1628373|201584|202498|203124|203926,101150|1626155|1628393|1628414|203186,,,1610612752.0,21700245,True
1,PT01M36.00S,01:36,Q1 01:36,37.6,132,foul,McDermott OFF.Foul (P1) (M.Kogut),[],McDermott,18,16,,False,False,203926.0,,rebound,turnover,1628393.0,,,101150|1626155|1628373|1628393|1628414|201584|202498|203124|203186|203926,1628373|201584|202498|203124|203926,101150|1626155|1628393|1628414|203186,,,1610612752.0,21700245,True
1,PT01M36.00S,01:36,Q1 01:36,37.6,134,turnover,McDermott Offensive Foul Turnover (P1.T6),[],McDermott,18,16,,False,False,203926.0,,foul,2pt missed,,,,101150|1626155|1628373|1628393|1628414|201584|202498|203124|203186|203926,1628373|201584|202498|203124|203926,101150|1626155|1628393|1628414|203186,,,1610612752.0,21700245,True
1,PT01M14.00S,01:14,Q1 01:14,37.233333333333334,135,2pt,MISS Evans 4' Driving Floating Jump Shot,['pointsinthepaint'],Evans,18,16,Missed,True,False,1628393.0,,turnover,rebound,,,,101150|1626155|1628373|1628393|1628414|201584|202498|203124|203186|203926,101150|1626155|1628393|1628414|203186,1628373|201584|202498|203124|203926,8.0,37.0,1610612746.0,21700245,True
1,PT01M13.00S,01:13,Q1 01:13,37.21666666666667,136,rebound,Reed REBOUND (Off:1 Def:0),[],Reed,18,16,,False,False,203186.0,,2pt missed,2pt made,,,,101150|1626155|1628373|1628393|1628414|201584|202498|203124|203186|203926,101150|1626155|1628393|1628414|203186,1628373|201584|202498|203124|203926,,,1610612746.0,21700245,True
1,PT01M01.00S,01:01,Q1 01:01,37.016666666666666,137,2pt,Evans 23' Jump Shot (2 PTS) (Reed 1 AST),[],Evans,18,18,Made,True,True,1628393.0,203186.0,rebound,turnover,,,,101150|1626155|1628373|1628393|1628414|201584|202498|203124|203186|203926,101150|1626155|1628393|1628414|203186,1628373|201584|202498|203124|203926,87.0,208.0,1610612746.0,21700245,True
1,PT00M55.80S,00:55,Q1 00:55,36.93,139,turnover,Ntilikina Traveling Turnover (P2.T7),[],Ntilikina,18,18,,False,False,1628373.0,,2pt made,2pt missed,,,,101150|1626155|1628373|1628393|1628414|201584|202498|203124|203186|203926,1628373|201584|202498|203124|203926,101150|1626155|1628393|1628414|203186,,,1610612752.0,21700245,True
1,PT00M49.30S,00:49,Q1 00:49,36.821666666666665,140,2pt,MISS L. Williams 21' Jump Shot,[],Williams,18,18,Missed,True,False,101150.0,,turnover,rebound,,,,101150|1626155|1628373|1628393|1628414|201584|202498|203124|203186|203926,101150|1626155|1628393|1628414|203186,1628373|201584|202498|203124|203926,-112.0,174.0,1610612746.0,21700245,True
1,PT00M45.90S,00:45,Q1 00:45,36.765,141,rebound,McDermott REBOUND (Off:0 Def:1),[],McDermott,18,18,,False,False,203926.0,,2pt missed,turnover,,,,101150|1626155|1628373|1628393|1628414|201584|202498|203124|203186|203926,1628373|201584|202498|203124|203926,101150|1626155|1628393|1628414|203186,,,1610612752.0,21700245,True
1,PT00M24.30S,00:24,Q1 00:24,36.405,145,turnover,Lee Bad Pass Turnover (P1.T8),[],Lee,18,18,,False,False,201584.0,,rebound,steal,,,,101150|1626155|1628373|1628393|1628414|201584|202498|203124|203186|203926,1628373|201584|202498|203124|203926,101150|1626155|1628393|1628414|203186,,,1610612752.0,21700245,True
1,PT00M24.30S,00:24,Q1 00:24,36.405,145,steal,Dekker STEAL (1 STL),[],Dekker,18,18,,False,False,1626155.0,,turnover,2pt made,,1626155.0,,101150|1626155|1628373|1628393|1628414|201584|202498|203124|203186|203926,101150|1626155|1628393|1628414|203186,1628373|201584|202498|203124|203926,,,1610612746.0,21700245,True
1,PT00M19.90S,00:19,Q1 00:19,36.33166666666666,147,2pt,Dekker 1' Dunk (2 PTS),['pointsinthepaint'],Dekker,18,20,Made,True,False,1626155.0,,steal,foul,,,,101150|1626155|1628373|1628393|1628414|201584|202498|203124|203186|203926,101150|1626155|1628393|1628414|203186,1628373|201584|202498|203124|203926,5.0,8.0,1610612746.0,21700245,True
1,PT00M05.40S,00:05,Q1 00:05,36.09,148,foul,Thornwell S.FOUL (P2.PN) (T.Brown),['inpenalty'],Thornwell,18,20,,False,False,1628414.0,,2pt made,freethrow,201584.0,,,101150|1626155|1628373|1628393|1628414|201584|202498|203124|203186|203926,101150|1626155|1628393|1628414|203186,1628373|201584|202498|203124|203926,,,1610612746.0,21700245,True
1,PT00M05.40S,00:05,Q1 00:05,36.09,150,freethrow,Lee Free Throw 1 of 2 (4 PTS),[],Lee,19,20,Made,False,False,201584.0,,foul,freethrow,,,,101150|1626155|1628373|1628393|1628414|201584|202498|203124|203186|203926,1628373|201584|202498|203124|203926,101150|1626155|1628393|1628414|203186,,,1610612752.0,21700245,True
1,PT00M05.40S,00:05,Q1 00:05,36.09,151,freethrow,Lee Free Throw 2 of 2 (5 PTS),[],Lee,20,20,Made,False,False,201584.0,,freethrow,turnover,,,,101150|1626155|1628373|1628393|1628414|201584|202498|203124|203186|203926,1628373|201584|202498|203124|203926,101150|1626155|1628393|1628414|203186,,,1610612752.0,21700245,True
1,PT00M01.10S,00:01,Q1 00:01,36.01833333333333,152,turnover,L. Williams Out of Bounds Lost Ball Turnover (P3.T8),[],Williams,20,20,,False,False,101150.0,,freethrow,3pt missed,,,,101150|1626155|1628373|1628393|1628414|201584|202498|203124|203186|203926,101150|1626155|1628393|1628414|203186,1628373|201584|202498|203124|203926,,,1610612746.0,21700245,True
1,PT00M00.20S,00:00,Q1 00:00,36.00333333333333,153,3pt,MISS Ntilikina 47' 3PT Jump Shot,[],Ntilikina,20,20,Missed,True,False,1628373.0,,turnover,rebound,,,,101150|1626155|1628373|1628393|1628414|201584|202498|203124|203186|203926,1628373|201584|202498|203124|203926,101150|1626155|1628393|1628414|203186,-25.0,470.0,1610612752.0,21700245,True
1,PT00M00.10S,00:00,Q1 00:00,36.001666666666665,154,rebound,TEAM offensive REBOUND,['team'],,20,20,,False,False,0.0,,3pt missed,period,,,,101150|1626155|1628373|1628393|1628414|201584|202498|203124|203186|203926,1628373|201584|202498|203124|203926,101150|1626155|1628393|1628414|203186,,,1610612752.0,21700245,True
1,PT00M00.00S,00:00,Q1 00:00,36.0,155,period,End of 1st Period (8:11 PM EST),[],,20,20,,False,False,0.0,,rebound,period,,,,101150|1626155|1628373|1628393|1628414|201584|202498|203124|203186|203926,1628373|201584|202498|203124|203926,101150|1626155|1628393|1628414|203186,,,1610612752.0,21700245,True
2,PT12M00.00S,12:00,Q2 12:00,36.0,160,period,Start of 2nd Period (8:13 PM EST),[],,20,20,,False,False,0.0,,period,substitution,,,,101150|1626155|1628373|1628393|1628414|201584|202498|203124|203186|203926,1628373|201584|202498|203124|203926,101150|1626155|1628393|1628414|203186,,,1610612752.0,21700245,True
2,PT11M49.00S,11:49,Q2 11:49,35.81666666666666,161,foul,Reed OFF.Foul (P1) (T.Brown),[],Reed,20,20,,False,False,203186.0,,substitution,turnover,203926.0,,,101150|1626155|1628373|1628393|202498|203085|203124|203186|203501|203926,101150|1626155|1628393|203085|203186,1628373|202498|203124|203501|203926,,,1610612746.0,21700245,True
2,PT11M49.00S,11:49,Q2 11:49,35.81666666666666,163,turnover,Reed Offensive Foul Turnover (P1.T9),[],Reed,20,20,,False,False,203186.0,,foul,2pt missed,,,,101150|1626155|1628373|1628393|202498|203085|203124|203186|203501|203926,101150|1626155|1628393|203085|203186,1628373|202498|203124|203501|203926,,,1610612746.0,21700245,True
2,PT11M39.00S,11:39,Q2 11:39,35.65,164,2pt,MISS McDermott 20' Jump Shot,[],McDermott,20,20,Missed,True,False,203926.0,,turnover,rebound,,,,101150|1626155|1628373|1628393|202498|203085|203124|203186|203501|203926,1628373|202498|203124|203501|203926,101150|1626155|1628393|203085|203186,-34.0,195.0,1610612752.0,21700245,True
2,PT11M38.00S,11:38,Q2 11:38,35.63333333333333,165,rebound,Hardaway Jr. REBOUND (Off:1 Def:1),[],Hardaway Jr.,20,20,,False,False,203501.0,,2pt missed,2pt made,,,,101150|1626155|1628373|1628393|202498|203085|203124|203186|203501|203926,1628373|202498|203124|203501|203926,101150|1626155|1628393|203085|203186,,,1610612752.0,21700245,True
2,PT11M33.00S,11:33,Q2 11:33,35.55,166,2pt,Hardaway Jr. 20' Fadeaway Jumper (5 PTS),[],Hardaway Jr.,22,20,Made,True,False,203501.0,,rebound,3pt made,,,,101150|1626155|1628373|1628393|202498|203085|203124|203186|203501|203926,1628373|202498|203124|203501|203926,101150|1626155|1628393|203085|203186,150.0,127.0,1610612752.0,21700245,True
2,PT11M22.00S,11:22,Q2 11:22,35.36666666666667,167,3pt,L. Williams 26' 3PT Jump Shot (3 PTS) (Rivers 1 AST),[],Williams,22,23,Made,True,True,101150.0,203085.0,2pt made,2pt made,,,,101150|1626155|1628373|1628393|202498|203085|203124|203186|203501|203926,101150|1626155|1628393|203085|203186,1628373|202498|203124|203501|203926,-89.0,246.0,1610612746.0,21700245,True
2,PT11M08.00S,11:08,Q2 11:08,35.13333333333333,169,2pt,O'Quinn 19' Jump Shot (2 PTS) (Ntilikina 1 AST),[],O'Quinn,24,23,Made,True,True,203124.0,1628373.0,3pt made,2pt made,,,,101150|1626155|1628373|1628393|202498|203085|203124|203186|203501|203926,1628373|202498|203124|203501|203926,101150|1626155|1628393|203085|203186,135.0,138.0,1610612752.0,21700245,True
2,PT10M57.00S,10:57,Q2 10:57,34.95,171,2pt,Reed 1' Layup (3 PTS),['pointsinthepaint'],Reed,24,25,Made,True,False,203186.0,,2pt made,foul,,,,101150|1626155|1628373|1628393|202498|203085|203124|203186|203501|203926,101150|1626155|1628393|203085|203186,1628373|202498|203124|203501|203926,6.0,13.0,1610612746.0,21700245,True
2,PT10M57.00S,10:57,Q2 10:57,34.95,172,foul,O'Quinn S.FOUL (P1.T1) (T.Brown),[],O'Quinn,24,25,,False,False,203124.0,,2pt made,freethrow,203186.0,,,101150|1626155|1628373|1628393|202498|203085|203124|203186|203501|203926,1628373|202498|203124|203501|203926,101150|1626155|1628393|203085|203186,,,1610612752.0,21700245,True
2,PT10M57.00S,10:57,Q2 10:57,34.95,174,freethrow,MISS Reed Free Throw 1 of 1,[],Reed,24,25,Missed,False,False,203186.0,,foul,rebound,,,,101150|1626155|1628373|1628393|202498|203085|203124|203186|203501|203926,101150|1626155|1628393|203085|203186,1628373|202498|203124|203501|203926,,,1610612746.0,21700245,True
2,PT10M55.00S,10:55,Q2 10:55,34.916666666666664,175,rebound,O'Quinn REBOUND (Off:0 Def:3),[],O'Quinn,24,25,,False,False,203124.0,,freethrow,2pt missed,,,,101150|1626155|1628373|1628393|202498|203085|203124|203186|203501|203926,1628373|202498|203124|203501|203926,101150|1626155|1628393|203085|203186,,,1610612752.0,21700245,True
2,PT10M40.00S,10:40,Q2 10:40,34.666666666666664,176,2pt,MISS Hardaway Jr. 2' Layup,['pointsinthepaint'],Hardaway Jr.,24,25,Missed,True,False,203501.0,,rebound,block,,,,101150|1626155|1628373|1628393|202498|203085|203124|203186|203501|203926,1628373|202498|203124|203501|203926,101150|1626155|1628393|203085|203186,20.0,6.0,1610612752.0,21700245,True
2,PT10M40.00S,10:40,Q2 10:40,34.666666666666664,176,block,L. Williams BLOCK (1 BLK),[],Williams,24,25,,False,False,101150.0,,2pt missed,rebound,,,101150.0,101150|1626155|1628373|1628393|202498|203085|203124|203186|203501|203926,101150|1626155|1628393|203085|203186,1628373|202498|203124|203501|203926,,,1610612746.0,21700245,True
2,PT10M37.00S,10:37,Q2 10:37,34.61666666666667,179,rebound,Hardaway Jr. REBOUND (Off:2 Def:1),[],Hardaway Jr.,24,25,,False,False,203501.0,,block,2pt made,,,,101150|1626155|1628373|1628393|202498|203085|203124|203186|203501|203926,1628373|202498|203124|203501|203926,101150|1626155|1628393|203085|203186,,,1610612752.0,21700245,True
2,PT10M36.00S,10:36,Q2 10:36,34.6,180,2pt,Hardaway Jr. 1' Layup (7 PTS),['pointsinthepaint'],Hardaway Jr.,26,25,Made,True,False,203501.0,,rebound,foul,,,,101150|1626155|1628373|1628393|202498|203085|203124|203186|203501|203926,1628373|202498|203124|203501|203926,101150|1626155|1628393|203085|203186,-7.0,11.0,1610612752.0,21700245,True
2,PT10M32.00S,10:32,Q2 10:32,34.53333333333333,181,foul,Ntilikina S.FOUL (P2.T2) (J.Tiven),[],Ntilikina,26,25,,False,False,1628373.0,,2pt made,freethrow,101150.0,,,101150|1626155|1628373|1628393|202498|203085|203124|203186|203501|203926,1628373|202498|203124|203501|203926,101150|1626155|1628393|203085|203186,,,1610612752.0,21700245,True
2,PT10M32.00S,10:32,Q2 10:32,34.53333333333333,183,freethrow,L. Williams Free Throw 1 of 2 (4 PTS),[],Williams,26,26,Made,False,False,101150.0,,foul,freethrow,,,,101150|1626155|1628373|1628393|202498|203085|203124|203186|203501|203926,101150|1626155|1628393|203085|203186,1628373|202498|203124|203501|203926,,,1610612746.0,21700245,True
2,PT10M32.00S,10:32,Q2 10:32,34.53333333333333,186,freethrow,L. Williams Free Throw 2 of 2 (5 PTS),[],Williams,26,27,Made,False,False,101150.0,,freethrow,substitution,,,,101150|1626155|1628373|1628393|202498|203085|203124|203186|203501|203926,101150|1626155|1628393|203085|203186,1628373|202498|203124|203501|203926,,,1610612746.0,21700245,True
2,PT10M32.00S,10:32,Q2 10:32,34.53333333333333,184,substitution,SUB out: K. O'Quinn,[],O'Quinn,26,25,,False,False,203124.0,,freethrow,substitution,,,,101150|1626155|1628373|1628393|202498|203085|203186|203501|203926,1628373|202498|203501|203926,101150|1626155|1628393|203085|203186,,,1610612752.0,21700245,False
2,PT10M32.00S,10:32,Q2 10:32,34.53333333333333,185,substitution,SUB in: E. Freedom,[],Freedom,26,25,,False,False,202683.0,,substitution,turnover,,,,101150|1626155|1628373|1628393|202498|202683|203085|203186|203501|203926,1628373|202498|202683|203501|203926,101150|1626155|1628393|203085|203186,,,1610612752.0,21700245,True
2,PT10M16.00S,10:16,Q2 10:16,34.266666666666666,187,turnover,Freedom Lost Ball Turnover (P2.T9),[],Freedom,26,27,,False,False,202683.0,,substitution,steal,,,,101150|1626155|1628373|1628393|202498|202683|203085|203186|203501|203926,1628373|202498|202683|203501|203926,101150|1626155|1628393|203085|203186,,,1610612752.0,21700245,True
2,PT10M16.00S,10:16,Q2 10:16,34.266666666666666,187,steal,Evans STEAL (1 STL),[],Evans,26,27,,False,False,1628393.0,,turnover,2pt missed,,1628393.0,,101150|1626155|1628373|1628393|202498|202683|203085|203186|203501|203926,101150|1626155|1628393|203085|203186,1628373|202498|202683|203501|203926,,,1610612746.0,21700245,True
2,PT10M06.00S,10:06,Q2 10:06,34.1,189,2pt,MISS Rivers 11' Floating Jump Shot,['pointsinthepaint'],Rivers,26,27,Missed,True,False,203085.0,,steal,rebound,,,,101150|1626155|1628373|1628393|202498|202683|203085|203186|203501|203926,101150|1626155|1628393|203085|203186,1628373|202498|202683|203501|203926,70.0,87.0,1610612746.0,21700245,True
2,PT10M05.00S,10:05,Q2 10:05,34.083333333333336,190,rebound,Freedom REBOUND (Off:0 Def:3),[],Freedom,26,27,,False,False,202683.0,,2pt missed,2pt missed,,,,101150|1626155|1628373|1628393|202498|202683|203085|203186|203501|203926,1628373|202498|202683|203501|203926,101150|1626155|1628393|203085|203186,,,1610612752.0,21700245,True
2,PT09M58.00S,09:58,Q2 09:58,33.96666666666667,191,2pt,MISS Hardaway Jr. 12' Jump Shot,['pointsinthepaint'],Hardaway Jr.,26,27,Missed,True,False,203501.0,,rebound,rebound,,,,101150|1626155|1628373|1628393|202498|202683|203085|203186|203501|203926,1628373|202498|202683|203501|203926,101150|1626155|1628393|203085|203186,-77.0,95.0,1610612752.0,21700245,True
2,PT09M57.00S,09:57,Q2 09:57,33.95,192,rebound,Reed REBOUND (Off:1 Def:1),[],Reed,26,27,,False,False,203186.0,,2pt missed,2pt made,,,,101150|1626155|1628373|1628393|202498|202683|203085|203186|203501|203926,101150|1626155|1628393|203085|203186,1628373|202498|202683|203501|203926,,,1610612746.0,21700245,True
2,PT09M50.00S,09:50,Q2 09:50,33.833333333333336,193,2pt,Reed 1' Dunk (5 PTS) (L. Williams 1 AST),['pointsinthepaint'],Reed,26,29,Made,True,True,203186.0,101150.0,rebound,foul,,,,101150|1626155|1628373|1628393|202498|202683|203085|203186|203501|203926,101150|1626155|1628393|203085|203186,1628373|202498|202683|203501|203926,3.0,11.0,1610612746.0,21700245,True
2,PT09M50.00S,09:50,Q2 09:50,33.833333333333336,195,foul,Thomas S.FOUL (P2.T3) (T.Brown),[],Thomas,26,29,,False,False,202498.0,,2pt made,freethrow,203186.0,,,101150|1626155|1628373|1628393|202498|202683|203085|203186|203501|203926,1628373|202498|202683|203501|203926,101150|1626155|1628393|203085|203186,,,1610612752.0,21700245,True
2,PT09M50.00S,09:50,Q2 09:50,33.833333333333336,197,freethrow,MISS Reed Free Throw 1 of 1,[],Reed,26,29,Missed,False,False,203186.0,,foul,rebound,,,,101150|1626155|1628373|1628393|202498|202683|203085|203186|203501|203926,101150|1626155|1628393|203085|203186,1628373|202498|202683|203501|203926,,,1610612746.0,21700245,True
2,PT09M48.00S,09:48,Q2 09:48,33.8,198,rebound,Freedom REBOUND (Off:0 Def:4),[],Freedom,26,29,,False,False,202683.0,,freethrow,2pt missed,,,,101150|1626155|1628373|1628393|202498|202683|203085|203186|203501|203926,1628373|202498|202683|203501|203926,101150|1626155|1628393|203085|203186,,,1610612752.0,21700245,True
2,PT09M37.00S,09:37,Q2 09:37,33.61666666666667,199,2pt,MISS Ntilikina 18' Jump Shot,[],Ntilikina,26,29,Missed,True,False,1628373.0,,rebound,rebound,,,,101150|1626155|1628373|1628393|202498|202683|203085|203186|203501|203926,1628373|202498|202683|203501|203926,101150|1626155|1628393|203085|203186,-142.0,113.0,1610612752.0,21700245,True
2,PT09M33.00S,09:33,Q2 09:33,33.55,200,rebound,Reed REBOUND (Off:1 Def:2),[],Reed,26,29,,False,False,203186.0,,2pt missed,turnover,,,,101150|1626155|1628373|1628393|202498|202683|203085|203186|203501|203926,101150|1626155|1628393|203085|203186,1628373|202498|202683|203501|203926,,,1610612746.0,21700245,True
2,PT09M26.00S,09:26,Q2 09:26,33.43333333333334,201,turnover,Evans Lost Ball Turnover (P1.T10),[],Evans,26,29,,False,False,1628393.0,,rebound,steal,,,,101150|1626155|1628373|1628393|202498|202683|203085|203186|203501|203926,101150|1626155|1628393|203085|203186,1628373|202498|202683|203501|203926,,,1610612746.0,21700245,True
2,PT09M26.00S,09:26,Q2 09:26,33.43333333333334,201,steal,Freedom STEAL (2 STL),[],Freedom,26,29,,False,False,202683.0,,turnover,turnover,,202683.0,,101150|1626155|1628373|1628393|202498|202683|203085|203186|203501|203926,1628373|202498|202683|203501|203926,101150|1626155|1628393|203085|203186,,,1610612752.0,21700245,True
2,PT09M22.00S,09:22,Q2 09:22,33.36666666666667,203,turnover,Ntilikina Lost Ball Turnover (P3.T10),[],Ntilikina,26,29,,False,False,1628373.0,,steal,steal,,,,101150|1626155|1628373|1628393|202498|202683|203085|203186|203501|203926,1628373|202498|202683|203501|203926,101150|1626155|1628393|203085|203186,,,1610612752.0,21700245,True
2,PT09M22.00S,09:22,Q2 09:22,33.36666666666667,203,steal,Evans STEAL (2 STL),[],Evans,26,29,,False,False,1628393.0,,turnover,2pt made,,1628393.0,,101150|1626155|1628373|1628393|202498|202683|203085|203186|203501|203926,101150|1626155|1628393|203085|203186,1628373|202498|202683|203501|203926,,,1610612746.0,21700245,True
2,PT09M19.00S,09:19,Q2 09:19,33.31666666666666,205,2pt,Dekker 2' Layup (4 PTS) (Evans 1 AST),['pointsinthepaint'],Dekker,26,31,Made,True,True,1626155.0,1628393.0,steal,3pt missed,,,,101150|1626155|1628373|1628393|202498|202683|203085|203186|203501|203926,101150|1626155|1628393|203085|203186,1628373|202498|202683|203501|203926,5.0,16.0,1610612746.0,21700245,True
2,PT09M01.00S,09:01,Q2 09:01,33.016666666666666,211,3pt,MISS Hardaway Jr. 25' 3PT Jump Shot,[],Hardaway Jr.,26,31,Missed,True,False,203501.0,,2pt made,rebound,,,,101150|1626155|1628373|1628393|202498|202683|203085|203186|203501|203926,1628373|202498|202683|203501|203926,101150|1626155|1628393|203085|203186,-158.0,196.0,1610612752.0,21700245,True
2,PT09M00.00S,09:00,Q2 09:00,33.0,212,rebound,Dekker REBOUND (Off:0 Def:1),[],Dekker,26,31,,False,False,1626155.0,,3pt missed,3pt made,,,,101150|1626155|1628373|1628393|202498|202683|203085|203186|203501|203926,101150|1626155|1628393|203085|203186,1628373|202498|202683|203501|203926,,,1610612746.0,21700245,True
2,PT08M55.00S,08:55,Q2 08:55,32.916666666666664,213,3pt,L. Williams 25' 3PT Jump Shot (8 PTS) (Rivers 2 AST),[],Williams,26,34,Made,True,True,101150.0,203085.0,rebound,timeout,,,,101150|1626155|1628373|1628393|202498|202683|203085|203186|203501|203926,101150|1626155|1628393|203085|203186,1628373|202498|202683|203501|203926,210.0,137.0,1610612746.0,21700245,True
2,PT08M55.00S,08:55,Q2 08:55,32.916666666666664,215,timeout,KNICKS Timeout: Regular (Full 2 Short 0),[],,26,34,,False,False,0.0,,3pt made,substitution,,,,101150|1626155|1628373|1628393|202498|202683|203085|203186|203501|203926,1628373|202498|202683|203501|203926,101150|1626155|1628393|203085|203186,,,1610612752.0,21700245,True
2,PT08M55.00S,08:55,Q2 08:55,32.916666666666664,216,substitution,SUB out: F. Ntilikina,[],Ntilikina,26,34,,False,False,1628373.0,,timeout,substitution,,,,101150|1626155|1628393|202498|202683|203085|203186|203501|203926,202498|202683|203501|203926,101150|1626155|1628393|203085|203186,,,1610612752.0,21700245,False
2,PT08M55.00S,08:55,Q2 08:55,32.916666666666664,217,substitution,SUB out: L. Thomas,[],Thomas,26,34,,False,False,202498.0,,substitution,substitution,,,,101150|1626155|1628393|202683|203085|203186|203501|203926,202683|203501|203926,101150|1626155|1628393|203085|203186,,,1610612752.0,21700245,False
2,PT08M55.00S,08:55,Q2 08:55,32.916666666666664,218,substitution,SUB in: J. Jack,[],Jack,26,34,,False,False,101127.0,,substitution,substitution,,,,101127|101150|1626155|1628393|202683|203085|203186|203501|203926,101127|202683|203501|203926,101150|1626155|1628393|203085|203186,,,1610612752.0,21700245,False
2,PT08M55.00S,08:55,Q2 08:55,32.916666666666664,219,substitution,SUB in: K. Porzingis,[],Porzingis,26,34,,False,False,204001.0,,substitution,3pt made,,,,101127|101150|1626155|1628393|202683|203085|203186|203501|203926|204001,101127|202683|203501|203926|204001,101150|1626155|1628393|203085|203186,,,1610612752.0,21700245,True
2,PT08M37.00S,08:37,Q2 08:37,32.61666666666667,220,3pt,McDermott 3PT Jump Shot (4 PTS) (Porzingis 1 AST),[],McDermott,29,34,Made,True,True,203926.0,204001.0,substitution,3pt missed,,,,101127|101150|1626155|1628393|202683|203085|203186|203501|203926|204001,101127|202683|203501|203926|204001,101150|1626155|1628393|203085|203186,233.0,11.0,1610612752.0,21700245,True
2,PT08M24.00S,08:24,Q2 08:24,32.4,222,3pt,MISS Dekker 24' 3PT Jump Shot,[],Dekker,29,34,Missed,True,False,1626155.0,,3pt made,rebound,,,,101127|101150|1626155|1628393|202683|203085|203186|203501|203926|204001,101150|1626155|1628393|203085|203186,101127|202683|203501|203926|204001,230.0,61.0,1610612746.0,21700245,True
2,PT08M20.00S,08:20,Q2 08:20,32.333333333333336,223,rebound,Porzingis REBOUND (Off:0 Def:1),[],Porzingis,29,34,,False,False,204001.0,,3pt missed,2pt made,,,,101127|101150|1626155|1628393|202683|203085|203186|203501|203926|204001,101127|202683|203501|203926|204001,101150|1626155|1628393|203085|203186,,,1610612752.0,21700245,True
2,PT08M04.00S,08:04,Q2 08:04,32.06666666666666,224,2pt,Jack 7' Driving Floating Jump Shot (7 PTS),['pointsinthepaint'],Jack,31,34,Made,True,False,101127.0,,rebound,foul,,,,101127|101150|1626155|1628393|202683|203085|203186|203501|203926|204001,101127|202683|203501|203926|204001,101150|1626155|1628393|203085|203186,2.0,74.0,1610612752.0,21700245,True
2,PT08M04.00S,08:04,Q2 08:04,32.06666666666666,225,foul,Reed S.FOUL (P2.T1) (M.Kogut),[],Reed,31,34,,False,False,203186.0,,2pt made,freethrow,101127.0,,,101127|101150|1626155|1628393|202683|203085|203186|203501|203926|204001,101150|1626155|1628393|203085|203186,101127|202683|203501|203926|204001,,,1610612746.0,21700245,True
2,PT08M04.00S,08:04,Q2 08:04,32.06666666666666,233,freethrow,Jack Free Throw 1 of 1 (8 PTS),[],Jack,32,34,Made,False,False,101127.0,,foul,substitution,,,,101127|101150|1626155|1628393|202683|203085|203186|203501|203926|204001,101127|202683|203501|203926|204001,101150|1626155|1628393|203085|203186,,,1610612752.0,21700245,True
2,PT08M04.00S,08:04,Q2 08:04,32.06666666666666,227,substitution,SUB out: S. Dekker,[],Dekker,31,34,,False,False,1626155.0,,freethrow,substitution,,,,101127|101150|1628393|202683|203085|203186|203501|203926|204001,101150|1628393|203085|203186,101127|202683|203501|203926|204001,,,1610612746.0,21700245,False
2,PT08M04.00S,08:04,Q2 08:04,32.06666666666666,228,substitution,SUB out: W. Reed,[],Reed,31,34,,False,False,203186.0,,substitution,substitution,,,,101127|101150|1628393|202683|203085|203501|203926|204001,101150|1628393|203085,101127|202683|203501|203926|204001,,,1610612746.0,21700245,False
2,PT08M04.00S,08:04,Q2 08:04,32.06666666666666,229,substitution,SUB out: J. Evans,[],Evans,31,34,,False,False,1628393.0,,substitution,substitution,,,,101127|101150|202683|203085|203501|203926|204001,101150|203085,101127|202683|203501|203926|204001,,,1610612746.0,21700245,False
2,PT08M04.00S,08:04,Q2 08:04,32.06666666666666,230,substitution,SUB in: D. Jordan,[],Jordan,31,34,,False,False,201599.0,,substitution,substitution,,,,101127|101150|201599|202683|203085|203501|203926|204001,101150|201599|203085,101127|202683|203501|203926|204001,,,1610612746.0,21700245,False
2,PT08M04.00S,08:04,Q2 08:04,32.06666666666666,231,substitution,SUB in: B. Griffin,[],Griffin,31,34,,False,False,201933.0,,substitution,substitution,,,,101127|101150|201599|201933|202683|203085|203501|203926|204001,101150|201599|201933|203085,101127|202683|203501|203926|204001,,,1610612746.0,21700245,False
2,PT08M04.00S,08:04,Q2 08:04,32.06666666666666,232,substitution,SUB in: W. Johnson,[],Johnson,31,34,,False,False,202325.0,,substitution,2pt missed,,,,101127|101150|201599|201933|202325|202683|203085|203501|203926|204001,101150|201599|201933|202325|203085,101127|202683|203501|203926|204001,,,1610612746.0,21700245,True
2,PT07M40.00S,07:40,Q2 07:40,31.666666666666668,234,2pt,MISS Griffin 12' Turnaround Jump Shot,[],Griffin,32,34,Missed,True,False,201933.0,,substitution,rebound,,,,101127|101150|201599|201933|202325|202683|203085|203501|203926|204001,101150|201599|201933|202325|203085,101127|202683|203501|203926|204001,-119.0,14.0,1610612746.0,21700245,True
2,PT07M39.00S,07:39,Q2 07:39,31.65,235,rebound,Freedom REBOUND (Off:0 Def:5),[],Freedom,32,34,,False,False,202683.0,,2pt missed,2pt made,,,,101127|101150|201599|201933|202325|202683|203085|203501|203926|204001,101127|202683|203501|203926|204001,101150|201599|201933|202325|203085,,,1610612752.0,21700245,True
2,PT07M33.00S,07:33,Q2 07:33,31.55,236,2pt,Porzingis 1' Layup (8 PTS) (Jack 2 AST),['pointsinthepaint'],Porzingis,34,34,Made,True,True,204001.0,101127.0,rebound,turnover,,,,101127|101150|201599|201933|202325|202683|203085|203501|203926|204001,101127|202683|203501|203926|204001,101150|201599|201933|202325|203085,6.0,-1.0,1610612752.0,21700245,True
2,PT07M15.00S,07:15,Q2 07:15,31.25,238,turnover,L. Williams Bad Pass Turnover (P4.T11),[],Williams,34,34,,False,False,101150.0,,2pt made,steal,,,,101127|101150|201599|201933|202325|202683|203085|203501|203926|204001,101150|201599|201933|202325|203085,101127|202683|203501|203926|204001,,,1610612746.0,21700245,True
2,PT07M15.00S,07:15,Q2 07:15,31.25,238,steal,McDermott STEAL (1 STL),[],McDermott,34,34,,False,False,203926.0,,turnover,2pt made,,203926.0,,101127|101150|201599|201933|202325|202683|203085|203501|203926|204001,101127|202683|203501|203926|204001,101150|201599|201933|202325|203085,,,1610612752.0,21700245,True
2,PT07M11.00S,07:11,Q2 07:11,31.183333333333334,240,2pt,Hardaway Jr. 1' Driving Dunk (9 PTS) (Jack 3 AST),['pointsinthepaint'],Hardaway Jr.,36,34,Made,True,True,203501.0,101127.0,steal,timeout,,,,101127|101150|201599|201933|202325|202683|203085|203501|203926|204001,101127|202683|203501|203926|204001,101150|201599|201933|202325|203085,8.0,0.0,1610612752.0,21700245,True
2,PT07M11.00S,07:11,Q2 07:11,31.183333333333334,242,timeout,Clippers Timeout: Regular (Reg.2 Short 0),[],,36,34,,False,False,0.0,,2pt made,turnover,,,,101127|101150|201599|201933|202325|202683|203085|203501|203926|204001,101150|201599|201933|202325|203085,101127|202683|203501|203926|204001,,,1610612746.0,21700245,True
2,PT06M50.00S,06:50,Q2 06:50,30.833333333333332,245,turnover,Johnson Bad Pass Turnover (P1.T12),[],Johnson,36,34,,False,False,202325.0,,timeout,steal,,,,101127|101150|201599|201933|202325|202683|203085|203501|203926|204001,101150|201599|201933|202325|203085,101127|202683|203501|203926|204001,,,1610612746.0,21700245,True
2,PT06M50.00S,06:50,Q2 06:50,30.833333333333332,245,steal,Hardaway Jr. STEAL (1 STL),[],Hardaway Jr.,36,34,,False,False,203501.0,,turnover,3pt missed,,203501.0,,101127|101150|201599|201933|202325|202683|203085|203501|203926|204001,101127|202683|203501|203926|204001,101150|201599|201933|202325|203085,,,1610612752.0,21700245,True
2,PT06M38.00S,06:38,Q2 06:38,30.633333333333333,247,3pt,MISS McDermott 3PT Jump Shot,[],McDermott,36,34,Missed,True,False,203926.0,,steal,rebound,,,,101127|101150|201599|201933|202325|202683|203085|203501|203926|204001,101127|202683|203501|203926|204001,101150|201599|201933|202325|203085,-234.0,-15.0,1610612752.0,21700245,True
2,PT06M36.00S,06:36,Q2 06:36,30.6,248,rebound,Freedom REBOUND (Off:1 Def:5),[],Freedom,36,34,,False,False,202683.0,,3pt missed,2pt missed,,,,101127|101150|201599|201933|202325|202683|203085|203501|203926|204001,101127|202683|203501|203926|204001,101150|201599|201933|202325|203085,,,1610612752.0,21700245,True
2,PT06M35.00S,06:35,Q2 06:35,30.583333333333332,249,2pt,MISS Freedom 3' Layup,['pointsinthepaint'],Freedom,36,34,Missed,True,False,202683.0,,rebound,rebound,,,,101127|101150|201599|201933|202325|202683|203085|203501|203926|204001,101127|202683|203501|203926|204001,101150|201599|201933|202325|203085,-8.0,29.0,1610612752.0,21700245,True
2,PT06M35.00S,06:35,Q2 06:35,30.583333333333332,250,rebound,Porzingis REBOUND (Off:1 Def:1),[],Porzingis,36,34,,False,False,204001.0,,2pt missed,3pt missed,,,,101127|101150|201599|201933|202325|202683|203085|203501|203926|204001,101127|202683|203501|203926|204001,101150|201599|201933|202325|203085,,,1610612752.0,21700245,True
2,PT06M31.00S,06:31,Q2 06:31,30.516666666666666,251,3pt,MISS Porzingis 25' 3PT Jump Shot,[],Porzingis,36,34,Missed,True,False,204001.0,,rebound,rebound,,,,101127|101150|201599|201933|202325|202683|203085|203501|203926|204001,101127|202683|203501|203926|204001,101150|201599|201933|202325|203085,147.0,205.0,1610612752.0,21700245,True
2,PT06M30.00S,06:30,Q2 06:30,30.5,252,rebound,Griffin REBOUND (Off:0 Def:3),[],Griffin,36,34,,False,False,201933.0,,3pt missed,2pt missed,,,,101127|101150|201599|201933|202325|202683|203085|203501|203926|204001,101150|201599|201933|202325|203085,101127|202683|203501|203926|204001,,,1610612746.0,21700245,True
2,PT06M15.00S,06:15,Q2 06:15,30.25,253,2pt,MISS Rivers 2' Driving Layup,['pointsinthepaint'],Rivers,36,34,Missed,True,False,203085.0,,rebound,block,,,,101127|101150|201599|201933|202325|202683|203085|203501|203926|204001,101150|201599|201933|202325|203085,101127|202683|203501|203926|204001,-13.0,20.0,1610612746.0,21700245,True
2,PT06M15.00S,06:15,Q2 06:15,30.25,253,block,Hardaway Jr. BLOCK (1 BLK),[],Hardaway Jr.,36,34,,False,False,203501.0,,2pt missed,rebound,,,203501.0,101127|101150|201599|201933|202325|202683|203085|203501|203926|204001,101127|202683|203501|203926|204001,101150|201599|201933|202325|203085,,,1610612752.0,21700245,True
2,PT06M14.00S,06:14,Q2 06:14,30.233333333333334,255,rebound,Hardaway Jr. REBOUND (Off:2 Def:2),[],Hardaway Jr.,36,34,,False,False,203501.0,,block,2pt made,,,,101127|101150|201599|201933|202325|202683|203085|203501|203926|204001,101127|202683|203501|203926|204001,101150|201599|201933|202325|203085,,,1610612752.0,21700245,True
2,PT06M09.00S,06:09,Q2 06:09,30.15,256,2pt,Freedom 1' Layup (2 PTS) (Hardaway Jr. 1 AST),['pointsinthepaint'],Freedom,38,34,Made,True,True,202683.0,203501.0,rebound,3pt missed,,,,101127|101150|201599|201933|202325|202683|203085|203501|203926|204001,101127|202683|203501|203926|204001,101150|201599|201933|202325|203085,5.0,6.0,1610612752.0,21700245,True
2,PT05M59.00S,05:59,Q2 05:59,29.983333333333334,259,3pt,MISS Rivers 25' 3PT Jump Shot,[],Rivers,38,34,Missed,True,False,203085.0,,2pt made,rebound,,,,101127|101150|201599|201933|202325|202683|203085|203501|203926|204001,101150|201599|201933|202325|203085,101127|202683|203501|203926|204001,-203.0,148.0,1610612746.0,21700245,True
2,PT05M58.00S,05:58,Q2 05:58,29.96666666666667,260,rebound,McDermott REBOUND (Off:0 Def:2),[],McDermott,38,34,,False,False,203926.0,,3pt missed,2pt made,,,,101127|101150|201599|201933|202325|202683|203085|203501|203926|204001,101127|202683|203501|203926|204001,101150|201599|201933|202325|203085,,,1610612752.0,21700245,True
2,PT05M45.00S,05:45,Q2 05:45,29.75,261,2pt,Hardaway Jr. 21' Jump Bank Shot (11 PTS),[],Hardaway Jr.,40,34,Made,True,False,203501.0,,rebound,3pt missed,,,,101127|101150|201599|201933|202325|202683|203085|203501|203926|204001,101127|202683|203501|203926|204001,101150|201599|201933|202325|203085,-161.0,130.0,1610612752.0,21700245,True
2,PT05M24.00S,05:24,Q2 05:24,29.4,262,3pt,MISS Griffin 25' 3PT Jump Shot,[],Griffin,40,34,Missed,True,False,201933.0,,2pt made,rebound,,,,101127|101150|201599|201933|202325|202683|203085|203501|203926|204001,101150|201599|201933|202325|203085,101127|202683|203501|203926|204001,-53.0,245.0,1610612746.0,21700245,True
2,PT05M23.00S,05:23,Q2 05:23,29.383333333333333,263,rebound,Freedom REBOUND (Off:1 Def:6),[],Freedom,40,34,,False,False,202683.0,,3pt missed,2pt missed,,,,101127|101150|201599|201933|202325|202683|203085|203501|203926|204001,101127|202683|203501|203926|204001,101150|201599|201933|202325|203085,,,1610612752.0,21700245,True
2,PT05M13.00S,05:13,Q2 05:13,29.21666666666667,264,2pt,MISS Porzingis 13' Jump Shot,['pointsinthepaint'],Porzingis,40,34,Missed,True,False,204001.0,,rebound,rebound,,,,101127|101150|201599|201933|202325|202683|203085|203501|203926|204001,101127|202683|203501|203926|204001,101150|201599|201933|202325|203085,80.0,105.0,1610612752.0,21700245,True
2,PT05M12.00S,05:12,Q2 05:12,29.2,265,rebound,TEAM offensive REBOUND,['team'],,40,34,,False,False,0.0,,2pt missed,foul,,,,101127|101150|201599|201933|202325|202683|203085|203501|203926|204001,101127|202683|203501|203926|204001,101150|201599|201933|202325|203085,,,1610612752.0,21700245,True
2,PT05M12.00S,05:12,Q2 05:12,29.2,266,foul,Johnson L.B.FOUL (P1.T2) (J.Tiven),[],Johnson,40,34,,False,False,202325.0,,rebound,substitution,101127.0,,,101127|101150|201599|201933|202325|202683|203085|203501|203926|204001,101150|201599|201933|202325|203085,101127|202683|203501|203926|204001,,,1610612746.0,21700245,True
2,PT05M12.00S,05:12,Q2 05:12,29.2,268,substitution,SUB out: L. Williams,[],Williams,40,34,,False,False,101150.0,,foul,substitution,,,,101127|201599|201933|202325|202683|203085|203501|203926|204001,201599|201933|202325|203085,101127|202683|203501|203926|204001,,,1610612746.0,21700245,False
2,PT05M12.00S,05:12,Q2 05:12,29.2,269,substitution,SUB in: P. Beverley,[],Beverley,40,34,,False,False,201976.0,,substitution,turnover,,,,101127|201599|201933|201976|202325|202683|203085|203501|203926|204001,201599|201933|201976|202325|203085,101127|202683|203501|203926|204001,,,1610612746.0,21700245,True
2,PT05M07.00S,05:07,Q2 05:07,29.116666666666667,270,turnover,Jack Bad Pass Turnover (P1.T11),[],Jack,40,34,,False,False,101127.0,,substitution,steal,,,,101127|201599|201933|201976|202325|202683|203085|203501|203926|204001,101127|202683|203501|203926|204001,201599|201933|201976|202325|203085,,,1610612752.0,21700245,True
2,PT05M07.00S,05:07,Q2 05:07,29.116666666666667,270,steal,Rivers STEAL (1 STL),[],Rivers,40,34,,False,False,203085.0,,turnover,2pt made,,203085.0,,101127|201599|201933|201976|202325|202683|203085|203501|203926|204001,201599|201933|201976|202325|203085,101127|202683|203501|203926|204001,,,1610612746.0,21700245,True
2,PT05M04.00S,05:04,Q2 05:04,29.066666666666666,272,2pt,Rivers 1' Driving Reverse Layup (2 PTS),['pointsinthepaint'],Rivers,40,36,Made,True,False,203085.0,,steal,foul,,,,101127|201599|201933|201976|202325|202683|203085|203501|203926|204001,201599|201933|201976|202325|203085,101127|202683|203501|203926|204001,2.0,6.0,1610612746.0,21700245,True
2,PT04M51.00S,04:51,Q2 04:51,28.85,273,foul,Griffin P.FOUL (P2.T3) (M.Kogut),[],Griffin,40,36,,False,False,201933.0,,2pt made,turnover,203926.0,,,101127|201599|201933|201976|202325|202683|203085|203501|203926|204001,201599|201933|201976|202325|203085,101127|202683|203501|203926|204001,,,1610612746.0,21700245,True
2,PT04M46.00S,04:46,Q2 04:46,28.766666666666666,275,turnover,McDermott Traveling Turnover (P2.T12),[],McDermott,40,36,,False,False,203926.0,,foul,turnover,,,,101127|201599|201933|201976|202325|202683|203085|203501|203926|204001,101127|202683|203501|203926|204001,201599|201933|201976|202325|203085,,,1610612752.0,21700245,True
2,PT04M38.00S,04:38,Q2 04:38,28.633333333333333,276,turnover,Johnson Bad Pass Turnover (P2.T13),[],Johnson,40,36,,False,False,202325.0,,turnover,steal,,,,101127|201599|201933|201976|202325|202683|203085|203501|203926|204001,201599|201933|201976|202325|203085,101127|202683|203501|203926|204001,,,1610612746.0,21700245,True
2,PT04M38.00S,04:38,Q2 04:38,28.633333333333333,276,steal,Porzingis STEAL (2 STL),[],Porzingis,40,36,,False,False,204001.0,,turnover,2pt made,,204001.0,,101127|201599|201933|201976|202325|202683|203085|203501|203926|204001,101127|202683|203501|203926|204001,201599|201933|201976|202325|203085,,,1610612752.0,21700245,True
2,PT04M26.00S,04:26,Q2 04:26,28.433333333333334,278,2pt,Porzingis 4' Layup (10 PTS),['pointsinthepaint'],Porzingis,42,36,Made,True,False,204001.0,,steal,turnover,,,,101127|201599|201933|201976|202325|202683|203085|203501|203926|204001,101127|202683|203501|203926|204001,201599|201933|201976|202325|203085,-38.0,16.0,1610612752.0,21700245,True
2,PT04M18.00S,04:18,Q2 04:18,28.3,279,turnover,Johnson Out of Bounds Lost Ball Turnover (P3.T14),[],Johnson,42,36,,False,False,202325.0,,2pt made,substitution,,,,101127|201599|201933|201976|202325|202683|203085|203501|203926|204001,201599|201933|201976|202325|203085,101127|202683|203501|203926|204001,,,1610612746.0,21700245,True
2,PT04M18.00S,04:18,Q2 04:18,28.3,280,substitution,SUB out: D. McDermott,[],McDermott,42,36,,False,False,203926.0,,turnover,substitution,,,,101127|201599|201933|201976|202325|202683|203085|203501|204001,101127|202683|203501|204001,201599|201933|201976|202325|203085,,,1610612752.0,21700245,False
2,PT04M18.00S,04:18,Q2 04:18,28.3,281,substitution,SUB in: C. Lee,[],Lee,42,36,,False,False,201584.0,,substitution,2pt made,,,,101127|201584|201599|201933|201976|202325|202683|203085|203501|204001,101127|201584|202683|203501|204001,201599|201933|201976|202325|203085,,,1610612752.0,21700245,True
2,PT04M04.00S,04:04,Q2 04:04,28.066666666666666,282,2pt,Freedom Reverse Layup (4 PTS) (Jack 4 AST),['pointsinthepaint'],Freedom,44,36,Made,True,True,202683.0,101127.0,substitution,2pt made,,,,101127|201584|201599|201933|201976|202325|202683|203085|203501|204001,101127|201584|202683|203501|204001,201599|201933|201976|202325|203085,3.0,2.0,1610612752.0,21700245,True
2,PT03M50.00S,03:50,Q2 03:50,27.833333333333332,284,2pt,Griffin 2' Driving Layup (8 PTS),['pointsinthepaint'],Griffin,44,38,Made,True,False,201933.0,,2pt made,2pt missed,,,,101127|201584|201599|201933|201976|202325|202683|203085|203501|204001,201599|201933|201976|202325|203085,101127|201584|202683|203501|204001,6.0,21.0,1610612746.0,21700245,True
2,PT03M26.00S,03:26,Q2 03:26,27.433333333333334,285,2pt,MISS Porzingis 19' Jump Shot,[],Porzingis,44,38,Missed,True,False,204001.0,,2pt made,rebound,,,,101127|201584|201599|201933|201976|202325|202683|203085|203501|204001,101127|201584|202683|203501|204001,201599|201933|201976|202325|203085,143.0,122.0,1610612752.0,21700245,True
2,PT03M25.00S,03:25,Q2 03:25,27.416666666666668,286,rebound,Freedom REBOUND (Off:2 Def:6),[],Freedom,44,38,,False,False,202683.0,,2pt missed,foul,,,,101127|201584|201599|201933|201976|202325|202683|203085|203501|204001,101127|201584|202683|203501|204001,201599|201933|201976|202325|203085,,,1610612752.0,21700245,True
2,PT03M21.00S,03:21,Q2 03:21,27.35,287,foul,Johnson S.FOUL (P2.T4) (T.Brown),['inpenalty'],Johnson,44,38,,False,False,202325.0,,rebound,freethrow,202683.0,,,101127|201584|201599|201933|201976|202325|202683|203085|203501|204001,201599|201933|201976|202325|203085,101127|201584|202683|203501|204001,,,1610612746.0,21700245,True
2,PT03M21.00S,03:21,Q2 03:21,27.35,289,freethrow,Freedom Free Throw 1 of 2 (5 PTS),[],Freedom,45,38,Made,False,False,202683.0,,foul,freethrow,,,,101127|201584|201599|201933|201976|202325|202683|203085|203501|204001,101127|201584|202683|203501|204001,201599|201933|201976|202325|203085,,,1610612752.0,21700245,True
2,PT03M21.00S,03:21,Q2 03:21,27.35,292,freethrow,Freedom Free Throw 2 of 2 (6 PTS),[],Freedom,46,38,Made,False,False,202683.0,,freethrow,substitution,,,,101127|201584|201599|201933|201976|202325|202683|203085|203501|204001,101127|201584|202683|203501|204001,201599|201933|201976|202325|203085,,,1610612752.0,21700245,True
2,PT03M21.00S,03:21,Q2 03:21,27.35,290,substitution,SUB out: W. Johnson,[],Johnson,44,38,,False,False,202325.0,,freethrow,substitution,,,,101127|201584|201599|201933|201976|202683|203085|203501|204001,201599|201933|201976|203085,101127|201584|202683|203501|204001,,,1610612746.0,21700245,False
2,PT03M21.00S,03:21,Q2 03:21,27.35,291,substitution,SUB in: L. Williams,[],Williams,44,38,,False,False,101150.0,,substitution,2pt missed,,,,101127|101150|201584|201599|201933|201976|202683|203085|203501|204001,101150|201599|201933|201976|203085,101127|201584|202683|203501|204001,,,1610612746.0,21700245,True
2,PT03M06.00S,03:06,Q2 03:06,27.1,293,2pt,MISS Rivers 15' Floating Jump Shot,[],Rivers,46,38,Missed,True,False,203085.0,,substitution,block,,,,101127|101150|201584|201599|201933|201976|202683|203085|203501|204001,101150|201599|201933|201976|203085,101127|201584|202683|203501|204001,25.0,146.0,1610612746.0,21700245,True
2,PT03M06.00S,03:06,Q2 03:06,27.1,293,block,Lee BLOCK (1 BLK),[],Lee,46,38,,False,False,201584.0,,2pt missed,rebound,,,201584.0,101127|101150|201584|201599|201933|201976|202683|203085|203501|204001,101127|201584|202683|203501|204001,101150|201599|201933|201976|203085,,,1610612752.0,21700245,True
2,PT03M05.00S,03:05,Q2 03:05,27.083333333333332,295,rebound,Porzingis REBOUND (Off:1 Def:2),[],Porzingis,46,38,,False,False,204001.0,,block,3pt made,,,,101127|101150|201584|201599|201933|201976|202683|203085|203501|204001,101127|201584|202683|203501|204001,101150|201599|201933|201976|203085,,,1610612752.0,21700245,True
2,PT03M00.00S,03:00,Q2 03:00,27.0,296,3pt,Jack 25' 3PT Pullup Jump Shot (11 PTS),[],Jack,49,38,Made,True,False,101127.0,,rebound,2pt made,,,,101127|101150|201584|201599|201933|201976|202683|203085|203501|204001,101127|201584|202683|203501|204001,101150|201599|201933|201976|203085,-76.0,238.0,1610612752.0,21700245,True
2,PT02M38.00S,02:38,Q2 02:38,26.633333333333333,297,2pt,Griffin 7' Driving Hook Shot (10 PTS),['pointsinthepaint'],Griffin,49,40,Made,True,False,201933.0,,3pt made,turnover,,,,101127|101150|201584|201599|201933|201976|202683|203085|203501|204001,101150|201599|201933|201976|203085,101127|201584|202683|203501|204001,12.0,67.0,1610612746.0,21700245,True
2,PT02M25.00S,02:25,Q2 02:25,26.416666666666668,298,turnover,Porzingis Bad Pass Turnover (P3.T13),[],Porzingis,49,40,,False,False,204001.0,,2pt made,steal,,,,101127|101150|201584|201599|201933|201976|202683|203085|203501|204001,101127|201584|202683|203501|204001,101150|201599|201933|201976|203085,,,1610612752.0,21700245,True
2,PT02M25.00S,02:25,Q2 02:25,26.416666666666668,298,steal,L. Williams STEAL (1 STL),[],Williams,49,40,,False,False,101150.0,,turnover,foul,,101150.0,,101127|101150|201584|201599|201933|201976|202683|203085|203501|204001,101150|201599|201933|201976|203085,101127|201584|202683|203501|204001,,,1610612746.0,21700245,True
2,PT02M23.00S,02:23,Q2 02:23,26.383333333333333,300,foul,Hardaway Jr. S.FOUL (P1.T4) (M.Kogut),[],Hardaway Jr.,49,40,,False,False,203501.0,,steal,instant replay,201933.0,,,101127|101150|201584|201599|201933|201976|202683|203085|203501|204001,101127|201584|202683|203501|204001,101150|201599|201933|201976|203085,,,1610612752.0,21700245,True
2,PT02M23.00S,02:23,Q2 02:23,26.383333333333333,303,freethrow,Griffin Free Throw 1 of 2 (11 PTS),[],Griffin,49,41,Made,False,False,201933.0,,instant replay,freethrow,,,,101127|101150|201584|201599|201933|201976|202683|203085|203501|204001,101150|201599|201933|201976|203085,101127|201584|202683|203501|204001,,,1610612746.0,21700245,True
2,PT02M23.00S,02:23,Q2 02:23,26.383333333333333,304,freethrow,Griffin Free Throw 2 of 2 (12 PTS),[],Griffin,49,42,Made,False,False,201933.0,,freethrow,3pt made,,,,101127|101150|201584|201599|201933|201976|202683|203085|203501|204001,101150|201599|201933|201976|203085,101127|201584|202683|203501|204001,,,1610612746.0,21700245,True
2,PT02M02.00S,02:02,Q2 02:02,26.03333333333333,306,3pt,Porzingis 26' 3PT Jump Shot (13 PTS) (Hardaway Jr. 2 AST),[],Porzingis,52,42,Made,True,True,204001.0,203501.0,freethrow,2pt missed,,,,101127|101150|201584|201599|201933|201976|202683|203085|203501|204001,101127|201584|202683|203501|204001,101150|201599|201933|201976|203085,-145.0,210.0,1610612752.0,21700245,True
2,PT01M52.00S,01:52,Q2 01:52,25.866666666666667,308,2pt,MISS Griffin 3' Driving Layup,['pointsinthepaint'],Griffin,52,42,Missed,True,False,201933.0,,3pt made,block,,,,101127|101150|201584|201599|201933|201976|202683|203085|203501|204001,101150|201599|201933|201976|203085,101127|201584|202683|203501|204001,18.0,29.0,1610612746.0,21700245,True
2,PT01M52.00S,01:52,Q2 01:52,25.866666666666667,308,block,Porzingis BLOCK (2 BLK),[],Porzingis,52,42,,False,False,204001.0,,2pt missed,rebound,,,204001.0,101127|101150|201584|201599|201933|201976|202683|203085|203501|204001,101127|201584|202683|203501|204001,101150|201599|201933|201976|203085,,,1610612752.0,21700245,True
2,PT01M51.00S,01:51,Q2 01:51,25.85,310,rebound,TEAM offensive REBOUND,['team'],,52,42,,False,False,0.0,,block,3pt missed,,,,101127|101150|201584|201599|201933|201976|202683|203085|203501|204001,101150|201599|201933|201976|203085,101127|201584|202683|203501|204001,,,1610612746.0,21700245,True
2,PT01M49.00S,01:49,Q2 01:49,25.816666666666666,311,3pt,MISS L. Williams 27' 3PT Jump Shot,['2ndchance'],Williams,52,42,Missed,True,False,101150.0,,rebound,rebound,,,,101127|101150|201584|201599|201933|201976|202683|203085|203501|204001,101150|201599|201933|201976|203085,101127|201584|202683|203501|204001,133.0,231.0,1610612746.0,21700245,True
2,PT01M48.00S,01:48,Q2 01:48,25.8,312,rebound,Freedom REBOUND (Off:2 Def:7),[],Freedom,52,42,,False,False,202683.0,,3pt missed,foul,,,,101127|101150|201584|201599|201933|201976|202683|203085|203501|204001,101127|201584|202683|203501|204001,101150|201599|201933|201976|203085,,,1610612752.0,21700245,True
2,PT01M33.00S,01:33,Q2 01:33,25.55,313,foul,Porzingis OFF.Foul (P2) (M.Kogut),['inpenalty'],Porzingis,52,42,,False,False,204001.0,,rebound,turnover,201599.0,,,101127|101150|201584|201599|201933|201976|202683|203085|203501|204001,101127|201584|202683|203501|204001,101150|201599|201933|201976|203085,,,1610612752.0,21700245,True
2,PT01M33.00S,01:33,Q2 01:33,25.55,315,turnover,Porzingis Offensive Foul Turnover (P4.T14),[],Porzingis,52,42,,False,False,204001.0,,foul,turnover,,,,101127|101150|201584|201599|201933|201976|202683|203085|203501|204001,101127|201584|202683|203501|204001,101150|201599|201933|201976|203085,,,1610612752.0,21700245,True
2,PT01M18.00S,01:18,Q2 01:18,25.3,316,turnover,Jordan Lost Ball Turnover (P1.T15),[],Jordan,52,42,,False,False,201599.0,,turnover,steal,,,,101127|101150|201584|201599|201933|201976|202683|203085|203501|204001,101150|201599|201933|201976|203085,101127|201584|202683|203501|204001,,,1610612746.0,21700245,True
2,PT01M18.00S,01:18,Q2 01:18,25.3,316,steal,Hardaway Jr. STEAL (2 STL),[],Hardaway Jr.,52,42,,False,False,203501.0,,turnover,2pt made,,203501.0,,101127|101150|201584|201599|201933|201976|202683|203085|203501|204001,101127|201584|202683|203501|204001,101150|201599|201933|201976|203085,,,1610612752.0,21700245,True
2,PT01M14.00S,01:14,Q2 01:14,25.233333333333334,318,2pt,Lee 1' Driving Layup (7 PTS) (Hardaway Jr. 3 AST),['pointsinthepaint'],Lee,54,42,Made,True,True,201584.0,203501.0,steal,2pt missed,,,,101127|101150|201584|201599|201933|201976|202683|203085|203501|204001,101127|201584|202683|203501|204001,101150|201599|201933|201976|203085,-1.0,11.0,1610612752.0,21700245,True
2,PT01M02.00S,01:02,Q2 01:02,25.033333333333335,320,2pt,MISS Jordan 2' Alley Oop Dunk,['pointsinthepaint'],Jordan,54,42,Missed,True,False,201599.0,,2pt made,rebound,,,,101127|101150|201584|201599|201933|201976|202683|203085|203501|204001,101150|201599|201933|201976|203085,101127|201584|202683|203501|204001,9.0,21.0,1610612746.0,21700245,True
2,PT00M59.80S,00:59,Q2 00:59,24.996666666666666,321,rebound,Griffin REBOUND (Off:1 Def:3),[],Griffin,54,42,,False,False,201933.0,,2pt missed,3pt missed,,,,101127|101150|201584|201599|201933|201976|202683|203085|203501|204001,101150|201599|201933|201976|203085,101127|201584|202683|203501|204001,,,1610612746.0,21700245,True
2,PT00M57.30S,00:57,Q2 00:57,24.955,322,3pt,MISS L. Williams 3PT Jump Shot,[],Williams,54,42,Missed,True,False,101150.0,,rebound,rebound,,,,101127|101150|201584|201599|201933|201976|202683|203085|203501|204001,101150|201599|201933|201976|203085,101127|201584|202683|203501|204001,225.0,32.0,1610612746.0,21700245,True
2,PT00M56.20S,00:56,Q2 00:56,24.936666666666667,323,rebound,Porzingis REBOUND (Off:1 Def:3),[],Porzingis,54,42,,False,False,204001.0,,3pt missed,3pt missed,,,,101127|101150|201584|201599|201933|201976|202683|203085|203501|204001,101127|201584|202683|203501|204001,101150|201599|201933|201976|203085,,,1610612752.0,21700245,True
2,PT00M50.60S,00:50,Q2 00:50,24.843333333333334,324,3pt,MISS Hardaway Jr. 3PT Jump Shot,[],Hardaway Jr.,54,42,Missed,True,False,203501.0,,rebound,rebound,,,,101127|101150|201584|201599|201933|201976|202683|203085|203501|204001,101127|201584|202683|203501|204001,101150|201599|201933|201976|203085,-234.0,-3.0,1610612752.0,21700245,True
2,PT00M50.60S,00:50,Q2 00:50,24.843333333333334,325,rebound,Freedom REBOUND (Off:3 Def:7),[],Freedom,54,42,,False,False,202683.0,,3pt missed,3pt missed,,,,101127|101150|201584|201599|201933|201976|202683|203085|203501|204001,101127|201584|202683|203501|204001,101150|201599|201933|201976|203085,,,1610612752.0,21700245,True
2,PT00M44.80S,00:44,Q2 00:44,24.746666666666666,326,3pt,MISS Lee 24' 3PT Jump Shot,[],Lee,54,42,Missed,True,False,201584.0,,rebound,rebound,,,,101127|101150|201584|201599|201933|201976|202683|203085|203501|204001,101127|201584|202683|203501|204001,101150|201599|201933|201976|203085,225.0,89.0,1610612752.0,21700245,True
2,PT00M43.70S,00:43,Q2 00:43,24.72833333333333,327,rebound,Beverley REBOUND (Off:0 Def:1),[],Beverley,54,42,,False,False,201976.0,,3pt missed,3pt missed,,,,101127|101150|201584|201599|201933|201976|202683|203085|203501|204001,101150|201599|201933|201976|203085,101127|201584|202683|203501|204001,,,1610612746.0,21700245,True
2,PT00M20.50S,00:20,Q2 00:20,24.341666666666665,328,3pt,MISS Griffin 29' 3PT Jump Shot,[],Griffin,54,42,Missed,True,False,201933.0,,rebound,rebound,,,,101127|101150|201584|201599|201933|201976|202683|203085|203501|204001,101150|201599|201933|201976|203085,101127|201584|202683|203501|204001,-15.0,290.0,1610612746.0,21700245,True
2,PT00M18.80S,00:18,Q2 00:18,24.313333333333333,329,rebound,Lee REBOUND (Off:0 Def:3),[],Lee,54,42,,False,False,201584.0,,3pt missed,2pt made,,,,101127|101150|201584|201599|201933|201976|202683|203085|203501|204001,101127|201584|202683|203501|204001,101150|201599|201933|201976|203085,,,1610612752.0,21700245,True
2,PT00M04.00S,00:04,Q2 00:04,24.066666666666666,330,2pt,Hardaway Jr. 17' Jump Shot (13 PTS),[],Hardaway Jr.,56,42,Made,True,False,203501.0,,rebound,2pt made,,,,101127|101150|201584|201599|201933|201976|202683|203085|203501|204001,101127|201584|202683|203501|204001,101150|201599|201933|201976|203085,-84.0,143.0,1610612752.0,21700245,True
2,PT00M00.10S,00:00,Q2 00:00,24.001666666666665,331,2pt,Griffin Driving Dunk (14 PTS),['pointsinthepaint'],Griffin,56,44,Made,True,False,201933.0,,2pt made,period,,,,101127|101150|201584|201599|201933|201976|202683|203085|203501|204001,101150|201599|201933|201976|203085,101127|201584|202683|203501|204001,3.0,3.0,1610612746.0,21700245,True
2,PT00M00.00S,00:00,Q2 00:00,24.0,332,period,End of 2nd Period (8:40 PM EST),[],,56,44,,False,False,0.0,,2pt made,period,,,,101127|101150|201584|201599|201933|201976|202683|203085|203501|204001,101127|201584|202683|203501|204001,101150|201599|201933|201976|203085,,,1610612752.0,21700245,True
3,PT12M00.00S,12:00,Q3 12:00,24.0,338,period,Start of 3rd Period (8:56 PM EST),[],,56,44,,False,False,0.0,,period,substitution,,,,101127|101150|201584|201599|201933|201976|202683|203085|203501|204001,101127|201584|202683|203501|204001,101150|201599|201933|201976|203085,,,1610612752.0,21700245,True
3,PT11M48.00S,11:48,Q3 11:48,23.8,340,foul,Griffin OFF.Foul (P3) (T.Brown),[],Griffin,56,44,,False,False,201933.0,,substitution,turnover,203501.0,,,101127|201584|201599|201933|201976|202325|202683|203085|203501|204001,201599|201933|201976|202325|203085,101127|201584|202683|203501|204001,,,1610612746.0,21700245,True
3,PT11M48.00S,11:48,Q3 11:48,23.8,342,turnover,Griffin Offensive Foul Turnover (P3.T16),[],Griffin,56,44,,False,False,201933.0,,foul,3pt missed,,,,101127|201584|201599|201933|201976|202325|202683|203085|203501|204001,201599|201933|201976|202325|203085,101127|201584|202683|203501|204001,,,1610612746.0,21700245,True
3,PT11M37.00S,11:37,Q3 11:37,23.616666666666667,343,3pt,MISS Hardaway Jr. 25' 3PT Jump Shot,[],Hardaway Jr.,56,44,Missed,True,False,203501.0,,turnover,rebound,,,,101127|201584|201599|201933|201976|202325|202683|203085|203501|204001,101127|201584|202683|203501|204001,201599|201933|201976|202325|203085,50.0,247.0,1610612752.0,21700245,True
3,PT11M36.00S,11:36,Q3 11:36,23.6,344,rebound,Porzingis REBOUND (Off:2 Def:3),[],Porzingis,56,44,,False,False,204001.0,,3pt missed,2pt missed,,,,101127|201584|201599|201933|201976|202325|202683|203085|203501|204001,101127|201584|202683|203501|204001,201599|201933|201976|202325|203085,,,1610612752.0,21700245,True
3,PT11M32.00S,11:32,Q3 11:32,23.53333333333333,345,2pt,MISS Porzingis 1' Putback Dunk,['pointsinthepaint'],Porzingis,56,44,Missed,True,False,204001.0,,rebound,rebound,,,,101127|201584|201599|201933|201976|202325|202683|203085|203501|204001,101127|201584|202683|203501|204001,201599|201933|201976|202325|203085,0.0,-6.0,1610612752.0,21700245,True
3,PT11M31.00S,11:31,Q3 11:31,23.516666666666666,346,rebound,Beverley REBOUND (Off:0 Def:2),[],Beverley,56,44,,False,False,201976.0,,2pt missed,3pt made,,,,101127|201584|201599|201933|201976|202325|202683|203085|203501|204001,201599|201933|201976|202325|203085,101127|201584|202683|203501|204001,,,1610612746.0,21700245,True
3,PT11M27.00S,11:27,Q3 11:27,23.45,347,3pt,Beverley 25' 3PT Jump Shot (6 PTS) (Rivers 3 AST),[],Beverley,56,47,Made,True,True,201976.0,203085.0,rebound,2pt made,,,,101127|201584|201599|201933|201976|202325|202683|203085|203501|204001,201599|201933|201976|202325|203085,101127|201584|202683|203501|204001,-119.0,225.0,1610612746.0,21700245,True
3,PT11M22.00S,11:22,Q3 11:22,23.366666666666667,349,2pt,Porzingis 23' Jump Shot (15 PTS) (Hardaway Jr. 4 AST),[],Porzingis,58,47,Made,True,True,204001.0,203501.0,3pt made,2pt made,,,,101127|201584|201599|201933|201976|202325|202683|203085|203501|204001,101127|201584|202683|203501|204001,201599|201933|201976|202325|203085,95.0,206.0,1610612752.0,21700245,True
3,PT11M06.00S,11:06,Q3 11:06,23.1,351,2pt,Jordan 11' Hook Shot (2 PTS) (Beverley 2 AST),['pointsinthepaint'],Jordan,58,49,Made,True,True,201599.0,201976.0,2pt made,2pt made,,,,101127|201584|201599|201933|201976|202325|202683|203085|203501|204001,201599|201933|201976|202325|203085,101127|201584|202683|203501|204001,-24.0,106.0,1610612746.0,21700245,True
3,PT10M46.00S,10:46,Q3 10:46,22.766666666666666,353,2pt,Porzingis 8' Fadeaway Jumper (17 PTS),['pointsinthepaint'],Porzingis,60,49,Made,True,False,204001.0,,2pt made,2pt missed,,,,101127|201584|201599|201933|201976|202325|202683|203085|203501|204001,101127|201584|202683|203501|204001,201599|201933|201976|202325|203085,77.0,32.0,1610612752.0,21700245,True
3,PT10M34.00S,10:34,Q3 10:34,22.566666666666666,354,2pt,MISS Johnson 1' Layup,['pointsinthepaint'],Johnson,60,49,Missed,True,False,202325.0,,2pt made,rebound,,,,101127|201584|201599|201933|201976|202325|202683|203085|203501|204001,201599|201933|201976|202325|203085,101127|201584|202683|203501|204001,-5.0,7.0,1610612746.0,21700245,True
3,PT10M33.00S,10:33,Q3 10:33,22.55,355,rebound,Porzingis REBOUND (Off:2 Def:4),[],Porzingis,60,49,,False,False,204001.0,,2pt missed,3pt made,,,,101127|201584|201599|201933|201976|202325|202683|203085|203501|204001,101127|201584|202683|203501|204001,201599|201933|201976|202325|203085,,,1610612752.0,21700245,True
3,PT10M25.00S,10:25,Q3 10:25,22.416666666666664,356,3pt,Lee 3PT Jump Shot (10 PTS) (Hardaway Jr. 5 AST),[],Lee,63,49,Made,True,True,201584.0,203501.0,rebound,timeout,,,,101127|201584|201599|201933|201976|202325|202683|203085|203501|204001,101127|201584|202683|203501|204001,201599|201933|201976|202325|203085,221.0,32.0,1610612752.0,21700245,True
3,PT10M25.00S,10:25,Q3 10:25,22.416666666666664,358,timeout,Clippers Timeout: Regular (Reg.3 Short 0),[],,63,49,,False,False,0.0,,3pt made,3pt missed,,,,101127|201584|201599|201933|201976|202325|202683|203085|203501|204001,201599|201933|201976|202325|203085,101127|201584|202683|203501|204001,,,1610612746.0,21700245,True
3,PT10M07.00S,10:07,Q3 10:07,22.116666666666667,359,3pt,MISS Griffin 25' 3PT Jump Shot,[],Griffin,63,49,Missed,True,False,201933.0,,timeout,rebound,,,,101127|201584|201599|201933|201976|202325|202683|203085|203501|204001,201599|201933|201976|202325|203085,101127|201584|202683|203501|204001,201.0,146.0,1610612746.0,21700245,True
3,PT10M06.00S,10:06,Q3 10:06,22.1,360,rebound,Lee REBOUND (Off:0 Def:4),[],Lee,63,49,,False,False,201584.0,,3pt missed,3pt made,,,,101127|201584|201599|201933|201976|202325|202683|203085|203501|204001,101127|201584|202683|203501|204001,201599|201933|201976|202325|203085,,,1610612752.0,21700245,True
3,PT09M48.00S,09:48,Q3 09:48,21.8,361,3pt,Porzingis 24' 3PT Jump Shot (20 PTS) (Lee 3 AST),[],Porzingis,66,49,Made,True,True,204001.0,201584.0,rebound,3pt made,,,,101127|201584|201599|201933|201976|202325|202683|203085|203501|204001,101127|201584|202683|203501|204001,201599|201933|201976|202325|203085,-230.0,53.0,1610612752.0,21700245,True
3,PT09M25.00S,09:25,Q3 09:25,21.416666666666664,363,3pt,Johnson 3PT Jump Shot (9 PTS) (Rivers 4 AST),[],Johnson,66,52,Made,True,True,202325.0,203085.0,3pt made,3pt missed,,,,101127|201584|201599|201933|201976|202325|202683|203085|203501|204001,201599|201933|201976|202325|203085,101127|201584|202683|203501|204001,225.0,31.0,1610612746.0,21700245,True
3,PT09M13.00S,09:13,Q3 09:13,21.21666666666667,365,3pt,MISS Porzingis 29' 3PT Jump Shot,[],Porzingis,66,52,Missed,True,False,204001.0,,3pt made,rebound,,,,101127|201584|201599|201933|201976|202325|202683|203085|203501|204001,101127|201584|202683|203501|204001,201599|201933|201976|202325|203085,152.0,250.0,1610612752.0,21700245,True
3,PT09M12.00S,09:12,Q3 09:12,21.2,366,rebound,Hardaway Jr. REBOUND (Off:3 Def:2),[],Hardaway Jr.,66,52,,False,False,203501.0,,3pt missed,3pt missed,,,,101127|201584|201599|201933|201976|202325|202683|203085|203501|204001,101127|201584|202683|203501|204001,201599|201933|201976|202325|203085,,,1610612752.0,21700245,True
3,PT09M08.00S,09:08,Q3 09:08,21.133333333333333,367,3pt,MISS Hardaway Jr. 26' 3PT Jump Shot,[],Hardaway Jr.,66,52,Missed,True,False,203501.0,,rebound,rebound,,,,101127|201584|201599|201933|201976|202325|202683|203085|203501|204001,101127|201584|202683|203501|204001,201599|201933|201976|202325|203085,-10.0,260.0,1610612752.0,21700245,True
3,PT09M07.00S,09:07,Q3 09:07,21.116666666666667,368,rebound,Rivers REBOUND (Off:0 Def:1),[],Rivers,66,52,,False,False,203085.0,,3pt missed,3pt missed,,,,101127|201584|201599|201933|201976|202325|202683|203085|203501|204001,201599|201933|201976|202325|203085,101127|201584|202683|203501|204001,,,1610612746.0,21700245,True
3,PT09M02.00S,09:02,Q3 09:02,21.03333333333333,369,3pt,MISS Beverley 25' 3PT Jump Shot,[],Beverley,66,52,Missed,True,False,201976.0,,rebound,rebound,,,,101127|201584|201599|201933|201976|202325|202683|203085|203501|204001,201599|201933|201976|202325|203085,101127|201584|202683|203501|204001,187.0,170.0,1610612746.0,21700245,True
3,PT09M01.00S,09:01,Q3 09:01,21.016666666666666,370,rebound,Jordan REBOUND (Off:2 Def:1),[],Jordan,66,52,,False,False,201599.0,,3pt missed,foul,,,,101127|201584|201599|201933|201976|202325|202683|203085|203501|204001,201599|201933|201976|202325|203085,101127|201584|202683|203501|204001,,,1610612746.0,21700245,True
3,PT09M01.00S,09:01,Q3 09:01,21.016666666666666,371,foul,Freedom P.FOUL (P2.T1) (T.Brown),[],Freedom,66,52,,False,False,202683.0,,rebound,foul,203085.0,,,101127|201584|201599|201933|201976|202325|202683|203085|203501|204001,101127|201584|202683|203501|204001,201599|201933|201976|202325|203085,,,1610612752.0,21700245,True
3,PT08M56.00S,08:56,Q3 08:56,20.933333333333334,373,foul,Lee P.FOUL (P1.T2) (T.Brown),[],Lee,66,52,,False,False,201584.0,,foul,2pt missed,203085.0,,,101127|201584|201599|201933|201976|202325|202683|203085|203501|204001,101127|201584|202683|203501|204001,201599|201933|201976|202325|203085,,,1610612752.0,21700245,True
3,PT08M48.00S,08:48,Q3 08:48,20.8,375,2pt,MISS Rivers 2' Driving Layup,['pointsinthepaint'],Rivers,66,52,Missed,True,False,203085.0,,foul,rebound,,,,101127|201584|201599|201933|201976|202325|202683|203085|203501|204001,201599|201933|201976|202325|203085,101127|201584|202683|203501|204001,-12.0,16.0,1610612746.0,21700245,True
3,PT08M47.00S,08:47,Q3 08:47,20.78333333333333,376,rebound,TEAM offensive REBOUND,['team'],,66,52,,False,False,0.0,,2pt missed,2pt missed,,,,101127|201584|201599|201933|201976|202325|202683|203085|203501|204001,201599|201933|201976|202325|203085,101127|201584|202683|203501|204001,,,1610612746.0,21700245,True
3,PT08M39.00S,08:39,Q3 08:39,20.65,377,2pt,MISS Beverley 8' Floating Jump Shot,"['2ndchance', 'pointsinthepaint']",Beverley,66,52,Missed,True,False,201976.0,,rebound,rebound,,,,101127|201584|201599|201933|201976|202325|202683|203085|203501|204001,201599|201933|201976|202325|203085,101127|201584|202683|203501|204001,-33.0,74.0,1610612746.0,21700245,True
3,PT08M36.00S,08:36,Q3 08:36,20.6,378,rebound,Jordan REBOUND (Off:3 Def:1),[],Jordan,66,52,,False,False,201599.0,,2pt missed,2pt made,,,,101127|201584|201599|201933|201976|202325|202683|203085|203501|204001,201599|201933|201976|202325|203085,101127|201584|202683|203501|204001,,,1610612746.0,21700245,True
3,PT08M36.00S,08:36,Q3 08:36,20.6,379,2pt,Jordan 1' Tip Layup Shot (4 PTS),['pointsinthepaint'],Jordan,66,54,Made,True,False,201599.0,,rebound,3pt missed,,,,101127|201584|201599|201933|201976|202325|202683|203085|203501|204001,201599|201933|201976|202325|203085,101127|201584|202683|203501|204001,0.0,-6.0,1610612746.0,21700245,True
3,PT08M23.00S,08:23,Q3 08:23,20.383333333333333,380,3pt,MISS Porzingis 26' 3PT Jump Shot,[],Porzingis,66,54,Missed,True,False,204001.0,,2pt made,rebound,,,,101127|201584|201599|201933|201976|202325|202683|203085|203501|204001,101127|201584|202683|203501|204001,201599|201933|201976|202325|203085,-25.0,257.0,1610612752.0,21700245,True
3,PT08M22.00S,08:22,Q3 08:22,20.366666666666667,381,rebound,Johnson REBOUND (Off:0 Def:4),[],Johnson,66,54,,False,False,202325.0,,3pt missed,2pt made,,,,101127|201584|201599|201933|201976|202325|202683|203085|203501|204001,201599|201933|201976|202325|203085,101127|201584|202683|203501|204001,,,1610612746.0,21700245,True
3,PT08M12.00S,08:12,Q3 08:12,20.2,382,2pt,Jordan 1' Dunk (6 PTS) (Griffin 3 AST),['pointsinthepaint'],Jordan,66,56,Made,True,True,201599.0,201933.0,rebound,timeout,,,,101127|201584|201599|201933|201976|202325|202683|203085|203501|204001,201599|201933|201976|202325|203085,101127|201584|202683|203501|204001,-3.0,-6.0,1610612746.0,21700245,True
3,PT08M12.00S,08:12,Q3 08:12,20.2,384,timeout,KNICKS Timeout: Regular (Full 3 Short 0),[],,66,56,,False,False,0.0,,2pt made,foul,,,,101127|201584|201599|201933|201976|202325|202683|203085|203501|204001,101127|201584|202683|203501|204001,201599|201933|201976|202325|203085,,,1610612752.0,21700245,True
3,PT08M00.00S,08:00,Q3 08:00,20.0,385,foul,Hardaway Jr. OFF.Foul (P2) (T.Brown),[],Hardaway Jr.,66,56,,False,False,203501.0,,timeout,turnover,201599.0,,,101127|201584|201599|201933|201976|202325|202683|203085|203501|204001,101127|201584|202683|203501|204001,201599|201933|201976|202325|203085,,,1610612752.0,21700245,True
3,PT08M00.00S,08:00,Q3 08:00,20.0,387,turnover,Hardaway Jr. Offensive Foul Turnover (P2.T15),[],Hardaway Jr.,66,56,,False,False,203501.0,,foul,2pt made,,,,101127|201584|201599|201933|201976|202325|202683|203085|203501|204001,101127|201584|202683|203501|204001,201599|201933|201976|202325|203085,,,1610612752.0,21700245,True
3,PT07M44.00S,07:44,Q3 07:44,19.733333333333334,388,2pt,Jordan 2' Alley Oop Dunk (8 PTS) (Rivers 5 AST),['pointsinthepaint'],Jordan,66,58,Made,True,True,201599.0,203085.0,turnover,2pt missed,,,,101127|201584|201599|201933|201976|202325|202683|203085|203501|204001,201599|201933|201976|202325|203085,101127|201584|202683|203501|204001,3.0,17.0,1610612746.0,21700245,True
3,PT07M24.00S,07:24,Q3 07:24,19.4,390,2pt,MISS Porzingis 10' Jump Shot,[],Porzingis,66,58,Missed,True,False,204001.0,,2pt made,block,,,,101127|201584|201599|201933|201976|202325|202683|203085|203501|204001,101127|201584|202683|203501|204001,201599|201933|201976|202325|203085,96.0,35.0,1610612752.0,21700245,True
3,PT07M24.00S,07:24,Q3 07:24,19.4,390,block,Beverley BLOCK (1 BLK),[],Beverley,66,58,,False,False,201976.0,,2pt missed,rebound,,,201976.0,101127|201584|201599|201933|201976|202325|202683|203085|203501|204001,201599|201933|201976|202325|203085,101127|201584|202683|203501|204001,,,1610612746.0,21700245,True
3,PT07M22.00S,07:22,Q3 07:22,19.366666666666667,392,rebound,Beverley REBOUND (Off:0 Def:3),[],Beverley,66,58,,False,False,201976.0,,block,substitution,,,,101127|201584|201599|201933|201976|202325|202683|203085|203501|204001,201599|201933|201976|202325|203085,101127|201584|202683|203501|204001,,,1610612746.0,21700245,True
3,PT07M18.00S,07:18,Q3 07:18,19.3,393,substitution,SUB out: T. Hardaway Jr.,[],Hardaway Jr.,66,58,,False,False,203501.0,,rebound,substitution,,,,101127|201584|201599|201933|201976|202325|202683|203085|204001,101127|201584|202683|204001,201599|201933|201976|202325|203085,,,1610612752.0,21700245,False
3,PT07M18.00S,07:18,Q3 07:18,19.3,394,substitution,SUB in: D. McDermott,[],McDermott,66,58,,False,False,203926.0,,substitution,3pt made,,,,101127|201584|201599|201933|201976|202325|202683|203085|203926|204001,101127|201584|202683|203926|204001,201599|201933|201976|202325|203085,,,1610612752.0,21700245,True
3,PT07M05.00S,07:05,Q3 07:05,19.083333333333332,398,3pt,Beverley 25' 3PT Jump Shot (9 PTS) (Griffin 4 AST),[],Beverley,66,61,Made,True,True,201976.0,201933.0,substitution,3pt missed,,,,101127|201584|201599|201933|201976|202325|202683|203085|203926|204001,201599|201933|201976|202325|203085,101127|201584|202683|203926|204001,-121.0,223.0,1610612746.0,21700245,True
3,PT06M51.00S,06:51,Q3 06:51,18.85,400,3pt,MISS Jack 27' 3PT Jump Shot,[],Jack,66,61,Missed,True,False,101127.0,,3pt made,rebound,,,,101127|201584|201599|201933|201976|202325|202683|203085|203926|204001,101127|201584|202683|203926|204001,201599|201933|201976|202325|203085,78.0,258.0,1610612752.0,21700245,True
3,PT06M50.00S,06:50,Q3 06:50,18.833333333333332,401,rebound,Lee REBOUND (Off:1 Def:4),[],Lee,66,61,,False,False,201584.0,,3pt missed,2pt missed,,,,101127|201584|201599|201933|201976|202325|202683|203085|203926|204001,101127|201584|202683|203926|204001,201599|201933|201976|202325|203085,,,1610612752.0,21700245,True
3,PT06M48.00S,06:48,Q3 06:48,18.8,402,2pt,MISS Lee 8' Jump Shot,['pointsinthepaint'],Lee,66,61,Missed,True,False,201584.0,,rebound,block,,,,101127|201584|201599|201933|201976|202325|202683|203085|203926|204001,101127|201584|202683|203926|204001,201599|201933|201976|202325|203085,72.0,26.0,1610612752.0,21700245,True
3,PT06M48.00S,06:48,Q3 06:48,18.8,402,block,Johnson BLOCK (1 BLK),[],Johnson,66,61,,False,False,202325.0,,2pt missed,rebound,,,202325.0,101127|201584|201599|201933|201976|202325|202683|203085|203926|204001,201599|201933|201976|202325|203085,101127|201584|202683|203926|204001,,,1610612746.0,21700245,True
3,PT06M47.00S,06:47,Q3 06:47,18.78333333333333,404,rebound,TEAM offensive REBOUND,['team'],,66,61,,False,False,0.0,,block,foul,,,,101127|201584|201599|201933|201976|202325|202683|203085|203926|204001,101127|201584|202683|203926|204001,201599|201933|201976|202325|203085,,,1610612752.0,21700245,True
3,PT06M47.00S,06:47,Q3 06:47,18.78333333333333,405,foul,Porzingis OFF.Foul (P3) (J.Tiven),[],Porzingis,66,61,,False,False,204001.0,,rebound,turnover,201933.0,,,101127|201584|201599|201933|201976|202325|202683|203085|203926|204001,101127|201584|202683|203926|204001,201599|201933|201976|202325|203085,,,1610612752.0,21700245,True
3,PT06M47.00S,06:47,Q3 06:47,18.78333333333333,407,turnover,Porzingis Offensive Foul Turnover (P5.T16),[],Porzingis,66,61,,False,False,204001.0,,foul,3pt made,,,,101127|201584|201599|201933|201976|202325|202683|203085|203926|204001,101127|201584|202683|203926|204001,201599|201933|201976|202325|203085,,,1610612752.0,21700245,True
3,PT06M34.00S,06:34,Q3 06:34,18.566666666666666,408,3pt,Griffin 3PT Jump Shot (17 PTS) (Johnson 2 AST),[],Griffin,66,64,Made,True,True,201933.0,202325.0,turnover,2pt missed,,,,101127|201584|201599|201933|201976|202325|202683|203085|203926|204001,201599|201933|201976|202325|203085,101127|201584|202683|203926|204001,-230.0,16.0,1610612746.0,21700245,True
3,PT06M20.00S,06:20,Q3 06:20,18.333333333333332,410,2pt,MISS Jack 16' Pullup Jump Shot,[],Jack,66,64,Missed,True,False,101127.0,,3pt made,rebound,,,,101127|201584|201599|201933|201976|202325|202683|203085|203926|204001,101127|201584|202683|203926|204001,201599|201933|201976|202325|203085,-59.0,152.0,1610612752.0,21700245,True
3,PT06M16.00S,06:16,Q3 06:16,18.266666666666666,411,rebound,Beverley REBOUND (Off:0 Def:4),[],Beverley,66,64,,False,False,201976.0,,2pt missed,turnover,,,,101127|201584|201599|201933|201976|202325|202683|203085|203926|204001,201599|201933|201976|202325|203085,101127|201584|202683|203926|204001,,,1610612746.0,21700245,True
3,PT06M09.00S,06:09,Q3 06:09,18.15,412,turnover,Griffin Bad Pass Turnover (P4.T17),[],Griffin,66,64,,False,False,201933.0,,rebound,steal,,,,101127|201584|201599|201933|201976|202325|202683|203085|203926|204001,201599|201933|201976|202325|203085,101127|201584|202683|203926|204001,,,1610612746.0,21700245,True
3,PT06M09.00S,06:09,Q3 06:09,18.15,412,steal,Jack STEAL (1 STL),[],Jack,66,64,,False,False,101127.0,,turnover,3pt made,,101127.0,,101127|201584|201599|201933|201976|202325|202683|203085|203926|204001,101127|201584|202683|203926|204001,201599|201933|201976|202325|203085,,,1610612752.0,21700245,True
3,PT06M04.00S,06:04,Q3 06:04,18.066666666666666,414,3pt,McDermott 26' 3PT Jump Shot (7 PTS) (Jack 5 AST),[],McDermott,69,64,Made,True,True,203926.0,101127.0,steal,3pt missed,,,,101127|201584|201599|201933|201976|202325|202683|203085|203926|204001,101127|201584|202683|203926|204001,201599|201933|201976|202325|203085,237.0,108.0,1610612752.0,21700245,True
3,PT05M47.00S,05:47,Q3 05:47,17.78333333333333,416,3pt,MISS Rivers 24' 3PT Jump Shot,[],Rivers,69,64,Missed,True,False,203085.0,,3pt made,rebound,,,,101127|201584|201599|201933|201976|202325|202683|203085|203926|204001,201599|201933|201976|202325|203085,101127|201584|202683|203926|204001,223.0,94.0,1610612746.0,21700245,True
3,PT05M43.00S,05:43,Q3 05:43,17.71666666666667,417,rebound,Jack REBOUND (Off:0 Def:2),[],Jack,69,64,,False,False,101127.0,,3pt missed,foul,,,,101127|201584|201599|201933|201976|202325|202683|203085|203926|204001,101127|201584|202683|203926|204001,201599|201933|201976|202325|203085,,,1610612752.0,21700245,True
3,PT05M36.00S,05:36,Q3 05:36,17.6,418,foul,Jordan S.FOUL (P1.T1) (T.Brown),[],Jordan,69,64,,False,False,201599.0,,rebound,freethrow,204001.0,,,101127|201584|201599|201933|201976|202325|202683|203085|203926|204001,201599|201933|201976|202325|203085,101127|201584|202683|203926|204001,,,1610612746.0,21700245,True
3,PT05M36.00S,05:36,Q3 05:36,17.6,420,freethrow,Porzingis Free Throw 1 of 2 (21 PTS),[],Porzingis,70,64,Made,False,False,204001.0,,foul,freethrow,,,,101127|201584|201599|201933|201976|202325|202683|203085|203926|204001,101127|201584|202683|203926|204001,201599|201933|201976|202325|203085,,,1610612752.0,21700245,True
3,PT05M36.00S,05:36,Q3 05:36,17.6,423,freethrow,Porzingis Free Throw 2 of 2 (22 PTS),[],Porzingis,71,64,Made,False,False,204001.0,,freethrow,substitution,,,,101127|201584|201599|201933|201976|202325|202683|203085|203926|204001,101127|201584|202683|203926|204001,201599|201933|201976|202325|203085,,,1610612752.0,21700245,True
3,PT05M36.00S,05:36,Q3 05:36,17.6,421,substitution,SUB out: P. Beverley,[],Beverley,69,64,,False,False,201976.0,,freethrow,substitution,,,,101127|201584|201599|201933|202325|202683|203085|203926|204001,201599|201933|202325|203085,101127|201584|202683|203926|204001,,,1610612746.0,21700245,False
3,PT05M36.00S,05:36,Q3 05:36,17.6,422,substitution,SUB in: L. Williams,[],Williams,69,64,,False,False,101150.0,,substitution,2pt missed,,,,101127|101150|201584|201599|201933|202325|202683|203085|203926|204001,101150|201599|201933|202325|203085,101127|201584|202683|203926|204001,,,1610612746.0,21700245,True
3,PT05M18.00S,05:18,Q3 05:18,17.3,425,2pt,MISS Griffin 3' Layup,['pointsinthepaint'],Griffin,71,64,Missed,True,False,201933.0,,substitution,block,,,,101127|101150|201584|201599|201933|202325|202683|203085|203926|204001,101150|201599|201933|202325|203085,101127|201584|202683|203926|204001,21.0,17.0,1610612746.0,21700245,True
3,PT05M18.00S,05:18,Q3 05:18,17.3,425,block,Freedom BLOCK (1 BLK),[],Freedom,71,64,,False,False,202683.0,,2pt missed,rebound,,,202683.0,101127|101150|201584|201599|201933|202325|202683|203085|203926|204001,101127|201584|202683|203926|204001,101150|201599|201933|202325|203085,,,1610612752.0,21700245,True
3,PT05M16.00S,05:16,Q3 05:16,17.266666666666666,427,rebound,Porzingis REBOUND (Off:2 Def:5),[],Porzingis,71,64,,False,False,204001.0,,block,2pt made,,,,101127|101150|201584|201599|201933|202325|202683|203085|203926|204001,101127|201584|202683|203926|204001,101150|201599|201933|202325|203085,,,1610612752.0,21700245,True
3,PT05M03.00S,05:03,Q3 05:03,17.05,428,2pt,Freedom 1' Layup (8 PTS) (Jack 6 AST),['pointsinthepaint'],Freedom,73,64,Made,True,True,202683.0,101127.0,rebound,3pt missed,,,,101127|101150|201584|201599|201933|202325|202683|203085|203926|204001,101127|201584|202683|203926|204001,101150|201599|201933|202325|203085,-3.0,9.0,1610612752.0,21700245,True
3,PT04M45.00S,04:45,Q3 04:45,16.75,430,3pt,MISS Johnson 3PT Jump Shot,[],Johnson,73,64,Missed,True,False,202325.0,,2pt made,rebound,,,,101127|101150|201584|201599|201933|202325|202683|203085|203926|204001,101150|201599|201933|202325|203085,101127|201584|202683|203926|204001,-229.0,22.0,1610612746.0,21700245,True
3,PT04M44.00S,04:44,Q3 04:44,16.733333333333334,431,rebound,TEAM offensive REBOUND,['team'],,73,64,,False,False,0.0,,3pt missed,foul,,,,101127|101150|201584|201599|201933|202325|202683|203085|203926|204001,101150|201599|201933|202325|203085,101127|201584|202683|203926|204001,,,1610612746.0,21700245,True
3,PT04M44.00S,04:44,Q3 04:44,16.733333333333334,432,foul,Jack L.B.FOUL (P1.T3) (T.Brown),['inpenalty'],Jack,73,64,,False,False,101127.0,,rebound,substitution,203085.0,,,101127|101150|201584|201599|201933|202325|202683|203085|203926|204001,101127|201584|202683|203926|204001,101150|201599|201933|202325|203085,,,1610612752.0,21700245,True
3,PT04M44.00S,04:44,Q3 04:44,16.733333333333334,434,substitution,SUB out: W. Johnson,[],Johnson,73,64,,False,False,202325.0,,foul,substitution,,,,101127|101150|201584|201599|201933|202683|203085|203926|204001,101150|201599|201933|203085,101127|201584|202683|203926|204001,,,1610612746.0,21700245,False
3,PT04M44.00S,04:44,Q3 04:44,16.733333333333334,435,substitution,SUB in: S. Thornwell,[],Thornwell,73,64,,False,False,1628414.0,,substitution,2pt missed,,,,101127|101150|1628414|201584|201599|201933|202683|203085|203926|204001,101150|1628414|201599|201933|203085,101127|201584|202683|203926|204001,,,1610612746.0,21700245,True
3,PT04M37.00S,04:37,Q3 04:37,16.616666666666667,436,2pt,MISS Rivers 22' Jump Shot,[],Rivers,73,64,Missed,True,False,203085.0,,substitution,rebound,,,,101127|101150|1628414|201584|201599|201933|202683|203085|203926|204001,101150|1628414|201599|201933|203085,101127|201584|202683|203926|204001,-90.0,206.0,1610612746.0,21700245,True
3,PT04M36.00S,04:36,Q3 04:36,16.6,437,rebound,McDermott REBOUND (Off:0 Def:3),[],McDermott,73,64,,False,False,203926.0,,2pt missed,3pt made,,,,101127|101150|1628414|201584|201599|201933|202683|203085|203926|204001,101127|201584|202683|203926|204001,101150|1628414|201599|201933|203085,,,1610612752.0,21700245,True
3,PT04M26.00S,04:26,Q3 04:26,16.433333333333334,438,3pt,McDermott 24' 3PT Jump Shot (10 PTS) (Jack 7 AST),[],McDermott,76,64,Made,True,True,203926.0,101127.0,rebound,2pt missed,,,,101127|101150|1628414|201584|201599|201933|202683|203085|203926|204001,101127|201584|202683|203926|204001,101150|1628414|201599|201933|203085,-236.0,24.0,1610612752.0,21700245,True
3,PT04M16.00S,04:16,Q3 04:16,16.266666666666666,440,2pt,MISS L. Williams 2' Layup,['pointsinthepaint'],Williams,76,64,Missed,True,False,101150.0,,3pt made,rebound,,,,101127|101150|1628414|201584|201599|201933|202683|203085|203926|204001,101150|1628414|201599|201933|203085,101127|201584|202683|203926|204001,-13.0,11.0,1610612746.0,21700245,True
3,PT04M15.00S,04:15,Q3 04:15,16.25,441,rebound,Freedom REBOUND (Off:3 Def:8),[],Freedom,76,64,,False,False,202683.0,,2pt missed,foul,,,,101127|101150|1628414|201584|201599|201933|202683|203085|203926|204001,101127|201584|202683|203926|204001,101150|1628414|201599|201933|203085,,,1610612752.0,21700245,True
3,PT04M11.00S,04:11,Q3 04:11,16.183333333333334,442,foul,Thornwell S.FOUL (P3.T2) (T.Brown),[],Thornwell,76,64,,False,False,1628414.0,,rebound,freethrow,202683.0,,,101127|101150|1628414|201584|201599|201933|202683|203085|203926|204001,101150|1628414|201599|201933|203085,101127|201584|202683|203926|204001,,,1610612746.0,21700245,True
3,PT04M11.00S,04:11,Q3 04:11,16.183333333333334,444,freethrow,Freedom Free Throw 1 of 2 (9 PTS),[],Freedom,77,64,Made,False,False,202683.0,,foul,freethrow,,,,101127|101150|1628414|201584|201599|201933|202683|203085|203926|204001,101127|201584|202683|203926|204001,101150|1628414|201599|201933|203085,,,1610612752.0,21700245,True
3,PT04M11.00S,04:11,Q3 04:11,16.183333333333334,449,freethrow,Freedom Free Throw 2 of 2 (10 PTS),[],Freedom,78,64,Made,False,False,202683.0,,freethrow,substitution,,,,101127|101150|1628414|201584|201599|201933|202683|203085|203926|204001,101127|201584|202683|203926|204001,101150|1628414|201599|201933|203085,,,1610612752.0,21700245,True
3,PT04M11.00S,04:11,Q3 04:11,16.183333333333334,445,substitution,SUB out: J. Jack,[],Jack,76,64,,False,False,101127.0,,freethrow,substitution,,,,101150|1628414|201584|201599|201933|202683|203085|203926|204001,201584|202683|203926|204001,101150|1628414|201599|201933|203085,,,1610612752.0,21700245,False
3,PT04M11.00S,04:11,Q3 04:11,16.183333333333334,446,substitution,SUB out: A. Rivers,[],Rivers,76,64,,False,False,203085.0,,substitution,substitution,,,,101150|1628414|201584|201599|201933|202683|203926|204001,101150|1628414|201599|201933,201584|202683|203926|204001,,,1610612746.0,21700245,False
3,PT04M11.00S,04:11,Q3 04:11,16.183333333333334,447,substitution,SUB in: F. Ntilikina,[],Ntilikina,76,64,,False,False,1628373.0,,substitution,substitution,,,,101150|1628373|1628414|201584|201599|201933|202683|203926|204001,1628373|201584|202683|203926|204001,101150|1628414|201599|201933,,,1610612752.0,21700245,False
3,PT04M11.00S,04:11,Q3 04:11,16.183333333333334,448,substitution,SUB in: J. Evans,[],Evans,76,64,,False,False,1628393.0,,substitution,foul,,,,101150|1628373|1628393|1628414|201584|201599|201933|202683|203926|204001,101150|1628393|1628414|201599|201933,1628373|201584|202683|203926|204001,,,1610612746.0,21700245,True
3,PT03M49.00S,03:49,Q3 03:49,15.816666666666666,450,foul,Lee P.FOUL (P2.T4) (M.Kogut),['inpenalty'],Lee,78,64,,False,False,201584.0,,substitution,substitution,201933.0,,,101150|1628373|1628393|1628414|201584|201599|201933|202683|203926|204001,1628373|201584|202683|203926|204001,101150|1628393|1628414|201599|201933,,,1610612752.0,21700245,True
3,PT03M49.00S,03:49,Q3 03:49,15.816666666666666,452,substitution,SUB out: K. Porzingis,[],Porzingis,78,64,,False,False,204001.0,,foul,substitution,,,,101150|1628373|1628393|1628414|201584|201599|201933|202683|203926,1628373|201584|202683|203926,101150|1628393|1628414|201599|201933,,,1610612752.0,21700245,False
3,PT03M49.00S,03:49,Q3 03:49,15.816666666666666,453,substitution,SUB out: D. Jordan,[],Jordan,78,64,,False,False,201599.0,,substitution,substitution,,,,101150|1628373|1628393|1628414|201584|201933|202683|203926,101150|1628393|1628414|201933,1628373|201584|202683|203926,,,1610612746.0,21700245,False
3,PT03M49.00S,03:49,Q3 03:49,15.816666666666666,454,substitution,SUB in: L. Thomas,[],Thomas,78,64,,False,False,202498.0,,substitution,substitution,,,,101150|1628373|1628393|1628414|201584|201933|202498|202683|203926,1628373|201584|202498|202683|203926,101150|1628393|1628414|201933,,,1610612752.0,21700245,False
3,PT03M49.00S,03:49,Q3 03:49,15.816666666666666,455,substitution,SUB in: M. Harrell,[],Harrell,78,64,,False,False,1626149.0,,substitution,3pt missed,,,,101150|1626149|1628373|1628393|1628414|201584|201933|202498|202683|203926,101150|1626149|1628393|1628414|201933,1628373|201584|202498|202683|203926,,,1610612746.0,21700245,True
3,PT03M43.00S,03:43,Q3 03:43,15.716666666666667,456,3pt,MISS Griffin 26' 3PT Jump Shot,[],Griffin,78,64,Missed,True,False,201933.0,,substitution,rebound,,,,101150|1626149|1628373|1628393|1628414|201584|201933|202498|202683|203926,101150|1626149|1628393|1628414|201933,1628373|201584|202498|202683|203926,10.0,263.0,1610612746.0,21700245,True
3,PT03M42.00S,03:42,Q3 03:42,15.7,457,rebound,L. Williams REBOUND (Off:1 Def:1),[],Williams,78,64,,False,False,101150.0,,3pt missed,2pt made,,,,101150|1626149|1628373|1628393|1628414|201584|201933|202498|202683|203926,101150|1626149|1628393|1628414|201933,1628373|201584|202498|202683|203926,,,1610612746.0,21700245,True
3,PT03M32.00S,03:32,Q3 03:32,15.533333333333333,458,2pt,Harrell 1' Layup (2 PTS) (L. Williams 2 AST),['pointsinthepaint'],Harrell,78,66,Made,True,True,1626149.0,101150.0,rebound,foul,,,,101150|1626149|1628373|1628393|1628414|201584|201933|202498|202683|203926,101150|1626149|1628393|1628414|201933,1628373|201584|202498|202683|203926,-3.0,10.0,1610612746.0,21700245,True
3,PT03M22.00S,03:22,Q3 03:22,15.366666666666667,460,foul,McDermott OFF.Foul (P2) (M.Kogut),['inpenalty'],McDermott,78,66,,False,False,203926.0,,2pt made,turnover,1628393.0,,,101150|1626149|1628373|1628393|1628414|201584|201933|202498|202683|203926,1628373|201584|202498|202683|203926,101150|1626149|1628393|1628414|201933,,,1610612752.0,21700245,True
3,PT03M22.00S,03:22,Q3 03:22,15.366666666666667,462,turnover,McDermott Offensive Foul Turnover (P3.T17),[],McDermott,78,66,,False,False,203926.0,,foul,2pt missed,,,,101150|1626149|1628373|1628393|1628414|201584|201933|202498|202683|203926,1628373|201584|202498|202683|203926,101150|1626149|1628393|1628414|201933,,,1610612752.0,21700245,True
3,PT02M59.00S,02:59,Q3 02:59,14.983333333333334,463,2pt,MISS Evans 21' Jump Shot,[],Evans,78,66,Missed,True,False,1628393.0,,turnover,rebound,,,,101150|1626149|1628373|1628393|1628414|201584|201933|202498|202683|203926,101150|1626149|1628393|1628414|201933,1628373|201584|202498|202683|203926,-88.0,195.0,1610612746.0,21700245,True
3,PT02M58.00S,02:58,Q3 02:58,14.966666666666667,464,rebound,McDermott REBOUND (Off:0 Def:4),[],McDermott,78,66,,False,False,203926.0,,2pt missed,2pt missed,,,,101150|1626149|1628373|1628393|1628414|201584|201933|202498|202683|203926,1628373|201584|202498|202683|203926,101150|1626149|1628393|1628414|201933,,,1610612752.0,21700245,True
3,PT02M41.00S,02:41,Q3 02:41,14.683333333333334,465,2pt,MISS McDermott 15' Fadeaway Jumper,[],McDermott,78,66,Missed,True,False,203926.0,,rebound,rebound,,,,101150|1626149|1628373|1628393|1628414|201584|201933|202498|202683|203926,1628373|201584|202498|202683|203926,101150|1626149|1628393|1628414|201933,14.0,150.0,1610612752.0,21700245,True
3,PT02M40.00S,02:40,Q3 02:40,14.666666666666666,466,rebound,TEAM offensive REBOUND,['team'],,78,66,,False,False,0.0,,2pt missed,substitution,,,,101150|1626149|1628373|1628393|1628414|201584|201933|202498|202683|203926,1628373|201584|202498|202683|203926,101150|1626149|1628393|1628414|201933,,,1610612752.0,21700245,True
3,PT02M40.00S,02:40,Q3 02:40,14.666666666666666,467,substitution,SUB out: B. Griffin,[],Griffin,78,66,,False,False,201933.0,,rebound,substitution,,,,101150|1626149|1628373|1628393|1628414|201584|202498|202683|203926,101150|1626149|1628393|1628414,1628373|201584|202498|202683|203926,,,1610612746.0,21700245,False
3,PT02M40.00S,02:40,Q3 02:40,14.666666666666666,468,substitution,SUB in: S. Dekker,[],Dekker,78,66,,False,False,1626155.0,,substitution,2pt missed,,,,101150|1626149|1626155|1628373|1628393|1628414|201584|202498|202683|203926,101150|1626149|1626155|1628393|1628414,1628373|201584|202498|202683|203926,,,1610612746.0,21700245,True
3,PT02M31.00S,02:31,Q3 02:31,14.516666666666666,469,2pt,MISS Thomas 20' Jump Shot,[],Thomas,78,66,Missed,True,False,202498.0,,substitution,rebound,,,,101150|1626149|1626155|1628373|1628393|1628414|201584|202498|202683|203926,1628373|201584|202498|202683|203926,101150|1626149|1626155|1628393|1628414,197.0,30.0,1610612752.0,21700245,True
3,PT02M30.00S,02:30,Q3 02:30,14.5,470,rebound,Freedom REBOUND (Off:4 Def:8),[],Freedom,78,66,,False,False,202683.0,,2pt missed,3pt made,,,,101150|1626149|1626155|1628373|1628393|1628414|201584|202498|202683|203926,1628373|201584|202498|202683|203926,101150|1626149|1626155|1628393|1628414,,,1610612752.0,21700245,True
3,PT02M23.00S,02:23,Q3 02:23,14.383333333333333,471,3pt,McDermott 27' 3PT Jump Shot (13 PTS) (Freedom 1 AST),[],McDermott,81,66,Made,True,True,203926.0,202683.0,rebound,turnover,,,,101150|1626149|1626155|1628373|1628393|1628414|201584|202498|202683|203926,1628373|201584|202498|202683|203926,101150|1626149|1626155|1628393|1628414,46.0,262.0,1610612752.0,21700245,True
3,PT02M02.00S,02:02,Q3 02:02,14.033333333333333,473,turnover,L. Williams Bad Pass Turnover (P5.T18),[],Williams,81,66,,False,False,101150.0,,3pt made,steal,,,,101150|1626149|1626155|1628373|1628393|1628414|201584|202498|202683|203926,101150|1626149|1626155|1628393|1628414,1628373|201584|202498|202683|203926,,,1610612746.0,21700245,True
3,PT02M02.00S,02:02,Q3 02:02,14.033333333333333,473,steal,Lee STEAL (1 STL),[],Lee,81,66,,False,False,201584.0,,turnover,3pt missed,,201584.0,,101150|1626149|1626155|1628373|1628393|1628414|201584|202498|202683|203926,1628373|201584|202498|202683|203926,101150|1626149|1626155|1628393|1628414,,,1610612752.0,21700245,True
3,PT01M58.00S,01:58,Q3 01:58,13.966666666666667,475,3pt,MISS McDermott 27' 3PT Jump Shot,[],McDermott,81,66,Missed,True,False,203926.0,,steal,rebound,,,,101150|1626149|1626155|1628373|1628393|1628414|201584|202498|202683|203926,1628373|201584|202498|202683|203926,101150|1626149|1626155|1628393|1628414,145.0,230.0,1610612752.0,21700245,True
3,PT01M57.00S,01:57,Q3 01:57,13.95,476,rebound,Harrell REBOUND (Off:0 Def:1),[],Harrell,81,66,,False,False,1626149.0,,3pt missed,turnover,,,,101150|1626149|1626155|1628373|1628393|1628414|201584|202498|202683|203926,101150|1626149|1626155|1628393|1628414,1628373|201584|202498|202683|203926,,,1610612746.0,21700245,True
3,PT01M50.00S,01:50,Q3 01:50,13.833333333333334,477,turnover,Evans Lost Ball Turnover (P2.T19),[],Evans,81,66,,False,False,1628393.0,,rebound,steal,,,,101150|1626149|1626155|1628373|1628393|1628414|201584|202498|202683|203926,101150|1626149|1626155|1628393|1628414,1628373|201584|202498|202683|203926,,,1610612746.0,21700245,True
3,PT01M50.00S,01:50,Q3 01:50,13.833333333333334,477,steal,Lee STEAL (2 STL),[],Lee,81,66,,False,False,201584.0,,turnover,foul,,201584.0,,101150|1626149|1626155|1628373|1628393|1628414|201584|202498|202683|203926,1628373|201584|202498|202683|203926,101150|1626149|1626155|1628393|1628414,,,1610612752.0,21700245,True
3,PT01M50.00S,01:50,Q3 01:50,13.833333333333334,479,foul,Harrell P.FOUL (P1.T3) (J.Tiven),[],Harrell,81,66,,False,False,1626149.0,,steal,substitution,202683.0,,,101150|1626149|1626155|1628373|1628393|1628414|201584|202498|202683|203926,101150|1626149|1626155|1628393|1628414,1628373|201584|202498|202683|203926,,,1610612746.0,21700245,True
3,PT01M50.00S,01:50,Q3 01:50,13.833333333333334,481,substitution,SUB out: J. Evans,[],Evans,81,66,,False,False,1628393.0,,foul,substitution,,,,101150|1626149|1626155|1628373|1628414|201584|202498|202683|203926,101150|1626149|1626155|1628414,1628373|201584|202498|202683|203926,,,1610612746.0,21700245,False
3,PT01M50.00S,01:50,Q3 01:50,13.833333333333334,482,substitution,SUB in: A. Rivers,[],Rivers,81,66,,False,False,203085.0,,substitution,foul,,,,101150|1626149|1626155|1628373|1628414|201584|202498|202683|203085|203926,101150|1626149|1626155|1628414|203085,1628373|201584|202498|202683|203926,,,1610612746.0,21700245,True
3,PT01M34.00S,01:34,Q3 01:34,13.566666666666666,483,foul,L. Williams S.FOUL (P1.PN) (J.Tiven),['inpenalty'],Williams,81,66,,False,False,101150.0,,substitution,freethrow,202683.0,,,101150|1626149|1626155|1628373|1628414|201584|202498|202683|203085|203926,101150|1626149|1626155|1628414|203085,1628373|201584|202498|202683|203926,,,1610612746.0,21700245,True
3,PT01M34.00S,01:34,Q3 01:34,13.566666666666666,485,freethrow,Freedom Free Throw 1 of 2 (11 PTS),[],Freedom,82,66,Made,False,False,202683.0,,foul,freethrow,,,,101150|1626149|1626155|1628373|1628414|201584|202498|202683|203085|203926,1628373|201584|202498|202683|203926,101150|1626149|1626155|1628414|203085,,,1610612752.0,21700245,True
3,PT01M34.00S,01:34,Q3 01:34,13.566666666666666,488,freethrow,Freedom Free Throw 2 of 2 (12 PTS),[],Freedom,83,66,Made,False,False,202683.0,,freethrow,substitution,,,,101150|1626149|1626155|1628373|1628414|201584|202498|202683|203085|203926,1628373|201584|202498|202683|203926,101150|1626149|1626155|1628414|203085,,,1610612752.0,21700245,True
3,PT01M34.00S,01:34,Q3 01:34,13.566666666666666,486,substitution,SUB out: C. Lee,[],Lee,81,66,,False,False,201584.0,,freethrow,substitution,,,,101150|1626149|1626155|1628373|1628414|202498|202683|203085|203926,1628373|202498|202683|203926,101150|1626149|1626155|1628414|203085,,,1610612752.0,21700245,False
3,PT01M34.00S,01:34,Q3 01:34,13.566666666666666,487,substitution,SUB in: D. Dotson,[],Dotson,81,66,,False,False,1628422.0,,substitution,3pt missed,,,,101150|1626149|1626155|1628373|1628414|1628422|202498|202683|203085|203926,1628373|1628422|202498|202683|203926,101150|1626149|1626155|1628414|203085,,,1610612752.0,21700245,True
3,PT01M14.00S,01:14,Q3 01:14,13.233333333333334,489,3pt,MISS L. Williams 26' 3PT Jump Shot,[],Williams,83,66,Missed,True,False,101150.0,,substitution,rebound,,,,101150|1626149|1626155|1628373|1628414|1628422|202498|202683|203085|203926,101150|1626149|1626155|1628414|203085,1628373|1628422|202498|202683|203926,-115.0,231.0,1610612746.0,21700245,True
3,PT01M13.00S,01:13,Q3 01:13,13.216666666666667,490,rebound,Thomas REBOUND (Off:0 Def:1),[],Thomas,83,66,,False,False,202498.0,,3pt missed,3pt missed,,,,101150|1626149|1626155|1628373|1628414|1628422|202498|202683|203085|203926,1628373|1628422|202498|202683|203926,101150|1626149|1626155|1628414|203085,,,1610612752.0,21700245,True
3,PT00M50.10S,00:50,Q3 00:50,12.835,491,3pt,MISS Dotson 24' 3PT Jump Shot,[],Dotson,83,66,Missed,True,False,1628422.0,,rebound,rebound,,,,101150|1626149|1626155|1628373|1628414|1628422|202498|202683|203085|203926,1628373|1628422|202498|202683|203926,101150|1626149|1626155|1628414|203085,-227.0,71.0,1610612752.0,21700245,True
3,PT00M48.90S,00:48,Q3 00:48,12.815,492,rebound,Harrell REBOUND (Off:0 Def:2),[],Harrell,83,66,,False,False,1626149.0,,3pt missed,2pt missed,,,,101150|1626149|1626155|1628373|1628414|1628422|202498|202683|203085|203926,101150|1626149|1626155|1628414|203085,1628373|1628422|202498|202683|203926,,,1610612746.0,21700245,True
3,PT00M39.20S,00:39,Q3 00:39,12.653333333333334,493,2pt,MISS Dekker Reverse Layup,['pointsinthepaint'],Dekker,83,66,Missed,True,False,1626155.0,,rebound,rebound,,,,101150|1626149|1626155|1628373|1628414|1628422|202498|202683|203085|203926,101150|1626149|1626155|1628414|203085,1628373|1628422|202498|202683|203926,4.0,1.0,1610612746.0,21700245,True
3,PT00M39.10S,00:39,Q3 00:39,12.651666666666667,494,rebound,Freedom REBOUND (Off:4 Def:9),[],Freedom,83,66,,False,False,202683.0,,2pt missed,turnover,,,,101150|1626149|1626155|1628373|1628414|1628422|202498|202683|203085|203926,1628373|1628422|202498|202683|203926,101150|1626149|1626155|1628414|203085,,,1610612752.0,21700245,True
3,PT00M33.00S,00:33,Q3 00:33,12.55,495,turnover,Ntilikina Lost Ball Turnover (P4.T18),[],Ntilikina,83,66,,False,False,1628373.0,,rebound,steal,,,,101150|1626149|1626155|1628373|1628414|1628422|202498|202683|203085|203926,1628373|1628422|202498|202683|203926,101150|1626149|1626155|1628414|203085,,,1610612752.0,21700245,True
3,PT00M33.00S,00:33,Q3 00:33,12.55,495,steal,Harrell STEAL (1 STL),[],Harrell,83,66,,False,False,1626149.0,,turnover,2pt made,,1626149.0,,101150|1626149|1626155|1628373|1628414|1628422|202498|202683|203085|203926,101150|1626149|1626155|1628414|203085,1628373|1628422|202498|202683|203926,,,1610612746.0,21700245,True
3,PT00M29.90S,00:29,Q3 00:29,12.498333333333333,497,2pt,Dekker Layup (6 PTS) (Harrell 1 AST),['pointsinthepaint'],Dekker,83,68,Made,True,True,1626155.0,1626149.0,steal,2pt missed,,,,101150|1626149|1626155|1628373|1628414|1628422|202498|202683|203085|203926,101150|1626149|1626155|1628414|203085,1628373|1628422|202498|202683|203926,-2.0,4.0,1610612746.0,21700245,True
3,PT00M07.30S,00:07,Q3 00:07,12.121666666666666,499,2pt,MISS McDermott 11' Jump Shot,[],McDermott,83,68,Missed,True,False,203926.0,,2pt made,rebound,,,,101150|1626149|1626155|1628373|1628414|1628422|202498|202683|203085|203926,1628373|1628422|202498|202683|203926,101150|1626149|1626155|1628414|203085,85.0,63.0,1610612752.0,21700245,True
3,PT00M03.40S,00:03,Q3 00:03,12.056666666666667,500,rebound,Freedom REBOUND (Off:5 Def:9),[],Freedom,83,68,,False,False,202683.0,,2pt missed,substitution,,,,101150|1626149|1626155|1628373|1628414|1628422|202498|202683|203085|203926,1628373|1628422|202498|202683|203926,101150|1626149|1626155|1628414|203085,,,1610612752.0,21700245,True
3,PT00M02.70S,00:02,Q3 00:02,12.045,501,substitution,SUB out: M. Harrell,[],Harrell,83,68,,False,False,1626149.0,,rebound,substitution,,,,101150|1626155|1628373|1628414|1628422|202498|202683|203085|203926,101150|1626155|1628414|203085,1628373|1628422|202498|202683|203926,,,1610612746.0,21700245,False
3,PT00M02.70S,00:02,Q3 00:02,12.045,502,substitution,SUB in: W. Reed,[],Reed,83,68,,False,False,203186.0,,substitution,3pt missed,,,,101150|1626155|1628373|1628414|1628422|202498|202683|203085|203186|203926,101150|1626155|1628414|203085|203186,1628373|1628422|202498|202683|203926,,,1610612746.0,21700245,True
3,PT00M00.40S,00:00,Q3 00:00,12.006666666666666,506,3pt,MISS Thomas 27' 3PT Jump Shot,[],Thomas,83,68,Missed,True,False,202498.0,,substitution,rebound,,,,101150|1626155|1628373|1628414|1628422|202498|202683|203085|203186|203926,1628373|1628422|202498|202683|203926,101150|1626155|1628414|203085|203186,71.0,262.0,1610612752.0,21700245,True
3,PT00M00.10S,00:00,Q3 00:00,12.001666666666667,507,rebound,TEAM offensive REBOUND,['team'],,83,68,,False,False,0.0,,3pt missed,period,,,,101150|1626155|1628373|1628414|1628422|202498|202683|203085|203186|203926,1628373|1628422|202498|202683|203926,101150|1626155|1628414|203085|203186,,,1610612752.0,21700245,True
3,PT00M00.00S,00:00,Q3 00:00,12.0,508,period,End of 3rd Period (9:23 PM EST),[],,83,68,,False,False,0.0,,rebound,period,,,,101150|1626155|1628373|1628414|1628422|202498|202683|203085|203186|203926,1628373|1628422|202498|202683|203926,101150|1626155|1628414|203085|203186,,,1610612752.0,21700245,True
4,PT12M00.00S,12:00,Q4 12:00,12.0,513,period,Start of 4th Period (9:25 PM EST),[],,83,68,,False,False,0.0,,period,substitution,,,,101150|1626155|1628373|1628414|1628422|202498|202683|203085|203186|203926,1628373|1628422|202498|202683|203926,101150|1626155|1628414|203085|203186,,,1610612752.0,21700245,True
4,PT11M41.00S,11:41,Q4 11:41,11.683333333333334,514,2pt,O'Quinn 4' Jump Shot (4 PTS) (Sessions 1 AST),['pointsinthepaint'],O'Quinn,85,68,Made,True,True,203124.0,201196.0,substitution,3pt missed,,,,101150|1626155|1628414|1628422|201196|202498|203085|203124|203186|203926,1628422|201196|202498|203124|203926,101150|1626155|1628414|203085|203186,5.0,43.0,1610612752.0,21700245,True
4,PT11M25.00S,11:25,Q4 11:25,11.416666666666666,516,3pt,MISS Dekker 26' 3PT Jump Shot,[],Dekker,85,68,Missed,True,False,1626155.0,,2pt made,rebound,,,,101150|1626155|1628414|1628422|201196|202498|203085|203124|203186|203926,101150|1626155|1628414|203085|203186,1628422|201196|202498|203124|203926,-96.0,244.0,1610612746.0,21700245,True
4,PT11M24.00S,11:24,Q4 11:24,11.4,517,rebound,Dotson REBOUND (Off:0 Def:1),[],Dotson,85,68,,False,False,1628422.0,,3pt missed,2pt missed,,,,101150|1626155|1628414|1628422|201196|202498|203085|203124|203186|203926,1628422|201196|202498|203124|203926,101150|1626155|1628414|203085|203186,,,1610612752.0,21700245,True
4,PT11M13.00S,11:13,Q4 11:13,11.216666666666667,518,2pt,MISS Sessions 6' Floating Jump Shot,['pointsinthepaint'],Sessions,85,68,Missed,True,False,201196.0,,rebound,rebound,,,,101150|1626155|1628414|1628422|201196|202498|203085|203124|203186|203926,1628422|201196|202498|203124|203926,101150|1626155|1628414|203085|203186,-41.0,50.0,1610612752.0,21700245,True
4,PT11M11.00S,11:11,Q4 11:11,11.183333333333334,519,rebound,Reed REBOUND (Off:1 Def:3),[],Reed,85,68,,False,False,203186.0,,2pt missed,turnover,,,,101150|1626155|1628414|1628422|201196|202498|203085|203124|203186|203926,101150|1626155|1628414|203085|203186,1628422|201196|202498|203124|203926,,,1610612746.0,21700245,True
4,PT10M49.00S,10:49,Q4 10:49,10.816666666666666,520,turnover,Dekker Out of Bounds - Bad Pass Turnover Turnover (P1.T20),[],Dekker,85,68,,False,False,1626155.0,,rebound,substitution,,,,101150|1626155|1628414|1628422|201196|202498|203085|203124|203186|203926,101150|1626155|1628414|203085|203186,1628422|201196|202498|203124|203926,,,1610612746.0,21700245,True
4,PT10M49.00S,10:49,Q4 10:49,10.816666666666666,521,substitution,SUB out: S. Thornwell,[],Thornwell,85,68,,False,False,1628414.0,,turnover,substitution,,,,101150|1626155|1628422|201196|202498|203085|203124|203186|203926,101150|1626155|203085|203186,1628422|201196|202498|203124|203926,,,1610612746.0,21700245,False
4,PT10M49.00S,10:49,Q4 10:49,10.816666666666666,522,substitution,SUB out: S. Dekker,[],Dekker,85,68,,False,False,1626155.0,,substitution,substitution,,,,101150|1628422|201196|202498|203085|203124|203186|203926,101150|203085|203186,1628422|201196|202498|203124|203926,,,1610612746.0,21700245,False
4,PT10M49.00S,10:49,Q4 10:49,10.816666666666666,523,substitution,SUB out: W. Reed,[],Reed,85,68,,False,False,203186.0,,substitution,substitution,,,,101150|1628422|201196|202498|203085|203124|203926,101150|203085,1628422|201196|202498|203124|203926,,,1610612746.0,21700245,False
4,PT10M49.00S,10:49,Q4 10:49,10.816666666666666,524,substitution,SUB in: P. Beverley,[],Beverley,85,68,,False,False,201976.0,,substitution,substitution,,,,101150|1628422|201196|201976|202498|203085|203124|203926,101150|201976|203085,1628422|201196|202498|203124|203926,,,1610612746.0,21700245,False
4,PT10M49.00S,10:49,Q4 10:49,10.816666666666666,525,substitution,SUB in: B. Griffin,[],Griffin,85,68,,False,False,201933.0,,substitution,substitution,,,,101150|1628422|201196|201933|201976|202498|203085|203124|203926,101150|201933|201976|203085,1628422|201196|202498|203124|203926,,,1610612746.0,21700245,False
4,PT10M49.00S,10:49,Q4 10:49,10.816666666666666,526,substitution,SUB in: D. Jordan,[],Jordan,85,68,,False,False,201599.0,,substitution,3pt made,,,,101150|1628422|201196|201599|201933|201976|202498|203085|203124|203926,101150|201599|201933|201976|203085,1628422|201196|202498|203124|203926,,,1610612746.0,21700245,True
4,PT10M32.00S,10:32,Q4 10:32,10.533333333333333,527,3pt,Dotson 27' 3PT Jump Shot (3 PTS) (Sessions 2 AST),[],Dotson,88,68,Made,True,True,1628422.0,201196.0,substitution,foul,,,,101150|1628422|201196|201599|201933|201976|202498|203085|203124|203926,1628422|201196|202498|203124|203926,101150|201599|201933|201976|203085,197.0,178.0,1610612752.0,21700245,True
4,PT10M23.00S,10:23,Q4 10:23,10.383333333333333,529,foul,Thomas P.FOUL (P3.T1) (J.Tiven),[],Thomas,88,68,,False,False,202498.0,,3pt made,2pt missed,101150.0,,,101150|1628422|201196|201599|201933|201976|202498|203085|203124|203926,1628422|201196|202498|203124|203926,101150|201599|201933|201976|203085,,,1610612752.0,21700245,True
4,PT10M16.00S,10:16,Q4 10:16,10.266666666666667,531,2pt,MISS L. Williams 18' Pullup Jump Shot,[],Williams,88,68,Missed,True,False,101150.0,,foul,rebound,,,,101150|1628422|201196|201599|201933|201976|202498|203085|203124|203926,101150|201599|201933|201976|203085,1628422|201196|202498|203124|203926,-35.0,173.0,1610612746.0,21700245,True
4,PT10M15.00S,10:15,Q4 10:15,10.25,532,rebound,Jordan REBOUND (Off:4 Def:1),[],Jordan,88,68,,False,False,201599.0,,2pt missed,2pt missed,,,,101150|1628422|201196|201599|201933|201976|202498|203085|203124|203926,101150|201599|201933|201976|203085,1628422|201196|202498|203124|203926,,,1610612746.0,21700245,True
4,PT10M15.00S,10:15,Q4 10:15,10.25,533,2pt,MISS Jordan 1' Tip Layup Shot,['pointsinthepaint'],Jordan,88,68,Missed,True,False,201599.0,,rebound,rebound,,,,101150|1628422|201196|201599|201933|201976|202498|203085|203124|203926,101150|201599|201933|201976|203085,1628422|201196|202498|203124|203926,0.0,-6.0,1610612746.0,21700245,True
4,PT10M15.00S,10:15,Q4 10:15,10.25,534,rebound,TEAM defensive REBOUND,['team'],,88,68,,False,False,0.0,,2pt missed,foul,,,,101150|1628422|201196|201599|201933|201976|202498|203085|203124|203926,1628422|201196|202498|203124|203926,101150|201599|201933|201976|203085,,,1610612752.0,21700245,True
4,PT10M15.00S,10:15,Q4 10:15,10.25,535,foul,Jordan L.B.FOUL (P2.T1) (T.Brown),[],Jordan,88,68,,False,False,201599.0,,rebound,2pt made,202498.0,,,101150|1628422|201196|201599|201933|201976|202498|203085|203124|203926,101150|201599|201933|201976|203085,1628422|201196|202498|203124|203926,,,1610612746.0,21700245,True
4,PT09M55.00S,09:55,Q4 09:55,9.916666666666666,537,2pt,Thomas 20' Jump Shot (2 PTS) (Sessions 3 AST),[],Thomas,90,68,Made,True,True,202498.0,201196.0,foul,3pt missed,,,,101150|1628422|201196|201599|201933|201976|202498|203085|203124|203926,1628422|201196|202498|203124|203926,101150|201599|201933|201976|203085,-198.0,6.0,1610612752.0,21700245,True
4,PT09M44.00S,09:44,Q4 09:44,9.733333333333333,539,3pt,MISS Rivers 25' 3PT Jump Shot,[],Rivers,90,68,Missed,True,False,203085.0,,2pt made,rebound,,,,101150|1628422|201196|201599|201933|201976|202498|203085|203124|203926,101150|201599|201933|201976|203085,1628422|201196|202498|203124|203926,145.0,201.0,1610612746.0,21700245,True
4,PT09M43.00S,09:43,Q4 09:43,9.716666666666667,540,rebound,Dotson REBOUND (Off:0 Def:2),[],Dotson,90,68,,False,False,1628422.0,,3pt missed,turnover,,,,101150|1628422|201196|201599|201933|201976|202498|203085|203124|203926,1628422|201196|202498|203124|203926,101150|201599|201933|201976|203085,,,1610612752.0,21700245,True
4,PT09M31.00S,09:31,Q4 09:31,9.516666666666667,541,turnover,Sessions Bad Pass Turnover (P1.T19),[],Sessions,90,68,,False,False,201196.0,,rebound,steal,,,,101150|1628422|201196|201599|201933|201976|202498|203085|203124|203926,1628422|201196|202498|203124|203926,101150|201599|201933|201976|203085,,,1610612752.0,21700245,True
4,PT09M31.00S,09:31,Q4 09:31,9.516666666666667,541,steal,Griffin STEAL (2 STL),[],Griffin,90,68,,False,False,201933.0,,turnover,3pt missed,,201933.0,,101150|1628422|201196|201599|201933|201976|202498|203085|203124|203926,101150|201599|201933|201976|203085,1628422|201196|202498|203124|203926,,,1610612746.0,21700245,True
4,PT09M26.00S,09:26,Q4 09:26,9.433333333333334,543,3pt,MISS Beverley 25' 3PT Jump Shot,[],Beverley,90,68,Missed,True,False,201976.0,,steal,rebound,,,,101150|1628422|201196|201599|201933|201976|202498|203085|203124|203926,101150|201599|201933|201976|203085,1628422|201196|202498|203124|203926,109.0,228.0,1610612746.0,21700245,True
4,PT09M25.00S,09:25,Q4 09:25,9.416666666666666,544,rebound,Sessions REBOUND (Off:0 Def:1),[],Sessions,90,68,,False,False,201196.0,,3pt missed,3pt missed,,,,101150|1628422|201196|201599|201933|201976|202498|203085|203124|203926,1628422|201196|202498|203124|203926,101150|201599|201933|201976|203085,,,1610612752.0,21700245,True
4,PT09M09.00S,09:09,Q4 09:09,9.15,545,3pt,MISS Thomas 3PT Jump Shot,[],Thomas,90,68,Missed,True,False,202498.0,,rebound,rebound,,,,101150|1628422|201196|201599|201933|201976|202498|203085|203124|203926,1628422|201196|202498|203124|203926,101150|201599|201933|201976|203085,-223.0,3.0,1610612752.0,21700245,True
4,PT09M07.00S,09:07,Q4 09:07,9.116666666666667,546,rebound,O'Quinn REBOUND (Off:1 Def:3),[],O'Quinn,90,68,,False,False,203124.0,,3pt missed,2pt missed,,,,101150|1628422|201196|201599|201933|201976|202498|203085|203124|203926,1628422|201196|202498|203124|203926,101150|201599|201933|201976|203085,,,1610612752.0,21700245,True
4,PT09M06.00S,09:06,Q4 09:06,9.1,547,2pt,MISS Thomas 5' Layup,['pointsinthepaint'],Thomas,90,68,Missed,True,False,202498.0,,rebound,rebound,,,,101150|1628422|201196|201599|201933|201976|202498|203085|203124|203926,1628422|201196|202498|203124|203926,101150|201599|201933|201976|203085,-2.0,45.0,1610612752.0,21700245,True
4,PT09M05.00S,09:05,Q4 09:05,9.083333333333334,548,rebound,O'Quinn REBOUND (Off:2 Def:3),[],O'Quinn,90,68,,False,False,203124.0,,2pt missed,foul,,,,101150|1628422|201196|201599|201933|201976|202498|203085|203124|203926,1628422|201196|202498|203124|203926,101150|201599|201933|201976|203085,,,1610612752.0,21700245,True
4,PT08M50.00S,08:50,Q4 08:50,8.833333333333334,549,foul,L. Williams P.FOUL (P2.T2) (J.Tiven),[],Williams,90,68,,False,False,101150.0,,rebound,substitution,201196.0,,,101150|1628422|201196|201599|201933|201976|202498|203085|203124|203926,101150|201599|201933|201976|203085,1628422|201196|202498|203124|203926,,,1610612746.0,21700245,True
4,PT08M50.00S,08:50,Q4 08:50,8.833333333333334,551,substitution,SUB out: L. Williams,[],Williams,90,68,,False,False,101150.0,,foul,substitution,,,,1628422|201196|201599|201933|201976|202498|203085|203124|203926,201599|201933|201976|203085,1628422|201196|202498|203124|203926,,,1610612746.0,21700245,False
4,PT08M50.00S,08:50,Q4 08:50,8.833333333333334,552,substitution,SUB out: A. Rivers,[],Rivers,90,68,,False,False,203085.0,,substitution,substitution,,,,1628422|201196|201599|201933|201976|202498|203124|203926,201599|201933|201976,1628422|201196|202498|203124|203926,,,1610612746.0,21700245,False
4,PT08M50.00S,08:50,Q4 08:50,8.833333333333334,553,substitution,SUB in: W. Johnson,[],Johnson,90,68,,False,False,202325.0,,substitution,substitution,,,,1628422|201196|201599|201933|201976|202325|202498|203124|203926,201599|201933|201976|202325,1628422|201196|202498|203124|203926,,,1610612746.0,21700245,False
4,PT08M50.00S,08:50,Q4 08:50,8.833333333333334,554,substitution,SUB in: J. Evans,[],Evans,90,68,,False,False,1628393.0,,substitution,2pt missed,,,,1628393|1628422|201196|201599|201933|201976|202325|202498|203124|203926,1628393|201599|201933|201976|202325,1628422|201196|202498|203124|203926,,,1610612746.0,21700245,True
4,PT08M35.00S,08:35,Q4 08:35,8.583333333333334,555,2pt,MISS Sessions 14' Floating Jump Shot,['pointsinthepaint'],Sessions,90,68,Missed,True,False,201196.0,,substitution,rebound,,,,1628393|1628422|201196|201599|201933|201976|202325|202498|203124|203926,1628422|201196|202498|203124|203926,1628393|201599|201933|201976|202325,62.0,121.0,1610612752.0,21700245,True
4,PT08M34.00S,08:34,Q4 08:34,8.566666666666666,556,rebound,Beverley REBOUND (Off:0 Def:5),[],Beverley,90,68,,False,False,201976.0,,2pt missed,foul,,,,1628393|1628422|201196|201599|201933|201976|202325|202498|203124|203926,1628393|201599|201933|201976|202325,1628422|201196|202498|203124|203926,,,1610612746.0,21700245,True
4,PT08M27.00S,08:27,Q4 08:27,8.45,557,foul,Sessions P.FOUL (P1.T2) (M.Kogut),[],Sessions,90,68,,False,False,201196.0,,rebound,2pt made,202325.0,,,1628393|1628422|201196|201599|201933|201976|202325|202498|203124|203926,1628422|201196|202498|203124|203926,1628393|201599|201933|201976|202325,,,1610612752.0,21700245,True
4,PT08M18.00S,08:18,Q4 08:18,8.3,559,2pt,Johnson Cutting Layup Shot (11 PTS) (Griffin 5 AST),['pointsinthepaint'],Johnson,90,70,Made,True,True,202325.0,201933.0,foul,foul,,,,1628393|1628422|201196|201599|201933|201976|202325|202498|203124|203926,1628393|201599|201933|201976|202325,1628422|201196|202498|203124|203926,0.0,4.0,1610612746.0,21700245,True
4,PT08M18.00S,08:18,Q4 08:18,8.3,561,foul,O'Quinn S.FOUL (P2.T3) (T.Brown),[],O'Quinn,90,70,,False,False,203124.0,,2pt made,freethrow,202325.0,,,1628393|1628422|201196|201599|201933|201976|202325|202498|203124|203926,1628422|201196|202498|203124|203926,1628393|201599|201933|201976|202325,,,1610612752.0,21700245,True
4,PT08M18.00S,08:18,Q4 08:18,8.3,563,freethrow,Johnson Free Throw 1 of 1 (12 PTS),[],Johnson,90,71,Made,False,False,202325.0,,foul,3pt missed,,,,1628393|1628422|201196|201599|201933|201976|202325|202498|203124|203926,1628393|201599|201933|201976|202325,1628422|201196|202498|203124|203926,,,1610612746.0,21700245,True
4,PT07M57.00S,07:57,Q4 07:57,7.95,564,3pt,MISS Thomas 26' 3PT Jump Shot,[],Thomas,90,71,Missed,True,False,202498.0,,freethrow,rebound,,,,1628393|1628422|201196|201599|201933|201976|202325|202498|203124|203926,1628422|201196|202498|203124|203926,1628393|201599|201933|201976|202325,7.0,264.0,1610612752.0,21700245,True
4,PT07M56.00S,07:56,Q4 07:56,7.933333333333334,565,rebound,Jordan REBOUND (Off:4 Def:2),[],Jordan,90,71,,False,False,201599.0,,3pt missed,turnover,,,,1628393|1628422|201196|201599|201933|201976|202325|202498|203124|203926,1628393|201599|201933|201976|202325,1628422|201196|202498|203124|203926,,,1610612746.0,21700245,True
4,PT07M51.00S,07:51,Q4 07:51,7.85,566,turnover,Johnson Traveling Turnover (P4.T21),[],Johnson,90,71,,False,False,202325.0,,rebound,2pt missed,,,,1628393|1628422|201196|201599|201933|201976|202325|202498|203124|203926,1628393|201599|201933|201976|202325,1628422|201196|202498|203124|203926,,,1610612746.0,21700245,True
4,PT07M34.00S,07:34,Q4 07:34,7.566666666666666,567,2pt,MISS McDermott 1' Alley Oop Layup,['pointsinthepaint'],McDermott,90,71,Missed,True,False,203926.0,,turnover,rebound,,,,1628393|1628422|201196|201599|201933|201976|202325|202498|203124|203926,1628422|201196|202498|203124|203926,1628393|201599|201933|201976|202325,-9.0,8.0,1610612752.0,21700245,True
4,PT07M32.00S,07:32,Q4 07:32,7.533333333333333,568,rebound,Beverley REBOUND (Off:0 Def:6),[],Beverley,90,71,,False,False,201976.0,,2pt missed,3pt missed,,,,1628393|1628422|201196|201599|201933|201976|202325|202498|203124|203926,1628393|201599|201933|201976|202325,1628422|201196|202498|203124|203926,,,1610612746.0,21700245,True
4,PT07M18.00S,07:18,Q4 07:18,7.3,569,3pt,MISS Johnson 25' 3PT Jump Shot,[],Johnson,90,71,Missed,True,False,202325.0,,rebound,rebound,,,,1628393|1628422|201196|201599|201933|201976|202325|202498|203124|203926,1628393|201599|201933|201976|202325,1628422|201196|202498|203124|203926,20.0,248.0,1610612746.0,21700245,True
4,PT07M17.00S,07:17,Q4 07:17,7.283333333333333,570,rebound,Jordan REBOUND (Off:5 Def:2),[],Jordan,90,71,,False,False,201599.0,,3pt missed,foul,,,,1628393|1628422|201196|201599|201933|201976|202325|202498|203124|203926,1628393|201599|201933|201976|202325,1628422|201196|202498|203124|203926,,,1610612746.0,21700245,True
4,PT07M14.00S,07:14,Q4 07:14,7.233333333333333,571,foul,Thomas S.FOUL (P4.T4) (M.Kogut),[],Thomas,90,71,,False,False,202498.0,,rebound,freethrow,202325.0,,,1628393|1628422|201196|201599|201933|201976|202325|202498|203124|203926,1628422|201196|202498|203124|203926,1628393|201599|201933|201976|202325,,,1610612752.0,21700245,True
4,PT07M14.00S,07:14,Q4 07:14,7.233333333333333,573,freethrow,MISS Johnson Free Throw 1 of 2,[],Johnson,90,71,Missed,False,False,202325.0,,foul,rebound,,,,1628393|1628422|201196|201599|201933|201976|202325|202498|203124|203926,1628393|201599|201933|201976|202325,1628422|201196|202498|203124|203926,,,1610612746.0,21700245,True
4,PT07M14.00S,07:14,Q4 07:14,7.233333333333333,574,rebound,TEAM offensive REBOUND,['team'],,90,71,,False,False,0.0,,freethrow,freethrow,,,,1628393|1628422|201196|201599|201933|201976|202325|202498|203124|203926,1628393|201599|201933|201976|202325,1628422|201196|202498|203124|203926,,,1610612746.0,21700245,True
4,PT07M14.00S,07:14,Q4 07:14,7.233333333333333,579,freethrow,Johnson Free Throw 2 of 2 (13 PTS),['2ndchance'],Johnson,90,72,Made,False,False,202325.0,,rebound,substitution,,,,1628393|1628422|201196|201599|201933|201976|202325|202498|203124|203926,1628393|201599|201933|201976|202325,1628422|201196|202498|203124|203926,,,1610612746.0,21700245,True
4,PT07M14.00S,07:14,Q4 07:14,7.233333333333333,575,substitution,SUB out: D. Dotson,[],Dotson,90,71,,False,False,1628422.0,,freethrow,substitution,,,,1628393|201196|201599|201933|201976|202325|202498|203124|203926,201196|202498|203124|203926,1628393|201599|201933|201976|202325,,,1610612752.0,21700245,False
4,PT07M14.00S,07:14,Q4 07:14,7.233333333333333,576,substitution,SUB out: L. Thomas,[],Thomas,90,71,,False,False,202498.0,,substitution,substitution,,,,1628393|201196|201599|201933|201976|202325|203124|203926,201196|203124|203926,1628393|201599|201933|201976|202325,,,1610612752.0,21700245,False
4,PT07M14.00S,07:14,Q4 07:14,7.233333333333333,577,substitution,SUB in: T. Hardaway Jr.,[],Hardaway Jr.,90,71,,False,False,203501.0,,substitution,substitution,,,,1628393|201196|201599|201933|201976|202325|203124|203501|203926,201196|203124|203501|203926,1628393|201599|201933|201976|202325,,,1610612752.0,21700245,False
4,PT07M14.00S,07:14,Q4 07:14,7.233333333333333,578,substitution,SUB in: K. Porzingis,[],Porzingis,90,71,,False,False,204001.0,,substitution,foul,,,,1628393|201196|201599|201933|201976|202325|203124|203501|203926|204001,201196|203124|203501|203926|204001,1628393|201599|201933|201976|202325,,,1610612752.0,21700245,True
4,PT06M57.00S,06:57,Q4 06:57,6.95,580,foul,Griffin P.FOUL (P4.T3) (T.Brown),[],Griffin,90,72,,False,False,201933.0,,substitution,foul,203124.0,,,1628393|201196|201599|201933|201976|202325|203124|203501|203926|204001,1628393|201599|201933|201976|202325,201196|203124|203501|203926|204001,,,1610612746.0,21700245,True
4,PT06M56.00S,06:56,Q4 06:56,6.933333333333334,582,foul,O'Quinn OFF.Foul (P3) (M.Kogut),['inpenalty'],O'Quinn,90,72,,False,False,203124.0,,foul,turnover,1628393.0,,,1628393|201196|201599|201933|201976|202325|203124|203501|203926|204001,201196|203124|203501|203926|204001,1628393|201599|201933|201976|202325,,,1610612752.0,21700245,True
4,PT06M56.00S,06:56,Q4 06:56,6.933333333333334,584,turnover,O'Quinn Offensive Foul Turnover (P1.T20),[],O'Quinn,90,72,,False,False,203124.0,,foul,timeout,,,,1628393|201196|201599|201933|201976|202325|203124|203501|203926|204001,201196|203124|203501|203926|204001,1628393|201599|201933|201976|202325,,,1610612752.0,21700245,True
4,PT06M56.00S,06:56,Q4 06:56,6.933333333333334,585,timeout,KNICKS Timeout: Regular (Full 4 Short 0),[],,90,72,,False,False,0.0,,turnover,3pt missed,,,,1628393|201196|201599|201933|201976|202325|203124|203501|203926|204001,201196|203124|203501|203926|204001,1628393|201599|201933|201976|202325,,,1610612752.0,21700245,True
4,PT06M35.00S,06:35,Q4 06:35,6.583333333333333,586,3pt,MISS Evans 24' 3PT Jump Shot,[],Evans,90,72,Missed,True,False,1628393.0,,timeout,rebound,,,,1628393|201196|201599|201933|201976|202325|203124|203501|203926|204001,1628393|201599|201933|201976|202325,201196|203124|203501|203926|204001,222.0,99.0,1610612746.0,21700245,True
4,PT06M34.00S,06:34,Q4 06:34,6.566666666666666,587,rebound,TEAM offensive REBOUND,['team'],,90,72,,False,False,0.0,,3pt missed,foul,,,,1628393|201196|201599|201933|201976|202325|203124|203501|203926|204001,1628393|201599|201933|201976|202325,201196|203124|203501|203926|204001,,,1610612746.0,21700245,True
4,PT06M31.00S,06:31,Q4 06:31,6.516666666666667,588,foul,Porzingis P.FOUL (P4.PN) (T.Brown),['inpenalty'],Porzingis,90,72,,False,False,204001.0,,rebound,freethrow,201933.0,,,1628393|201196|201599|201933|201976|202325|203124|203501|203926|204001,201196|203124|203501|203926|204001,1628393|201599|201933|201976|202325,,,1610612752.0,21700245,True
4,PT06M31.00S,06:31,Q4 06:31,6.516666666666667,590,freethrow,Griffin Free Throw 1 of 2 (18 PTS),[],Griffin,90,73,Made,False,False,201933.0,,foul,freethrow,,,,1628393|201196|201599|201933|201976|202325|203124|203501|203926|204001,1628393|201599|201933|201976|202325,201196|203124|203501|203926|204001,,,1610612746.0,21700245,True
4,PT06M31.00S,06:31,Q4 06:31,6.516666666666667,591,freethrow,Griffin Free Throw 2 of 2 (19 PTS),[],Griffin,90,74,Made,False,False,201933.0,,freethrow,foul,,,,1628393|201196|201599|201933|201976|202325|203124|203501|203926|204001,1628393|201599|201933|201976|202325,201196|203124|203501|203926|204001,,,1610612746.0,21700245,True
4,PT06M19.00S,06:19,Q4 06:19,6.316666666666666,592,foul,Griffin P.FOUL (P5.T4) (T.Brown),[],Griffin,90,74,,False,False,201933.0,,freethrow,instant replay,204001.0,,,1628393|201196|201599|201933|201976|202325|203124|203501|203926|204001,1628393|201599|201933|201976|202325,201196|203124|203501|203926|204001,,,1610612746.0,21700245,True
4,PT06M19.00S,06:19,Q4 06:19,6.316666666666666,596,freethrow,Porzingis Free Throw Technical (23 PTS),[],Porzingis,91,74,Made,False,False,204001.0,,instant replay,foul,,,,1628393|201196|201599|201933|201976|202325|203124|203501|203926|204001,201196|203124|203501|203926|204001,1628393|201599|201933|201976|202325,,,1610612752.0,21700245,True
4,PT06M19.00S,06:19,Q4 06:19,6.316666666666666,683,foul,Griffin T.FOUL (P5.T4) (T.Brown),['inpenalty'],Griffin,90,74,,False,False,201933.0,,freethrow,substitution,201196.0,,,1628393|201196|201599|201933|201976|202325|203124|203501|203926|204001,1628393|201599|201933|201976|202325,201196|203124|203501|203926|204001,,,1610612746.0,21700245,True
4,PT06M19.00S,06:19,Q4 06:19,6.316666666666666,597,substitution,SUB out: P. Beverley,[],Beverley,90,74,,False,False,201976.0,,foul,substitution,,,,1628393|201196|201599|201933|202325|203124|203501|203926|204001,1628393|201599|201933|202325,201196|203124|203501|203926|204001,,,1610612746.0,21700245,False
4,PT06M19.00S,06:19,Q4 06:19,6.316666666666666,598,substitution,SUB in: A. Rivers,[],Rivers,90,74,,False,False,203085.0,,substitution,3pt missed,,,,1628393|201196|201599|201933|202325|203085|203124|203501|203926|204001,1628393|201599|201933|202325|203085,201196|203124|203501|203926|204001,,,1610612746.0,21700245,True
4,PT06M06.00S,06:06,Q4 06:06,6.1,599,3pt,MISS Sessions 25' 3PT Jump Shot,[],Sessions,91,74,Missed,True,False,201196.0,,substitution,rebound,,,,1628393|201196|201599|201933|202325|203085|203124|203501|203926|204001,201196|203124|203501|203926|204001,1628393|201599|201933|202325|203085,228.0,106.0,1610612752.0,21700245,True
4,PT06M05.00S,06:05,Q4 06:05,6.083333333333333,600,rebound,Jordan REBOUND (Off:5 Def:3),[],Jordan,91,74,,False,False,201599.0,,3pt missed,2pt missed,,,,1628393|201196|201599|201933|202325|203085|203124|203501|203926|204001,1628393|201599|201933|202325|203085,201196|203124|203501|203926|204001,,,1610612746.0,21700245,True
4,PT05M47.00S,05:47,Q4 05:47,5.783333333333333,601,2pt,MISS Evans 22' Jump Shot,[],Evans,91,74,Missed,True,False,1628393.0,,rebound,rebound,,,,1628393|201196|201599|201933|202325|203085|203124|203501|203926|204001,1628393|201599|201933|202325|203085,201196|203124|203501|203926|204001,-109.0,189.0,1610612746.0,21700245,True
4,PT05M46.00S,05:46,Q4 05:46,5.766666666666667,602,rebound,TEAM defensive REBOUND,['team'],,91,74,,False,False,0.0,,2pt missed,substitution,,,,1628393|201196|201599|201933|202325|203085|203124|203501|203926|204001,201196|203124|203501|203926|204001,1628393|201599|201933|202325|203085,,,1610612752.0,21700245,True
4,PT05M46.00S,05:46,Q4 05:46,5.766666666666667,603,substitution,SUB out: K. O'Quinn,[],O'Quinn,91,74,,False,False,203124.0,,rebound,substitution,,,,1628393|201196|201599|201933|202325|203085|203501|203926|204001,201196|203501|203926|204001,1628393|201599|201933|202325|203085,,,1610612752.0,21700245,False
4,PT05M46.00S,05:46,Q4 05:46,5.766666666666667,604,substitution,SUB in: E. Freedom,[],Freedom,91,74,,False,False,202683.0,,substitution,3pt made,,,,1628393|201196|201599|201933|202325|202683|203085|203501|203926|204001,201196|202683|203501|203926|204001,1628393|201599|201933|202325|203085,,,1610612752.0,21700245,True
4,PT05M28.00S,05:28,Q4 05:28,5.466666666666667,605,3pt,McDermott 26' 3PT Jump Shot (16 PTS) (Porzingis 2 AST),[],McDermott,94,74,Made,True,True,203926.0,204001.0,substitution,foul,,,,1628393|201196|201599|201933|202325|202683|203085|203501|203926|204001,201196|202683|203501|203926|204001,1628393|201599|201933|202325|203085,-160.0,199.0,1610612752.0,21700245,True
4,PT05M17.00S,05:17,Q4 05:17,5.283333333333333,607,foul,Freedom P.FOUL (P3.PN) (J.Tiven),['inpenalty'],Freedom,94,74,,False,False,202683.0,,3pt made,freethrow,201933.0,,,1628393|201196|201599|201933|202325|202683|203085|203501|203926|204001,201196|202683|203501|203926|204001,1628393|201599|201933|202325|203085,,,1610612752.0,21700245,True
4,PT05M17.00S,05:17,Q4 05:17,5.283333333333333,609,freethrow,Griffin Free Throw 1 of 2 (20 PTS),[],Griffin,94,75,Made,False,False,201933.0,,foul,freethrow,,,,1628393|201196|201599|201933|202325|202683|203085|203501|203926|204001,1628393|201599|201933|202325|203085,201196|202683|203501|203926|204001,,,1610612746.0,21700245,True
4,PT05M17.00S,05:17,Q4 05:17,5.283333333333333,612,freethrow,Griffin Free Throw 2 of 2 (21 PTS),[],Griffin,94,76,Made,False,False,201933.0,,freethrow,substitution,,,,1628393|201196|201599|201933|202325|202683|203085|203501|203926|204001,1628393|201599|201933|202325|203085,201196|202683|203501|203926|204001,,,1610612746.0,21700245,True
4,PT05M17.00S,05:17,Q4 05:17,5.283333333333333,610,substitution,SUB out: A. Rivers,[],Rivers,94,74,,False,False,203085.0,,freethrow,substitution,,,,1628393|201196|201599|201933|202325|202683|203501|203926|204001,1628393|201599|201933|202325,201196|202683|203501|203926|204001,,,1610612746.0,21700245,False
4,PT05M17.00S,05:17,Q4 05:17,5.283333333333333,611,substitution,SUB in: L. Williams,[],Williams,94,74,,False,False,101150.0,,substitution,2pt missed,,,,101150|1628393|201196|201599|201933|202325|202683|203501|203926|204001,101150|1628393|201599|201933|202325,201196|202683|203501|203926|204001,,,1610612746.0,21700245,True
4,PT05M00.00S,05:00,Q4 05:00,5.0,613,2pt,MISS Porzingis 12' Jump Bank Shot,[],Porzingis,94,76,Missed,True,False,204001.0,,substitution,rebound,,,,101150|1628393|201196|201599|201933|202325|202683|203501|203926|204001,201196|202683|203501|203926|204001,101150|1628393|201599|201933|202325,-92.0,82.0,1610612752.0,21700245,True
4,PT04M56.00S,04:56,Q4 04:56,4.933333333333334,614,rebound,Evans REBOUND (Off:0 Def:1),[],Evans,94,76,,False,False,1628393.0,,2pt missed,2pt missed,,,,101150|1628393|201196|201599|201933|202325|202683|203501|203926|204001,101150|1628393|201599|201933|202325,201196|202683|203501|203926|204001,,,1610612746.0,21700245,True
4,PT04M51.00S,04:51,Q4 04:51,4.85,615,2pt,MISS Griffin 1' Layup,['pointsinthepaint'],Griffin,94,76,Missed,True,False,201933.0,,rebound,rebound,,,,101150|1628393|201196|201599|201933|202325|202683|203501|203926|204001,101150|1628393|201599|201933|202325,201196|202683|203501|203926|204001,10.0,4.0,1610612746.0,21700245,True
4,PT04M49.00S,04:49,Q4 04:49,4.816666666666666,616,rebound,Freedom REBOUND (Off:5 Def:10),[],Freedom,94,76,,False,False,202683.0,,2pt missed,foul,,,,101150|1628393|201196|201599|201933|202325|202683|203501|203926|204001,201196|202683|203501|203926|204001,101150|1628393|201599|201933|202325,,,1610612752.0,21700245,True
4,PT04M46.00S,04:46,Q4 04:46,4.766666666666667,617,foul,Griffin P.FOUL (P6.PN) (T.Brown),['inpenalty'],Griffin,94,76,,False,False,201933.0,,rebound,freethrow,204001.0,,,101150|1628393|201196|201599|201933|202325|202683|203501|203926|204001,101150|1628393|201599|201933|202325,201196|202683|203501|203926|204001,,,1610612746.0,21700245,True
4,PT04M46.00S,04:46,Q4 04:46,4.766666666666667,625,freethrow,Porzingis Free Throw 1 of 2 (24 PTS),[],Porzingis,95,76,Made,False,False,204001.0,,foul,freethrow,,,,101150|1628393|201196|201599|201933|202325|202683|203501|203926|204001,201196|202683|203501|203926|204001,101150|1628393|201599|201933|202325,,,1610612752.0,21700245,True
4,PT04M46.00S,04:46,Q4 04:46,4.766666666666667,626,freethrow,Porzingis Free Throw 2 of 2 (25 PTS),[],Porzingis,96,76,Made,False,False,204001.0,,freethrow,substitution,,,,101150|1628393|201196|201599|201933|202325|202683|203501|203926|204001,201196|202683|203501|203926|204001,101150|1628393|201599|201933|202325,,,1610612752.0,21700245,True
4,PT04M46.00S,04:46,Q4 04:46,4.766666666666667,621,substitution,SUB out: B. Griffin,[],Griffin,94,76,,False,False,201933.0,,substitution,substitution,,,,101150|1628393|201196|201599|202325|202683|203501|203710|203926|204001,101150|1628393|201599|202325|203710,201196|202683|203501|203926|204001,,,1610612746.0,21700245,True
4,PT04M46.00S,04:46,Q4 04:46,4.766666666666667,622,substitution,SUB out: W. Johnson,[],Johnson,94,76,,False,False,202325.0,,substitution,substitution,,,,101150|1628393|201196|201599|202683|203501|203710|203926|204001,101150|1628393|201599|203710,201196|202683|203501|203926|204001,,,1610612746.0,21700245,False
4,PT04M46.00S,04:46,Q4 04:46,4.766666666666667,623,substitution,SUB out: T. Hardaway Jr.,[],Hardaway Jr.,96,76,,False,False,203501.0,,substitution,substitution,,,,101150|1628393|201196|201599|202683|203710|203926|204001,201196|202683|203926|204001,101150|1628393|201599|203710,,,1610612752.0,21700245,False
4,PT04M46.00S,04:46,Q4 04:46,4.766666666666667,624,substitution,SUB in: L. Williams,[],Williams,94,76,,False,False,101150.0,,substitution,substitution,,,,101150|1628393|201196|201599|202683|203710|203926|204001,101150|1628393|201599|203710,201196|202683|203926|204001,,,1610612746.0,21700245,False
4,PT04M46.00S,04:46,Q4 04:46,4.766666666666667,625,substitution,SUB in: S. Dekker,[],Dekker,94,76,,False,False,1626155.0,,substitution,substitution,,,,101150|1626155|1628393|201196|201599|202683|203710|203926|204001,101150|1626155|1628393|201599|203710,201196|202683|203926|204001,,,1610612746.0,21700245,False
4,PT04M46.00S,04:46,Q4 04:46,4.766666666666667,626,substitution,SUB in: D. Dotson,[],Dotson,96,76,,False,False,1628422.0,,substitution,2pt missed,,,,101150|1626155|1628393|1628422|201196|201599|202683|203710|203926|204001,1628422|201196|202683|203926|204001,101150|1626155|1628393|201599|203710,,,1610612752.0,21700245,True
4,PT04M26.00S,04:26,Q4 04:26,4.433333333333334,629,2pt,MISS Evans 15' Floating Jump Shot,[],Evans,96,76,Missed,True,False,1628393.0,,substitution,rebound,,,,101150|1626155|1628393|1628422|201196|201599|202683|203710|203926|204001,101150|1626155|1628393|201599|203710,1628422|201196|202683|203926|204001,-110.0,95.0,1610612746.0,21700245,True
4,PT04M23.00S,04:23,Q4 04:23,4.383333333333334,630,rebound,Jordan REBOUND (Off:6 Def:3),[],Jordan,96,76,,False,False,201599.0,,2pt missed,2pt made,,,,101150|1626155|1628393|1628422|201196|201599|202683|203710|203926|204001,101150|1626155|1628393|201599|203710,1628422|201196|202683|203926|204001,,,1610612746.0,21700245,True
4,PT04M23.00S,04:23,Q4 04:23,4.383333333333334,631,2pt,Jordan 1' Putback Dunk (10 PTS),['pointsinthepaint'],Jordan,96,78,Made,True,False,201599.0,,rebound,2pt missed,,,,101150|1626155|1628393|1628422|201196|201599|202683|203710|203926|204001,101150|1626155|1628393|201599|203710,1628422|201196|202683|203926|204001,0.0,-6.0,1610612746.0,21700245,True
4,PT04M11.00S,04:11,Q4 04:11,4.183333333333334,632,2pt,MISS Porzingis 14' Jump Shot,[],Porzingis,96,78,Missed,True,False,204001.0,,2pt made,rebound,,,,101150|1626155|1628393|1628422|201196|201599|202683|203710|203926|204001,1628422|201196|202683|203926|204001,101150|1626155|1628393|201599|203710,-112.0,87.0,1610612752.0,21700245,True
4,PT04M07.00S,04:07,Q4 04:07,4.116666666666666,633,rebound,Freedom REBOUND (Off:6 Def:10),[],Freedom,96,78,,False,False,202683.0,,2pt missed,foul,,,,101150|1626155|1628393|1628422|201196|201599|202683|203710|203926|204001,1628422|201196|202683|203926|204001,101150|1626155|1628393|201599|203710,,,1610612752.0,21700245,True
4,PT03M58.00S,03:58,Q4 03:58,3.966666666666667,634,foul,Jordan S.FOUL (P3.PN) (M.Kogut),['inpenalty'],Jordan,96,78,,False,False,201599.0,,rebound,freethrow,201196.0,,,101150|1626155|1628393|1628422|201196|201599|202683|203710|203926|204001,101150|1626155|1628393|201599|203710,1628422|201196|202683|203926|204001,,,1610612746.0,21700245,True
4,PT03M58.00S,03:58,Q4 03:58,3.966666666666667,636,freethrow,Sessions Free Throw 1 of 2 (1 PTS),[],Sessions,97,78,Made,False,False,201196.0,,foul,freethrow,,,,101150|1626155|1628393|1628422|201196|201599|202683|203710|203926|204001,1628422|201196|202683|203926|204001,101150|1626155|1628393|201599|203710,,,1610612752.0,21700245,True
4,PT03M58.00S,03:58,Q4 03:58,3.966666666666667,645,freethrow,Sessions Free Throw 2 of 2 (2 PTS),[],Sessions,98,78,Made,False,False,201196.0,,freethrow,substitution,,,,101150|1626155|1628393|1628422|201196|201599|202683|203710|203926|204001,1628422|201196|202683|203926|204001,101150|1626155|1628393|201599|203710,,,1610612752.0,21700245,True
4,PT03M58.00S,03:58,Q4 03:58,3.966666666666667,637,substitution,SUB out: K. Porzingis,[],Porzingis,96,78,,False,False,204001.0,,freethrow,substitution,,,,101150|1626155|1628393|1628422|201196|201599|202683|203710|203926,1628422|201196|202683|203926,101150|1626155|1628393|201599|203710,,,1610612752.0,21700245,False
4,PT03M58.00S,03:58,Q4 03:58,3.966666666666667,638,substitution,SUB out: E. Freedom,[],Freedom,96,78,,False,False,202683.0,,substitution,substitution,,,,101150|1626155|1628393|1628422|201196|201599|203710|203926,1628422|201196|203926,101150|1626155|1628393|201599|203710,,,1610612752.0,21700245,False
4,PT03M58.00S,03:58,Q4 03:58,3.966666666666667,639,substitution,SUB out: D. Jordan,[],Jordan,96,78,,False,False,201599.0,,substitution,substitution,,,,101150|1626155|1628393|1628422|201196|203710|203926,101150|1626155|1628393|203710,1628422|201196|203926,,,1610612746.0,21700245,False
4,PT03M58.00S,03:58,Q4 03:58,3.966666666666667,640,substitution,SUB out: L. Williams,[],Williams,96,78,,False,False,101150.0,,substitution,substitution,,,,1626155|1628393|1628422|201196|203710|203926,1626155|1628393|203710,1628422|201196|203926,,,1610612746.0,21700245,False
4,PT03M58.00S,03:58,Q4 03:58,3.966666666666667,641,substitution,SUB in: W. Hernangomez,[],Hernangomez,96,78,,False,False,1626195.0,,substitution,substitution,,,,1626155|1626195|1628393|1628422|201196|203710|203926,1626195|1628422|201196|203926,1626155|1628393|203710,,,1610612752.0,21700245,False
4,PT03M58.00S,03:58,Q4 03:58,3.966666666666667,642,substitution,SUB in: M. Beasley,[],Beasley,96,78,,False,False,201563.0,,substitution,substitution,,,,1626155|1626195|1628393|1628422|201196|201563|203710|203926,1626195|1628422|201196|201563|203926,1626155|1628393|203710,,,1610612752.0,21700245,False
4,PT03M58.00S,03:58,Q4 03:58,3.966666666666667,643,substitution,SUB in: W. Reed,[],Reed,96,78,,False,False,203186.0,,substitution,substitution,,,,1626155|1626195|1628393|1628422|201196|201563|203186|203710|203926,1626155|1628393|203186|203710,1626195|1628422|201196|201563|203926,,,1610612746.0,21700245,False
4,PT03M58.00S,03:58,Q4 03:58,3.966666666666667,644,substitution,SUB in: S. Thornwell,[],Thornwell,96,78,,False,False,1628414.0,,substitution,foul,,,,1626155|1626195|1628393|1628414|1628422|201196|201563|203186|203710|203926,1626155|1628393|1628414|203186|203710,1626195|1628422|201196|201563|203926,,,1610612746.0,21700245,True
4,PT03M52.00S,03:52,Q4 03:52,3.8666666666666667,646,foul,Beasley P.FOUL (P1.PN) (J.Tiven),['inpenalty'],Beasley,98,78,,False,False,201563.0,,substitution,freethrow,203186.0,,,1626155|1626195|1628393|1628414|1628422|201196|201563|203186|203710|203926,1626195|1628422|201196|201563|203926,1626155|1628393|1628414|203186|203710,,,1610612752.0,21700245,True
4,PT03M52.00S,03:52,Q4 03:52,3.8666666666666667,648,freethrow,Reed Free Throw 1 of 2 (6 PTS),[],Reed,98,79,Made,False,False,203186.0,,foul,freethrow,,,,1626155|1626195|1628393|1628414|1628422|201196|201563|203186|203710|203926,1626155|1628393|1628414|203186|203710,1626195|1628422|201196|201563|203926,,,1610612746.0,21700245,True
4,PT03M52.00S,03:52,Q4 03:52,3.8666666666666667,650,freethrow,Reed Free Throw 2 of 2 (7 PTS),[],Reed,98,80,Made,False,False,203186.0,,freethrow,2pt made,,,,1626155|1626195|1628393|1628414|1628422|201196|201563|203186|203710|203926,1626155|1628393|1628414|203186|203710,1626195|1628422|201196|201563|203926,,,1610612746.0,21700245,True
4,PT03M32.00S,03:32,Q4 03:32,3.533333333333333,651,2pt,Beasley 12' Driving Floating Bank Jump Shot (2 PTS),['pointsinthepaint'],Beasley,100,80,Made,True,False,201563.0,,freethrow,foul,,,,1626155|1626195|1628393|1628414|1628422|201196|201563|203186|203710|203926,1626195|1628422|201196|201563|203926,1626155|1628393|1628414|203186|203710,60.0,106.0,1610612752.0,21700245,True
4,PT03M22.00S,03:22,Q4 03:22,3.3666666666666667,652,foul,Hernangomez P.FOUL (P1.PN) (M.Kogut),['inpenalty'],Hernangomez,100,80,,False,False,1626195.0,,2pt made,freethrow,203186.0,,,1626155|1626195|1628393|1628414|1628422|201196|201563|203186|203710|203926,1626195|1628422|201196|201563|203926,1626155|1628393|1628414|203186|203710,,,1610612752.0,21700245,True
4,PT03M22.00S,03:22,Q4 03:22,3.3666666666666667,654,freethrow,MISS Reed Free Throw 1 of 2,[],Reed,100,80,Missed,False,False,203186.0,,foul,rebound,,,,1626155|1626195|1628393|1628414|1628422|201196|201563|203186|203710|203926,1626155|1628393|1628414|203186|203710,1626195|1628422|201196|201563|203926,,,1610612746.0,21700245,True
4,PT03M22.00S,03:22,Q4 03:22,3.3666666666666667,655,rebound,TEAM offensive REBOUND,['team'],,100,80,,False,False,0.0,,freethrow,freethrow,,,,1626155|1626195|1628393|1628414|1628422|201196|201563|203186|203710|203926,1626155|1628393|1628414|203186|203710,1626195|1628422|201196|201563|203926,,,1610612746.0,21700245,True
4,PT03M22.00S,03:22,Q4 03:22,3.3666666666666667,656,freethrow,Reed Free Throw 2 of 2 (8 PTS),['2ndchance'],Reed,100,81,Made,False,False,203186.0,,rebound,3pt made,,,,1626155|1626195|1628393|1628414|1628422|201196|201563|203186|203710|203926,1626155|1628393|1628414|203186|203710,1626195|1628422|201196|201563|203926,,,1610612746.0,21700245,True
4,PT02M59.00S,02:59,Q4 02:59,2.9833333333333334,657,3pt,Hernangomez 25' 3PT Jump Shot (3 PTS) (Dotson 1 AST),[],Hernangomez,103,81,Made,True,True,1626195.0,1628422.0,freethrow,3pt missed,,,,1626155|1626195|1628393|1628414|1628422|201196|201563|203186|203710|203926,1626195|1628422|201196|201563|203926,1626155|1628393|1628414|203186|203710,-128.0,219.0,1610612752.0,21700245,True
4,PT02M39.00S,02:39,Q4 02:39,2.65,659,3pt,MISS Dekker 27' 3PT Jump Shot,[],Dekker,103,81,Missed,True,False,1626155.0,,3pt made,rebound,,,,1626155|1626195|1628393|1628414|1628422|201196|201563|203186|203710|203926,1626155|1628393|1628414|203186|203710,1626195|1628422|201196|201563|203926,128.0,233.0,1610612746.0,21700245,True
4,PT02M37.00S,02:37,Q4 02:37,2.6166666666666667,660,rebound,McDermott REBOUND (Off:0 Def:5),[],McDermott,103,81,,False,False,203926.0,,3pt missed,2pt made,,,,1626155|1626195|1628393|1628414|1628422|201196|201563|203186|203710|203926,1626195|1628422|201196|201563|203926,1626155|1628393|1628414|203186|203710,,,1610612752.0,21700245,True
4,PT02M22.00S,02:22,Q4 02:22,2.3666666666666667,661,2pt,Beasley 2' Driving Layup (4 PTS) (Sessions 4 AST),['pointsinthepaint'],Beasley,105,81,Made,True,True,201563.0,201196.0,rebound,turnover,,,,1626155|1626195|1628393|1628414|1628422|201196|201563|203186|203710|203926,1626195|1628422|201196|201563|203926,1626155|1628393|1628414|203186|203710,-14.0,11.0,1610612752.0,21700245,True
4,PT02M08.00S,02:08,Q4 02:08,2.1333333333333333,663,turnover,Evans Bad Pass Turnover (P3.T22),[],Evans,105,81,,False,False,1628393.0,,2pt made,steal,,,,1626155|1626195|1628393|1628414|1628422|201196|201563|203186|203710|203926,1626155|1628393|1628414|203186|203710,1626195|1628422|201196|201563|203926,,,1610612746.0,21700245,True
4,PT02M08.00S,02:08,Q4 02:08,2.1333333333333333,663,steal,Sessions STEAL (1 STL),[],Sessions,105,81,,False,False,201196.0,,turnover,turnover,,201196.0,,1626155|1626195|1628393|1628414|1628422|201196|201563|203186|203710|203926,1626195|1628422|201196|201563|203926,1626155|1628393|1628414|203186|203710,,,1610612752.0,21700245,True
4,PT02M03.00S,02:03,Q4 02:03,2.05,665,turnover,Beasley Bad Pass Turnover (P1.T21),[],Beasley,105,81,,False,False,201563.0,,steal,steal,,,,1626155|1626195|1628393|1628414|1628422|201196|201563|203186|203710|203926,1626195|1628422|201196|201563|203926,1626155|1628393|1628414|203186|203710,,,1610612752.0,21700245,True
4,PT02M03.00S,02:03,Q4 02:03,2.05,665,steal,C. Williams STEAL (1 STL),[],Williams,105,81,,False,False,203710.0,,turnover,2pt missed,,203710.0,,1626155|1626195|1628393|1628414|1628422|201196|201563|203186|203710|203926,1626155|1628393|1628414|203186|203710,1626195|1628422|201196|201563|203926,,,1610612746.0,21700245,True
4,PT01M56.00S,01:56,Q4 01:56,1.9333333333333333,667,2pt,MISS C. Williams 22' Jump Shot,[],Williams,105,81,Missed,True,False,203710.0,,steal,rebound,,,,1626155|1626195|1628393|1628414|1628422|201196|201563|203186|203710|203926,1626155|1628393|1628414|203186|203710,1626195|1628422|201196|201563|203926,-133.0,169.0,1610612746.0,21700245,True
4,PT01M55.00S,01:55,Q4 01:55,1.9166666666666665,668,rebound,Beasley REBOUND (Off:0 Def:1),[],Beasley,105,81,,False,False,201563.0,,2pt missed,foul,,,,1626155|1626195|1628393|1628414|1628422|201196|201563|203186|203710|203926,1626195|1628422|201196|201563|203926,1626155|1628393|1628414|203186|203710,,,1610612752.0,21700245,True
4,PT01M39.00S,01:39,Q4 01:39,1.65,670,foul,Evans S.FOUL (P1.PN) (M.Kogut),['inpenalty'],Evans,105,81,,False,False,1628393.0,,rebound,timeout,201196.0,,,1626155|1626195|1628393|1628414|1628422|201196|201563|203186|203710|203926,1626155|1628393|1628414|203186|203710,1626195|1628422|201196|201563|203926,,,1610612746.0,21700245,True
4,PT01M39.00S,01:39,Q4 01:39,1.65,672,timeout,Clippers Timeout: Regular (Reg.4 Short 0),[],,105,81,,False,False,0.0,,foul,freethrow,,,,1626155|1626195|1628393|1628414|1628422|201196|201563|203186|203710|203926,1626155|1628393|1628414|203186|203710,1626195|1628422|201196|201563|203926,,,1610612746.0,21700245,True
4,PT01M39.00S,01:39,Q4 01:39,1.65,677,freethrow,Sessions Free Throw 1 of 2 (3 PTS),[],Sessions,106,81,Made,False,False,201196.0,,timeout,freethrow,,,,1626155|1626195|1628393|1628414|1628422|201196|201563|203186|203710|203926,1626195|1628422|201196|201563|203926,1626155|1628393|1628414|203186|203710,,,1610612752.0,21700245,True
4,PT01M39.00S,01:39,Q4 01:39,1.65,678,freethrow,Sessions Free Throw 2 of 2 (4 PTS),[],Sessions,107,81,Made,False,False,201196.0,,freethrow,substitution,,,,1626155|1626195|1628393|1628414|1628422|201196|201563|203186|203710|203926,1626195|1628422|201196|201563|203926,1626155|1628393|1628414|203186|203710,,,1610612752.0,21700245,True
4,PT01M39.00S,01:39,Q4 01:39,1.65,673,substitution,SUB out: D. McDermott,[],McDermott,105,81,,False,False,203926.0,,freethrow,substitution,,,,1626155|1626195|1628393|1628414|1628422|201196|201563|203186|203710,1626195|1628422|201196|201563,1626155|1628393|1628414|203186|203710,,,1610612752.0,21700245,False
4,PT01M39.00S,01:39,Q4 01:39,1.65,674,substitution,SUB out: S. Dekker,[],Dekker,105,81,,False,False,1626155.0,,substitution,substitution,,,,1626195|1628393|1628414|1628422|201196|201563|203186|203710,1628393|1628414|203186|203710,1626195|1628422|201196|201563,,,1610612746.0,21700245,False
4,PT01M39.00S,01:39,Q4 01:39,1.65,675,substitution,SUB in: K. O'Quinn,[],O'Quinn,105,81,,False,False,203124.0,,substitution,substitution,,,,1626195|1628393|1628414|1628422|201196|201563|203124|203186|203710,1626195|1628422|201196|201563|203124,1628393|1628414|203186|203710,,,1610612752.0,21700245,False
4,PT01M39.00S,01:39,Q4 01:39,1.65,676,substitution,SUB in: J. Wilson,[],Wilson,105,81,,False,False,203966.0,,substitution,2pt missed,,,,1626195|1628393|1628414|1628422|201196|201563|203124|203186|203710|203966,1628393|1628414|203186|203710|203966,1626195|1628422|201196|201563|203124,,,1610612746.0,21700245,True
4,PT01M29.00S,01:29,Q4 01:29,1.4833333333333334,679,2pt,MISS Thornwell 22' Jump Shot,[],Thornwell,107,81,Missed,True,False,1628414.0,,substitution,rebound,,,,1626195|1628393|1628414|1628422|201196|201563|203124|203186|203710|203966,1628393|1628414|203186|203710|203966,1626195|1628422|201196|201563|203124,152.0,162.0,1610612746.0,21700245,True
4,PT01M28.00S,01:28,Q4 01:28,1.4666666666666668,680,rebound,Thornwell REBOUND (Off:1 Def:0),[],Thornwell,107,81,,False,False,1628414.0,,2pt missed,3pt missed,,,,1626195|1628393|1628414|1628422|201196|201563|203124|203186|203710|203966,1628393|1628414|203186|203710|203966,1626195|1628422|201196|201563|203124,,,1610612746.0,21700245,True
4,PT01M24.00S,01:24,Q4 01:24,1.4,681,3pt,MISS C. Williams 25' 3PT Jump Shot,[],Williams,107,81,Missed,True,False,203710.0,,rebound,rebound,,,,1626195|1628393|1628414|1628422|201196|201563|203124|203186|203710|203966,1628393|1628414|203186|203710|203966,1626195|1628422|201196|201563|203124,-155.0,194.0,1610612746.0,21700245,True
4,PT01M23.00S,01:23,Q4 01:23,1.3833333333333333,682,rebound,O'Quinn REBOUND (Off:2 Def:4),[],O'Quinn,107,81,,False,False,203124.0,,3pt missed,turnover,,,,1626195|1628393|1628414|1628422|201196|201563|203124|203186|203710|203966,1626195|1628422|201196|201563|203124,1628393|1628414|203186|203710|203966,,,1610612752.0,21700245,True
4,PT01M02.00S,01:02,Q4 01:02,1.0333333333333334,684,turnover,Beasley Traveling Turnover (P2.T22),[],Beasley,107,81,,False,False,201563.0,,rebound,2pt made,,,,1626195|1628393|1628414|1628422|201196|201563|203124|203186|203710|203966,1626195|1628422|201196|201563|203124,1628393|1628414|203186|203710|203966,,,1610612752.0,21700245,True
4,PT00M52.90S,00:52,Q4 00:52,0.8816666666666666,685,2pt,Evans 1' Driving Layup (4 PTS),['pointsinthepaint'],Evans,107,83,Made,True,False,1628393.0,,turnover,2pt missed,,,,1626195|1628393|1628414|1628422|201196|201563|203124|203186|203710|203966,1628393|1628414|203186|203710|203966,1626195|1628422|201196|201563|203124,-11.0,5.0,1610612746.0,21700245,True
4,PT00M35.60S,00:35,Q4 00:35,0.5933333333333334,686,2pt,MISS Beasley 13' Jump Shot,[],Beasley,107,83,Missed,True,False,201563.0,,2pt made,rebound,,,,1626195|1628393|1628414|1628422|201196|201563|203124|203186|203710|203966,1626195|1628422|201196|201563|203124,1628393|1628414|203186|203710|203966,127.0,13.0,1610612752.0,21700245,True
4,PT00M34.70S,00:34,Q4 00:34,0.5783333333333334,687,rebound,Wilson REBOUND (Off:0 Def:1),[],Wilson,107,83,,False,False,203966.0,,2pt missed,2pt made,,,,1626195|1628393|1628414|1628422|201196|201563|203124|203186|203710|203966,1628393|1628414|203186|203710|203966,1626195|1628422|201196|201563|203124,,,1610612746.0,21700245,True
4,PT00M21.20S,00:21,Q4 00:21,0.35333333333333333,688,2pt,Reed 14' Jump Shot (10 PTS) (C. Williams 1 AST),[],Reed,107,85,Made,True,True,203186.0,203710.0,rebound,period,,,,1626195|1628393|1628414|1628422|201196|201563|203124|203186|203710|203966,1628393|1628414|203186|203710|203966,1626195|1628422|201196|201563|203124,-110.0,83.0,1610612746.0,21700245,True
4,PT00M00.00S,00:00,Q4 00:00,0.0,690,period,End of 4th Period (9:56 PM EST),[],,107,85,,False,False,0.0,,2pt made,,,,,1626195|1628393|1628414|1628422|201196|201563|203124|203186|203710|203966,1626195|1628422|201196|201563|203124,1628393|1628414|203186|203710|203966,,,1610612752.0,21700245,True
