period,clock,clock_display,game_clock,minutes_left_in_game,actionNumber,actionType,description,qualifier,playerName,scoreHome,scoreAway,shotResult,isFieldGoal,assisted,person_id,assister_id,previous_action,next_action,foulDrawnPersonId,stealPersonId,blockPersonId,players_on,off_players_on,def_players_on,xLegacy,yLegacy,teamId,game_id,poc_ok
1,PT12M00.00S,12:00,Q1 12:00,48.0,2,period,Start of 1st Period (7:11 PM EST),[],,0,0,,False,False,0.0,,,turnover,,,,201566|202331|202696|203095|203460|203500|203613|203901|203932|2546,202696|203095|203613|203901|203932,201566|202331|203460|203500|2546,,,1610612753.0,21700304,True
1,PT11M45.00S,11:45,Q1 11:45,47.75,7,turnover,Payton Bad Pass Turnover (P1.T1),[],Payton,0,0,,False,False,203901.0,,period,steal,,,,201566|202331|202696|203095|203460|203500|203613|203901|203932|2546,202696|203095|203613|203901|203932,201566|202331|203460|203500|2546,,,1610612753.0,21700304,True
1,PT11M45.00S,11:45,Q1 11:45,47.75,7,steal,Westbrook STEAL (1 STL),[],Westbrook,0,0,,False,False,201566.0,,turnover,2pt made,,201566.0,,201566|202331|202696|203095|203460|203500|203613|203901|203932|2546,201566|202331|203460|203500|2546,202696|203095|203613|203901|203932,,,1610612760.0,21700304,True
1,PT11M27.00S,11:27,Q1 11:27,47.45,9,2pt,Adams 12' Floating Jump Shot (2 PTS) (George 1 AST),['pointsinthepaint'],Adams,0,2,Made,True,True,203500.0,202331.0,steal,2pt missed,,,,201566|202331|202696|203095|203460|203500|203613|203901|203932|2546,201566|202331|203460|203500|2546,202696|203095|203613|203901|203932,0.0,122.0,1610612760.0,21700304,True
1,PT11M09.00S,11:09,Q1 11:09,47.15,11,2pt,MISS Fournier 4' Driving Layup,['pointsinthepaint'],Fournier,0,2,Missed,True,False,203095.0,,2pt made,rebound,,,,201566|202331|202696|203095|203460|203500|203613|203901|203932|2546,202696|203095|203613|203901|203932,201566|202331|203460|203500|2546,14.0,40.0,1610612753.0,21700304,True
1,PT11M06.00S,11:06,Q1 11:06,47.1,12,rebound,Anthony REBOUND (Off:0 Def:1),[],Anthony,0,2,,False,False,2546.0,,2pt missed,2pt missed,,,,201566|202331|202696|203095|203460|203500|203613|203901|203932|2546,201566|202331|203460|203500|2546,202696|203095|203613|203901|203932,,,1610612760.0,21700304,True
1,PT10M58.00S,10:58,Q1 10:58,46.96666666666667,13,2pt,MISS Adams 12' Floating Jump Shot,['pointsinthepaint'],Adams,0,2,Missed,True,False,203500.0,,rebound,rebound,,,,201566|202331|202696|203095|203460|203500|203613|203901|203932|2546,201566|202331|203460|203500|2546,202696|203095|203613|203901|203932,2.0,118.0,1610612760.0,21700304,True
1,PT10M56.00S,10:56,Q1 10:56,46.93333333333334,14,rebound,Vucevic REBOUND (Off:0 Def:1),[],Vucevic,0,2,,False,False,202696.0,,2pt missed,3pt missed,,,,201566|202331|202696|203095|203460|203500|203613|203901|203932|2546,202696|203095|203613|203901|203932,201566|202331|203460|203500|2546,,,1610612753.0,21700304,True
1,PT10M50.00S,10:50,Q1 10:50,46.833333333333336,15,3pt,MISS Vucevic 27' 3PT Jump Shot,[],Vucevic,0,2,Missed,True,False,202696.0,,rebound,rebound,,,,201566|202331|202696|203095|203460|203500|203613|203901|203932|2546,202696|203095|203613|203901|203932,201566|202331|203460|203500|2546,116.0,242.0,1610612753.0,21700304,True
1,PT10M48.00S,10:48,Q1 10:48,46.8,16,rebound,TEAM defensive REBOUND,['team'],,0,2,,False,False,0.0,,3pt missed,turnover,,,,201566|202331|202696|203095|203460|203500|203613|203901|203932|2546,201566|202331|203460|203500|2546,202696|203095|203613|203901|203932,,,1610612760.0,21700304,True
1,PT10M36.00S,10:36,Q1 10:36,46.6,17,turnover,Westbrook Out of Bounds - Bad Pass Turnover Turnover (P1.T1),[],Westbrook,0,2,,False,False,201566.0,,rebound,3pt missed,,,,201566|202331|202696|203095|203460|203500|203613|203901|203932|2546,201566|202331|203460|203500|2546,202696|203095|203613|203901|203932,,,1610612760.0,21700304,True
1,PT10M13.00S,10:13,Q1 10:13,46.21666666666667,18,3pt,MISS Gordon 26' 3PT Jump Shot,[],Gordon,0,2,Missed,True,False,203932.0,,turnover,rebound,,,,201566|202331|202696|203095|203460|203500|203613|203901|203932|2546,202696|203095|203613|203901|203932,201566|202331|203460|203500|2546,-101.0,239.0,1610612753.0,21700304,True
1,PT10M08.00S,10:08,Q1 10:08,46.13333333333333,19,rebound,Adams REBOUND (Off:0 Def:1),[],Adams,0,2,,False,False,203500.0,,3pt missed,turnover,,,,201566|202331|202696|203095|203460|203500|203613|203901|203932|2546,201566|202331|203460|203500|2546,202696|203095|203613|203901|203932,,,1610612760.0,21700304,True
1,PT10M05.00S,10:05,Q1 10:05,46.083333333333336,20,turnover,George Bad Pass Turnover (P1.T2),[],George,0,2,,False,False,202331.0,,rebound,steal,,,,201566|202331|202696|203095|203460|203500|203613|203901|203932|2546,201566|202331|203460|203500|2546,202696|203095|203613|203901|203932,,,1610612760.0,21700304,True
1,PT10M05.00S,10:05,Q1 10:05,46.083333333333336,20,steal,Gordon STEAL (1 STL),[],Gordon,0,2,,False,False,203932.0,,turnover,2pt missed,,203932.0,,201566|202331|202696|203095|203460|203500|203613|203901|203932|2546,202696|203095|203613|203901|203932,201566|202331|203460|203500|2546,,,1610612753.0,21700304,True
1,PT09M56.00S,09:56,Q1 09:56,45.93333333333334,22,2pt,MISS Gordon 19' Turnaround Jump Shot,[],Gordon,0,2,Missed,True,False,203932.0,,steal,rebound,,,,201566|202331|202696|203095|203460|203500|203613|203901|203932|2546,202696|203095|203613|203901|203932,201566|202331|203460|203500|2546,20.0,190.0,1610612753.0,21700304,True
1,PT09M53.00S,09:53,Q1 09:53,45.88333333333333,23,rebound,Westbrook REBOUND (Off:0 Def:1),[],Westbrook,0,2,,False,False,201566.0,,2pt missed,turnover,,,,201566|202331|202696|203095|203460|203500|203613|203901|203932|2546,201566|202331|203460|203500|2546,202696|203095|203613|203901|203932,,,1610612760.0,21700304,True
1,PT09M48.00S,09:48,Q1 09:48,45.8,24,turnover,Anthony Lost Ball Turnover (P1.T3),[],Anthony,0,2,,False,False,2546.0,,rebound,steal,,,,201566|202331|202696|203095|203460|203500|203613|203901|203932|2546,201566|202331|203460|203500|2546,202696|203095|203613|203901|203932,,,1610612760.0,21700304,True
1,PT09M48.00S,09:48,Q1 09:48,45.8,24,steal,Gordon STEAL (2 STL),[],Gordon,0,2,,False,False,203932.0,,turnover,3pt missed,,203932.0,,201566|202331|202696|203095|203460|203500|203613|203901|203932|2546,202696|203095|203613|203901|203932,201566|202331|203460|203500|2546,,,1610612753.0,21700304,True
1,PT09M43.00S,09:43,Q1 09:43,45.71666666666667,26,3pt,MISS Gordon 27' 3PT Jump Shot,[],Gordon,0,2,Missed,True,False,203932.0,,steal,rebound,,,,201566|202331|202696|203095|203460|203500|203613|203901|203932|2546,202696|203095|203613|203901|203932,201566|202331|203460|203500|2546,117.0,243.0,1610612753.0,21700304,True
1,PT09M37.00S,09:37,Q1 09:37,45.61666666666667,27,rebound,Westbrook REBOUND (Off:0 Def:2),[],Westbrook,0,2,,False,False,201566.0,,3pt missed,foul,,,,201566|202331|202696|203095|203460|203500|203613|203901|203932|2546,201566|202331|203460|203500|2546,202696|203095|203613|203901|203932,,,1610612760.0,21700304,True
1,PT09M34.00S,09:34,Q1 09:34,45.56666666666666,28,foul,Simmons S.FOUL (P1.T1) (G.Petraitis),[],Simmons,0,2,,False,False,203613.0,,rebound,freethrow,202331.0,,,201566|202331|202696|203095|203460|203500|203613|203901|203932|2546,202696|203095|203613|203901|203932,201566|202331|203460|203500|2546,,,1610612753.0,21700304,True
1,PT09M34.00S,09:34,Q1 09:34,45.56666666666666,30,freethrow,George Free Throw 1 of 2 (1 PTS),[],George,0,3,Made,False,False,202331.0,,foul,freethrow,,,,201566|202331|202696|203095|203460|203500|203613|203901|203932|2546,201566|202331|203460|203500|2546,202696|203095|203613|203901|203932,,,1610612760.0,21700304,True
1,PT09M34.00S,09:34,Q1 09:34,45.56666666666666,31,freethrow,George Free Throw 2 of 2 (2 PTS),[],George,0,4,Made,False,False,202331.0,,freethrow,2pt made,,,,201566|202331|202696|203095|203460|203500|203613|203901|203932|2546,201566|202331|203460|203500|2546,202696|203095|203613|203901|203932,,,1610612760.0,21700304,True
1,PT09M21.00S,09:21,Q1 09:21,45.35,32,2pt,Payton 16' Pullup Jump Shot (2 PTS),[],Payton,2,4,Made,True,False,203901.0,,freethrow,turnover,,,,201566|202331|202696|203095|203460|203500|203613|203901|203932|2546,202696|203095|203613|203901|203932,201566|202331|203460|203500|2546,116.0,110.0,1610612753.0,21700304,True
1,PT09M12.00S,09:12,Q1 09:12,45.2,33,turnover,Westbrook Lost Ball Turnover (P2.T4),[],Westbrook,2,4,,False,False,201566.0,,2pt made,steal,,,,201566|202331|202696|203095|203460|203500|203613|203901|203932|2546,201566|202331|203460|203500|2546,202696|203095|203613|203901|203932,,,1610612760.0,21700304,True
1,PT09M12.00S,09:12,Q1 09:12,45.2,33,steal,Payton STEAL (1 STL),[],Payton,2,4,,False,False,203901.0,,turnover,2pt missed,,203901.0,,201566|202331|202696|203095|203460|203500|203613|203901|203932|2546,202696|203095|203613|203901|203932,201566|202331|203460|203500|2546,,,1610612753.0,21700304,True
1,PT09M05.00S,09:05,Q1 09:05,45.083333333333336,35,2pt,MISS Gordon 3' Layup,['pointsinthepaint'],Gordon,2,4,Missed,True,False,203932.0,,steal,rebound,,,,201566|202331|202696|203095|203460|203500|203613|203901|203932|2546,202696|203095|203613|203901|203932,201566|202331|203460|203500|2546,1.0,27.0,1610612753.0,21700304,True
1,PT09M02.00S,09:02,Q1 09:02,45.03333333333333,36,rebound,Roberson REBOUND (Off:0 Def:1),[],Roberson,2,4,,False,False,203460.0,,2pt missed,2pt missed,,,,201566|202331|202696|203095|203460|203500|203613|203901|203932|2546,201566|202331|203460|203500|2546,202696|203095|203613|203901|203932,,,1610612760.0,21700304,True
1,PT08M59.00S,08:59,Q1 08:59,44.983333333333334,37,2pt,MISS Westbrook 10' Running Jump Shot,['pointsinthepaint'],Westbrook,2,4,Missed,True,False,201566.0,,rebound,rebound,,,,201566|202331|202696|203095|203460|203500|203613|203901|203932|2546,201566|202331|203460|203500|2546,202696|203095|203613|203901|203932,-5.0,97.0,1610612760.0,21700304,True
1,PT08M59.00S,08:59,Q1 08:59,44.983333333333334,38,rebound,Gordon REBOUND (Off:0 Def:1),[],Gordon,2,4,,False,False,203932.0,,2pt missed,2pt made,,,,201566|202331|202696|203095|203460|203500|203613|203901|203932|2546,202696|203095|203613|203901|203932,201566|202331|203460|203500|2546,,,1610612753.0,21700304,True
1,PT08M50.00S,08:50,Q1 08:50,44.833333333333336,39,2pt,Vucevic 13' Jump Shot (2 PTS) (Gordon 1 AST),[],Vucevic,4,4,Made,True,True,202696.0,203932.0,rebound,3pt missed,,,,201566|202331|202696|203095|203460|203500|203613|203901|203932|2546,202696|203095|203613|203901|203932,201566|202331|203460|203500|2546,122.0,55.0,1610612753.0,21700304,True
1,PT08M31.00S,08:31,Q1 08:31,44.516666666666666,41,3pt,MISS Anthony 3PT Jump Shot,[],Anthony,4,4,Missed,True,False,2546.0,,2pt made,rebound,,,,201566|202331|202696|203095|203460|203500|203613|203901|203932|2546,201566|202331|203460|203500|2546,202696|203095|203613|203901|203932,230.0,15.0,1610612760.0,21700304,True
1,PT08M31.00S,08:31,Q1 08:31,44.516666666666666,42,rebound,Payton REBOUND (Off:0 Def:1),[],Payton,4,4,,False,False,203901.0,,3pt missed,2pt made,,,,201566|202331|202696|203095|203460|203500|203613|203901|203932|2546,202696|203095|203613|203901|203932,201566|202331|203460|203500|2546,,,1610612753.0,21700304,True
1,PT08M23.00S,08:23,Q1 08:23,44.38333333333333,43,2pt,Payton 4' Layup (4 PTS),['pointsinthepaint'],Payton,6,4,Made,True,False,203901.0,,rebound,turnover,,,,201566|202331|202696|203095|203460|203500|203613|203901|203932|2546,202696|203095|203613|203901|203932,201566|202331|203460|203500|2546,-4.0,36.0,1610612753.0,21700304,True
1,PT08M09.00S,08:09,Q1 08:09,44.15,46,turnover,Westbrook Bad Pass Turnover (P3.T5),[],Westbrook,6,4,,False,False,201566.0,,2pt made,steal,,,,201566|202331|202696|203095|203460|203500|203613|203901|203932|2546,201566|202331|203460|203500|2546,202696|203095|203613|203901|203932,,,1610612760.0,21700304,True
1,PT08M09.00S,08:09,Q1 08:09,44.15,46,steal,Payton STEAL (2 STL),[],Payton,6,4,,False,False,203901.0,,turnover,2pt made,,203901.0,,201566|202331|202696|203095|203460|203500|203613|203901|203932|2546,202696|203095|203613|203901|203932,201566|202331|203460|203500|2546,,,1610612753.0,21700304,True
1,PT08M00.00S,08:00,Q1 08:00,44.0,48,2pt,Gordon 2' Running Alley Oop Dunk Shot (2 PTS) (Vucevic 1 AST),['pointsinthepaint'],Gordon,8,4,Made,True,True,203932.0,202696.0,steal,2pt made,,,,201566|202331|202696|203095|203460|203500|203613|203901|203932|2546,202696|203095|203613|203901|203932,201566|202331|203460|203500|2546,2.0,17.0,1610612753.0,21700304,True
1,PT07M39.00S,07:39,Q1 07:39,43.65,50,2pt,Westbrook 3' Driving Layup (2 PTS),['pointsinthepaint'],Westbrook,8,6,Made,True,False,201566.0,,2pt made,foul,,,,201566|202331|202696|203095|203460|203500|203613|203901|203932|2546,201566|202331|203460|203500|2546,202696|203095|203613|203901|203932,-6.0,27.0,1610612760.0,21700304,True
1,PT07M31.00S,07:31,Q1 07:31,43.516666666666666,51,foul,Adams S.FOUL (P1.T1) (T.Ford),[],Adams,8,6,,False,False,203500.0,,2pt made,freethrow,203932.0,,,201566|202331|202696|203095|203460|203500|203613|203901|203932|2546,201566|202331|203460|203500|2546,202696|203095|203613|203901|203932,,,1610612760.0,21700304,True
1,PT07M31.00S,07:31,Q1 07:31,43.516666666666666,53,freethrow,MISS Gordon Free Throw 1 of 2,[],Gordon,8,6,Missed,False,False,203932.0,,foul,rebound,,,,201566|202331|202696|203095|203460|203500|203613|203901|203932|2546,202696|203095|203613|203901|203932,201566|202331|203460|203500|2546,,,1610612753.0,21700304,True
1,PT07M31.00S,07:31,Q1 07:31,43.516666666666666,54,rebound,TEAM offensive REBOUND,['team'],,8,6,,False,False,0.0,,freethrow,freethrow,,,,201566|202331|202696|203095|203460|203500|203613|203901|203932|2546,202696|203095|203613|203901|203932,201566|202331|203460|203500|2546,,,1610612753.0,21700304,True
1,PT07M31.00S,07:31,Q1 07:31,43.516666666666666,55,freethrow,Gordon Free Throw 2 of 2 (3 PTS),['2ndchance'],Gordon,9,6,Made,False,False,203932.0,,rebound,2pt made,,,,201566|202331|202696|203095|203460|203500|203613|203901|203932|2546,202696|203095|203613|203901|203932,201566|202331|203460|203500|2546,,,1610612753.0,21700304,True
1,PT07M18.00S,07:18,Q1 07:18,43.3,56,2pt,Adams 2' Layup (4 PTS) (George 2 AST),['pointsinthepaint'],Adams,9,8,Made,True,True,203500.0,202331.0,freethrow,2pt made,,,,201566|202331|202696|203095|203460|203500|203613|203901|203932|2546,201566|202331|203460|203500|2546,202696|203095|203613|203901|203932,2.0,21.0,1610612760.0,21700304,True
1,PT07M08.00S,07:08,Q1 07:08,43.13333333333333,58,2pt,Payton 3' Driving Layup (6 PTS),['pointsinthepaint'],Payton,11,8,Made,True,False,203901.0,,2pt made,2pt made,,,,201566|202331|202696|203095|203460|203500|203613|203901|203932|2546,202696|203095|203613|203901|203932,201566|202331|203460|203500|2546,-3.0,25.0,1610612753.0,21700304,True
1,PT06M46.00S,06:46,Q1 06:46,42.766666666666666,59,2pt,Roberson 2' Cutting Layup Shot (2 PTS) (Anthony 1 AST),['pointsinthepaint'],Roberson,11,10,Made,True,True,203460.0,2546.0,2pt made,3pt made,,,,201566|202331|202696|203095|203460|203500|203613|203901|203932|2546,201566|202331|203460|203500|2546,202696|203095|203613|203901|203932,-6.0,21.0,1610612760.0,21700304,True
1,PT06M30.00S,06:30,Q1 06:30,42.5,61,3pt,Gordon 27' 3PT Jump Shot (6 PTS) (Simmons 1 AST),[],Gordon,14,10,Made,True,True,203932.0,203613.0,2pt made,foul,,,,201566|202331|202696|203095|203460|203500|203613|203901|203932|2546,202696|203095|203613|203901|203932,201566|202331|203460|203500|2546,159.0,215.0,1610612753.0,21700304,True
1,PT06M18.00S,06:18,Q1 06:18,42.3,63,foul,Simmons P.FOUL (P2.T2) (S.Wright),[],Simmons,14,10,,False,False,203613.0,,3pt made,timeout,203500.0,,,201566|202331|202696|203095|203460|203500|203613|203901|203932|2546,202696|203095|203613|203901|203932,201566|202331|203460|203500|2546,,,1610612753.0,21700304,True
1,PT06M18.00S,06:18,Q1 06:18,42.3,65,timeout,MAGIC Timeout: Regular (Full 1 Short 0),[],,14,10,,False,False,0.0,,foul,substitution,,,,201566|202331|202696|203095|203460|203500|203613|203901|203932|2546,202696|203095|203613|203901|203932,201566|202331|203460|203500|2546,,,1610612753.0,21700304,True
1,PT06M18.00S,06:18,Q1 06:18,42.3,67,substitution,SUB out: J. Simmons,[],Simmons,14,10,,False,False,203613.0,,timeout,substitution,,,,201566|202331|202696|203095|203460|203500|203901|203932|2546,202696|203095|203901|203932,201566|202331|203460|203500|2546,,,1610612753.0,21700304,False
1,PT06M18.00S,06:18,Q1 06:18,42.3,68,substitution,SUB in: T. Ross,[],Ross,14,10,,False,False,203082.0,,substitution,2pt missed,,,,201566|202331|202696|203082|203095|203460|203500|203901|203932|2546,202696|203082|203095|203901|203932,201566|202331|203460|203500|2546,,,1610612753.0,21700304,True
1,PT06M07.00S,06:07,Q1 06:07,42.11666666666667,69,2pt,MISS Adams 2' Reverse Layup,['pointsinthepaint'],Adams,14,10,Missed,True,False,203500.0,,substitution,rebound,,,,201566|202331|202696|203082|203095|203460|203500|203901|203932|2546,201566|202331|203460|203500|2546,202696|203082|203095|203901|203932,4.0,20.0,1610612760.0,21700304,True
1,PT06M05.00S,06:05,Q1 06:05,42.083333333333336,70,rebound,Adams REBOUND (Off:1 Def:1),[],Adams,14,10,,False,False,203500.0,,2pt missed,2pt missed,,,,201566|202331|202696|203082|203095|203460|203500|203901|203932|2546,201566|202331|203460|203500|2546,202696|203082|203095|203901|203932,,,1610612760.0,21700304,True
1,PT06M05.00S,06:05,Q1 06:05,42.083333333333336,71,2pt,MISS Adams 1' Tip Layup Shot,['pointsinthepaint'],Adams,14,10,Missed,True,False,203500.0,,rebound,rebound,,,,201566|202331|202696|203082|203095|203460|203500|203901|203932|2546,201566|202331|203460|203500|2546,202696|203082|203095|203901|203932,0.0,-6.0,1610612760.0,21700304,True
1,PT06M05.00S,06:05,Q1 06:05,42.083333333333336,72,rebound,TEAM offensive REBOUND,['team'],,14,10,,False,False,0.0,,2pt missed,substitution,,,,201566|202331|202696|203082|203095|203460|203500|203901|203932|2546,201566|202331|203460|203500|2546,202696|203082|203095|203901|203932,,,1610612760.0,21700304,True
1,PT06M05.00S,06:05,Q1 06:05,42.083333333333336,73,substitution,SUB out: P. George,[],George,14,10,,False,False,202331.0,,rebound,substitution,,,,201566|202696|203082|203095|203460|203500|203901|203932|2546,201566|203460|203500|2546,202696|203082|203095|203901|203932,,,1610612760.0,21700304,False
1,PT06M05.00S,06:05,Q1 06:05,42.083333333333336,74,substitution,SUB in: T. Ferguson,[],Ferguson,14,10,,False,False,1628390.0,,substitution,2pt missed,,,,1628390|201566|202696|203082|203095|203460|203500|203901|203932|2546,1628390|201566|203460|203500|2546,202696|203082|203095|203901|203932,,,1610612760.0,21700304,True
1,PT06M01.00S,06:01,Q1 06:01,42.016666666666666,75,2pt,MISS Westbrook 4' Layup,['pointsinthepaint'],Westbrook,14,10,Missed,True,False,201566.0,,substitution,block,,,,1628390|201566|202696|203082|203095|203460|203500|203901|203932|2546,1628390|201566|203460|203500|2546,202696|203082|203095|203901|203932,-5.0,44.0,1610612760.0,21700304,True
1,PT06M01.00S,06:01,Q1 06:01,42.016666666666666,75,block,Fournier BLOCK (1 BLK),[],Fournier,14,10,,False,False,203095.0,,2pt missed,rebound,,,203095.0,1628390|201566|202696|203082|203095|203460|203500|203901|203932|2546,202696|203082|203095|203901|203932,1628390|201566|203460|203500|2546,,,1610612753.0,21700304,True
1,PT05M55.00S,05:55,Q1 05:55,41.916666666666664,76,rebound,Ross REBOUND (Off:0 Def:1),[],Ross,14,10,,False,False,203082.0,,block,2pt made,,,,1628390|201566|202696|203082|203095|203460|203500|203901|203932|2546,202696|203082|203095|203901|203932,1628390|201566|203460|203500|2546,,,1610612753.0,21700304,True
1,PT05M52.00S,05:52,Q1 05:52,41.86666666666667,77,2pt,Vucevic 9' Hook Shot (4 PTS) (Ross 1 AST),['pointsinthepaint'],Vucevic,16,10,Made,True,True,202696.0,203082.0,rebound,3pt missed,,,,1628390|201566|202696|203082|203095|203460|203500|203901|203932|2546,202696|203082|203095|203901|203932,1628390|201566|203460|203500|2546,2.0,88.0,1610612753.0,21700304,True
1,PT05M38.00S,05:38,Q1 05:38,41.63333333333333,79,3pt,MISS Ferguson 26' 3PT Jump Shot,[],Ferguson,16,10,Missed,True,False,1628390.0,,2pt made,rebound,,,,1628390|201566|202696|203082|203095|203460|203500|203901|203932|2546,1628390|201566|203460|203500|2546,202696|203082|203095|203901|203932,-143.0,223.0,1610612760.0,21700304,True
1,PT05M35.00S,05:35,Q1 05:35,41.583333333333336,80,rebound,Gordon REBOUND (Off:0 Def:2),[],Gordon,16,10,,False,False,203932.0,,3pt missed,2pt made,,,,1628390|201566|202696|203082|203095|203460|203500|203901|203932|2546,202696|203082|203095|203901|203932,1628390|201566|203460|203500|2546,,,1610612753.0,21700304,True
1,PT05M17.00S,05:17,Q1 05:17,41.28333333333333,81,2pt,Gordon 8' Turnaround Jump Shot (8 PTS) (Fournier 1 AST),['pointsinthepaint'],Gordon,18,10,Made,True,True,203932.0,203095.0,rebound,2pt missed,,,,1628390|201566|202696|203082|203095|203460|203500|203901|203932|2546,202696|203082|203095|203901|203932,1628390|201566|203460|203500|2546,-5.0,78.0,1610612753.0,21700304,True
1,PT04M55.00S,04:55,Q1 04:55,40.916666666666664,83,2pt,MISS Anthony 16' Turnaround Jump Shot,[],Anthony,18,10,Missed,True,False,2546.0,,2pt made,block,,,,1628390|201566|202696|203082|203095|203460|203500|203901|203932|2546,1628390|201566|203460|203500|2546,202696|203082|203095|203901|203932,144.0,62.0,1610612760.0,21700304,True
1,PT04M55.00S,04:55,Q1 04:55,40.916666666666664,83,block,Payton BLOCK (1 BLK),[],Payton,18,10,,False,False,203901.0,,2pt missed,rebound,,,203901.0,1628390|201566|202696|203082|203095|203460|203500|203901|203932|2546,202696|203082|203095|203901|203932,1628390|201566|203460|203500|2546,,,1610612753.0,21700304,True
1,PT04M55.00S,04:55,Q1 04:55,40.916666666666664,85,rebound,TEAM offensive REBOUND,['team'],,18,10,,False,False,0.0,,block,2pt missed,,,,1628390|201566|202696|203082|203095|203460|203500|203901|203932|2546,1628390|201566|203460|203500|2546,202696|203082|203095|203901|203932,,,1610612760.0,21700304,True
1,PT04M52.00S,04:52,Q1 04:52,40.86666666666667,86,2pt,MISS Anthony 11' Floating Jump Shot,['2ndchance'],Anthony,18,10,Missed,True,False,2546.0,,rebound,rebound,,,,1628390|201566|202696|203082|203095|203460|203500|203901|203932|2546,1628390|201566|203460|203500|2546,202696|203082|203095|203901|203932,105.0,25.0,1610612760.0,21700304,True
1,PT04M50.00S,04:50,Q1 04:50,40.833333333333336,87,rebound,Gordon REBOUND (Off:0 Def:3),[],Gordon,18,10,,False,False,203932.0,,2pt missed,2pt made,,,,1628390|201566|202696|203082|203095|203460|203500|203901|203932|2546,202696|203082|203095|203901|203932,1628390|201566|203460|203500|2546,,,1610612753.0,21700304,True
1,PT04M45.00S,04:45,Q1 04:45,40.75,88,2pt,Vucevic 2' Layup (6 PTS) (Payton 1 AST),['pointsinthepaint'],Vucevic,20,10,Made,True,True,202696.0,203901.0,rebound,timeout,,,,1628390|201566|202696|203082|203095|203460|203500|203901|203932|2546,202696|203082|203095|203901|203932,1628390|201566|203460|203500|2546,1.0,16.0,1610612753.0,21700304,True
1,PT04M45.00S,04:45,Q1 04:45,40.75,90,timeout,Thunder Timeout: Regular (Reg.1 Short 0),[],,20,10,,False,False,0.0,,2pt made,3pt made,,,,1628390|201566|202696|203082|203095|203460|203500|203901|203932|2546,1628390|201566|203460|203500|2546,202696|203082|203095|203901|203932,,,1610612760.0,21700304,True
1,PT04M33.00S,04:33,Q1 04:33,40.55,92,3pt,Anthony 24' 3PT Jump Shot (3 PTS) (Roberson 1 AST),[],Anthony,20,13,Made,True,True,2546.0,203460.0,timeout,turnover,,,,1628390|201566|202696|203082|203095|203460|203500|203901|203932|2546,1628390|201566|203460|203500|2546,202696|203082|203095|203901|203932,-234.0,22.0,1610612760.0,21700304,True
1,PT04M19.00S,04:19,Q1 04:19,40.31666666666666,94,turnover,Gordon Lost Ball Turnover (P1.T2),[],Gordon,20,13,,False,False,203932.0,,3pt made,steal,,,,1628390|201566|202696|203082|203095|203460|203500|203901|203932|2546,202696|203082|203095|203901|203932,1628390|201566|203460|203500|2546,,,1610612753.0,21700304,True
1,PT04M19.00S,04:19,Q1 04:19,40.31666666666666,94,steal,Westbrook STEAL (2 STL),[],Westbrook,20,13,,False,False,201566.0,,turnover,2pt missed,,201566.0,,1628390|201566|202696|203082|203095|203460|203500|203901|203932|2546,1628390|201566|203460|203500|2546,202696|203082|203095|203901|203932,,,1610612760.0,21700304,True
1,PT04M14.00S,04:14,Q1 04:14,40.233333333333334,96,2pt,MISS Ferguson 4' Running Layup,['pointsinthepaint'],Ferguson,20,13,Missed,True,False,1628390.0,,steal,rebound,,,,1628390|201566|202696|203082|203095|203460|203500|203901|203932|2546,1628390|201566|203460|203500|2546,202696|203082|203095|203901|203932,0.0,41.0,1610612760.0,21700304,True
1,PT04M09.00S,04:09,Q1 04:09,40.15,97,rebound,Westbrook REBOUND (Off:1 Def:2),[],Westbrook,20,13,,False,False,201566.0,,2pt missed,2pt missed,,,,1628390|201566|202696|203082|203095|203460|203500|203901|203932|2546,1628390|201566|203460|203500|2546,202696|203082|203095|203901|203932,,,1610612760.0,21700304,True
1,PT04M09.00S,04:09,Q1 04:09,40.15,98,2pt,MISS Westbrook 1' Tip Layup Shot,['pointsinthepaint'],Westbrook,20,13,Missed,True,False,201566.0,,rebound,rebound,,,,1628390|201566|202696|203082|203095|203460|203500|203901|203932|2546,1628390|201566|203460|203500|2546,202696|203082|203095|203901|203932,0.0,-6.0,1610612760.0,21700304,True
1,PT04M07.00S,04:07,Q1 04:07,40.11666666666667,99,rebound,Roberson REBOUND (Off:1 Def:1),[],Roberson,20,13,,False,False,203460.0,,2pt missed,2pt made,,,,1628390|201566|202696|203082|203095|203460|203500|203901|203932|2546,1628390|201566|203460|203500|2546,202696|203082|203095|203901|203932,,,1610612760.0,21700304,True
1,PT04M07.00S,04:07,Q1 04:07,40.11666666666667,100,2pt,Roberson 1' Putback Layup (4 PTS),['pointsinthepaint'],Roberson,20,15,Made,True,False,203460.0,,rebound,2pt made,,,,1628390|201566|202696|203082|203095|203460|203500|203901|203932|2546,1628390|201566|203460|203500|2546,202696|203082|203095|203901|203932,0.0,-6.0,1610612760.0,21700304,True
1,PT04M07.00S,04:07,Q1 04:07,40.11666666666667,101,2pt,Payton 4' Running Jump Shot (8 PTS),['pointsinthepaint'],Payton,22,15,Made,True,False,203901.0,,2pt made,foul,,,,1628390|201566|202696|203082|203095|203460|203500|203901|203932|2546,202696|203082|203095|203901|203932,1628390|201566|203460|203500|2546,0.0,40.0,1610612753.0,21700304,True
1,PT04M07.00S,04:07,Q1 04:07,40.11666666666667,102,foul,Adams S.FOUL (P2.T2) (S.Wright),[],Adams,22,15,,False,False,203500.0,,2pt made,freethrow,203901.0,,,1628390|201566|202696|203082|203095|203460|203500|203901|203932|2546,1628390|201566|203460|203500|2546,202696|203082|203095|203901|203932,,,1610612760.0,21700304,True
1,PT04M07.00S,04:07,Q1 04:07,40.11666666666667,104,freethrow,Payton Free Throw 1 of 1 (9 PTS),[],Payton,23,15,Made,False,False,203901.0,,foul,turnover,,,,1628390|201566|202696|203082|203095|203460|203500|203901|203932|2546,202696|203082|203095|203901|203932,1628390|201566|203460|203500|2546,,,1610612753.0,21700304,True
1,PT03M56.00S,03:56,Q1 03:56,39.93333333333334,105,turnover,Roberson Out of Bounds Lost Ball Turnover (P1.T6),[],Roberson,23,15,,False,False,203460.0,,freethrow,3pt made,,,,1628390|201566|202696|203082|203095|203460|203500|203901|203932|2546,1628390|201566|203460|203500|2546,202696|203082|203095|203901|203932,,,1610612760.0,21700304,True
1,PT03M39.00S,03:39,Q1 03:39,39.65,106,3pt,Ross 3PT Jump Shot (3 PTS) (Gordon 2 AST),[],Ross,26,15,Made,True,True,203082.0,203932.0,turnover,3pt made,,,,1628390|201566|202696|203082|203095|203460|203500|203901|203932|2546,202696|203082|203095|203901|203932,1628390|201566|203460|203500|2546,228.0,-16.0,1610612753.0,21700304,True
1,PT03M17.00S,03:17,Q1 03:17,39.28333333333333,108,3pt,Anthony 3PT Jump Shot (6 PTS) (Westbrook 1 AST),[],Anthony,26,18,Made,True,True,2546.0,201566.0,3pt made,3pt missed,,,,1628390|201566|202696|203082|203095|203460|203500|203901|203932|2546,1628390|201566|203460|203500|2546,202696|203082|203095|203901|203932,233.0,25.0,1610612760.0,21700304,True
1,PT03M07.00S,03:07,Q1 03:07,39.11666666666667,110,3pt,MISS Vucevic 26' 3PT Jump Shot,[],Vucevic,26,18,Missed,True,False,202696.0,,3pt made,rebound,,,,1628390|201566|202696|203082|203095|203460|203500|203901|203932|2546,202696|203082|203095|203901|203932,1628390|201566|203460|203500|2546,14.0,262.0,1610612753.0,21700304,True
1,PT03M04.00S,03:04,Q1 03:04,39.06666666666667,111,rebound,Anthony REBOUND (Off:0 Def:2),[],Anthony,26,18,,False,False,2546.0,,3pt missed,2pt missed,,,,1628390|201566|202696|203082|203095|203460|203500|203901|203932|2546,1628390|201566|203460|203500|2546,202696|203082|203095|203901|203932,,,1610612760.0,21700304,True
1,PT02M56.00S,02:56,Q1 02:56,38.93333333333334,112,2pt,MISS Anthony 20' Pullup Jump Shot,[],Anthony,26,18,Missed,True,False,2546.0,,rebound,rebound,,,,1628390|201566|202696|203082|203095|203460|203500|203901|203932|2546,1628390|201566|203460|203500|2546,202696|203082|203095|203901|203932,124.0,157.0,1610612760.0,21700304,True
1,PT02M56.00S,02:56,Q1 02:56,38.93333333333334,113,rebound,Adams REBOUND (Off:2 Def:1),[],Adams,26,18,,False,False,203500.0,,2pt missed,turnover,,,,1628390|201566|202696|203082|203095|203460|203500|203901|203932|2546,1628390|201566|203460|203500|2546,202696|203082|203095|203901|203932,,,1610612760.0,21700304,True
1,PT02M46.00S,02:46,Q1 02:46,38.766666666666666,114,turnover,Westbrook Bad Pass Turnover (P4.T7),[],Westbrook,26,18,,False,False,201566.0,,rebound,steal,,,,1628390|201566|202696|203082|203095|203460|203500|203901|203932|2546,1628390|201566|203460|203500|2546,202696|203082|203095|203901|203932,,,1610612760.0,21700304,True
1,PT02M46.00S,02:46,Q1 02:46,38.766666666666666,114,steal,Gordon STEAL (3 STL),[],Gordon,26,18,,False,False,203932.0,,turnover,foul,,203932.0,,1628390|201566|202696|203082|203095|203460|203500|203901|203932|2546,202696|203082|203095|203901|203932,1628390|201566|203460|203500|2546,,,1610612753.0,21700304,True
1,PT02M45.00S,02:45,Q1 02:45,38.75,116,foul,Westbrook S.FOUL (P1.T3) (T.Ford),[],Westbrook,26,18,,False,False,201566.0,,steal,freethrow,203932.0,,,1628390|201566|202696|203082|203095|203460|203500|203901|203932|2546,1628390|201566|203460|203500|2546,202696|203082|203095|203901|203932,,,1610612760.0,21700304,True
1,PT02M45.00S,02:45,Q1 02:45,38.75,118,freethrow,MISS Gordon Free Throw 1 of 2,[],Gordon,26,18,Missed,False,False,203932.0,,foul,rebound,,,,1628390|201566|202696|203082|203095|203460|203500|203901|203932|2546,202696|203082|203095|203901|203932,1628390|201566|203460|203500|2546,,,1610612753.0,21700304,True
1,PT02M45.00S,02:45,Q1 02:45,38.75,119,rebound,TEAM offensive REBOUND,['team'],,26,18,,False,False,0.0,,freethrow,freethrow,,,,1628390|201566|202696|203082|203095|203460|203500|203901|203932|2546,202696|203082|203095|203901|203932,1628390|201566|203460|203500|2546,,,1610612753.0,21700304,True
1,PT02M45.00S,02:45,Q1 02:45,38.75,132,freethrow,MISS Gordon Free Throw 2 of 2,[],Gordon,26,18,Missed,False,False,203932.0,,rebound,substitution,,,,1628390|201566|202696|203082|203095|203460|203500|203901|203932|2546,202696|203082|203095|203901|203932,1628390|201566|203460|203500|2546,,,1610612753.0,21700304,True
1,PT02M45.00S,02:45,Q1 02:45,38.75,204,substitution,SUB out: N. Vucevic,[],Vucevic,26,18,,False,False,202696.0,,freethrow,substitution,,,,1628390|201566|203082|203095|203460|203500|203901|203932|2546,203082|203095|203901|203932,1628390|201566|203460|203500|2546,,,1610612753.0,21700304,False
1,PT02M45.00S,02:45,Q1 02:45,38.75,205,substitution,SUB out: R. Westbrook,[],Westbrook,26,18,,False,False,201566.0,,substitution,substitution,,,,1628390|203082|203095|203460|203500|203901|203932|2546,1628390|203460|203500|2546,203082|203095|203901|203932,,,1610612760.0,21700304,False
1,PT02M45.00S,02:45,Q1 02:45,38.75,206,substitution,SUB out: C. Anthony,[],Anthony,26,18,,False,False,2546.0,,substitution,substitution,,,,1628390|203082|203095|203460|203500|203901|203932,1628390|203460|203500,203082|203095|203901|203932,,,1610612760.0,21700304,False
1,PT02M45.00S,02:45,Q1 02:45,38.75,207,substitution,SUB out: S. Adams,[],Adams,26,18,,False,False,203500.0,,substitution,substitution,,,,1628390|203082|203095|203460|203901|203932,1628390|203460,203082|203095|203901|203932,,,1610612760.0,21700304,False
1,PT02M45.00S,02:45,Q1 02:45,38.75,208,substitution,SUB out: A. Roberson,[],Roberson,26,18,,False,False,203460.0,,substitution,substitution,,,,1628390|203082|203095|203901|203932,1628390,203082|203095|203901|203932,,,1610612760.0,21700304,False
1,PT02M45.00S,02:45,Q1 02:45,38.75,209,substitution,SUB in: B. Biyombo,[],Biyombo,26,18,,False,False,202687.0,,substitution,substitution,,,,1628390|202687|203082|203095|203901|203932,202687|203082|203095|203901|203932,1628390,,,1610612753.0,21700304,False
1,PT02M45.00S,02:45,Q1 02:45,38.75,210,substitution,SUB in: R. Felton,[],Felton,26,18,,False,False,101109.0,,substitution,substitution,,,,101109|1628390|202687|203082|203095|203901|203932,101109|1628390,202687|203082|203095|203901|203932,,,1610612760.0,21700304,False
1,PT02M45.00S,02:45,Q1 02:45,38.75,211,substitution,SUB in: J. Grant,[],Grant,26,18,,False,False,203924.0,,substitution,substitution,,,,101109|1628390|202687|203082|203095|203901|203924|203932,101109|1628390|203924,202687|203082|203095|203901|203932,,,1610612760.0,21700304,False
1,PT02M45.00S,02:45,Q1 02:45,38.75,212,substitution,SUB in: P. George,[],George,26,18,,False,False,202331.0,,substitution,substitution,,,,101109|1628390|202331|202687|203082|203095|203901|203924|203932,101109|1628390|202331|203924,202687|203082|203095|203901|203932,,,1610612760.0,21700304,False
1,PT02M45.00S,02:45,Q1 02:45,38.75,213,substitution,SUB in: D. Johnson,[],Johnson,26,18,,False,False,1626177.0,,substitution,rebound,,,,101109|1626177|1628390|202331|202687|203082|203095|203901|203924|203932,101109|1626177|1628390|202331|203924,202687|203082|203095|203901|203932,,,1610612760.0,21700304,True
1,PT02M29.00S,02:29,Q1 02:29,38.483333333333334,133,rebound,George REBOUND (Off:0 Def:1),[],George,26,18,,False,False,202331.0,,substitution,2pt missed,,,,101109|1626177|1628390|202331|202687|203082|203095|203901|203924|203932,101109|1626177|1628390|202331|203924,202687|203082|203095|203901|203932,,,1610612760.0,21700304,True
1,PT02M22.00S,02:22,Q1 02:22,38.36666666666667,134,2pt,MISS Felton 17' Running Jump Shot,[],Felton,26,18,Missed,True,False,101109.0,,rebound,block,,,,101109|1626177|1628390|202331|202687|203082|203095|203901|203924|203932,101109|1626177|1628390|202331|203924,202687|203082|203095|203901|203932,118.0,121.0,1610612760.0,21700304,True
1,PT02M22.00S,02:22,Q1 02:22,38.36666666666667,134,block,Ross BLOCK (1 BLK),[],Ross,26,18,,False,False,203082.0,,2pt missed,rebound,,,203082.0,101109|1626177|1628390|202331|202687|203082|203095|203901|203924|203932,202687|203082|203095|203901|203932,101109|1626177|1628390|202331|203924,,,1610612753.0,21700304,True
1,PT02M17.00S,02:17,Q1 02:17,38.28333333333333,136,rebound,Gordon REBOUND (Off:0 Def:4),[],Gordon,26,18,,False,False,203932.0,,block,2pt missed,,,,101109|1626177|1628390|202331|202687|203082|203095|203901|203924|203932,202687|203082|203095|203901|203932,101109|1626177|1628390|202331|203924,,,1610612753.0,21700304,True
1,PT02M15.00S,02:15,Q1 02:15,38.25,137,2pt,MISS Fournier 2' Running Layup,['pointsinthepaint'],Fournier,26,18,Missed,True,False,203095.0,,rebound,block,,,,101109|1626177|1628390|202331|202687|203082|203095|203901|203924|203932,202687|203082|203095|203901|203932,101109|1626177|1628390|202331|203924,1.0,19.0,1610612753.0,21700304,True
1,PT02M15.00S,02:15,Q1 02:15,38.25,137,block,Grant BLOCK (1 BLK),[],Grant,26,18,,False,False,203924.0,,2pt missed,rebound,,,203924.0,101109|1626177|1628390|202331|202687|203082|203095|203901|203924|203932,101109|1626177|1628390|202331|203924,202687|203082|203095|203901|203932,,,1610612760.0,21700304,True
1,PT02M15.00S,02:15,Q1 02:15,38.25,140,rebound,Felton REBOUND (Off:0 Def:1),[],Felton,26,18,,False,False,101109.0,,block,3pt made,,,,101109|1626177|1628390|202331|202687|203082|203095|203901|203924|203932,101109|1626177|1628390|202331|203924,202687|203082|203095|203901|203932,,,1610612760.0,21700304,True
1,PT02M07.00S,02:07,Q1 02:07,38.11666666666667,141,3pt,George 3PT Jump Shot (5 PTS) (Grant 1 AST),[],George,26,21,Made,True,True,202331.0,203924.0,rebound,2pt missed,,,,101109|1626177|1628390|202331|202687|203082|203095|203901|203924|203932,101109|1626177|1628390|202331|203924,202687|203082|203095|203901|203932,-232.0,31.0,1610612760.0,21700304,True
1,PT01M51.00S,01:51,Q1 01:51,37.85,144,2pt,MISS Payton 19' Running Jump Shot,[],Payton,26,21,Missed,True,False,203901.0,,3pt made,rebound,,,,101109|1626177|1628390|202331|202687|203082|203095|203901|203924|203932,202687|203082|203095|203901|203932,101109|1626177|1628390|202331|203924,98.0,167.0,1610612753.0,21700304,True
1,PT01M47.00S,01:47,Q1 01:47,37.78333333333333,145,rebound,Grant REBOUND (Off:0 Def:1),[],Grant,26,21,,False,False,203924.0,,2pt missed,2pt made,,,,101109|1626177|1628390|202331|202687|203082|203095|203901|203924|203932,101109|1626177|1628390|202331|203924,202687|203082|203095|203901|203932,,,1610612760.0,21700304,True
1,PT01M40.00S,01:40,Q1 01:40,37.666666666666664,146,2pt,George 7' Jump Shot (7 PTS),['pointsinthepaint'],George,26,23,Made,True,False,202331.0,,rebound,3pt missed,,,,101109|1626177|1628390|202331|202687|203082|203095|203901|203924|203932,101109|1626177|1628390|202331|203924,202687|203082|203095|203901|203932,-1.0,68.0,1610612760.0,21700304,True
1,PT01M30.00S,01:30,Q1 01:30,37.5,148,3pt,MISS Fournier 27' 3PT Jump Shot,[],Fournier,26,23,Missed,True,False,203095.0,,2pt made,rebound,,,,101109|1626177|1628390|202331|202687|203082|203095|203901|203924|203932,202687|203082|203095|203901|203932,101109|1626177|1628390|202331|203924,-125.0,237.0,1610612753.0,21700304,True
1,PT01M30.00S,01:30,Q1 01:30,37.5,149,rebound,TEAM offensive REBOUND,['team'],,26,23,,False,False,0.0,,3pt missed,foul,,,,101109|1626177|1628390|202331|202687|203082|203095|203901|203924|203932,202687|203082|203095|203901|203932,101109|1626177|1628390|202331|203924,,,1610612753.0,21700304,True
1,PT01M30.00S,01:30,Q1 01:30,37.5,150,foul,Johnson P.FOUL (P1.T4) (S.Wright),[],Johnson,26,23,,False,False,1626177.0,,rebound,substitution,203932.0,,,101109|1626177|1628390|202331|202687|203082|203095|203901|203924|203932,101109|1626177|1628390|202331|203924,202687|203082|203095|203901|203932,,,1610612760.0,21700304,True
1,PT01M30.00S,01:30,Q1 01:30,37.5,386,substitution,SUB out: E. Payton,[],Payton,26,23,,False,False,203901.0,,foul,substitution,,,,101109|1626177|1628390|202331|202687|203082|203095|203924|203932,202687|203082|203095|203932,101109|1626177|1628390|202331|203924,,,1610612753.0,21700304,False
1,PT01M30.00S,01:30,Q1 01:30,37.5,387,substitution,SUB out: E. Fournier,[],Fournier,26,23,,False,False,203095.0,,substitution,substitution,,,,101109|1626177|1628390|202331|202687|203082|203924|203932,202687|203082|203932,101109|1626177|1628390|202331|203924,,,1610612753.0,21700304,False
1,PT01M30.00S,01:30,Q1 01:30,37.5,388,substitution,SUB in: D. Augustin,[],Augustin,26,23,,False,False,201571.0,,substitution,substitution,,,,101109|1626177|1628390|201571|202331|202687|203082|203924|203932,201571|202687|203082|203932,101109|1626177|1628390|202331|203924,,,1610612753.0,21700304,False
1,PT01M30.00S,01:30,Q1 01:30,37.5,389,substitution,SUB in: A. Afflalo,[],Afflalo,26,23,,False,False,201167.0,,substitution,2pt made,,,,101109|1626177|1628390|201167|201571|202331|202687|203082|203924|203932,201167|201571|202687|203082|203932,101109|1626177|1628390|202331|203924,,,1610612753.0,21700304,True
1,PT01M17.00S,01:17,Q1 01:17,37.28333333333333,154,2pt,Gordon 3' Driving Layup (10 PTS),['pointsinthepaint'],Gordon,28,23,Made,True,False,203932.0,,substitution,foul,,,,101109|1626177|1628390|201167|201571|202331|202687|203082|203924|203932,201167|201571|202687|203082|203932,101109|1626177|1628390|202331|203924,-3.0,30.0,1610612753.0,21700304,True
1,PT01M17.00S,01:17,Q1 01:17,37.28333333333333,155,foul,Johnson S.FOUL (P2.PN) (G.Petraitis),['inpenalty'],Johnson,28,23,,False,False,1626177.0,,2pt made,freethrow,203932.0,,,101109|1626177|1628390|201167|201571|202331|202687|203082|203924|203932,101109|1626177|1628390|202331|203924,201167|201571|202687|203082|203932,,,1610612760.0,21700304,True
1,PT01M17.00S,01:17,Q1 01:17,37.28333333333333,157,freethrow,Gordon Free Throw 1 of 1 (11 PTS),[],Gordon,29,23,Made,False,False,203932.0,,foul,2pt missed,,,,101109|1626177|1628390|201167|201571|202331|202687|203082|203924|203932,201167|201571|202687|203082|203932,101109|1626177|1628390|202331|203924,,,1610612753.0,21700304,True
1,PT01M09.00S,01:09,Q1 01:09,37.15,158,2pt,MISS Johnson 4' Cutting Layup Shot,['pointsinthepaint'],Johnson,29,23,Missed,True,False,1626177.0,,freethrow,block,,,,101109|1626177|1628390|201167|201571|202331|202687|203082|203924|203932,101109|1626177|1628390|202331|203924,201167|201571|202687|203082|203932,6.0,42.0,1610612760.0,21700304,True
1,PT01M09.00S,01:09,Q1 01:09,37.15,158,block,Biyombo BLOCK (1 BLK),[],Biyombo,29,23,,False,False,202687.0,,2pt missed,rebound,,,202687.0,101109|1626177|1628390|201167|201571|202331|202687|203082|203924|203932,201167|201571|202687|203082|203932,101109|1626177|1628390|202331|203924,,,1610612753.0,21700304,True
1,PT01M04.00S,01:04,Q1 01:04,37.06666666666667,160,rebound,Afflalo REBOUND (Off:0 Def:1),[],Afflalo,29,23,,False,False,201167.0,,block,2pt made,,,,101109|1626177|1628390|201167|201571|202331|202687|203082|203924|203932,201167|201571|202687|203082|203932,101109|1626177|1628390|202331|203924,,,1610612753.0,21700304,True
1,PT00M45.40S,00:45,Q1 00:45,36.75666666666667,161,2pt,Augustin 21' Jump Shot (2 PTS),[],Augustin,31,23,Made,True,False,201571.0,,rebound,2pt missed,,,,101109|1626177|1628390|201167|201571|202331|202687|203082|203924|203932,201167|201571|202687|203082|203932,101109|1626177|1628390|202331|203924,5.0,206.0,1610612753.0,21700304,True
1,PT00M40.90S,00:40,Q1 00:40,36.681666666666665,162,2pt,MISS Felton 2' Driving Layup,['pointsinthepaint'],Felton,31,23,Missed,True,False,101109.0,,2pt made,rebound,,,,101109|1626177|1628390|201167|201571|202331|202687|203082|203924|203932,101109|1626177|1628390|202331|203924,201167|201571|202687|203082|203932,2.0,23.0,1610612760.0,21700304,True
1,PT00M39.30S,00:39,Q1 00:39,36.655,163,rebound,Johnson REBOUND (Off:1 Def:0),[],Johnson,31,23,,False,False,1626177.0,,2pt missed,2pt made,,,,101109|1626177|1628390|201167|201571|202331|202687|203082|203924|203932,101109|1626177|1628390|202331|203924,201167|201571|202687|203082|203932,,,1610612760.0,21700304,True
1,PT00M39.30S,00:39,Q1 00:39,36.655,164,2pt,Johnson 1' Putback Dunk (2 PTS),['pointsinthepaint'],Johnson,31,25,Made,True,False,1626177.0,,rebound,2pt missed,,,,101109|1626177|1628390|201167|201571|202331|202687|203082|203924|203932,101109|1626177|1628390|202331|203924,201167|201571|202687|203082|203932,0.0,-6.0,1610612760.0,21700304,True
1,PT00M25.10S,00:25,Q1 00:25,36.41833333333334,166,2pt,MISS Afflalo 17' Pullup Jump Shot,[],Afflalo,31,25,Missed,True,False,201167.0,,2pt made,rebound,,,,101109|1626177|1628390|201167|201571|202331|202687|203082|203924|203932,201167|201571|202687|203082|203932,101109|1626177|1628390|202331|203924,157.0,64.0,1610612753.0,21700304,True
1,PT00M21.10S,00:21,Q1 00:21,36.35166666666667,167,rebound,Ferguson REBOUND (Off:0 Def:1),[],Ferguson,31,25,,False,False,1628390.0,,2pt missed,foul,,,,101109|1626177|1628390|201167|201571|202331|202687|203082|203924|203932,101109|1626177|1628390|202331|203924,201167|201571|202687|203082|203932,,,1610612760.0,21700304,True
1,PT00M07.40S,00:07,Q1 00:07,36.123333333333335,168,foul,Ross P.FOUL (P1.T3) (S.Wright),[],Ross,31,25,,False,False,203082.0,,rebound,3pt missed,202331.0,,,101109|1626177|1628390|201167|201571|202331|202687|203082|203924|203932,201167|201571|202687|203082|203932,101109|1626177|1628390|202331|203924,,,1610612753.0,21700304,True
1,PT00M00.00S,00:00,Q1 00:00,36.0,170,3pt,MISS George 30' 3PT Jump Shot,[],George,31,25,Missed,True,False,202331.0,,foul,rebound,,,,101109|1626177|1628390|201167|201571|202331|202687|203082|203924|203932,101109|1626177|1628390|202331|203924,201167|201571|202687|203082|203932,3.0,295.0,1610612760.0,21700304,True
1,PT00M00.00S,00:00,Q1 00:00,36.0,171,rebound,TEAM offensive REBOUND,['team'],,31,25,,False,False,0.0,,3pt missed,period,,,,101109|1626177|1628390|201167|201571|202331|202687|203082|203924|203932,101109|1626177|1628390|202331|203924,201167|201571|202687|203082|203932,,,1610612760.0,21700304,True
1,PT00M00.00S,00:00,Q1 00:00,36.0,172,period,End of 1st Period (7:36 PM EST),[],,31,25,,False,False,0.0,,rebound,period,,,,101109|1626177|1628390|201167|201571|202331|202687|203082|203924|203932,201167|201571|202687|203082|203932,101109|1626177|1628390|202331|203924,,,1610612753.0,21700304,True
2,PT12M00.00S,12:00,Q2 12:00,36.0,175,period,Start of 2nd Period (7:38 PM EST),[],,31,25,,False,False,0.0,,period,substitution,,,,101109|1626177|1628390|201167|201571|202331|202687|203082|203924|203932,201167|201571|202687|203082|203932,101109|1626177|1628390|202331|203924,,,1610612753.0,21700304,True
2,PT11M49.00S,11:49,Q2 11:49,35.81666666666666,176,2pt,MISS George 19' Pullup Jump Shot,[],George,31,25,Missed,True,False,202331.0,,substitution,rebound,,,,101109|1626177|1626209|1628390|201167|201571|202331|202687|203082|203924,101109|1626177|1628390|202331|203924,1626209|201167|201571|202687|203082,-95.0,165.0,1610612760.0,21700304,True
2,PT11M46.00S,11:46,Q2 11:46,35.766666666666666,177,rebound,Hezonja REBOUND (Off:0 Def:1),[],Hezonja,31,25,,False,False,1626209.0,,2pt missed,2pt made,,,,101109|1626177|1626209|1628390|201167|201571|202331|202687|203082|203924,1626209|201167|201571|202687|203082,101109|1626177|1628390|202331|203924,,,1610612753.0,21700304,True
2,PT11M23.00S,11:23,Q2 11:23,35.38333333333333,178,2pt,Biyombo 2' Layup (2 PTS) (Hezonja 1 AST),['pointsinthepaint'],Biyombo,33,25,Made,True,True,202687.0,1626209.0,rebound,foul,,,,101109|1626177|1626209|1628390|201167|201571|202331|202687|203082|203924,1626209|201167|201571|202687|203082,101109|1626177|1628390|202331|203924,-5.0,22.0,1610612753.0,21700304,True
2,PT11M04.00S,11:04,Q2 11:04,35.06666666666666,180,foul,Biyombo S.FOUL (P1.T1) (T.Ford),[],Biyombo,33,25,,False,False,202687.0,,2pt made,freethrow,203924.0,,,101109|1626177|1626209|1628390|201167|201571|202331|202687|203082|203924,1626209|201167|201571|202687|203082,101109|1626177|1628390|202331|203924,,,1610612753.0,21700304,True
2,PT11M04.00S,11:04,Q2 11:04,35.06666666666666,182,freethrow,Grant Free Throw 1 of 2 (1 PTS),[],Grant,33,26,Made,False,False,203924.0,,foul,freethrow,,,,101109|1626177|1626209|1628390|201167|201571|202331|202687|203082|203924,101109|1626177|1628390|202331|203924,1626209|201167|201571|202687|203082,,,1610612760.0,21700304,True
2,PT11M04.00S,11:04,Q2 11:04,35.06666666666666,185,freethrow,MISS Grant Free Throw 2 of 2,[],Grant,33,26,Missed,False,False,203924.0,,freethrow,substitution,,,,101109|1626177|1626209|1628390|201167|201571|202331|202687|203082|203924,101109|1626177|1628390|202331|203924,1626209|201167|201571|202687|203082,,,1610612760.0,21700304,True
2,PT11M04.00S,11:04,Q2 11:04,35.06666666666666,183,substitution,SUB out: D. Johnson,[],Johnson,33,26,,False,False,1626177.0,,freethrow,substitution,,,,101109|1626209|1628390|201167|201571|202331|202687|203082|203924,101109|1628390|202331|203924,1626209|201167|201571|202687|203082,,,1610612760.0,21700304,False
2,PT11M04.00S,11:04,Q2 11:04,35.06666666666666,184,substitution,SUB in: P. Patterson,[],Patterson,33,26,,False,False,202335.0,,substitution,rebound,,,,101109|1626209|1628390|201167|201571|202331|202335|202687|203082|203924,101109|1628390|202331|202335|203924,1626209|201167|201571|202687|203082,,,1610612760.0,21700304,True
2,PT11M01.00S,11:01,Q2 11:01,35.016666666666666,186,rebound,George REBOUND (Off:1 Def:1),[],George,33,26,,False,False,202331.0,,substitution,3pt missed,,,,101109|1626209|1628390|201167|201571|202331|202335|202687|203082|203924,101109|1628390|202331|202335|203924,1626209|201167|201571|202687|203082,,,1610612760.0,21700304,True
2,PT10M49.00S,10:49,Q2 10:49,34.81666666666666,187,3pt,MISS Grant 25' 3PT Jump Shot,[],Grant,33,26,Missed,True,False,203924.0,,rebound,rebound,,,,101109|1626209|1628390|201167|201571|202331|202335|202687|203082|203924,101109|1628390|202331|202335|203924,1626209|201167|201571|202687|203082,-16.0,253.0,1610612760.0,21700304,True
2,PT10M47.00S,10:47,Q2 10:47,34.78333333333333,188,rebound,TEAM offensive REBOUND,['team'],,33,26,,False,False,0.0,,3pt missed,foul,,,,101109|1626209|1628390|201167|201571|202331|202335|202687|203082|203924,101109|1628390|202331|202335|203924,1626209|201167|201571|202687|203082,,,1610612760.0,21700304,True
2,PT10M47.00S,10:47,Q2 10:47,34.78333333333333,189,foul,Afflalo P.FOUL (P1.T2) (G.Petraitis),[],Afflalo,33,26,,False,False,201167.0,,rebound,3pt missed,202331.0,,,101109|1626209|1628390|201167|201571|202331|202335|202687|203082|203924,1626209|201167|201571|202687|203082,101109|1628390|202331|202335|203924,,,1610612753.0,21700304,True
2,PT10M41.00S,10:41,Q2 10:41,34.68333333333334,191,3pt,MISS George 27' 3PT Jump Shot,[],George,33,26,Missed,True,False,202331.0,,foul,rebound,,,,101109|1626209|1628390|201167|201571|202331|202335|202687|203082|203924,101109|1628390|202331|202335|203924,1626209|201167|201571|202687|203082,169.0,214.0,1610612760.0,21700304,True
2,PT10M38.00S,10:38,Q2 10:38,34.63333333333333,192,rebound,Biyombo REBOUND (Off:0 Def:1),[],Biyombo,33,26,,False,False,202687.0,,3pt missed,foul,,,,101109|1626209|1628390|201167|201571|202331|202335|202687|203082|203924,1626209|201167|201571|202687|203082,101109|1628390|202331|202335|203924,,,1610612753.0,21700304,True
2,PT10M33.00S,10:33,Q2 10:33,34.55,193,foul,Patterson S.FOUL (P1.T1) (T.Ford),[],Patterson,33,26,,False,False,202335.0,,rebound,freethrow,201571.0,,,101109|1626209|1628390|201167|201571|202331|202335|202687|203082|203924,101109|1628390|202331|202335|203924,1626209|201167|201571|202687|203082,,,1610612760.0,21700304,True
2,PT10M33.00S,10:33,Q2 10:33,34.55,195,freethrow,Augustin Free Throw 1 of 2 (3 PTS),[],Augustin,34,26,Made,False,False,201571.0,,foul,freethrow,,,,101109|1626209|1628390|201167|201571|202331|202335|202687|203082|203924,1626209|201167|201571|202687|203082,101109|1628390|202331|202335|203924,,,1610612753.0,21700304,True
2,PT10M33.00S,10:33,Q2 10:33,34.55,196,freethrow,MISS Augustin Free Throw 2 of 2,[],Augustin,34,26,Missed,False,False,201571.0,,freethrow,rebound,,,,101109|1626209|1628390|201167|201571|202331|202335|202687|203082|203924,1626209|201167|201571|202687|203082,101109|1628390|202331|202335|203924,,,1610612753.0,21700304,True
2,PT10M29.00S,10:29,Q2 10:29,34.483333333333334,197,rebound,Felton REBOUND (Off:0 Def:2),[],Felton,34,26,,False,False,101109.0,,freethrow,2pt made,,,,101109|1626209|1628390|201167|201571|202331|202335|202687|203082|203924,101109|1628390|202331|202335|203924,1626209|201167|201571|202687|203082,,,1610612760.0,21700304,True
2,PT10M12.00S,10:12,Q2 10:12,34.2,198,2pt,George 1' Driving Layup (9 PTS),['pointsinthepaint'],George,34,28,Made,True,False,202331.0,,rebound,turnover,,,,101109|1626209|1628390|201167|201571|202331|202335|202687|203082|203924,101109|1628390|202331|202335|203924,1626209|201167|201571|202687|203082,4.0,7.0,1610612760.0,21700304,True
2,PT09M57.00S,09:57,Q2 09:57,33.95,199,turnover,Biyombo Lost Ball Turnover (P1.T3),[],Biyombo,34,28,,False,False,202687.0,,2pt made,steal,,,,101109|1626209|1628390|201167|201571|202331|202335|202687|203082|203924,1626209|201167|201571|202687|203082,101109|1628390|202331|202335|203924,,,1610612753.0,21700304,True
2,PT09M57.00S,09:57,Q2 09:57,33.95,199,steal,George STEAL (1 STL),[],George,34,28,,False,False,202331.0,,turnover,3pt made,,202331.0,,101109|1626209|1628390|201167|201571|202331|202335|202687|203082|203924,101109|1628390|202331|202335|203924,1626209|201167|201571|202687|203082,,,1610612760.0,21700304,True
2,PT09M49.00S,09:49,Q2 09:49,33.81666666666666,201,3pt,George 26' 3PT Jump Shot (12 PTS) (Felton 1 AST),[],George,34,31,Made,True,True,202331.0,101109.0,steal,timeout,,,,101109|1626209|1628390|201167|201571|202331|202335|202687|203082|203924,101109|1628390|202331|202335|203924,1626209|201167|201571|202687|203082,100.0,238.0,1610612760.0,21700304,True
2,PT09M47.00S,09:47,Q2 09:47,33.78333333333333,203,timeout,MAGIC Timeout: Regular (Full 2 Short 0),[],,34,31,,False,False,0.0,,3pt made,turnover,,,,101109|1626209|1628390|201167|201571|202331|202335|202687|203082|203924,1626209|201167|201571|202687|203082,101109|1628390|202331|202335|203924,,,1610612753.0,21700304,True
2,PT09M30.00S,09:30,Q2 09:30,33.5,214,turnover,Ross Traveling Turnover (P1.T4),[],Ross,34,31,,False,False,203082.0,,timeout,2pt missed,,,,101109|1626209|1628390|201167|201571|202331|202335|202687|203082|203924,1626209|201167|201571|202687|203082,101109|1628390|202331|202335|203924,,,1610612753.0,21700304,True
2,PT09M16.00S,09:16,Q2 09:16,33.266666666666666,215,2pt,MISS George 6' Layup,['pointsinthepaint'],George,34,31,Missed,True,False,202331.0,,turnover,block,,,,101109|1626209|1628390|201167|201571|202331|202335|202687|203082|203924,101109|1628390|202331|202335|203924,1626209|201167|201571|202687|203082,-16.0,53.0,1610612760.0,21700304,True
2,PT09M16.00S,09:16,Q2 09:16,33.266666666666666,215,block,Ross BLOCK (2 BLK),[],Ross,34,31,,False,False,203082.0,,2pt missed,rebound,,,203082.0,101109|1626209|1628390|201167|201571|202331|202335|202687|203082|203924,1626209|201167|201571|202687|203082,101109|1628390|202331|202335|203924,,,1610612753.0,21700304,True
2,PT09M15.00S,09:15,Q2 09:15,33.25,217,rebound,Hezonja REBOUND (Off:0 Def:2),[],Hezonja,34,31,,False,False,1626209.0,,block,2pt made,,,,101109|1626209|1628390|201167|201571|202331|202335|202687|203082|203924,1626209|201167|201571|202687|203082,101109|1628390|202331|202335|203924,,,1610612753.0,21700304,True
2,PT09M00.00S,09:00,Q2 09:00,33.0,218,2pt,Augustin 1' Driving Layup (5 PTS),['pointsinthepaint'],Augustin,36,31,Made,True,False,201571.0,,rebound,foul,,,,101109|1626209|1628390|201167|201571|202331|202335|202687|203082|203924,1626209|201167|201571|202687|203082,101109|1628390|202331|202335|203924,2.0,11.0,1610612753.0,21700304,True
2,PT08M49.00S,08:49,Q2 08:49,32.81666666666666,219,foul,Augustin S.FOUL (P1.T3) (T.Ford),[],Augustin,36,31,,False,False,201571.0,,2pt made,freethrow,202331.0,,,101109|1626209|1628390|201167|201571|202331|202335|202687|203082|203924,1626209|201167|201571|202687|203082,101109|1628390|202331|202335|203924,,,1610612753.0,21700304,True
2,PT08M49.00S,08:49,Q2 08:49,32.81666666666666,221,freethrow,MISS George Free Throw 1 of 2,[],George,36,31,Missed,False,False,202331.0,,foul,rebound,,,,101109|1626209|1628390|201167|201571|202331|202335|202687|203082|203924,101109|1628390|202331|202335|203924,1626209|201167|201571|202687|203082,,,1610612760.0,21700304,True
2,PT08M49.00S,08:49,Q2 08:49,32.81666666666666,222,rebound,TEAM offensive REBOUND,['team'],,36,31,,False,False,0.0,,freethrow,freethrow,,,,101109|1626209|1628390|201167|201571|202331|202335|202687|203082|203924,101109|1628390|202331|202335|203924,1626209|201167|201571|202687|203082,,,1610612760.0,21700304,True
2,PT08M49.00S,08:49,Q2 08:49,32.81666666666666,227,freethrow,George Free Throw 2 of 2 (13 PTS),[],George,36,32,Made,False,False,202331.0,,rebound,substitution,,,,101109|1626209|1628390|201167|201571|202331|202335|202687|203082|203924,101109|1628390|202331|202335|203924,1626209|201167|201571|202687|203082,,,1610612760.0,21700304,True
2,PT08M49.00S,08:49,Q2 08:49,32.81666666666666,223,substitution,SUB out: A. Afflalo,[],Afflalo,36,31,,False,False,201167.0,,freethrow,substitution,,,,101109|1626209|1628390|201571|202331|202335|202687|203082|203924,1626209|201571|202687|203082,101109|1628390|202331|202335|203924,,,1610612753.0,21700304,False
2,PT08M49.00S,08:49,Q2 08:49,32.81666666666666,224,substitution,SUB out: T. Ferguson,[],Ferguson,36,31,,False,False,1628390.0,,substitution,substitution,,,,101109|1626209|201571|202331|202335|202687|203082|203924,101109|202331|202335|203924,1626209|201571|202687|203082,,,1610612760.0,21700304,False
2,PT08M49.00S,08:49,Q2 08:49,32.81666666666666,225,substitution,SUB in: J. Simmons,[],Simmons,36,31,,False,False,203613.0,,substitution,substitution,,,,101109|1626209|201571|202331|202335|202687|203082|203613|203924,1626209|201571|202687|203082|203613,101109|202331|202335|203924,,,1610612753.0,21700304,False
2,PT08M49.00S,08:49,Q2 08:49,32.81666666666666,226,substitution,SUB in: R. Westbrook,[],Westbrook,36,31,,False,False,201566.0,,substitution,turnover,,,,101109|1626209|201566|201571|202331|202335|202687|203082|203613|203924,101109|201566|202331|202335|203924,1626209|201571|202687|203082|203613,,,1610612760.0,21700304,True
2,PT08M29.00S,08:29,Q2 08:29,32.483333333333334,228,turnover,Simmons Lost Ball Turnover (P1.T5),[],Simmons,36,32,,False,False,203613.0,,substitution,steal,,,,101109|1626209|201566|201571|202331|202335|202687|203082|203613|203924,1626209|201571|202687|203082|203613,101109|201566|202331|202335|203924,,,1610612753.0,21700304,True
2,PT08M29.00S,08:29,Q2 08:29,32.483333333333334,228,steal,Grant STEAL (1 STL),[],Grant,36,32,,False,False,203924.0,,turnover,2pt made,,203924.0,,101109|1626209|201566|201571|202331|202335|202687|203082|203613|203924,101109|201566|202331|202335|203924,1626209|201571|202687|203082|203613,,,1610612760.0,21700304,True
2,PT08M17.00S,08:17,Q2 08:17,32.28333333333333,230,2pt,Grant 2' Dunk (3 PTS) (Felton 2 AST),['pointsinthepaint'],Grant,36,34,Made,True,True,203924.0,101109.0,steal,turnover,,,,101109|1626209|201566|201571|202331|202335|202687|203082|203613|203924,101109|201566|202331|202335|203924,1626209|201571|202687|203082|203613,2.0,15.0,1610612760.0,21700304,True
2,PT07M57.00S,07:57,Q2 07:57,31.95,232,turnover,Biyombo Out of Bounds - Bad Pass Turnover Turnover (P2.T6),[],Biyombo,36,34,,False,False,202687.0,,2pt made,substitution,,,,101109|1626209|201566|201571|202331|202335|202687|203082|203613|203924,1626209|201571|202687|203082|203613,101109|201566|202331|202335|203924,,,1610612753.0,21700304,True
2,PT07M57.00S,07:57,Q2 07:57,31.95,233,substitution,SUB out: M. Hezonja,[],Hezonja,36,34,,False,False,1626209.0,,turnover,substitution,,,,101109|201566|201571|202331|202335|202687|203082|203613|203924,201571|202687|203082|203613,101109|201566|202331|202335|203924,,,1610612753.0,21700304,False
2,PT07M57.00S,07:57,Q2 07:57,31.95,234,substitution,SUB out: D. Augustin,[],Augustin,36,34,,False,False,201571.0,,substitution,substitution,,,,101109|201566|202331|202335|202687|203082|203613|203924,202687|203082|203613,101109|201566|202331|202335|203924,,,1610612753.0,21700304,False
2,PT07M57.00S,07:57,Q2 07:57,31.95,235,substitution,SUB in: E. Payton,[],Payton,36,34,,False,False,203901.0,,substitution,substitution,,,,101109|201566|202331|202335|202687|203082|203613|203901|203924,202687|203082|203613|203901,101109|201566|202331|202335|203924,,,1610612753.0,21700304,False
2,PT07M57.00S,07:57,Q2 07:57,31.95,236,substitution,SUB in: A. Gordon,[],Gordon,36,34,,False,False,203932.0,,substitution,2pt made,,,,101109|201566|202331|202335|202687|203082|203613|203901|203924|203932,202687|203082|203613|203901|203932,101109|201566|202331|202335|203924,,,1610612753.0,21700304,True
2,PT07M48.00S,07:48,Q2 07:48,31.8,237,2pt,Felton 3' Layup (2 PTS),['pointsinthepaint'],Felton,36,36,Made,True,False,101109.0,,substitution,3pt made,,,,101109|201566|202331|202335|202687|203082|203613|203901|203924|203932,101109|201566|202331|202335|203924,202687|203082|203613|203901|203932,-17.0,27.0,1610612760.0,21700304,True
2,PT07M25.00S,07:25,Q2 07:25,31.416666666666668,238,3pt,Ross 27' 3PT Step Back Jump Shot (6 PTS) (Gordon 3 AST),[],Ross,39,36,Made,True,True,203082.0,203932.0,2pt made,2pt made,,,,101109|201566|202331|202335|202687|203082|203613|203901|203924|203932,202687|203082|203613|203901|203932,101109|201566|202331|202335|203924,93.0,256.0,1610612753.0,21700304,True
2,PT07M09.00S,07:09,Q2 07:09,31.15,240,2pt,Grant 2' Cutting Layup Shot (5 PTS) (Westbrook 2 AST),['pointsinthepaint'],Grant,39,38,Made,True,True,203924.0,201566.0,3pt made,timeout,,,,101109|201566|202331|202335|202687|203082|203613|203901|203924|203932,101109|201566|202331|202335|203924,202687|203082|203613|203901|203932,-1.0,18.0,1610612760.0,21700304,True
2,PT07M09.00S,07:09,Q2 07:09,31.15,242,timeout,MAGIC Timeout: Regular (Full 3 Short 0),[],,39,38,,False,False,0.0,,2pt made,substitution,,,,101109|201566|202331|202335|202687|203082|203613|203901|203924|203932,202687|203082|203613|203901|203932,101109|201566|202331|202335|203924,,,1610612753.0,21700304,True
2,PT07M09.00S,07:09,Q2 07:09,31.15,243,substitution,SUB out: B. Biyombo,[],Biyombo,39,38,,False,False,202687.0,,timeout,substitution,,,,101109|201566|202331|202335|203082|203613|203901|203924|203932,203082|203613|203901|203932,101109|201566|202331|202335|203924,,,1610612753.0,21700304,False
2,PT07M09.00S,07:09,Q2 07:09,31.15,244,substitution,SUB out: J. Grant,[],Grant,39,38,,False,False,203924.0,,substitution,substitution,,,,101109|201566|202331|202335|203082|203613|203901|203932,101109|201566|202331|202335,203082|203613|203901|203932,,,1610612760.0,21700304,False
2,PT07M09.00S,07:09,Q2 07:09,31.15,245,substitution,SUB out: P. Patterson,[],Patterson,39,38,,False,False,202335.0,,substitution,substitution,,,,101109|201566|202331|203082|203613|203901|203932,101109|201566|202331,203082|203613|203901|203932,,,1610612760.0,21700304,False
2,PT07M09.00S,07:09,Q2 07:09,31.15,246,substitution,SUB in: N. Vucevic,[],Vucevic,39,38,,False,False,202696.0,,substitution,substitution,,,,101109|201566|202331|202696|203082|203613|203901|203932,202696|203082|203613|203901|203932,101109|201566|202331,,,1610612753.0,21700304,False
2,PT07M09.00S,07:09,Q2 07:09,31.15,247,substitution,SUB in: S. Adams,[],Adams,39,38,,False,False,203500.0,,substitution,substitution,,,,101109|201566|202331|202696|203082|203500|203613|203901|203932,101109|201566|202331|203500,202696|203082|203613|203901|203932,,,1610612760.0,21700304,False
2,PT07M09.00S,07:09,Q2 07:09,31.15,248,substitution,SUB in: C. Anthony,[],Anthony,39,38,,False,False,2546.0,,substitution,3pt made,,,,101109|201566|202331|202696|203082|203500|203613|203901|203932|2546,101109|201566|202331|203500|2546,202696|203082|203613|203901|203932,,,1610612760.0,21700304,True
2,PT06M47.00S,06:47,Q2 06:47,30.78333333333333,249,3pt,Gordon 26' 3PT Jump Shot (14 PTS) (Vucevic 2 AST),[],Gordon,42,38,Made,True,True,203932.0,202696.0,substitution,foul,,,,101109|201566|202331|202696|203082|203500|203613|203901|203932|2546,202696|203082|203613|203901|203932,101109|201566|202331|203500|2546,20.0,264.0,1610612753.0,21700304,True
2,PT06M32.00S,06:32,Q2 06:32,30.53333333333333,251,foul,Vucevic S.FOUL (P1.T4) (G.Petraitis),[],Vucevic,42,38,,False,False,202696.0,,3pt made,freethrow,201566.0,,,101109|201566|202331|202696|203082|203500|203613|203901|203932|2546,202696|203082|203613|203901|203932,101109|201566|202331|203500|2546,,,1610612753.0,21700304,True
2,PT06M32.00S,06:32,Q2 06:32,30.53333333333333,253,freethrow,Westbrook Free Throw 1 of 2 (3 PTS),[],Westbrook,42,39,Made,False,False,201566.0,,foul,freethrow,,,,101109|201566|202331|202696|203082|203500|203613|203901|203932|2546,101109|201566|202331|203500|2546,202696|203082|203613|203901|203932,,,1610612760.0,21700304,True
2,PT06M32.00S,06:32,Q2 06:32,30.53333333333333,254,freethrow,Westbrook Free Throw 2 of 2 (4 PTS),[],Westbrook,42,40,Made,False,False,201566.0,,freethrow,foul,,,,101109|201566|202331|202696|203082|203500|203613|203901|203932|2546,101109|201566|202331|203500|2546,202696|203082|203613|203901|203932,,,1610612760.0,21700304,True
2,PT06M14.00S,06:14,Q2 06:14,30.233333333333334,255,foul,Adams S.FOUL (P3.T2) (S.Wright),[],Adams,42,40,,False,False,203500.0,,freethrow,freethrow,203932.0,,,101109|201566|202331|202696|203082|203500|203613|203901|203932|2546,101109|201566|202331|203500|2546,202696|203082|203613|203901|203932,,,1610612760.0,21700304,True
2,PT06M14.00S,06:14,Q2 06:14,30.233333333333334,257,freethrow,Gordon Free Throw 1 of 2 (15 PTS),[],Gordon,43,40,Made,False,False,203932.0,,foul,freethrow,,,,101109|201566|202331|202696|203082|203500|203613|203901|203932|2546,202696|203082|203613|203901|203932,101109|201566|202331|203500|2546,,,1610612753.0,21700304,True
2,PT06M14.00S,06:14,Q2 06:14,30.233333333333334,260,freethrow,Gordon Free Throw 2 of 2 (16 PTS),[],Gordon,44,40,Made,False,False,203932.0,,freethrow,substitution,,,,101109|201566|202331|202696|203082|203500|203613|203901|203932|2546,202696|203082|203613|203901|203932,101109|201566|202331|203500|2546,,,1610612753.0,21700304,True
2,PT06M14.00S,06:14,Q2 06:14,30.233333333333334,258,substitution,SUB out: S. Adams,[],Adams,43,40,,False,False,203500.0,,freethrow,substitution,,,,101109|201566|202331|202696|203082|203613|203901|203932|2546,101109|201566|202331|2546,202696|203082|203613|203901|203932,,,1610612760.0,21700304,False
2,PT06M14.00S,06:14,Q2 06:14,30.233333333333334,259,substitution,SUB in: J. Grant,[],Grant,43,40,,False,False,203924.0,,substitution,2pt made,,,,101109|201566|202331|202696|203082|203613|203901|203924|203932|2546,101109|201566|202331|203924|2546,202696|203082|203613|203901|203932,,,1610612760.0,21700304,True
2,PT06M01.00S,06:01,Q2 06:01,30.016666666666666,261,2pt,Grant 2' Layup (7 PTS) (Westbrook 3 AST),['pointsinthepaint'],Grant,44,42,Made,True,True,203924.0,201566.0,substitution,foul,,,,101109|201566|202331|202696|203082|203613|203901|203924|203932|2546,101109|201566|202331|203924|2546,202696|203082|203613|203901|203932,3.0,21.0,1610612760.0,21700304,True
2,PT05M48.00S,05:48,Q2 05:48,29.8,263,foul,Anthony S.FOUL (P1.T3) (S.Wright),[],Anthony,44,42,,False,False,2546.0,,2pt made,freethrow,203932.0,,,101109|201566|202331|202696|203082|203613|203901|203924|203932|2546,101109|201566|202331|203924|2546,202696|203082|203613|203901|203932,,,1610612760.0,21700304,True
2,PT05M48.00S,05:48,Q2 05:48,29.8,265,freethrow,Gordon Free Throw 1 of 2 (17 PTS),[],Gordon,45,42,Made,False,False,203932.0,,foul,freethrow,,,,101109|201566|202331|202696|203082|203613|203901|203924|203932|2546,202696|203082|203613|203901|203932,101109|201566|202331|203924|2546,,,1610612753.0,21700304,True
2,PT05M48.00S,05:48,Q2 05:48,29.8,266,freethrow,Gordon Free Throw 2 of 2 (18 PTS),[],Gordon,46,42,Made,False,False,203932.0,,freethrow,2pt missed,,,,101109|201566|202331|202696|203082|203613|203901|203924|203932|2546,202696|203082|203613|203901|203932,101109|201566|202331|203924|2546,,,1610612753.0,21700304,True
2,PT05M30.00S,05:30,Q2 05:30,29.5,267,2pt,MISS George 5' Driving Layup,['pointsinthepaint'],George,46,42,Missed,True,False,202331.0,,freethrow,rebound,,,,101109|201566|202331|202696|203082|203613|203901|203924|203932|2546,101109|201566|202331|203924|2546,202696|203082|203613|203901|203932,30.0,43.0,1610612760.0,21700304,True
2,PT05M30.00S,05:30,Q2 05:30,29.5,268,rebound,Vucevic REBOUND (Off:0 Def:2),[],Vucevic,46,42,,False,False,202696.0,,2pt missed,foul,,,,101109|201566|202331|202696|203082|203613|203901|203924|203932|2546,202696|203082|203613|203901|203932,101109|201566|202331|203924|2546,,,1610612753.0,21700304,True
2,PT05M28.00S,05:28,Q2 05:28,29.46666666666667,269,foul,Westbrook P.FOUL (P2.T4) (S.Wright),[],Westbrook,46,42,,False,False,201566.0,,rebound,2pt made,203932.0,,,101109|201566|202331|202696|203082|203613|203901|203924|203932|2546,101109|201566|202331|203924|2546,202696|203082|203613|203901|203932,,,1610612760.0,21700304,True
2,PT05M18.00S,05:18,Q2 05:18,29.3,271,2pt,Gordon 2' Driving Dunk (20 PTS) (Payton 2 AST),['pointsinthepaint'],Gordon,48,42,Made,True,True,203932.0,203901.0,foul,timeout,,,,101109|201566|202331|202696|203082|203613|203901|203924|203932|2546,202696|203082|203613|203901|203932,101109|201566|202331|203924|2546,0.0,19.0,1610612753.0,21700304,True
2,PT05M18.00S,05:18,Q2 05:18,29.3,273,timeout,Thunder Timeout: Regular (Reg.2 Short 0),[],,48,42,,False,False,0.0,,2pt made,substitution,,,,101109|201566|202331|202696|203082|203613|203901|203924|203932|2546,101109|201566|202331|203924|2546,202696|203082|203613|203901|203932,,,1610612760.0,21700304,True
2,PT05M18.00S,05:18,Q2 05:18,29.3,274,substitution,SUB out: R. Felton,[],Felton,48,42,,False,False,101109.0,,timeout,substitution,,,,201566|202331|202696|203082|203613|203901|203924|203932|2546,201566|202331|203924|2546,202696|203082|203613|203901|203932,,,1610612760.0,21700304,False
2,PT05M18.00S,05:18,Q2 05:18,29.3,275,substitution,SUB in: A. Roberson,[],Roberson,48,42,,False,False,203460.0,,substitution,2pt missed,,,,201566|202331|202696|203082|203460|203613|203901|203924|203932|2546,201566|202331|203460|203924|2546,202696|203082|203613|203901|203932,,,1610612760.0,21700304,True
2,PT04M57.00S,04:57,Q2 04:57,28.95,276,2pt,MISS Westbrook 14' Pullup Jump Shot,[],Westbrook,48,42,Missed,True,False,201566.0,,substitution,rebound,,,,201566|202331|202696|203082|203460|203613|203901|203924|203932|2546,201566|202331|203460|203924|2546,202696|203082|203613|203901|203932,-142.0,18.0,1610612760.0,21700304,True
2,PT04M55.00S,04:55,Q2 04:55,28.916666666666668,277,rebound,Gordon REBOUND (Off:0 Def:5),[],Gordon,48,42,,False,False,203932.0,,2pt missed,3pt missed,,,,201566|202331|202696|203082|203460|203613|203901|203924|203932|2546,202696|203082|203613|203901|203932,201566|202331|203460|203924|2546,,,1610612753.0,21700304,True
2,PT04M44.00S,04:44,Q2 04:44,28.733333333333334,278,3pt,MISS Ross 3PT Jump Shot,[],Ross,48,42,Missed,True,False,203082.0,,rebound,rebound,,,,201566|202331|202696|203082|203460|203613|203901|203924|203932|2546,202696|203082|203613|203901|203932,201566|202331|203460|203924|2546,-228.0,20.0,1610612753.0,21700304,True
2,PT04M39.00S,04:39,Q2 04:39,28.65,279,rebound,Westbrook REBOUND (Off:1 Def:3),[],Westbrook,48,42,,False,False,201566.0,,3pt missed,foul,,,,201566|202331|202696|203082|203460|203613|203901|203924|203932|2546,201566|202331|203460|203924|2546,202696|203082|203613|203901|203932,,,1610612760.0,21700304,True
2,PT04M38.00S,04:38,Q2 04:38,28.633333333333333,280,foul,Payton S.FOUL (P1.PN) (S.Wright),['inpenalty'],Payton,48,42,,False,False,203901.0,,rebound,timeout,201566.0,,,201566|202331|202696|203082|203460|203613|203901|203924|203932|2546,202696|203082|203613|203901|203932,201566|202331|203460|203924|2546,,,1610612753.0,21700304,True
2,PT04M38.00S,04:38,Q2 04:38,28.633333333333333,282,timeout,MAGIC Timeout: Regular (Full 4 Short 0),[],,48,42,,False,False,0.0,,foul,freethrow,,,,201566|202331|202696|203082|203460|203613|203901|203924|203932|2546,202696|203082|203613|203901|203932,201566|202331|203460|203924|2546,,,1610612753.0,21700304,True
2,PT04M38.00S,04:38,Q2 04:38,28.633333333333333,285,freethrow,Westbrook Free Throw 1 of 2 (5 PTS),[],Westbrook,48,43,Made,False,False,201566.0,,timeout,freethrow,,,,201566|202331|202696|203082|203460|203613|203901|203924|203932|2546,201566|202331|203460|203924|2546,202696|203082|203613|203901|203932,,,1610612760.0,21700304,True
2,PT04M38.00S,04:38,Q2 04:38,28.633333333333333,286,freethrow,Westbrook Free Throw 2 of 2 (6 PTS),[],Westbrook,48,44,Made,False,False,201566.0,,freethrow,substitution,,,,201566|202331|202696|203082|203460|203613|203901|203924|203932|2546,201566|202331|203460|203924|2546,202696|203082|203613|203901|203932,,,1610612760.0,21700304,True
2,PT04M38.00S,04:38,Q2 04:38,28.633333333333333,283,substitution,SUB out: T. Ross,[],Ross,48,42,,False,False,203082.0,,freethrow,substitution,,,,201566|202331|202696|203460|203613|203901|203924|203932|2546,202696|203613|203901|203932,201566|202331|203460|203924|2546,,,1610612753.0,21700304,False
2,PT04M38.00S,04:38,Q2 04:38,28.633333333333333,284,substitution,SUB in: E. Fournier,[],Fournier,48,42,,False,False,203095.0,,substitution,2pt missed,,,,201566|202331|202696|203095|203460|203613|203901|203924|203932|2546,202696|203095|203613|203901|203932,201566|202331|203460|203924|2546,,,1610612753.0,21700304,True
2,PT04M23.00S,04:23,Q2 04:23,28.383333333333333,287,2pt,MISS Simmons 16' Pullup Jump Shot,[],Simmons,48,44,Missed,True,False,203613.0,,substitution,rebound,,,,201566|202331|202696|203095|203460|203613|203901|203924|203932|2546,202696|203095|203613|203901|203932,201566|202331|203460|203924|2546,-54.0,151.0,1610612753.0,21700304,True
2,PT04M19.00S,04:19,Q2 04:19,28.316666666666666,288,rebound,Anthony REBOUND (Off:0 Def:3),[],Anthony,48,44,,False,False,2546.0,,2pt missed,3pt made,,,,201566|202331|202696|203095|203460|203613|203901|203924|203932|2546,201566|202331|203460|203924|2546,202696|203095|203613|203901|203932,,,1610612760.0,21700304,True
2,PT04M03.00S,04:03,Q2 04:03,28.05,289,3pt,Westbrook 26' 3PT Jump Shot (9 PTS) (George 3 AST),[],Westbrook,48,47,Made,True,True,201566.0,202331.0,rebound,2pt made,,,,201566|202331|202696|203095|203460|203613|203901|203924|203932|2546,201566|202331|203460|203924|2546,202696|203095|203613|203901|203932,127.0,232.0,1610612760.0,21700304,True
2,PT03M50.00S,03:50,Q2 03:50,27.833333333333332,291,2pt,Payton 2' Driving Reverse Layup (11 PTS),['pointsinthepaint'],Payton,50,47,Made,True,False,203901.0,,3pt made,3pt missed,,,,201566|202331|202696|203095|203460|203613|203901|203924|203932|2546,202696|203095|203613|203901|203932,201566|202331|203460|203924|2546,-2.0,19.0,1610612753.0,21700304,True
2,PT03M32.00S,03:32,Q2 03:32,27.53333333333333,292,3pt,MISS Grant 3PT Jump Shot,[],Grant,50,47,Missed,True,False,203924.0,,2pt made,rebound,,,,201566|202331|202696|203095|203460|203613|203901|203924|203932|2546,201566|202331|203460|203924|2546,202696|203095|203613|203901|203932,-231.0,16.0,1610612760.0,21700304,True
2,PT03M28.00S,03:28,Q2 03:28,27.46666666666667,293,rebound,Vucevic REBOUND (Off:0 Def:3),[],Vucevic,50,47,,False,False,202696.0,,3pt missed,3pt missed,,,,201566|202331|202696|203095|203460|203613|203901|203924|203932|2546,202696|203095|203613|203901|203932,201566|202331|203460|203924|2546,,,1610612753.0,21700304,True
2,PT03M22.00S,03:22,Q2 03:22,27.366666666666667,294,3pt,MISS Fournier 26' 3PT Jump Shot,[],Fournier,50,47,Missed,True,False,203095.0,,rebound,rebound,,,,201566|202331|202696|203095|203460|203613|203901|203924|203932|2546,202696|203095|203613|203901|203932,201566|202331|203460|203924|2546,174.0,199.0,1610612753.0,21700304,True
2,PT03M21.00S,03:21,Q2 03:21,27.35,295,rebound,TEAM defensive REBOUND,['team'],,50,47,,False,False,0.0,,3pt missed,2pt made,,,,201566|202331|202696|203095|203460|203613|203901|203924|203932|2546,201566|202331|203460|203924|2546,202696|203095|203613|203901|203932,,,1610612760.0,21700304,True
2,PT03M02.00S,03:02,Q2 03:02,27.03333333333333,296,2pt,Roberson 3' Cutting Dunk Shot (6 PTS) (Grant 2 AST),['pointsinthepaint'],Roberson,50,49,Made,True,True,203460.0,203924.0,rebound,2pt made,,,,201566|202331|202696|203095|203460|203613|203901|203924|203932|2546,201566|202331|203460|203924|2546,202696|203095|203613|203901|203932,3.0,25.0,1610612760.0,21700304,True
2,PT02M48.00S,02:48,Q2 02:48,26.8,298,2pt,Payton 14' Floating Jump Shot (13 PTS),['pointsinthepaint'],Payton,52,49,Made,True,False,203901.0,,2pt made,turnover,,,,201566|202331|202696|203095|203460|203613|203901|203924|203932|2546,202696|203095|203613|203901|203932,201566|202331|203460|203924|2546,60.0,127.0,1610612753.0,21700304,True
2,PT02M28.00S,02:28,Q2 02:28,26.46666666666667,299,turnover,George Out of Bounds - Bad Pass Turnover Turnover (P2.T8),[],George,52,49,,False,False,202331.0,,2pt made,2pt made,,,,201566|202331|202696|203095|203460|203613|203901|203924|203932|2546,201566|202331|203460|203924|2546,202696|203095|203613|203901|203932,,,1610612760.0,21700304,True
2,PT02M18.00S,02:18,Q2 02:18,26.3,300,2pt,Vucevic 7' Hook Shot (8 PTS) (Payton 3 AST),['pointsinthepaint'],Vucevic,54,49,Made,True,True,202696.0,203901.0,turnover,2pt made,,,,201566|202331|202696|203095|203460|203613|203901|203924|203932|2546,202696|203095|203613|203901|203932,201566|202331|203460|203924|2546,65.0,30.0,1610612753.0,21700304,True
2,PT02M01.00S,02:01,Q2 02:01,26.016666666666666,302,2pt,Roberson 2' Layup (8 PTS) (George 4 AST),['pointsinthepaint'],Roberson,54,51,Made,True,True,203460.0,202331.0,2pt made,2pt made,,,,201566|202331|202696|203095|203460|203613|203901|203924|203932|2546,201566|202331|203460|203924|2546,202696|203095|203613|203901|203932,-7.0,16.0,1610612760.0,21700304,True
2,PT01M42.00S,01:42,Q2 01:42,25.7,304,2pt,Simmons 2' Driving Layup (2 PTS),['pointsinthepaint'],Simmons,56,51,Made,True,False,203613.0,,2pt made,2pt made,,,,201566|202331|202696|203095|203460|203613|203901|203924|203932|2546,202696|203095|203613|203901|203932,201566|202331|203460|203924|2546,1.0,22.0,1610612753.0,21700304,True
2,PT01M29.00S,01:29,Q2 01:29,25.483333333333334,305,2pt,Grant 2' Dunk (9 PTS) (Westbrook 4 AST),['pointsinthepaint'],Grant,56,53,Made,True,True,203924.0,201566.0,2pt made,2pt missed,,,,201566|202331|202696|203095|203460|203613|203901|203924|203932|2546,201566|202331|203460|203924|2546,202696|203095|203613|203901|203932,2.0,17.0,1610612760.0,21700304,True
2,PT01M12.00S,01:12,Q2 01:12,25.2,307,2pt,MISS Vucevic 3' Dunk,['pointsinthepaint'],Vucevic,56,53,Missed,True,False,202696.0,,2pt made,block,,,,201566|202331|202696|203095|203460|203613|203901|203924|203932|2546,202696|203095|203613|203901|203932,201566|202331|203460|203924|2546,2.0,27.0,1610612753.0,21700304,True
2,PT01M12.00S,01:12,Q2 01:12,25.2,307,block,Grant BLOCK (2 BLK),[],Grant,56,53,,False,False,203924.0,,2pt missed,rebound,,,203924.0,201566|202331|202696|203095|203460|203613|203901|203924|203932|2546,201566|202331|203460|203924|2546,202696|203095|203613|203901|203932,,,1610612760.0,21700304,True
2,PT01M06.00S,01:06,Q2 01:06,25.1,309,rebound,George REBOUND (Off:1 Def:2),[],George,56,53,,False,False,202331.0,,block,2pt made,,,,201566|202331|202696|203095|203460|203613|203901|203924|203932|2546,201566|202331|203460|203924|2546,202696|203095|203613|203901|203932,,,1610612760.0,21700304,True
2,PT01M03.00S,01:03,Q2 01:03,25.05,310,2pt,George 2' Running Layup (15 PTS),['pointsinthepaint'],George,56,55,Made,True,False,202331.0,,rebound,2pt missed,,,,201566|202331|202696|203095|203460|203613|203901|203924|203932|2546,201566|202331|203460|203924|2546,202696|203095|203613|203901|203932,9.0,22.0,1610612760.0,21700304,True
2,PT00M45.70S,00:45,Q2 00:45,24.761666666666667,312,2pt,MISS Gordon 16' Pullup Jump Shot,[],Gordon,56,55,Missed,True,False,203932.0,,2pt made,rebound,,,,201566|202331|202696|203095|203460|203613|203901|203924|203932|2546,202696|203095|203613|203901|203932,201566|202331|203460|203924|2546,2.0,158.0,1610612753.0,21700304,True
2,PT00M45.70S,00:45,Q2 00:45,24.761666666666667,313,rebound,Roberson REBOUND (Off:1 Def:2),[],Roberson,56,55,,False,False,203460.0,,2pt missed,3pt missed,,,,201566|202331|202696|203095|203460|203613|203901|203924|203932|2546,201566|202331|203460|203924|2546,202696|203095|203613|203901|203932,,,1610612760.0,21700304,True
2,PT00M37.70S,00:37,Q2 00:37,24.628333333333334,314,3pt,MISS Westbrook 27' 3PT Running Jump Shot,[],Westbrook,56,55,Missed,True,False,201566.0,,rebound,rebound,,,,201566|202331|202696|203095|203460|203613|203901|203924|203932|2546,201566|202331|203460|203924|2546,202696|203095|203613|203901|203932,122.0,237.0,1610612760.0,21700304,True
2,PT00M33.50S,00:33,Q2 00:33,24.558333333333334,315,rebound,Payton REBOUND (Off:0 Def:2),[],Payton,56,55,,False,False,203901.0,,3pt missed,3pt made,,,,201566|202331|202696|203095|203460|203613|203901|203924|203932|2546,202696|203095|203613|203901|203932,201566|202331|203460|203924|2546,,,1610612753.0,21700304,True
2,PT00M27.80S,00:27,Q2 00:27,24.463333333333335,316,3pt,Fournier 3PT Jump Shot (3 PTS) (Payton 4 AST),[],Fournier,59,55,Made,True,True,203095.0,203901.0,rebound,2pt made,,,,201566|202331|202696|203095|203460|203613|203901|203924|203932|2546,202696|203095|203613|203901|203932,201566|202331|203460|203924|2546,-231.0,10.0,1610612753.0,21700304,True
2,PT00M07.70S,00:07,Q2 00:07,24.128333333333334,318,2pt,Westbrook 1' Driving Dunk (11 PTS),['pointsinthepaint'],Westbrook,59,57,Made,True,False,201566.0,,3pt made,3pt missed,,,,201566|202331|202696|203095|203460|203613|203901|203924|203932|2546,201566|202331|203460|203924|2546,202696|203095|203613|203901|203932,3.0,11.0,1610612760.0,21700304,True
2,PT00M00.10S,00:00,Q2 00:00,24.001666666666665,319,3pt,MISS Gordon 26' 3PT Jump Shot,[],Gordon,59,57,Missed,True,False,203932.0,,2pt made,rebound,,,,201566|202331|202696|203095|203460|203613|203901|203924|203932|2546,202696|203095|203613|203901|203932,201566|202331|203460|203924|2546,211.0,148.0,1610612753.0,21700304,True
2,PT00M00.10S,00:00,Q2 00:00,24.001666666666665,320,rebound,TEAM offensive REBOUND,['team'],,59,57,,False,False,0.0,,3pt missed,period,,,,201566|202331|202696|203095|203460|203613|203901|203924|203932|2546,202696|203095|203613|203901|203932,201566|202331|203460|203924|2546,,,1610612753.0,21700304,True
2,PT00M00.00S,00:00,Q2 00:00,24.0,321,period,End of 2nd Period (8:09 PM EST),[],,59,57,,False,False,0.0,,rebound,period,,,,201566|202331|202696|203095|203460|203613|203901|203924|203932|2546,202696|203095|203613|203901|203932,201566|202331|203460|203924|2546,,,1610612753.0,21700304,True
3,PT12M00.00S,12:00,Q3 12:00,24.0,324,period,Start of 3rd Period (8:24 PM EST),[],,59,57,,False,False,0.0,,period,substitution,,,,201566|202331|202696|203095|203460|203613|203901|203924|203932|2546,202696|203095|203613|203901|203932,201566|202331|203460|203924|2546,,,1610612753.0,21700304,True
3,PT11M40.00S,11:40,Q3 11:40,23.666666666666664,326,2pt,George 17' Pullup Jump Shot (17 PTS),[],George,59,59,Made,True,False,202331.0,,substitution,turnover,,,,201566|202331|202696|203095|203460|203500|203613|203901|203932|2546,201566|202331|203460|203500|2546,202696|203095|203613|203901|203932,73.0,156.0,1610612760.0,21700304,True
3,PT11M19.00S,11:19,Q3 11:19,23.316666666666666,327,turnover,Fournier Bad Pass Turnover (P1.T7),[],Fournier,59,59,,False,False,203095.0,,2pt made,steal,,,,201566|202331|202696|203095|203460|203500|203613|203901|203932|2546,202696|203095|203613|203901|203932,201566|202331|203460|203500|2546,,,1610612753.0,21700304,True
3,PT11M19.00S,11:19,Q3 11:19,23.316666666666666,327,steal,Westbrook STEAL (3 STL),[],Westbrook,59,59,,False,False,201566.0,,turnover,foul,,201566.0,,201566|202331|202696|203095|203460|203500|203613|203901|203932|2546,201566|202331|203460|203500|2546,202696|203095|203613|203901|203932,,,1610612760.0,21700304,True
3,PT11M17.00S,11:17,Q3 11:17,23.28333333333333,329,foul,Gordon S.FOUL (P1.T1) (T.Ford),[],Gordon,59,59,,False,False,203932.0,,steal,freethrow,201566.0,,,201566|202331|202696|203095|203460|203500|203613|203901|203932|2546,202696|203095|203613|203901|203932,201566|202331|203460|203500|2546,,,1610612753.0,21700304,True
3,PT11M17.00S,11:17,Q3 11:17,23.28333333333333,331,freethrow,MISS Westbrook Free Throw 1 of 2,[],Westbrook,59,59,Missed,False,False,201566.0,,foul,rebound,,,,201566|202331|202696|203095|203460|203500|203613|203901|203932|2546,201566|202331|203460|203500|2546,202696|203095|203613|203901|203932,,,1610612760.0,21700304,True
3,PT11M17.00S,11:17,Q3 11:17,23.28333333333333,332,rebound,TEAM offensive REBOUND,['team'],,59,59,,False,False,0.0,,freethrow,freethrow,,,,201566|202331|202696|203095|203460|203500|203613|203901|203932|2546,201566|202331|203460|203500|2546,202696|203095|203613|203901|203932,,,1610612760.0,21700304,True
3,PT11M17.00S,11:17,Q3 11:17,23.28333333333333,333,freethrow,Westbrook Free Throw 2 of 2 (12 PTS),['2ndchance'],Westbrook,59,60,Made,False,False,201566.0,,rebound,2pt made,,,,201566|202331|202696|203095|203460|203500|203613|203901|203932|2546,201566|202331|203460|203500|2546,202696|203095|203613|203901|203932,,,1610612760.0,21700304,True
3,PT10M55.00S,10:55,Q3 10:55,22.916666666666664,334,2pt,Payton 12' Pullup Jump Shot (15 PTS) (Vucevic 3 AST),['pointsinthepaint'],Payton,61,60,Made,True,True,203901.0,202696.0,freethrow,3pt missed,,,,201566|202331|202696|203095|203460|203500|203613|203901|203932|2546,202696|203095|203613|203901|203932,201566|202331|203460|203500|2546,6.0,115.0,1610612753.0,21700304,True
3,PT10M38.00S,10:38,Q3 10:38,22.633333333333333,337,3pt,MISS George 27' 3PT Jump Shot,[],George,61,60,Missed,True,False,202331.0,,2pt made,rebound,,,,201566|202331|202696|203095|203460|203500|203613|203901|203932|2546,201566|202331|203460|203500|2546,202696|203095|203613|203901|203932,47.0,261.0,1610612760.0,21700304,True
3,PT10M35.00S,10:35,Q3 10:35,22.583333333333336,338,rebound,Payton REBOUND (Off:0 Def:3),[],Payton,61,60,,False,False,203901.0,,3pt missed,turnover,,,,201566|202331|202696|203095|203460|203500|203613|203901|203932|2546,202696|203095|203613|203901|203932,201566|202331|203460|203500|2546,,,1610612753.0,21700304,True
3,PT10M22.00S,10:22,Q3 10:22,22.366666666666667,339,turnover,Simmons Bad Pass Turnover (P2.T8),[],Simmons,61,60,,False,False,203613.0,,rebound,steal,,,,201566|202331|202696|203095|203460|203500|203613|203901|203932|2546,202696|203095|203613|203901|203932,201566|202331|203460|203500|2546,,,1610612753.0,21700304,True
3,PT10M22.00S,10:22,Q3 10:22,22.366666666666667,339,steal,Adams STEAL (1 STL),[],Adams,61,60,,False,False,203500.0,,turnover,turnover,,203500.0,,201566|202331|202696|203095|203460|203500|203613|203901|203932|2546,201566|202331|203460|203500|2546,202696|203095|203613|203901|203932,,,1610612760.0,21700304,True
3,PT10M13.00S,10:13,Q3 10:13,22.21666666666667,341,turnover,Westbrook Bad Pass Turnover (P5.T9),[],Westbrook,61,60,,False,False,201566.0,,steal,steal,,,,201566|202331|202696|203095|203460|203500|203613|203901|203932|2546,201566|202331|203460|203500|2546,202696|203095|203613|203901|203932,,,1610612760.0,21700304,True
3,PT10M13.00S,10:13,Q3 10:13,22.21666666666667,341,steal,Gordon STEAL (4 STL),[],Gordon,61,60,,False,False,203932.0,,turnover,2pt made,,203932.0,,201566|202331|202696|203095|203460|203500|203613|203901|203932|2546,202696|203095|203613|203901|203932,201566|202331|203460|203500|2546,,,1610612753.0,21700304,True
3,PT10M09.00S,10:09,Q3 10:09,22.15,343,2pt,Gordon 2' Dunk (22 PTS),['pointsinthepaint'],Gordon,63,60,Made,True,False,203932.0,,steal,2pt missed,,,,201566|202331|202696|203095|203460|203500|203613|203901|203932|2546,202696|203095|203613|203901|203932,201566|202331|203460|203500|2546,-1.0,18.0,1610612753.0,21700304,True
3,PT09M48.00S,09:48,Q3 09:48,21.8,344,2pt,MISS Anthony 9' Jump Shot,[],Anthony,63,60,Missed,True,False,2546.0,,2pt made,rebound,,,,201566|202331|202696|203095|203460|203500|203613|203901|203932|2546,201566|202331|203460|203500|2546,202696|203095|203613|203901|203932,90.0,4.0,1610612760.0,21700304,True
3,PT09M45.00S,09:45,Q3 09:45,21.75,345,rebound,Vucevic REBOUND (Off:0 Def:4),[],Vucevic,63,60,,False,False,202696.0,,2pt missed,turnover,,,,201566|202331|202696|203095|203460|203500|203613|203901|203932|2546,202696|203095|203613|203901|203932,201566|202331|203460|203500|2546,,,1610612753.0,21700304,True
3,PT09M40.00S,09:40,Q3 09:40,21.666666666666664,346,turnover,Payton Lost Ball Turnover (P2.T9),[],Payton,63,60,,False,False,203901.0,,rebound,steal,,,,201566|202331|202696|203095|203460|203500|203613|203901|203932|2546,202696|203095|203613|203901|203932,201566|202331|203460|203500|2546,,,1610612753.0,21700304,True
3,PT09M40.00S,09:40,Q3 09:40,21.666666666666664,346,steal,Westbrook STEAL (4 STL),[],Westbrook,63,60,,False,False,201566.0,,turnover,3pt missed,,201566.0,,201566|202331|202696|203095|203460|203500|203613|203901|203932|2546,201566|202331|203460|203500|2546,202696|203095|203613|203901|203932,,,1610612760.0,21700304,True
3,PT09M35.00S,09:35,Q3 09:35,21.583333333333336,348,3pt,MISS Anthony 26' 3PT Running Jump Shot,[],Anthony,63,60,Missed,True,False,2546.0,,steal,rebound,,,,201566|202331|202696|203095|203460|203500|203613|203901|203932|2546,201566|202331|203460|203500|2546,202696|203095|203613|203901|203932,-157.0,208.0,1610612760.0,21700304,True
3,PT09M32.00S,09:32,Q3 09:32,21.53333333333333,349,rebound,Gordon REBOUND (Off:0 Def:6),[],Gordon,63,60,,False,False,203932.0,,3pt missed,3pt made,,,,201566|202331|202696|203095|203460|203500|203613|203901|203932|2546,202696|203095|203613|203901|203932,201566|202331|203460|203500|2546,,,1610612753.0,21700304,True
3,PT09M23.00S,09:23,Q3 09:23,21.383333333333333,350,3pt,Gordon 25' 3PT Jump Shot (25 PTS) (Vucevic 4 AST),[],Gordon,66,60,Made,True,True,203932.0,202696.0,rebound,foul,,,,201566|202331|202696|203095|203460|203500|203613|203901|203932|2546,202696|203095|203613|203901|203932,201566|202331|203460|203500|2546,146.0,207.0,1610612753.0,21700304,True
3,PT09M08.00S,09:08,Q3 09:08,21.133333333333333,352,foul,Payton S.FOUL (P2.T2) (S.Wright),[],Payton,66,60,,False,False,203901.0,,3pt made,freethrow,202331.0,,,201566|202331|202696|203095|203460|203500|203613|203901|203932|2546,202696|203095|203613|203901|203932,201566|202331|203460|203500|2546,,,1610612753.0,21700304,True
3,PT09M08.00S,09:08,Q3 09:08,21.133333333333333,354,freethrow,George Free Throw 1 of 2 (18 PTS),[],George,66,61,Made,False,False,202331.0,,foul,freethrow,,,,201566|202331|202696|203095|203460|203500|203613|203901|203932|2546,201566|202331|203460|203500|2546,202696|203095|203613|203901|203932,,,1610612760.0,21700304,True
3,PT09M08.00S,09:08,Q3 09:08,21.133333333333333,355,freethrow,George Free Throw 2 of 2 (19 PTS),[],George,66,62,Made,False,False,202331.0,,freethrow,3pt missed,,,,201566|202331|202696|203095|203460|203500|203613|203901|203932|2546,201566|202331|203460|203500|2546,202696|203095|203613|203901|203932,,,1610612760.0,21700304,True
3,PT08M56.00S,08:56,Q3 08:56,20.933333333333334,356,3pt,MISS Vucevic 26' 3PT Jump Shot,[],Vucevic,66,62,Missed,True,False,202696.0,,freethrow,rebound,,,,201566|202331|202696|203095|203460|203500|203613|203901|203932|2546,202696|203095|203613|203901|203932,201566|202331|203460|203500|2546,112.0,231.0,1610612753.0,21700304,True
3,PT08M52.00S,08:52,Q3 08:52,20.866666666666667,357,rebound,Roberson REBOUND (Off:1 Def:3),[],Roberson,66,62,,False,False,203460.0,,3pt missed,3pt made,,,,201566|202331|202696|203095|203460|203500|203613|203901|203932|2546,201566|202331|203460|203500|2546,202696|203095|203613|203901|203932,,,1610612760.0,21700304,True
3,PT08M44.00S,08:44,Q3 08:44,20.733333333333334,359,3pt,Westbrook 26' 3PT Jump Shot (15 PTS) (Anthony 2 AST),[],Westbrook,66,65,Made,True,True,201566.0,2546.0,rebound,3pt missed,,,,201566|202331|202696|203095|203460|203500|203613|203901|203932|2546,201566|202331|203460|203500|2546,202696|203095|203613|203901|203932,160.0,206.0,1610612760.0,21700304,True
3,PT08M28.00S,08:28,Q3 08:28,20.46666666666667,361,3pt,MISS Gordon 26' 3PT Jump Shot,[],Gordon,66,65,Missed,True,False,203932.0,,3pt made,rebound,,,,201566|202331|202696|203095|203460|203500|203613|203901|203932|2546,202696|203095|203613|203901|203932,201566|202331|203460|203500|2546,151.0,212.0,1610612753.0,21700304,True
3,PT08M24.00S,08:24,Q3 08:24,20.4,362,rebound,Anthony REBOUND (Off:0 Def:4),[],Anthony,66,65,,False,False,2546.0,,3pt missed,2pt missed,,,,201566|202331|202696|203095|203460|203500|203613|203901|203932|2546,201566|202331|203460|203500|2546,202696|203095|203613|203901|203932,,,1610612760.0,21700304,True
3,PT08M15.00S,08:15,Q3 08:15,20.25,363,2pt,MISS Adams 16' Hook Shot,[],Adams,66,65,Missed,True,False,203500.0,,rebound,rebound,,,,201566|202331|202696|203095|203460|203500|203613|203901|203932|2546,201566|202331|203460|203500|2546,202696|203095|203613|203901|203932,-43.0,155.0,1610612760.0,21700304,True
3,PT08M11.00S,08:11,Q3 08:11,20.183333333333334,365,rebound,Payton REBOUND (Off:0 Def:4),[],Payton,66,65,,False,False,203901.0,,2pt missed,foul,,,,201566|202331|202696|203095|203460|203500|203613|203901|203932|2546,202696|203095|203613|203901|203932,201566|202331|203460|203500|2546,,,1610612753.0,21700304,True
3,PT08M09.00S,08:09,Q3 08:09,20.15,366,foul,George P.FOUL (P1.T1) (G.Petraitis),[],George,66,65,,False,False,202331.0,,rebound,substitution,203095.0,,,201566|202331|202696|203095|203460|203500|203613|203901|203932|2546,201566|202331|203460|203500|2546,202696|203095|203613|203901|203932,,,1610612760.0,21700304,True
3,PT08M09.00S,08:09,Q3 08:09,20.15,368,substitution,SUB out: P. George,[],George,66,65,,False,False,202331.0,,foul,substitution,,,,201566|202696|203095|203460|203500|203613|203901|203932|2546,201566|203460|203500|2546,202696|203095|203613|203901|203932,,,1610612760.0,21700304,False
3,PT08M09.00S,08:09,Q3 08:09,20.15,369,substitution,SUB in: T. Ferguson,[],Ferguson,66,65,,False,False,1628390.0,,substitution,foul,,,,1628390|201566|202696|203095|203460|203500|203613|203901|203932|2546,1628390|201566|203460|203500|2546,202696|203095|203613|203901|203932,,,1610612760.0,21700304,True
3,PT08M03.00S,08:03,Q3 08:03,20.05,370,foul,Roberson S.FOUL (P1.T2) (T.Ford),[],Roberson,66,65,,False,False,203460.0,,substitution,freethrow,203095.0,,,1628390|201566|202696|203095|203460|203500|203613|203901|203932|2546,1628390|201566|203460|203500|2546,202696|203095|203613|203901|203932,,,1610612760.0,21700304,True
3,PT08M03.00S,08:03,Q3 08:03,20.05,372,freethrow,Fournier Free Throw 1 of 2 (4 PTS),[],Fournier,67,65,Made,False,False,203095.0,,foul,freethrow,,,,1628390|201566|202696|203095|203460|203500|203613|203901|203932|2546,202696|203095|203613|203901|203932,1628390|201566|203460|203500|2546,,,1610612753.0,21700304,True
3,PT08M03.00S,08:03,Q3 08:03,20.05,373,freethrow,Fournier Free Throw 2 of 2 (5 PTS),[],Fournier,68,65,Made,False,False,203095.0,,freethrow,3pt missed,,,,1628390|201566|202696|203095|203460|203500|203613|203901|203932|2546,202696|203095|203613|203901|203932,1628390|201566|203460|203500|2546,,,1610612753.0,21700304,True
3,PT07M47.00S,07:47,Q3 07:47,19.78333333333333,374,3pt,MISS Anthony 27' 3PT Jump Shot,[],Anthony,68,65,Missed,True,False,2546.0,,freethrow,rebound,,,,1628390|201566|202696|203095|203460|203500|203613|203901|203932|2546,1628390|201566|203460|203500|2546,202696|203095|203613|203901|203932,94.0,248.0,1610612760.0,21700304,True
3,PT07M44.00S,07:44,Q3 07:44,19.733333333333334,375,rebound,Roberson REBOUND (Off:2 Def:3),[],Roberson,68,65,,False,False,203460.0,,3pt missed,2pt made,,,,1628390|201566|202696|203095|203460|203500|203613|203901|203932|2546,1628390|201566|203460|203500|2546,202696|203095|203613|203901|203932,,,1610612760.0,21700304,True
3,PT07M34.00S,07:34,Q3 07:34,19.566666666666666,376,2pt,Anthony 10' Jump Shot (8 PTS),['pointsinthepaint'],Anthony,68,67,Made,True,False,2546.0,,rebound,foul,,,,1628390|201566|202696|203095|203460|203500|203613|203901|203932|2546,1628390|201566|203460|203500|2546,202696|203095|203613|203901|203932,7.0,103.0,1610612760.0,21700304,True
3,PT07M34.00S,07:34,Q3 07:34,19.566666666666666,377,foul,Payton S.FOUL (P3.T3) (G.Petraitis),[],Payton,68,67,,False,False,203901.0,,2pt made,freethrow,2546.0,,,1628390|201566|202696|203095|203460|203500|203613|203901|203932|2546,202696|203095|203613|203901|203932,1628390|201566|203460|203500|2546,,,1610612753.0,21700304,True
3,PT07M34.00S,07:34,Q3 07:34,19.566666666666666,379,freethrow,Anthony Free Throw 1 of 1 (9 PTS),[],Anthony,68,68,Made,False,False,2546.0,,foul,2pt made,,,,1628390|201566|202696|203095|203460|203500|203613|203901|203932|2546,1628390|201566|203460|203500|2546,202696|203095|203613|203901|203932,,,1610612760.0,21700304,True
3,PT07M20.00S,07:20,Q3 07:20,19.333333333333332,380,2pt,Gordon 3' Driving Layup (27 PTS),['pointsinthepaint'],Gordon,70,68,Made,True,False,203932.0,,freethrow,3pt missed,,,,1628390|201566|202696|203095|203460|203500|203613|203901|203932|2546,202696|203095|203613|203901|203932,1628390|201566|203460|203500|2546,-5.0,25.0,1610612753.0,21700304,True
3,PT07M02.00S,07:02,Q3 07:02,19.03333333333333,381,3pt,MISS Roberson 3PT Jump Shot,[],Roberson,70,68,Missed,True,False,203460.0,,2pt made,rebound,,,,1628390|201566|202696|203095|203460|203500|203613|203901|203932|2546,1628390|201566|203460|203500|2546,202696|203095|203613|203901|203932,230.0,-2.0,1610612760.0,21700304,True
3,PT06M58.00S,06:58,Q3 06:58,18.96666666666667,382,rebound,Westbrook REBOUND (Off:2 Def:3),[],Westbrook,70,68,,False,False,201566.0,,3pt missed,3pt made,,,,1628390|201566|202696|203095|203460|203500|203613|203901|203932|2546,1628390|201566|203460|203500|2546,202696|203095|203613|203901|203932,,,1610612760.0,21700304,True
3,PT06M57.00S,06:57,Q3 06:57,18.95,383,3pt,Anthony 26' 3PT Jump Shot (12 PTS) (Westbrook 5 AST),[],Anthony,70,71,Made,True,True,2546.0,201566.0,rebound,timeout,,,,1628390|201566|202696|203095|203460|203500|203613|203901|203932|2546,1628390|201566|203460|203500|2546,202696|203095|203613|203901|203932,3.0,264.0,1610612760.0,21700304,True
3,PT06M57.00S,06:57,Q3 06:57,18.95,385,timeout,MAGIC Timeout: Regular (Full 5 Short 0),[],,70,71,,False,False,0.0,,3pt made,2pt missed,,,,1628390|201566|202696|203095|203460|203500|203613|203901|203932|2546,202696|203095|203613|203901|203932,1628390|201566|203460|203500|2546,,,1610612753.0,21700304,True
3,PT06M45.00S,06:45,Q3 06:45,18.75,388,2pt,MISS Vucevic 20' Jump Shot,[],Vucevic,70,71,Missed,True,False,202696.0,,timeout,rebound,,,,1628390|201566|202696|203095|203460|203500|203613|203901|203932|2546,202696|203095|203613|203901|203932,1628390|201566|203460|203500|2546,-94.0,181.0,1610612753.0,21700304,True
3,PT06M41.00S,06:41,Q3 06:41,18.683333333333334,389,rebound,Anthony REBOUND (Off:0 Def:5),[],Anthony,70,71,,False,False,2546.0,,2pt missed,foul,,,,1628390|201566|202696|203095|203460|203500|203613|203901|203932|2546,1628390|201566|203460|203500|2546,202696|203095|203613|203901|203932,,,1610612760.0,21700304,True
3,PT06M30.00S,06:30,Q3 06:30,18.5,390,foul,Simmons S.FOUL (P3.T4) (S.Wright),[],Simmons,70,71,,False,False,203613.0,,rebound,freethrow,203500.0,,,1628390|201566|202696|203095|203460|203500|203613|203901|203932|2546,202696|203095|203613|203901|203932,1628390|201566|203460|203500|2546,,,1610612753.0,21700304,True
3,PT06M30.00S,06:30,Q3 06:30,18.5,392,freethrow,MISS Adams Free Throw 1 of 2,[],Adams,70,71,Missed,False,False,203500.0,,foul,rebound,,,,1628390|201566|202696|203095|203460|203500|203613|203901|203932|2546,1628390|201566|203460|203500|2546,202696|203095|203613|203901|203932,,,1610612760.0,21700304,True
3,PT06M30.00S,06:30,Q3 06:30,18.5,393,rebound,TEAM offensive REBOUND,['team'],,70,71,,False,False,0.0,,freethrow,freethrow,,,,1628390|201566|202696|203095|203460|203500|203613|203901|203932|2546,1628390|201566|203460|203500|2546,202696|203095|203613|203901|203932,,,1610612760.0,21700304,True
3,PT06M30.00S,06:30,Q3 06:30,18.5,396,freethrow,MISS Adams Free Throw 2 of 2,[],Adams,70,71,Missed,False,False,203500.0,,rebound,substitution,,,,1628390|201566|202696|203095|203460|203500|203613|203901|203932|2546,1628390|201566|203460|203500|2546,202696|203095|203613|203901|203932,,,1610612760.0,21700304,True
3,PT06M30.00S,06:30,Q3 06:30,18.5,394,substitution,SUB out: A. Roberson,[],Roberson,70,71,,False,False,203460.0,,freethrow,substitution,,,,1628390|201566|202696|203095|203500|203613|203901|203932|2546,1628390|201566|203500|2546,202696|203095|203613|203901|203932,,,1610612760.0,21700304,False
3,PT06M30.00S,06:30,Q3 06:30,18.5,395,substitution,SUB in: P. George,[],George,70,71,,False,False,202331.0,,substitution,rebound,,,,1628390|201566|202331|202696|203095|203500|203613|203901|203932|2546,1628390|201566|202331|203500|2546,202696|203095|203613|203901|203932,,,1610612760.0,21700304,True
3,PT06M29.00S,06:29,Q3 06:29,18.483333333333334,397,rebound,TEAM offensive REBOUND,['team'],,70,71,,False,False,0.0,,substitution,foul,,,,1628390|201566|202331|202696|203095|203500|203613|203901|203932|2546,1628390|201566|202331|203500|2546,202696|203095|203613|203901|203932,,,1610612760.0,21700304,True
3,PT06M29.00S,06:29,Q3 06:29,18.483333333333334,398,foul,Fournier P.FOUL (P1.PN) (G.Petraitis),['inpenalty'],Fournier,70,71,,False,False,203095.0,,rebound,freethrow,2546.0,,,1628390|201566|202331|202696|203095|203500|203613|203901|203932|2546,202696|203095|203613|203901|203932,1628390|201566|202331|203500|2546,,,1610612753.0,21700304,True
3,PT06M29.00S,06:29,Q3 06:29,18.483333333333334,400,freethrow,Anthony Free Throw 1 of 2 (13 PTS),[],Anthony,70,72,Made,False,False,2546.0,,foul,freethrow,,,,1628390|201566|202331|202696|203095|203500|203613|203901|203932|2546,1628390|201566|202331|203500|2546,202696|203095|203613|203901|203932,,,1610612760.0,21700304,True
3,PT06M29.00S,06:29,Q3 06:29,18.483333333333334,401,freethrow,Anthony Free Throw 2 of 2 (14 PTS),[],Anthony,70,73,Made,False,False,2546.0,,freethrow,2pt made,,,,1628390|201566|202331|202696|203095|203500|203613|203901|203932|2546,1628390|201566|202331|203500|2546,202696|203095|203613|203901|203932,,,1610612760.0,21700304,True
3,PT06M15.00S,06:15,Q3 06:15,18.25,402,2pt,Payton 2' Layup (17 PTS) (Vucevic 5 AST),['pointsinthepaint'],Payton,72,73,Made,True,True,203901.0,202696.0,freethrow,3pt missed,,,,1628390|201566|202331|202696|203095|203500|203613|203901|203932|2546,202696|203095|203613|203901|203932,1628390|201566|202331|203500|2546,0.0,17.0,1610612753.0,21700304,True
3,PT06M01.00S,06:01,Q3 06:01,18.016666666666666,404,3pt,MISS George 27' 3PT Jump Shot,[],George,72,73,Missed,True,False,202331.0,,2pt made,rebound,,,,1628390|201566|202331|202696|203095|203500|203613|203901|203932|2546,1628390|201566|202331|203500|2546,202696|203095|203613|203901|203932,36.0,263.0,1610612760.0,21700304,True
3,PT05M55.00S,05:55,Q3 05:55,17.916666666666668,405,rebound,Adams REBOUND (Off:3 Def:1),[],Adams,72,73,,False,False,203500.0,,3pt missed,2pt missed,,,,1628390|201566|202331|202696|203095|203500|203613|203901|203932|2546,1628390|201566|202331|203500|2546,202696|203095|203613|203901|203932,,,1610612760.0,21700304,True
3,PT05M55.00S,05:55,Q3 05:55,17.916666666666668,406,2pt,MISS Adams 1' Tip Layup Shot,['pointsinthepaint'],Adams,72,73,Missed,True,False,203500.0,,rebound,rebound,,,,1628390|201566|202331|202696|203095|203500|203613|203901|203932|2546,1628390|201566|202331|203500|2546,202696|203095|203613|203901|203932,0.0,-6.0,1610612760.0,21700304,True
3,PT05M54.00S,05:54,Q3 05:54,17.9,407,rebound,Adams REBOUND (Off:4 Def:1),[],Adams,72,73,,False,False,203500.0,,2pt missed,2pt missed,,,,1628390|201566|202331|202696|203095|203500|203613|203901|203932|2546,1628390|201566|202331|203500|2546,202696|203095|203613|203901|203932,,,1610612760.0,21700304,True
3,PT05M52.00S,05:52,Q3 05:52,17.866666666666667,408,2pt,MISS Adams 6' Layup,['pointsinthepaint'],Adams,72,73,Missed,True,False,203500.0,,rebound,rebound,,,,1628390|201566|202331|202696|203095|203500|203613|203901|203932|2546,1628390|201566|202331|203500|2546,202696|203095|203613|203901|203932,-10.0,61.0,1610612760.0,21700304,True
3,PT05M52.00S,05:52,Q3 05:52,17.866666666666667,409,rebound,Adams REBOUND (Off:5 Def:1),[],Adams,72,73,,False,False,203500.0,,2pt missed,2pt missed,,,,1628390|201566|202331|202696|203095|203500|203613|203901|203932|2546,1628390|201566|202331|203500|2546,202696|203095|203613|203901|203932,,,1610612760.0,21700304,True
3,PT05M47.00S,05:47,Q3 05:47,17.78333333333333,410,2pt,MISS Adams 1' Tip Layup Shot,['pointsinthepaint'],Adams,72,73,Missed,True,False,203500.0,,rebound,rebound,,,,1628390|201566|202331|202696|203095|203500|203613|203901|203932|2546,1628390|201566|202331|203500|2546,202696|203095|203613|203901|203932,0.0,-6.0,1610612760.0,21700304,True
3,PT05M46.00S,05:46,Q3 05:46,17.766666666666666,411,rebound,Adams REBOUND (Off:6 Def:1),[],Adams,72,73,,False,False,203500.0,,2pt missed,2pt made,,,,1628390|201566|202331|202696|203095|203500|203613|203901|203932|2546,1628390|201566|202331|203500|2546,202696|203095|203613|203901|203932,,,1610612760.0,21700304,True
3,PT05M44.00S,05:44,Q3 05:44,17.733333333333334,412,2pt,Adams 4' Tip Layup Shot (6 PTS),['pointsinthepaint'],Adams,72,75,Made,True,False,203500.0,,rebound,2pt made,,,,1628390|201566|202331|202696|203095|203500|203613|203901|203932|2546,1628390|201566|202331|203500|2546,202696|203095|203613|203901|203932,9.0,35.0,1610612760.0,21700304,True
3,PT05M38.00S,05:38,Q3 05:38,17.633333333333333,413,2pt,Fournier 17' Jump Shot (7 PTS) (Vucevic 6 AST),[],Fournier,74,75,Made,True,True,203095.0,202696.0,2pt made,foul,,,,1628390|201566|202331|202696|203095|203500|203613|203901|203932|2546,202696|203095|203613|203901|203932,1628390|201566|202331|203500|2546,89.0,143.0,1610612753.0,21700304,True
3,PT05M26.00S,05:26,Q3 05:26,17.433333333333334,415,foul,Payton S.FOUL (P4.PN) (T.Ford),['inpenalty'],Payton,74,75,,False,False,203901.0,,2pt made,freethrow,201566.0,,,1628390|201566|202331|202696|203095|203500|203613|203901|203932|2546,202696|203095|203613|203901|203932,1628390|201566|202331|203500|2546,,,1610612753.0,21700304,True
3,PT05M26.00S,05:26,Q3 05:26,17.433333333333334,417,freethrow,Westbrook Free Throw 1 of 2 (16 PTS),[],Westbrook,74,76,Made,False,False,201566.0,,foul,freethrow,,,,1628390|201566|202331|202696|203095|203500|203613|203901|203932|2546,1628390|201566|202331|203500|2546,202696|203095|203613|203901|203932,,,1610612760.0,21700304,True
3,PT05M26.00S,05:26,Q3 05:26,17.433333333333334,418,freethrow,MISS Westbrook Free Throw 2 of 2,[],Westbrook,74,76,Missed,False,False,201566.0,,freethrow,rebound,,,,1628390|201566|202331|202696|203095|203500|203613|203901|203932|2546,1628390|201566|202331|203500|2546,202696|203095|203613|203901|203932,,,1610612760.0,21700304,True
3,PT05M24.00S,05:24,Q3 05:24,17.4,419,rebound,Westbrook REBOUND (Off:3 Def:3),[],Westbrook,74,76,,False,False,201566.0,,freethrow,foul,,,,1628390|201566|202331|202696|203095|203500|203613|203901|203932|2546,1628390|201566|202331|203500|2546,202696|203095|203613|203901|203932,,,1610612760.0,21700304,True
3,PT05M23.00S,05:23,Q3 05:23,17.383333333333333,420,foul,Vucevic S.FOUL (P2.PN) (S.Wright),['inpenalty'],Vucevic,74,76,,False,False,202696.0,,rebound,freethrow,201566.0,,,1628390|201566|202331|202696|203095|203500|203613|203901|203932|2546,202696|203095|203613|203901|203932,1628390|201566|202331|203500|2546,,,1610612753.0,21700304,True
3,PT05M23.00S,05:23,Q3 05:23,17.383333333333333,422,freethrow,MISS Westbrook Free Throw 1 of 2,[],Westbrook,74,76,Missed,False,False,201566.0,,foul,rebound,,,,1628390|201566|202331|202696|203095|203500|203613|203901|203932|2546,1628390|201566|202331|203500|2546,202696|203095|203613|203901|203932,,,1610612760.0,21700304,True
3,PT05M23.00S,05:23,Q3 05:23,17.383333333333333,423,rebound,TEAM offensive REBOUND,['team'],,74,76,,False,False,0.0,,freethrow,freethrow,,,,1628390|201566|202331|202696|203095|203500|203613|203901|203932|2546,1628390|201566|202331|203500|2546,202696|203095|203613|203901|203932,,,1610612760.0,21700304,True
3,PT05M23.00S,05:23,Q3 05:23,17.383333333333333,428,freethrow,Westbrook Free Throw 2 of 2 (17 PTS),[],Westbrook,74,77,Made,False,False,201566.0,,rebound,substitution,,,,1628390|201566|202331|202696|203095|203500|203613|203901|203932|2546,1628390|201566|202331|203500|2546,202696|203095|203613|203901|203932,,,1610612760.0,21700304,True
3,PT05M23.00S,05:23,Q3 05:23,17.383333333333333,424,substitution,SUB out: E. Payton,[],Payton,74,76,,False,False,203901.0,,freethrow,substitution,,,,1628390|201566|202331|202696|203095|203500|203613|203932|2546,202696|203095|203613|203932,1628390|201566|202331|203500|2546,,,1610612753.0,21700304,False
3,PT05M23.00S,05:23,Q3 05:23,17.383333333333333,425,substitution,SUB out: J. Simmons,[],Simmons,74,76,,False,False,203613.0,,substitution,substitution,,,,1628390|201566|202331|202696|203095|203500|203932|2546,202696|203095|203932,1628390|201566|202331|203500|2546,,,1610612753.0,21700304,False
3,PT05M23.00S,05:23,Q3 05:23,17.383333333333333,426,substitution,SUB in: A. Afflalo,[],Afflalo,74,76,,False,False,201167.0,,substitution,substitution,,,,1628390|201167|201566|202331|202696|203095|203500|203932|2546,201167|202696|203095|203932,1628390|201566|202331|203500|2546,,,1610612753.0,21700304,False
3,PT05M23.00S,05:23,Q3 05:23,17.383333333333333,427,substitution,SUB in: D. Augustin,[],Augustin,74,76,,False,False,201571.0,,substitution,3pt made,,,,1628390|201167|201566|201571|202331|202696|203095|203500|203932|2546,201167|201571|202696|203095|203932,1628390|201566|202331|203500|2546,,,1610612753.0,21700304,True
3,PT05M11.00S,05:11,Q3 05:11,17.183333333333334,429,3pt,Gordon 26' 3PT Jump Shot (30 PTS),[],Gordon,77,77,Made,True,False,203932.0,,substitution,2pt missed,,,,1628390|201167|201566|201571|202331|202696|203095|203500|203932|2546,201167|201571|202696|203095|203932,1628390|201566|202331|203500|2546,3.0,263.0,1610612753.0,21700304,True
3,PT05M01.00S,05:01,Q3 05:01,17.016666666666666,430,2pt,MISS Westbrook 18' Running Jump Shot,[],Westbrook,77,77,Missed,True,False,201566.0,,3pt made,rebound,,,,1628390|201167|201566|201571|202331|202696|203095|203500|203932|2546,1628390|201566|202331|203500|2546,201167|201571|202696|203095|203932,78.0,163.0,1610612760.0,21700304,True
3,PT04M59.00S,04:59,Q3 04:59,16.983333333333334,431,rebound,Gordon REBOUND (Off:0 Def:7),[],Gordon,77,77,,False,False,203932.0,,2pt missed,2pt missed,,,,1628390|201167|201566|201571|202331|202696|203095|203500|203932|2546,201167|201571|202696|203095|203932,1628390|201566|202331|203500|2546,,,1610612753.0,21700304,True
3,PT04M51.00S,04:51,Q3 04:51,16.85,432,2pt,MISS Gordon 3' Layup,['pointsinthepaint'],Gordon,77,77,Missed,True,False,203932.0,,rebound,block,,,,1628390|201167|201566|201571|202331|202696|203095|203500|203932|2546,201167|201571|202696|203095|203932,1628390|201566|202331|203500|2546,0.0,27.0,1610612753.0,21700304,True
3,PT04M51.00S,04:51,Q3 04:51,16.85,432,block,Adams BLOCK (1 BLK),[],Adams,77,77,,False,False,203500.0,,2pt missed,rebound,,,203500.0,1628390|201167|201566|201571|202331|202696|203095|203500|203932|2546,1628390|201566|202331|203500|2546,201167|201571|202696|203095|203932,,,1610612760.0,21700304,True
3,PT04M43.00S,04:43,Q3 04:43,16.71666666666667,437,rebound,TEAM offensive REBOUND,['team'],,77,77,,False,False,0.0,,block,3pt missed,,,,1628390|201167|201566|201571|202331|202696|203095|203500|203932|2546,201167|201571|202696|203095|203932,1628390|201566|202331|203500|2546,,,1610612753.0,21700304,True
3,PT04M41.00S,04:41,Q3 04:41,16.683333333333334,438,3pt,MISS Afflalo 3PT Jump Shot,['2ndchance'],Afflalo,77,77,Missed,True,False,201167.0,,rebound,rebound,,,,1628390|201167|201566|201571|202331|202696|203095|203500|203932|2546,201167|201571|202696|203095|203932,1628390|201566|202331|203500|2546,231.0,31.0,1610612753.0,21700304,True
3,PT04M38.00S,04:38,Q3 04:38,16.633333333333333,439,rebound,George REBOUND (Off:1 Def:3),[],George,77,77,,False,False,202331.0,,3pt missed,3pt missed,,,,1628390|201167|201566|201571|202331|202696|203095|203500|203932|2546,1628390|201566|202331|203500|2546,201167|201571|202696|203095|203932,,,1610612760.0,21700304,True
3,PT04M31.00S,04:31,Q3 04:31,16.516666666666666,440,3pt,MISS Ferguson 3PT Jump Shot,[],Ferguson,77,77,Missed,True,False,1628390.0,,rebound,rebound,,,,1628390|201167|201566|201571|202331|202696|203095|203500|203932|2546,1628390|201566|202331|203500|2546,201167|201571|202696|203095|203932,230.0,41.0,1610612760.0,21700304,True
3,PT04M28.00S,04:28,Q3 04:28,16.46666666666667,441,rebound,Gordon REBOUND (Off:0 Def:8),[],Gordon,77,77,,False,False,203932.0,,3pt missed,freethrow,,,,1628390|201167|201566|201571|202331|202696|203095|203500|203932|2546,201167|201571|202696|203095|203932,1628390|201566|202331|203500|2546,,,1610612753.0,21700304,True
3,PT04M22.00S,04:22,Q3 04:22,16.366666666666667,443,freethrow,Fournier Free Throw Technical (8 PTS),[],Fournier,78,77,Made,False,False,203095.0,,rebound,foul,,,,1628390|201167|201566|201571|202331|202696|203095|203500|203932|2546,201167|201571|202696|203095|203932,1628390|201566|202331|203500|2546,,,1610612753.0,21700304,True
3,PT04M22.00S,04:22,Q3 04:22,16.366666666666667,446,foul,Thunder T.Foul (Def. 3 Sec Ferguson ) (S.Wright),[],Ferguson,77,77,,False,False,1628390.0,,freethrow,2pt made,203095.0,,,1628390|201167|201566|201571|202331|202696|203095|203500|203932|2546,1628390|201566|202331|203500|2546,201167|201571|202696|203095|203932,,,1610612760.0,21700304,True
3,PT04M12.00S,04:12,Q3 04:12,16.2,444,2pt,Fournier 13' Jump Shot (10 PTS) (Vucevic 7 AST),['pointsinthepaint'],Fournier,80,77,Made,True,True,203095.0,202696.0,foul,3pt missed,,,,1628390|201167|201566|201571|202331|202696|203095|203500|203932|2546,201167|201571|202696|203095|203932,1628390|201566|202331|203500|2546,70.0,111.0,1610612753.0,21700304,True
3,PT03M56.00S,03:56,Q3 03:56,15.933333333333334,447,3pt,MISS Westbrook 26' 3PT Jump Shot,[],Westbrook,80,77,Missed,True,False,201566.0,,2pt made,rebound,,,,1628390|201167|201566|201571|202331|202696|203095|203500|203932|2546,1628390|201566|202331|203500|2546,201167|201571|202696|203095|203932,139.0,222.0,1610612760.0,21700304,True
3,PT03M51.00S,03:51,Q3 03:51,15.85,448,rebound,Vucevic REBOUND (Off:0 Def:5),[],Vucevic,80,77,,False,False,202696.0,,3pt missed,3pt missed,,,,1628390|201167|201566|201571|202331|202696|203095|203500|203932|2546,201167|201571|202696|203095|203932,1628390|201566|202331|203500|2546,,,1610612753.0,21700304,True
3,PT03M32.00S,03:32,Q3 03:32,15.533333333333333,450,3pt,MISS Fournier 3PT Jump Shot,[],Fournier,80,77,Missed,True,False,203095.0,,rebound,rebound,,,,1628390|201167|201566|201571|202331|202696|203095|203500|203932|2546,201167|201571|202696|203095|203932,1628390|201566|202331|203500|2546,-223.0,22.0,1610612753.0,21700304,True
3,PT03M27.00S,03:27,Q3 03:27,15.45,451,rebound,Westbrook REBOUND (Off:3 Def:4),[],Westbrook,80,77,,False,False,201566.0,,3pt missed,2pt missed,,,,1628390|201167|201566|201571|202331|202696|203095|203500|203932|2546,1628390|201566|202331|203500|2546,201167|201571|202696|203095|203932,,,1610612760.0,21700304,True
3,PT03M21.00S,03:21,Q3 03:21,15.35,452,2pt,MISS Anthony 19' Jump Shot,[],Anthony,80,77,Missed,True,False,2546.0,,rebound,rebound,,,,1628390|201167|201566|201571|202331|202696|203095|203500|203932|2546,1628390|201566|202331|203500|2546,201167|201571|202696|203095|203932,-93.0,168.0,1610612760.0,21700304,True
3,PT03M17.00S,03:17,Q3 03:17,15.283333333333333,453,rebound,Ferguson REBOUND (Off:1 Def:1),[],Ferguson,80,77,,False,False,1628390.0,,2pt missed,3pt missed,,,,1628390|201167|201566|201571|202331|202696|203095|203500|203932|2546,1628390|201566|202331|203500|2546,201167|201571|202696|203095|203932,,,1610612760.0,21700304,True
3,PT03M15.00S,03:15,Q3 03:15,15.25,454,3pt,MISS Anthony 26' 3PT Jump Shot,[],Anthony,80,77,Missed,True,False,2546.0,,rebound,rebound,,,,1628390|201167|201566|201571|202331|202696|203095|203500|203932|2546,1628390|201566|202331|203500|2546,201167|201571|202696|203095|203932,-146.0,216.0,1610612760.0,21700304,True
3,PT03M12.00S,03:12,Q3 03:12,15.2,455,rebound,Vucevic REBOUND (Off:0 Def:6),[],Vucevic,80,77,,False,False,202696.0,,3pt missed,foul,,,,1628390|201167|201566|201571|202331|202696|203095|203500|203932|2546,201167|201571|202696|203095|203932,1628390|201566|202331|203500|2546,,,1610612753.0,21700304,True
3,PT03M00.00S,03:00,Q3 03:00,15.0,456,foul,Adams P.FOUL (P4.T3) (G.Petraitis),[],Adams,80,77,,False,False,203500.0,,rebound,substitution,201167.0,,,1628390|201167|201566|201571|202331|202696|203095|203500|203932|2546,1628390|201566|202331|203500|2546,201167|201571|202696|203095|203932,,,1610612760.0,21700304,True
3,PT03M00.00S,03:00,Q3 03:00,15.0,458,substitution,SUB out: C. Anthony,[],Anthony,80,77,,False,False,2546.0,,foul,substitution,,,,1628390|201167|201566|201571|202331|202696|203095|203500|203932,1628390|201566|202331|203500,201167|201571|202696|203095|203932,,,1610612760.0,21700304,False
3,PT03M00.00S,03:00,Q3 03:00,15.0,459,substitution,SUB in: J. Grant,[],Grant,80,77,,False,False,203924.0,,substitution,substitution,,,,1628390|201167|201566|201571|202331|202696|203095|203500|203924|203932,1628390|201566|202331|203500|203924,201167|201571|202696|203095|203932,,,1610612760.0,21700304,True
3,PT02M53.00S,02:53,Q3 02:53,14.883333333333333,461,substitution,SUB out: S. Adams,[],Adams,80,77,,False,False,203500.0,,substitution,substitution,,,,1628390|201167|201566|201571|202331|202696|203095|203924|203932,1628390|201566|202331|203924,201167|201571|202696|203095|203932,,,1610612760.0,21700304,False
3,PT02M53.00S,02:53,Q3 02:53,14.883333333333333,462,substitution,SUB in: D. Johnson,[],Johnson,80,77,,False,False,1626177.0,,substitution,foul,,,,1626177|1628390|201167|201566|201571|202331|202696|203095|203924|203932,1626177|1628390|201566|202331|203924,201167|201571|202696|203095|203932,,,1610612760.0,21700304,True
3,PT02M49.00S,02:49,Q3 02:49,14.816666666666666,464,foul,Afflalo OFF.Foul (P2) (G.Petraitis),['inpenalty'],Afflalo,80,77,,False,False,201167.0,,substitution,turnover,1626177.0,,,1626177|1628390|201167|201566|201571|202331|202696|203095|203924|203932,201167|201571|202696|203095|203932,1626177|1628390|201566|202331|203924,,,1610612753.0,21700304,True
3,PT02M49.00S,02:49,Q3 02:49,14.816666666666666,466,turnover,Afflalo Offensive Foul Turnover (P1.T10),[],Afflalo,80,77,,False,False,201167.0,,foul,2pt missed,,,,1626177|1628390|201167|201566|201571|202331|202696|203095|203924|203932,201167|201571|202696|203095|203932,1626177|1628390|201566|202331|203924,,,1610612753.0,21700304,True
3,PT02M36.00S,02:36,Q3 02:36,14.6,467,2pt,MISS Johnson 3' Layup,['pointsinthepaint'],Johnson,80,77,Missed,True,False,1626177.0,,turnover,block,,,,1626177|1628390|201167|201566|201571|202331|202696|203095|203924|203932,1626177|1628390|201566|202331|203924,201167|201571|202696|203095|203932,0.0,29.0,1610612760.0,21700304,True
3,PT02M36.00S,02:36,Q3 02:36,14.6,467,block,Afflalo BLOCK (1 BLK),[],Afflalo,80,77,,False,False,201167.0,,2pt missed,rebound,,,201167.0,1626177|1628390|201167|201566|201571|202331|202696|203095|203924|203932,201167|201571|202696|203095|203932,1626177|1628390|201566|202331|203924,,,1610612753.0,21700304,True
3,PT02M32.00S,02:32,Q3 02:32,14.533333333333333,469,rebound,Fournier REBOUND (Off:0 Def:1),[],Fournier,80,77,,False,False,203095.0,,block,2pt made,,,,1626177|1628390|201167|201566|201571|202331|202696|203095|203924|203932,201167|201571|202696|203095|203932,1626177|1628390|201566|202331|203924,,,1610612753.0,21700304,True
3,PT02M24.00S,02:24,Q3 02:24,14.4,470,2pt,Vucevic 3' Finger Roll Layup (10 PTS) (Fournier 2 AST),['pointsinthepaint'],Vucevic,82,77,Made,True,True,202696.0,203095.0,rebound,2pt missed,,,,1626177|1628390|201167|201566|201571|202331|202696|203095|203924|203932,201167|201571|202696|203095|203932,1626177|1628390|201566|202331|203924,4.0,26.0,1610612753.0,21700304,True
3,PT02M14.00S,02:14,Q3 02:14,14.233333333333334,472,2pt,MISS Westbrook 17' Running Jump Shot,[],Westbrook,82,77,Missed,True,False,201566.0,,2pt made,rebound,,,,1626177|1628390|201167|201566|201571|202331|202696|203095|203924|203932,1626177|1628390|201566|202331|203924,201167|201571|202696|203095|203932,52.0,158.0,1610612760.0,21700304,True
3,PT02M11.00S,02:11,Q3 02:11,14.183333333333334,473,rebound,Vucevic REBOUND (Off:0 Def:7),[],Vucevic,82,77,,False,False,202696.0,,2pt missed,3pt missed,,,,1626177|1628390|201167|201566|201571|202331|202696|203095|203924|203932,201167|201571|202696|203095|203932,1626177|1628390|201566|202331|203924,,,1610612753.0,21700304,True
3,PT02M03.00S,02:03,Q3 02:03,14.05,474,3pt,MISS Vucevic 27' 3PT Jump Shot,[],Vucevic,82,77,Missed,True,False,202696.0,,rebound,rebound,,,,1626177|1628390|201167|201566|201571|202331|202696|203095|203924|203932,201167|201571|202696|203095|203932,1626177|1628390|201566|202331|203924,-99.0,247.0,1610612753.0,21700304,True
3,PT02M03.00S,02:03,Q3 02:03,14.05,475,rebound,George REBOUND (Off:1 Def:4),[],George,82,77,,False,False,202331.0,,3pt missed,2pt missed,,,,1626177|1628390|201167|201566|201571|202331|202696|203095|203924|203932,1626177|1628390|201566|202331|203924,201167|201571|202696|203095|203932,,,1610612760.0,21700304,True
3,PT01M54.00S,01:54,Q3 01:54,13.9,476,2pt,MISS George 15' Jump Shot,[],George,82,77,Missed,True,False,202331.0,,rebound,rebound,,,,1626177|1628390|201167|201566|201571|202331|202696|203095|203924|203932,1626177|1628390|201566|202331|203924,201167|201571|202696|203095|203932,-106.0,101.0,1610612760.0,21700304,True
3,PT01M49.00S,01:49,Q3 01:49,13.816666666666666,477,rebound,Gordon REBOUND (Off:0 Def:9),[],Gordon,82,77,,False,False,203932.0,,2pt missed,2pt made,,,,1626177|1628390|201167|201566|201571|202331|202696|203095|203924|203932,201167|201571|202696|203095|203932,1626177|1628390|201566|202331|203924,,,1610612753.0,21700304,True
3,PT01M36.00S,01:36,Q3 01:36,13.6,478,2pt,Vucevic 9' Hook Shot (12 PTS),['pointsinthepaint'],Vucevic,84,77,Made,True,False,202696.0,,rebound,2pt missed,,,,1626177|1628390|201167|201566|201571|202331|202696|203095|203924|203932,201167|201571|202696|203095|203932,1626177|1628390|201566|202331|203924,-79.0,43.0,1610612753.0,21700304,True
3,PT01M19.00S,01:19,Q3 01:19,13.316666666666666,479,2pt,MISS Westbrook 11' Turnaround Jump Shot,['pointsinthepaint'],Westbrook,84,77,Missed,True,False,201566.0,,2pt made,rebound,,,,1626177|1628390|201167|201566|201571|202331|202696|203095|203924|203932,1626177|1628390|201566|202331|203924,201167|201571|202696|203095|203932,9.0,105.0,1610612760.0,21700304,True
3,PT01M17.00S,01:17,Q3 01:17,13.283333333333333,480,rebound,Gordon REBOUND (Off:0 Def:10),[],Gordon,84,77,,False,False,203932.0,,2pt missed,foul,,,,1626177|1628390|201167|201566|201571|202331|202696|203095|203924|203932,201167|201571|202696|203095|203932,1626177|1628390|201566|202331|203924,,,1610612753.0,21700304,True
3,PT01M05.00S,01:05,Q3 01:05,13.083333333333334,481,foul,Ferguson S.FOUL (P1.T4) (T.Ford),['inpenalty'],Ferguson,84,77,,False,False,1628390.0,,rebound,freethrow,202696.0,,,1626177|1628390|201167|201566|201571|202331|202696|203095|203924|203932,1626177|1628390|201566|202331|203924,201167|201571|202696|203095|203932,,,1610612760.0,21700304,True
3,PT01M05.00S,01:05,Q3 01:05,13.083333333333334,483,freethrow,MISS Vucevic Free Throw 1 of 2,[],Vucevic,84,77,Missed,False,False,202696.0,,foul,rebound,,,,1626177|1628390|201167|201566|201571|202331|202696|203095|203924|203932,201167|201571|202696|203095|203932,1626177|1628390|201566|202331|203924,,,1610612753.0,21700304,True
3,PT01M05.00S,01:05,Q3 01:05,13.083333333333334,484,rebound,TEAM offensive REBOUND,['team'],,84,77,,False,False,0.0,,freethrow,freethrow,,,,1626177|1628390|201167|201566|201571|202331|202696|203095|203924|203932,201167|201571|202696|203095|203932,1626177|1628390|201566|202331|203924,,,1610612753.0,21700304,True
3,PT01M05.00S,01:05,Q3 01:05,13.083333333333334,487,freethrow,Vucevic Free Throw 2 of 2 (13 PTS),[],Vucevic,85,77,Made,False,False,202696.0,,rebound,substitution,,,,1626177|1628390|201167|201566|201571|202331|202696|203095|203924|203932,201167|201571|202696|203095|203932,1626177|1628390|201566|202331|203924,,,1610612753.0,21700304,True
3,PT01M05.00S,01:05,Q3 01:05,13.083333333333334,485,substitution,SUB out: R. Westbrook,[],Westbrook,84,77,,False,False,201566.0,,freethrow,substitution,,,,1626177|1628390|201167|201571|202331|202696|203095|203924|203932,1626177|1628390|202331|203924,201167|201571|202696|203095|203932,,,1610612760.0,21700304,False
3,PT01M05.00S,01:05,Q3 01:05,13.083333333333334,486,substitution,SUB in: R. Felton,[],Felton,84,77,,False,False,101109.0,,substitution,2pt missed,,,,101109|1626177|1628390|201167|201571|202331|202696|203095|203924|203932,101109|1626177|1628390|202331|203924,201167|201571|202696|203095|203932,,,1610612760.0,21700304,True
3,PT00M46.90S,00:46,Q3 00:46,12.781666666666666,488,2pt,MISS Johnson 4' Layup,['pointsinthepaint'],Johnson,85,77,Missed,True,False,1626177.0,,substitution,rebound,,,,101109|1626177|1628390|201167|201571|202331|202696|203095|203924|203932,101109|1626177|1628390|202331|203924,201167|201571|202696|203095|203932,-3.0,41.0,1610612760.0,21700304,True
3,PT00M44.60S,00:44,Q3 00:44,12.743333333333334,489,rebound,Gordon REBOUND (Off:0 Def:11),[],Gordon,85,77,,False,False,203932.0,,2pt missed,foul,,,,101109|1626177|1628390|201167|201571|202331|202696|203095|203924|203932,201167|201571|202696|203095|203932,101109|1626177|1628390|202331|203924,,,1610612753.0,21700304,True
3,PT00M41.60S,00:41,Q3 00:41,12.693333333333333,490,foul,Johnson S.FOUL (P3.PN) (S.Wright),['inpenalty'],Johnson,85,77,,False,False,1626177.0,,rebound,freethrow,203932.0,,,101109|1626177|1628390|201167|201571|202331|202696|203095|203924|203932,101109|1626177|1628390|202331|203924,201167|201571|202696|203095|203932,,,1610612760.0,21700304,True
3,PT00M41.60S,00:41,Q3 00:41,12.693333333333333,492,freethrow,Gordon Free Throw 1 of 2 (31 PTS),[],Gordon,86,77,Made,False,False,203932.0,,foul,freethrow,,,,101109|1626177|1628390|201167|201571|202331|202696|203095|203924|203932,201167|201571|202696|203095|203932,101109|1626177|1628390|202331|203924,,,1610612753.0,21700304,True
3,PT00M41.60S,00:41,Q3 00:41,12.693333333333333,495,freethrow,Gordon Free Throw 2 of 2 (32 PTS),[],Gordon,87,77,Made,False,False,203932.0,,freethrow,substitution,,,,101109|1626177|1628390|201167|201571|202331|202696|203095|203924|203932,201167|201571|202696|203095|203932,101109|1626177|1628390|202331|203924,,,1610612753.0,21700304,True
3,PT00M41.60S,00:41,Q3 00:41,12.693333333333333,493,substitution,SUB out: N. Vucevic,[],Vucevic,86,77,,False,False,202696.0,,freethrow,substitution,,,,101109|1626177|1628390|201167|201571|202331|203095|203924|203932,201167|201571|203095|203932,101109|1626177|1628390|202331|203924,,,1610612753.0,21700304,False
3,PT00M41.60S,00:41,Q3 00:41,12.693333333333333,494,substitution,SUB in: B. Biyombo,[],Biyombo,86,77,,False,False,202687.0,,substitution,2pt made,,,,101109|1626177|1628390|201167|201571|202331|202687|203095|203924|203932,201167|201571|202687|203095|203932,101109|1626177|1628390|202331|203924,,,1610612753.0,21700304,True
3,PT00M32.20S,00:32,Q3 00:32,12.536666666666667,496,2pt,Felton 19' Pullup Jump Shot (4 PTS),[],Felton,87,79,Made,True,False,101109.0,,substitution,2pt missed,,,,101109|1626177|1628390|201167|201571|202331|202687|203095|203924|203932,101109|1626177|1628390|202331|203924,201167|201571|202687|203095|203932,-84.0,166.0,1610612760.0,21700304,True
3,PT00M11.70S,00:11,Q3 00:11,12.195,497,2pt,MISS Biyombo 6' Hook Shot,['pointsinthepaint'],Biyombo,87,79,Missed,True,False,202687.0,,2pt made,rebound,,,,101109|1626177|1628390|201167|201571|202331|202687|203095|203924|203932,201167|201571|202687|203095|203932,101109|1626177|1628390|202331|203924,60.0,12.0,1610612753.0,21700304,True
3,PT00M08.80S,00:08,Q3 00:08,12.146666666666667,498,rebound,Felton REBOUND (Off:0 Def:3),[],Felton,87,79,,False,False,101109.0,,2pt missed,foul,,,,101109|1626177|1628390|201167|201571|202331|202687|203095|203924|203932,101109|1626177|1628390|202331|203924,201167|201571|202687|203095|203932,,,1610612760.0,21700304,True
3,PT00M04.30S,00:04,Q3 00:04,12.071666666666667,499,foul,Biyombo S.FOUL (P2.PN) (S.Wright),['inpenalty'],Biyombo,87,79,,False,False,202687.0,,rebound,freethrow,101109.0,,,101109|1626177|1628390|201167|201571|202331|202687|203095|203924|203932,201167|201571|202687|203095|203932,101109|1626177|1628390|202331|203924,,,1610612753.0,21700304,True
3,PT00M04.30S,00:04,Q3 00:04,12.071666666666667,501,freethrow,Felton Free Throw 1 of 2 (5 PTS),[],Felton,87,80,Made,False,False,101109.0,,foul,freethrow,,,,101109|1626177|1628390|201167|201571|202331|202687|203095|203924|203932,101109|1626177|1628390|202331|203924,201167|201571|202687|203095|203932,,,1610612760.0,21700304,True
3,PT00M04.30S,00:04,Q3 00:04,12.071666666666667,504,freethrow,MISS Felton Free Throw 2 of 2,[],Felton,87,80,Missed,False,False,101109.0,,freethrow,substitution,,,,101109|1626177|1628390|201167|201571|202331|202687|203095|203924|203932,101109|1626177|1628390|202331|203924,201167|201571|202687|203095|203932,,,1610612760.0,21700304,True
3,PT00M04.30S,00:04,Q3 00:04,12.071666666666667,502,substitution,SUB out: D. Johnson,[],Johnson,87,80,,False,False,1626177.0,,freethrow,substitution,,,,101109|1628390|201167|201571|202331|202687|203095|203924|203932,101109|1628390|202331|203924,201167|201571|202687|203095|203932,,,1610612760.0,21700304,False
3,PT00M04.30S,00:04,Q3 00:04,12.071666666666667,503,substitution,SUB in: A. Roberson,[],Roberson,87,80,,False,False,203460.0,,substitution,rebound,,,,101109|1628390|201167|201571|202331|202687|203095|203460|203924|203932,101109|1628390|202331|203460|203924,201167|201571|202687|203095|203932,,,1610612760.0,21700304,True
3,PT00M00.00S,00:00,Q3 00:00,12.0,505,rebound,Roberson REBOUND (Off:3 Def:3),[],Roberson,87,80,,False,False,203460.0,,substitution,2pt missed,,,,101109|1628390|201167|201571|202331|202687|203095|203460|203924|203932,101109|1628390|202331|203460|203924,201167|201571|202687|203095|203932,,,1610612760.0,21700304,True
3,PT00M00.00S,00:00,Q3 00:00,12.0,506,2pt,MISS Roberson 1' Tip Layup Shot,['pointsinthepaint'],Roberson,87,80,Missed,True,False,203460.0,,rebound,rebound,,,,101109|1628390|201167|201571|202331|202687|203095|203460|203924|203932,101109|1628390|202331|203460|203924,201167|201571|202687|203095|203932,0.0,-6.0,1610612760.0,21700304,True
3,PT00M00.00S,00:00,Q3 00:00,12.0,507,rebound,Felton REBOUND (Off:1 Def:3),[],Felton,87,80,,False,False,101109.0,,2pt missed,2pt missed,,,,101109|1628390|201167|201571|202331|202687|203095|203460|203924|203932,101109|1628390|202331|203460|203924,201167|201571|202687|203095|203932,,,1610612760.0,21700304,True
3,PT00M00.00S,00:00,Q3 00:00,12.0,508,2pt,MISS Felton 16' Fadeaway Jumper,[],Felton,87,80,Missed,True,False,101109.0,,rebound,block,,,,101109|1628390|201167|201571|202331|202687|203095|203460|203924|203932,101109|1628390|202331|203460|203924,201167|201571|202687|203095|203932,160.0,0.0,1610612760.0,21700304,True
3,PT00M00.00S,00:00,Q3 00:00,12.0,508,block,Gordon BLOCK (1 BLK),[],Gordon,87,80,,False,False,203932.0,,2pt missed,rebound,,,203932.0,101109|1628390|201167|201571|202331|202687|203095|203460|203924|203932,201167|201571|202687|203095|203932,101109|1628390|202331|203460|203924,,,1610612753.0,21700304,True
3,PT00M00.00S,00:00,Q3 00:00,12.0,509,rebound,TEAM offensive REBOUND,['team'],,87,80,,False,False,0.0,,block,period,,,,101109|1628390|201167|201571|202331|202687|203095|203460|203924|203932,101109|1628390|202331|203460|203924,201167|201571|202687|203095|203932,,,1610612760.0,21700304,True
3,PT00M00.00S,00:00,Q3 00:00,12.0,510,period,End of 3rd Period (8:55 PM EST),[],,87,80,,False,False,0.0,,rebound,period,,,,101109|1628390|201167|201571|202331|202687|203095|203460|203924|203932,201167|201571|202687|203095|203932,101109|1628390|202331|203460|203924,,,1610612753.0,21700304,True
4,PT12M00.00S,12:00,Q4 12:00,12.0,517,period,Start of 4th Period (8:58 PM EST),[],,87,80,,False,False,0.0,,period,substitution,,,,101109|1628390|201167|201571|202331|202687|203095|203460|203924|203932,201167|201571|202687|203095|203932,101109|1628390|202331|203460|203924,,,1610612753.0,21700304,True
4,PT11M43.00S,11:43,Q4 11:43,11.716666666666667,518,3pt,Gordon 26' 3PT Jump Shot (35 PTS) (Augustin 1 AST),[],Gordon,90,80,Made,True,True,203932.0,201571.0,substitution,2pt missed,,,,101109|1628390|201167|201571|202331|202335|202687|203613|203924|203932,201167|201571|202687|203613|203932,101109|1628390|202331|202335|203924,-13.0,257.0,1610612753.0,21700304,True
4,PT11M23.00S,11:23,Q4 11:23,11.383333333333333,520,2pt,MISS Felton 18' Step Back Jump Shot,[],Felton,90,80,Missed,True,False,101109.0,,3pt made,rebound,,,,101109|1628390|201167|201571|202331|202335|202687|203613|203924|203932,101109|1628390|202331|202335|203924,201167|201571|202687|203613|203932,77.0,158.0,1610612760.0,21700304,True
4,PT11M21.00S,11:21,Q4 11:21,11.35,521,rebound,Biyombo REBOUND (Off:0 Def:2),[],Biyombo,90,80,,False,False,202687.0,,2pt missed,2pt made,,,,101109|1628390|201167|201571|202331|202335|202687|203613|203924|203932,201167|201571|202687|203613|203932,101109|1628390|202331|202335|203924,,,1610612753.0,21700304,True
4,PT11M07.00S,11:07,Q4 11:07,11.116666666666667,522,2pt,Gordon 14' Pullup Jump Shot (37 PTS),[],Gordon,92,80,Made,True,False,203932.0,,rebound,2pt missed,,,,101109|1628390|201167|201571|202331|202335|202687|203613|203924|203932,201167|201571|202687|203613|203932,101109|1628390|202331|202335|203924,-138.0,17.0,1610612753.0,21700304,True
4,PT10M49.00S,10:49,Q4 10:49,10.816666666666666,523,2pt,MISS George 16' Step Back Jump Shot,[],George,92,80,Missed,True,False,202331.0,,2pt made,rebound,,,,101109|1628390|201167|201571|202331|202335|202687|203613|203924|203932,101109|1628390|202331|202335|203924,201167|201571|202687|203613|203932,-151.0,50.0,1610612760.0,21700304,True
4,PT10M48.00S,10:48,Q4 10:48,10.8,524,rebound,TEAM defensive REBOUND,['team'],,92,80,,False,False,0.0,,2pt missed,foul,,,,101109|1628390|201167|201571|202331|202335|202687|203613|203924|203932,201167|201571|202687|203613|203932,101109|1628390|202331|202335|203924,,,1610612753.0,21700304,True
4,PT10M48.00S,10:48,Q4 10:48,10.8,525,foul,Patterson L.B.FOUL (P2.T1) (G.Petraitis),[],Patterson,92,80,,False,False,202335.0,,rebound,turnover,202687.0,,,101109|1628390|201167|201571|202331|202335|202687|203613|203924|203932,101109|1628390|202331|202335|203924,201167|201571|202687|203613|203932,,,1610612760.0,21700304,True
4,PT10M26.00S,10:26,Q4 10:26,10.433333333333334,529,turnover,Biyombo 3 Second Violation Turnover (P3.T11),[],Biyombo,92,80,,False,False,202687.0,,foul,turnover,,,,101109|1628390|201167|201571|202331|202335|202687|203613|203924|203932,201167|201571|202687|203613|203932,101109|1628390|202331|202335|203924,,,1610612753.0,21700304,True
4,PT10M10.00S,10:10,Q4 10:10,10.166666666666666,530,turnover,Felton Out of Bounds - Bad Pass Turnover Turnover (P1.T10),[],Felton,92,80,,False,False,101109.0,,turnover,2pt made,,,,101109|1628390|201167|201571|202331|202335|202687|203613|203924|203932,101109|1628390|202331|202335|203924,201167|201571|202687|203613|203932,,,1610612760.0,21700304,True
4,PT09M53.00S,09:53,Q4 09:53,9.883333333333333,531,2pt,Simmons 4' Driving Layup (4 PTS),['pointsinthepaint'],Simmons,94,80,Made,True,False,203613.0,,turnover,foul,,,,101109|1628390|201167|201571|202331|202335|202687|203613|203924|203932,201167|201571|202687|203613|203932,101109|1628390|202331|202335|203924,8.0,41.0,1610612753.0,21700304,True
4,PT09M53.00S,09:53,Q4 09:53,9.883333333333333,532,foul,Ferguson S.FOUL (P2.T2) (G.Petraitis),[],Ferguson,94,80,,False,False,1628390.0,,2pt made,timeout,203613.0,,,101109|1628390|201167|201571|202331|202335|202687|203613|203924|203932,101109|1628390|202331|202335|203924,201167|201571|202687|203613|203932,,,1610612760.0,21700304,True
4,PT09M53.00S,09:53,Q4 09:53,9.883333333333333,534,timeout,Thunder Timeout: Regular (Reg.3 Short 0),[],,94,80,,False,False,0.0,,foul,freethrow,,,,101109|1628390|201167|201571|202331|202335|202687|203613|203924|203932,101109|1628390|202331|202335|203924,201167|201571|202687|203613|203932,,,1610612760.0,21700304,True
4,PT09M53.00S,09:53,Q4 09:53,9.883333333333333,537,freethrow,Simmons Free Throw 1 of 1 (5 PTS),[],Simmons,95,80,Made,False,False,203613.0,,timeout,substitution,,,,101109|1628390|201167|201571|202331|202335|202687|203613|203924|203932,201167|201571|202687|203613|203932,101109|1628390|202331|202335|203924,,,1610612753.0,21700304,True
4,PT09M53.00S,09:53,Q4 09:53,9.883333333333333,535,substitution,SUB out: T. Ferguson,[],Ferguson,94,80,,False,False,1628390.0,,freethrow,substitution,,,,101109|201167|201571|202331|202335|202687|203613|203924|203932,101109|202331|202335|203924,201167|201571|202687|203613|203932,,,1610612760.0,21700304,False
4,PT09M53.00S,09:53,Q4 09:53,9.883333333333333,536,substitution,SUB in: A. Roberson,[],Roberson,94,80,,False,False,203460.0,,substitution,2pt missed,,,,101109|201167|201571|202331|202335|202687|203460|203613|203924|203932,101109|202331|202335|203460|203924,201167|201571|202687|203613|203932,,,1610612760.0,21700304,True
4,PT09M38.00S,09:38,Q4 09:38,9.633333333333333,538,2pt,MISS George 16' Fadeaway Jumper,[],George,95,80,Missed,True,False,202331.0,,substitution,rebound,,,,101109|201167|201571|202331|202335|202687|203460|203613|203924|203932,101109|202331|202335|203460|203924,201167|201571|202687|203613|203932,8.0,155.0,1610612760.0,21700304,True
4,PT09M35.00S,09:35,Q4 09:35,9.583333333333334,539,rebound,Biyombo REBOUND (Off:0 Def:3),[],Biyombo,95,80,,False,False,202687.0,,2pt missed,2pt made,,,,101109|201167|201571|202331|202335|202687|203460|203613|203924|203932,201167|201571|202687|203613|203932,101109|202331|202335|203460|203924,,,1610612753.0,21700304,True
4,PT09M15.00S,09:15,Q4 09:15,9.25,540,2pt,Biyombo 2' Finger Roll Layup (4 PTS) (Augustin 2 AST),['pointsinthepaint'],Biyombo,97,80,Made,True,True,202687.0,201571.0,rebound,2pt missed,,,,101109|201167|201571|202331|202335|202687|203460|203613|203924|203932,201167|201571|202687|203613|203932,101109|202331|202335|203460|203924,3.0,15.0,1610612753.0,21700304,True
4,PT08M59.00S,08:59,Q4 08:59,8.983333333333333,542,2pt,MISS Felton 1' Driving Layup,['pointsinthepaint'],Felton,97,80,Missed,True,False,101109.0,,2pt made,rebound,,,,101109|201167|201571|202331|202335|202687|203460|203613|203924|203932,101109|202331|202335|203460|203924,201167|201571|202687|203613|203932,2.0,5.0,1610612760.0,21700304,True
4,PT08M57.00S,08:57,Q4 08:57,8.95,543,rebound,Gordon REBOUND (Off:0 Def:12),[],Gordon,97,80,,False,False,203932.0,,2pt missed,3pt made,,,,101109|201167|201571|202331|202335|202687|203460|203613|203924|203932,201167|201571|202687|203613|203932,101109|202331|202335|203460|203924,,,1610612753.0,21700304,True
4,PT08M49.00S,08:49,Q4 08:49,8.816666666666666,544,3pt,Augustin 26' 3PT Jump Shot (8 PTS),[],Augustin,100,80,Made,True,False,201571.0,,rebound,timeout,,,,101109|201167|201571|202331|202335|202687|203460|203613|203924|203932,201167|201571|202687|203613|203932,101109|202331|202335|203460|203924,160.0,210.0,1610612753.0,21700304,True
4,PT08M48.00S,08:48,Q4 08:48,8.8,545,timeout,Thunder Timeout: Regular (Reg.4 Short 0),[],,100,80,,False,False,0.0,,3pt made,substitution,,,,101109|201167|201571|202331|202335|202687|203460|203613|203924|203932,101109|202331|202335|203460|203924,201167|201571|202687|203613|203932,,,1610612760.0,21700304,True
4,PT08M48.00S,08:48,Q4 08:48,8.8,546,substitution,SUB out: J. Grant,[],Grant,100,80,,False,False,203924.0,,timeout,substitution,,,,101109|201167|201571|202331|202335|202687|203460|203613|203932,101109|202331|202335|203460,201167|201571|202687|203613|203932,,,1610612760.0,21700304,False
4,PT08M48.00S,08:48,Q4 08:48,8.8,547,substitution,SUB out: P. George,[],George,100,80,,False,False,202331.0,,substitution,substitution,,,,101109|201167|201571|202335|202687|203460|203613|203932,101109|202335|203460,201167|201571|202687|203613|203932,,,1610612760.0,21700304,False
4,PT08M48.00S,08:48,Q4 08:48,8.8,548,substitution,SUB out: P. Patterson,[],Patterson,100,80,,False,False,202335.0,,substitution,substitution,,,,101109|201167|201571|202687|203460|203613|203932,101109|203460,201167|201571|202687|203613|203932,,,1610612760.0,21700304,False
4,PT08M48.00S,08:48,Q4 08:48,8.8,549,substitution,SUB in: R. Westbrook,[],Westbrook,100,80,,False,False,201566.0,,substitution,substitution,,,,101109|201167|201566|201571|202687|203460|203613|203932,101109|201566|203460,201167|201571|202687|203613|203932,,,1610612760.0,21700304,False
4,PT08M48.00S,08:48,Q4 08:48,8.8,550,substitution,SUB in: S. Adams,[],Adams,100,80,,False,False,203500.0,,substitution,substitution,,,,101109|201167|201566|201571|202687|203460|203500|203613|203932,101109|201566|203460|203500,201167|201571|202687|203613|203932,,,1610612760.0,21700304,False
4,PT08M48.00S,08:48,Q4 08:48,8.8,551,substitution,SUB in: C. Anthony,[],Anthony,100,80,,False,False,2546.0,,substitution,3pt made,,,,101109|201167|201566|201571|202687|203460|203500|203613|203932|2546,101109|201566|203460|203500|2546,201167|201571|202687|203613|203932,,,1610612760.0,21700304,True
4,PT08M29.00S,08:29,Q4 08:29,8.483333333333333,552,3pt,Westbrook 28' 3PT Pullup Jump Shot (20 PTS),[],Westbrook,100,83,Made,True,False,201566.0,,substitution,2pt missed,,,,101109|201167|201566|201571|202687|203460|203500|203613|203932|2546,101109|201566|203460|203500|2546,201167|201571|202687|203613|203932,8.0,278.0,1610612760.0,21700304,True
4,PT08M05.00S,08:05,Q4 08:05,8.083333333333334,553,2pt,MISS Augustin 10' Driving Layup,[],Augustin,100,83,Missed,True,False,201571.0,,3pt made,rebound,,,,101109|201167|201566|201571|202687|203460|203500|203613|203932|2546,201167|201571|202687|203613|203932,101109|201566|203460|203500|2546,86.0,52.0,1610612753.0,21700304,True
4,PT08M05.00S,08:05,Q4 08:05,8.083333333333334,554,rebound,TEAM defensive REBOUND,['team'],,100,83,,False,False,0.0,,2pt missed,3pt missed,,,,101109|201167|201566|201571|202687|203460|203500|203613|203932|2546,101109|201566|203460|203500|2546,201167|201571|202687|203613|203932,,,1610612760.0,21700304,True
4,PT07M56.00S,07:56,Q4 07:56,7.933333333333334,555,3pt,MISS Anthony 24' 3PT Jump Shot,[],Anthony,100,83,Missed,True,False,2546.0,,rebound,rebound,,,,101109|201167|201566|201571|202687|203460|203500|203613|203932|2546,101109|201566|203460|203500|2546,201167|201571|202687|203613|203932,235.0,1.0,1610612760.0,21700304,True
4,PT07M51.00S,07:51,Q4 07:51,7.85,556,rebound,Roberson REBOUND (Off:4 Def:3),[],Roberson,100,83,,False,False,203460.0,,3pt missed,foul,,,,101109|201167|201566|201571|202687|203460|203500|203613|203932|2546,101109|201566|203460|203500|2546,201167|201571|202687|203613|203932,,,1610612760.0,21700304,True
4,PT07M50.00S,07:50,Q4 07:50,7.833333333333333,557,foul,Simmons P.FOUL (P4.T1) (T.Ford),[],Simmons,100,83,,False,False,203613.0,,rebound,2pt missed,101109.0,,,101109|201167|201566|201571|202687|203460|203500|203613|203932|2546,201167|201571|202687|203613|203932,101109|201566|203460|203500|2546,,,1610612753.0,21700304,True
4,PT07M39.00S,07:39,Q4 07:39,7.65,559,2pt,MISS Felton 13' Floating Jump Shot,['pointsinthepaint'],Felton,100,83,Missed,True,False,101109.0,,foul,rebound,,,,101109|201167|201566|201571|202687|203460|203500|203613|203932|2546,101109|201566|203460|203500|2546,201167|201571|202687|203613|203932,34.0,122.0,1610612760.0,21700304,True
4,PT07M37.00S,07:37,Q4 07:37,7.616666666666667,560,rebound,Gordon REBOUND (Off:0 Def:13),[],Gordon,100,83,,False,False,203932.0,,2pt missed,2pt made,,,,101109|201167|201566|201571|202687|203460|203500|203613|203932|2546,201167|201571|202687|203613|203932,101109|201566|203460|203500|2546,,,1610612753.0,21700304,True
4,PT07M22.00S,07:22,Q4 07:22,7.366666666666666,561,2pt,Biyombo 2' Alley Oop Dunk (6 PTS) (Augustin 3 AST),['pointsinthepaint'],Biyombo,102,83,Made,True,True,202687.0,201571.0,rebound,turnover,,,,101109|201167|201566|201571|202687|203460|203500|203613|203932|2546,201167|201571|202687|203613|203932,101109|201566|203460|203500|2546,-1.0,15.0,1610612753.0,21700304,True
4,PT07M11.00S,07:11,Q4 07:11,7.183333333333334,563,turnover,Roberson Bad Pass Turnover (P2.T11),[],Roberson,102,83,,False,False,203460.0,,2pt made,steal,,,,101109|201167|201566|201571|202687|203460|203500|203613|203932|2546,101109|201566|203460|203500|2546,201167|201571|202687|203613|203932,,,1610612760.0,21700304,True
4,PT07M11.00S,07:11,Q4 07:11,7.183333333333334,563,steal,Augustin STEAL (1 STL),[],Augustin,102,83,,False,False,201571.0,,turnover,3pt made,,201571.0,,101109|201167|201566|201571|202687|203460|203500|203613|203932|2546,201167|201571|202687|203613|203932,101109|201566|203460|203500|2546,,,1610612753.0,21700304,True
4,PT07M04.00S,07:04,Q4 07:04,7.066666666666666,565,3pt,Augustin 26' 3PT Jump Shot (11 PTS) (Simmons 2 AST),[],Augustin,105,83,Made,True,True,201571.0,203613.0,steal,3pt missed,,,,101109|201167|201566|201571|202687|203460|203500|203613|203932|2546,201167|201571|202687|203613|203932,101109|201566|203460|203500|2546,-149.0,217.0,1610612753.0,21700304,True
4,PT06M44.00S,06:44,Q4 06:44,6.733333333333333,567,3pt,MISS Felton 26' 3PT Jump Shot,[],Felton,105,83,Missed,True,False,101109.0,,3pt made,rebound,,,,101109|201167|201566|201571|202687|203460|203500|203613|203932|2546,101109|201566|203460|203500|2546,201167|201571|202687|203613|203932,-135.0,226.0,1610612760.0,21700304,True
4,PT06M40.00S,06:40,Q4 06:40,6.666666666666667,568,rebound,Roberson REBOUND (Off:5 Def:3),[],Roberson,105,83,,False,False,203460.0,,3pt missed,3pt made,,,,101109|201167|201566|201571|202687|203460|203500|203613|203932|2546,101109|201566|203460|203500|2546,201167|201571|202687|203613|203932,,,1610612760.0,21700304,True
4,PT06M30.00S,06:30,Q4 06:30,6.5,569,3pt,Westbrook 27' 3PT Jump Bank Shot (23 PTS),[],Westbrook,105,86,Made,True,False,201566.0,,rebound,foul,,,,101109|201167|201566|201571|202687|203460|203500|203613|203932|2546,101109|201566|203460|203500|2546,201167|201571|202687|203613|203932,-135.0,234.0,1610612760.0,21700304,True
4,PT06M24.00S,06:24,Q4 06:24,6.4,570,foul,Felton P.FOUL (P1.T3) (T.Ford),[],Felton,105,86,,False,False,101109.0,,3pt made,substitution,203932.0,,,101109|201167|201566|201571|202687|203460|203500|203613|203932|2546,101109|201566|203460|203500|2546,201167|201571|202687|203613|203932,,,1610612760.0,21700304,True
4,PT06M24.00S,06:24,Q4 06:24,6.4,572,substitution,SUB out: R. Felton,[],Felton,105,86,,False,False,101109.0,,foul,substitution,,,,201167|201566|201571|202687|203460|203500|203613|203932|2546,201566|203460|203500|2546,201167|201571|202687|203613|203932,,,1610612760.0,21700304,False
4,PT06M24.00S,06:24,Q4 06:24,6.4,573,substitution,SUB in: P. George,[],George,105,86,,False,False,202331.0,,substitution,3pt missed,,,,201167|201566|201571|202331|202687|203460|203500|203613|203932|2546,201566|202331|203460|203500|2546,201167|201571|202687|203613|203932,,,1610612760.0,21700304,True
4,PT06M06.00S,06:06,Q4 06:06,6.1,574,3pt,MISS Gordon 26' 3PT Jump Shot,[],Gordon,105,86,Missed,True,False,203932.0,,substitution,block,,,,201167|201566|201571|202331|202687|203460|203500|203613|203932|2546,201167|201571|202687|203613|203932,201566|202331|203460|203500|2546,-144.0,222.0,1610612753.0,21700304,True
4,PT06M06.00S,06:06,Q4 06:06,6.1,574,block,Roberson BLOCK (1 BLK),[],Roberson,105,86,,False,False,203460.0,,3pt missed,rebound,,,203460.0,201167|201566|201571|202331|202687|203460|203500|203613|203932|2546,201566|202331|203460|203500|2546,201167|201571|202687|203613|203932,,,1610612760.0,21700304,True
4,PT06M06.00S,06:06,Q4 06:06,6.1,576,rebound,Augustin REBOUND (Off:1 Def:0),[],Augustin,105,86,,False,False,201571.0,,block,turnover,,,,201167|201566|201571|202331|202687|203460|203500|203613|203932|2546,201167|201571|202687|203613|203932,201566|202331|203460|203500|2546,,,1610612753.0,21700304,True
4,PT06M05.00S,06:05,Q4 06:05,6.083333333333333,577,turnover,MAGIC Turnover: Shot Clock (T#12),[],,105,86,,False,False,1610612753.0,,rebound,3pt made,,,,201167|201566|201571|202331|202687|203460|203500|203613|203932|2546,201167|201571|202687|203613|203932,201566|202331|203460|203500|2546,,,0.0,21700304,True
4,PT05M53.00S,05:53,Q4 05:53,5.883333333333333,578,3pt,Westbrook 27' 3PT Jump Shot (26 PTS),[],Westbrook,105,89,Made,True,False,201566.0,,turnover,timeout,,,,201167|201566|201571|202331|202687|203460|203500|203613|203932|2546,201566|202331|203460|203500|2546,201167|201571|202687|203613|203932,-182.0,193.0,1610612760.0,21700304,True
4,PT05M51.00S,05:51,Q4 05:51,5.85,579,timeout,MAGIC Timeout: Regular (Full 6 Short 0),[],,105,89,,False,False,0.0,,3pt made,substitution,,,,201167|201566|201571|202331|202687|203460|203500|203613|203932|2546,201167|201571|202687|203613|203932,201566|202331|203460|203500|2546,,,1610612753.0,21700304,True
4,PT05M51.00S,05:51,Q4 05:51,5.85,580,substitution,SUB out: A. Afflalo,[],Afflalo,105,89,,False,False,201167.0,,timeout,substitution,,,,201566|201571|202331|202687|203460|203500|203613|203932|2546,201571|202687|203613|203932,201566|202331|203460|203500|2546,,,1610612753.0,21700304,False
4,PT05M51.00S,05:51,Q4 05:51,5.85,581,substitution,SUB out: B. Biyombo,[],Biyombo,105,89,,False,False,202687.0,,substitution,substitution,,,,201566|201571|202331|203460|203500|203613|203932|2546,201571|203613|203932,201566|202331|203460|203500|2546,,,1610612753.0,21700304,False
4,PT05M51.00S,05:51,Q4 05:51,5.85,582,substitution,SUB out: D. Augustin,[],Augustin,105,89,,False,False,201571.0,,substitution,substitution,,,,201566|202331|203460|203500|203613|203932|2546,203613|203932,201566|202331|203460|203500|2546,,,1610612753.0,21700304,False
4,PT05M51.00S,05:51,Q4 05:51,5.85,583,substitution,SUB in: E. Payton,[],Payton,105,89,,False,False,203901.0,,substitution,substitution,,,,201566|202331|203460|203500|203613|203901|203932|2546,203613|203901|203932,201566|202331|203460|203500|2546,,,1610612753.0,21700304,False
4,PT05M51.00S,05:51,Q4 05:51,5.85,584,substitution,SUB in: E. Fournier,[],Fournier,105,89,,False,False,203095.0,,substitution,substitution,,,,201566|202331|203095|203460|203500|203613|203901|203932|2546,203095|203613|203901|203932,201566|202331|203460|203500|2546,,,1610612753.0,21700304,False
4,PT05M51.00S,05:51,Q4 05:51,5.85,585,substitution,SUB in: N. Vucevic,[],Vucevic,105,89,,False,False,202696.0,,substitution,foul,,,,201566|202331|202696|203095|203460|203500|203613|203901|203932|2546,202696|203095|203613|203901|203932,201566|202331|203460|203500|2546,,,1610612753.0,21700304,True
4,PT05M38.00S,05:38,Q4 05:38,5.633333333333333,586,foul,Anthony S.FOUL (P2.T4) (G.Petraitis),[],Anthony,105,89,,False,False,2546.0,,substitution,freethrow,203613.0,,,201566|202331|202696|203095|203460|203500|203613|203901|203932|2546,201566|202331|203460|203500|2546,202696|203095|203613|203901|203932,,,1610612760.0,21700304,True
4,PT05M38.00S,05:38,Q4 05:38,5.633333333333333,588,freethrow,Simmons Free Throw 1 of 2 (6 PTS),[],Simmons,106,89,Made,False,False,203613.0,,foul,freethrow,,,,201566|202331|202696|203095|203460|203500|203613|203901|203932|2546,202696|203095|203613|203901|203932,201566|202331|203460|203500|2546,,,1610612753.0,21700304,True
4,PT05M38.00S,05:38,Q4 05:38,5.633333333333333,589,freethrow,MISS Simmons Free Throw 2 of 2,[],Simmons,106,89,Missed,False,False,203613.0,,freethrow,rebound,,,,201566|202331|202696|203095|203460|203500|203613|203901|203932|2546,202696|203095|203613|203901|203932,201566|202331|203460|203500|2546,,,1610612753.0,21700304,True
4,PT05M35.00S,05:35,Q4 05:35,5.583333333333333,590,rebound,Westbrook REBOUND (Off:3 Def:5),[],Westbrook,106,89,,False,False,201566.0,,freethrow,2pt made,,,,201566|202331|202696|203095|203460|203500|203613|203901|203932|2546,201566|202331|203460|203500|2546,202696|203095|203613|203901|203932,,,1610612760.0,21700304,True
4,PT05M29.00S,05:29,Q4 05:29,5.483333333333333,591,2pt,George 3' Driving Layup (21 PTS),['pointsinthepaint'],George,106,91,Made,True,False,202331.0,,rebound,foul,,,,201566|202331|202696|203095|203460|203500|203613|203901|203932|2546,201566|202331|203460|203500|2546,202696|203095|203613|203901|203932,-4.0,29.0,1610612760.0,21700304,True
4,PT05M29.00S,05:29,Q4 05:29,5.483333333333333,592,foul,Vucevic Shooting Block Foul (P3.T2) (G.Petraitis),[],Vucevic,106,91,,False,False,202696.0,,2pt made,freethrow,202331.0,,,201566|202331|202696|203095|203460|203500|203613|203901|203932|2546,202696|203095|203613|203901|203932,201566|202331|203460|203500|2546,,,1610612753.0,21700304,True
4,PT05M29.00S,05:29,Q4 05:29,5.483333333333333,594,freethrow,George Free Throw 1 of 1 (22 PTS),[],George,106,92,Made,False,False,202331.0,,foul,3pt made,,,,201566|202331|202696|203095|203460|203500|203613|203901|203932|2546,201566|202331|203460|203500|2546,202696|203095|203613|203901|203932,,,1610612760.0,21700304,True
4,PT05M18.00S,05:18,Q4 05:18,5.3,595,3pt,Fournier 25' 3PT Jump Shot (13 PTS) (Payton 5 AST),[],Fournier,109,92,Made,True,True,203095.0,203901.0,freethrow,2pt missed,,,,201566|202331|202696|203095|203460|203500|203613|203901|203932|2546,202696|203095|203613|203901|203932,201566|202331|203460|203500|2546,31.0,252.0,1610612753.0,21700304,True
4,PT04M59.00S,04:59,Q4 04:59,4.983333333333333,597,2pt,MISS Westbrook 6' Floating Jump Shot,['pointsinthepaint'],Westbrook,109,92,Missed,True,False,201566.0,,3pt made,rebound,,,,201566|202331|202696|203095|203460|203500|203613|203901|203932|2546,201566|202331|203460|203500|2546,202696|203095|203613|203901|203932,-3.0,55.0,1610612760.0,21700304,True
4,PT04M52.00S,04:52,Q4 04:52,4.866666666666667,598,rebound,Roberson REBOUND (Off:6 Def:3),[],Roberson,109,92,,False,False,203460.0,,2pt missed,2pt made,,,,201566|202331|202696|203095|203460|203500|203613|203901|203932|2546,201566|202331|203460|203500|2546,202696|203095|203613|203901|203932,,,1610612760.0,21700304,True
4,PT04M51.00S,04:51,Q4 04:51,4.85,599,2pt,Roberson 1' Putback Layup (10 PTS),['pointsinthepaint'],Roberson,109,94,Made,True,False,203460.0,,rebound,turnover,,,,201566|202331|202696|203095|203460|203500|203613|203901|203932|2546,201566|202331|203460|203500|2546,202696|203095|203613|203901|203932,0.0,14.0,1610612760.0,21700304,True
4,PT04M34.00S,04:34,Q4 04:34,4.566666666666666,601,turnover,Fournier Traveling Turnover (P2.T13),[],Fournier,109,94,,False,False,203095.0,,2pt made,2pt made,,,,201566|202331|202696|203095|203460|203500|203613|203901|203932|2546,202696|203095|203613|203901|203932,201566|202331|203460|203500|2546,,,1610612753.0,21700304,True
4,PT04M27.00S,04:27,Q4 04:27,4.45,602,2pt,Westbrook 2' Running Layup (28 PTS),['pointsinthepaint'],Westbrook,109,96,Made,True,False,201566.0,,turnover,3pt missed,,,,201566|202331|202696|203095|203460|203500|203613|203901|203932|2546,201566|202331|203460|203500|2546,202696|203095|203613|203901|203932,5.0,20.0,1610612760.0,21700304,True
4,PT04M11.00S,04:11,Q4 04:11,4.183333333333334,603,3pt,MISS Fournier 26' 3PT Jump Shot,[],Fournier,109,96,Missed,True,False,203095.0,,2pt made,rebound,,,,201566|202331|202696|203095|203460|203500|203613|203901|203932|2546,202696|203095|203613|203901|203932,201566|202331|203460|203500|2546,161.0,210.0,1610612753.0,21700304,True
4,PT04M08.00S,04:08,Q4 04:08,4.133333333333334,604,rebound,Anthony REBOUND (Off:0 Def:6),[],Anthony,109,96,,False,False,2546.0,,3pt missed,3pt made,,,,201566|202331|202696|203095|203460|203500|203613|203901|203932|2546,201566|202331|203460|203500|2546,202696|203095|203613|203901|203932,,,1610612760.0,21700304,True
4,PT04M00.00S,04:00,Q4 04:00,4.0,605,3pt,Westbrook 27' 3PT Jump Shot (31 PTS),[],Westbrook,109,99,Made,True,False,201566.0,,rebound,2pt made,,,,201566|202331|202696|203095|203460|203500|203613|203901|203932|2546,201566|202331|203460|203500|2546,202696|203095|203613|203901|203932,158.0,213.0,1610612760.0,21700304,True
4,PT03M39.00S,03:39,Q4 03:39,3.65,606,2pt,Vucevic 19' Jump Shot (15 PTS) (Fournier 3 AST),[],Vucevic,111,99,Made,True,True,202696.0,203095.0,3pt made,turnover,,,,201566|202331|202696|203095|203460|203500|203613|203901|203932|2546,202696|203095|203613|203901|203932,201566|202331|203460|203500|2546,-123.0,146.0,1610612753.0,21700304,True
4,PT03M30.00S,03:30,Q4 03:30,3.5,608,turnover,Westbrook Bad Pass Turnover (P6.T12),[],Westbrook,111,99,,False,False,201566.0,,2pt made,steal,,,,201566|202331|202696|203095|203460|203500|203613|203901|203932|2546,201566|202331|203460|203500|2546,202696|203095|203613|203901|203932,,,1610612760.0,21700304,True
4,PT03M30.00S,03:30,Q4 03:30,3.5,608,steal,Payton STEAL (3 STL),[],Payton,111,99,,False,False,203901.0,,turnover,foul,,203901.0,,201566|202331|202696|203095|203460|203500|203613|203901|203932|2546,202696|203095|203613|203901|203932,201566|202331|203460|203500|2546,,,1610612753.0,21700304,True
4,PT03M30.00S,03:30,Q4 03:30,3.5,610,foul,George P.FOUL (P2.PN) (T.Ford),['inpenalty'],George,111,99,,False,False,202331.0,,steal,freethrow,203901.0,,,201566|202331|202696|203095|203460|203500|203613|203901|203932|2546,201566|202331|203460|203500|2546,202696|203095|203613|203901|203932,,,1610612760.0,21700304,True
4,PT03M30.00S,03:30,Q4 03:30,3.5,612,freethrow,MISS Payton Free Throw 1 of 2,[],Payton,111,99,Missed,False,False,203901.0,,foul,rebound,,,,201566|202331|202696|203095|203460|203500|203613|203901|203932|2546,202696|203095|203613|203901|203932,201566|202331|203460|203500|2546,,,1610612753.0,21700304,True
4,PT03M30.00S,03:30,Q4 03:30,3.5,613,rebound,TEAM offensive REBOUND,['team'],,111,99,,False,False,0.0,,freethrow,freethrow,,,,201566|202331|202696|203095|203460|203500|203613|203901|203932|2546,202696|203095|203613|203901|203932,201566|202331|203460|203500|2546,,,1610612753.0,21700304,True
4,PT03M30.00S,03:30,Q4 03:30,3.5,616,freethrow,Payton Free Throw 2 of 2 (18 PTS),[],Payton,112,99,Made,False,False,203901.0,,rebound,substitution,,,,201566|202331|202696|203095|203460|203500|203613|203901|203932|2546,202696|203095|203613|203901|203932,201566|202331|203460|203500|2546,,,1610612753.0,21700304,True
4,PT03M30.00S,03:30,Q4 03:30,3.5,614,substitution,SUB out: N. Vucevic,[],Vucevic,111,99,,False,False,202696.0,,freethrow,substitution,,,,201566|202331|203095|203460|203500|203613|203901|203932|2546,203095|203613|203901|203932,201566|202331|203460|203500|2546,,,1610612753.0,21700304,False
4,PT03M30.00S,03:30,Q4 03:30,3.5,615,substitution,SUB in: B. Biyombo,[],Biyombo,111,99,,False,False,202687.0,,substitution,2pt missed,,,,201566|202331|202687|203095|203460|203500|203613|203901|203932|2546,202687|203095|203613|203901|203932,201566|202331|203460|203500|2546,,,1610612753.0,21700304,True
4,PT03M20.00S,03:20,Q4 03:20,3.3333333333333335,617,2pt,MISS Westbrook 2' Driving Layup,['pointsinthepaint'],Westbrook,112,99,Missed,True,False,201566.0,,substitution,rebound,,,,201566|202331|202687|203095|203460|203500|203613|203901|203932|2546,201566|202331|203460|203500|2546,202687|203095|203613|203901|203932,-10.0,21.0,1610612760.0,21700304,True
4,PT03M11.00S,03:11,Q4 03:11,3.183333333333333,618,rebound,Westbrook REBOUND (Off:4 Def:5),[],Westbrook,112,99,,False,False,201566.0,,2pt missed,2pt made,,,,201566|202331|202687|203095|203460|203500|203613|203901|203932|2546,201566|202331|203460|203500|2546,202687|203095|203613|203901|203932,,,1610612760.0,21700304,True
4,PT03M11.00S,03:11,Q4 03:11,3.183333333333333,619,2pt,Westbrook 1' Tip Layup Shot (33 PTS),['pointsinthepaint'],Westbrook,112,101,Made,True,False,201566.0,,rebound,2pt made,,,,201566|202331|202687|203095|203460|203500|203613|203901|203932|2546,201566|202331|203460|203500|2546,202687|203095|203613|203901|203932,0.0,-6.0,1610612760.0,21700304,True
4,PT03M03.00S,03:03,Q4 03:03,3.05,620,2pt,Biyombo 1' Dunk (8 PTS) (Gordon 4 AST),['pointsinthepaint'],Biyombo,114,101,Made,True,True,202687.0,203932.0,2pt made,2pt made,,,,201566|202331|202687|203095|203460|203500|203613|203901|203932|2546,202687|203095|203613|203901|203932,201566|202331|203460|203500|2546,-1.0,12.0,1610612753.0,21700304,True
4,PT02M48.00S,02:48,Q4 02:48,2.8,622,2pt,Anthony 17' Floating Jump Shot (16 PTS),[],Anthony,114,103,Made,True,False,2546.0,,2pt made,3pt made,,,,201566|202331|202687|203095|203460|203500|203613|203901|203932|2546,201566|202331|203460|203500|2546,202687|203095|203613|203901|203932,-65.0,153.0,1610612760.0,21700304,True
4,PT02M26.00S,02:26,Q4 02:26,2.4333333333333336,623,3pt,Fournier 25' 3PT Jump Shot (16 PTS) (Biyombo 1 AST),[],Fournier,117,103,Made,True,True,203095.0,202687.0,2pt made,timeout,,,,201566|202331|202687|203095|203460|203500|203613|203901|203932|2546,202687|203095|203613|203901|203932,201566|202331|203460|203500|2546,-143.0,204.0,1610612753.0,21700304,True
4,PT02M24.00S,02:24,Q4 02:24,2.4,625,timeout,Thunder Timeout: Regular (Reg.5 Short 0),[],,117,103,,False,False,0.0,,3pt made,3pt missed,,,,201566|202331|202687|203095|203460|203500|203613|203901|203932|2546,201566|202331|203460|203500|2546,202687|203095|203613|203901|203932,,,1610612760.0,21700304,True
4,PT02M12.00S,02:12,Q4 02:12,2.2,626,3pt,MISS Anthony 27' 3PT Jump Shot,[],Anthony,117,103,Missed,True,False,2546.0,,timeout,rebound,,,,201566|202331|202687|203095|203460|203500|203613|203901|203932|2546,201566|202331|203460|203500|2546,202687|203095|203613|203901|203932,172.0,206.0,1610612760.0,21700304,True
4,PT02M10.00S,02:10,Q4 02:10,2.1666666666666665,627,rebound,Payton REBOUND (Off:0 Def:5),[],Payton,117,103,,False,False,203901.0,,3pt missed,3pt missed,,,,201566|202331|202687|203095|203460|203500|203613|203901|203932|2546,202687|203095|203613|203901|203932,201566|202331|203460|203500|2546,,,1610612753.0,21700304,True
4,PT01M56.00S,01:56,Q4 01:56,1.9333333333333333,628,3pt,MISS Gordon 26' 3PT Pullup Jump Shot,[],Gordon,117,103,Missed,True,False,203932.0,,rebound,rebound,,,,201566|202331|202687|203095|203460|203500|203613|203901|203932|2546,202687|203095|203613|203901|203932,201566|202331|203460|203500|2546,163.0,200.0,1610612753.0,21700304,True
4,PT01M52.00S,01:52,Q4 01:52,1.8666666666666667,629,rebound,Biyombo REBOUND (Off:1 Def:3),[],Biyombo,117,103,,False,False,202687.0,,3pt missed,3pt missed,,,,201566|202331|202687|203095|203460|203500|203613|203901|203932|2546,202687|203095|203613|203901|203932,201566|202331|203460|203500|2546,,,1610612753.0,21700304,True
4,PT01M36.00S,01:36,Q4 01:36,1.6,630,3pt,MISS Fournier 26' 3PT Jump Shot,[],Fournier,117,103,Missed,True,False,203095.0,,rebound,rebound,,,,201566|202331|202687|203095|203460|203500|203613|203901|203932|2546,202687|203095|203613|203901|203932,201566|202331|203460|203500|2546,-133.0,226.0,1610612753.0,21700304,True
4,PT01M33.00S,01:33,Q4 01:33,1.55,631,rebound,Westbrook REBOUND (Off:4 Def:6),[],Westbrook,117,103,,False,False,201566.0,,3pt missed,foul,,,,201566|202331|202687|203095|203460|203500|203613|203901|203932|2546,201566|202331|203460|203500|2546,202687|203095|203613|203901|203932,,,1610612760.0,21700304,True
4,PT01M26.00S,01:26,Q4 01:26,1.4333333333333333,632,foul,Simmons P.FOUL (P5.T3) (G.Petraitis),[],Simmons,117,103,,False,False,203613.0,,rebound,turnover,201566.0,,,201566|202331|202687|203095|203460|203500|203613|203901|203932|2546,202687|203095|203613|203901|203932,201566|202331|203460|203500|2546,,,1610612753.0,21700304,True
4,PT01M19.00S,01:19,Q4 01:19,1.3166666666666667,634,turnover,Westbrook Lost Ball Turnover (P7.T13),[],Westbrook,117,103,,False,False,201566.0,,foul,steal,,,,201566|202331|202687|203095|203460|203500|203613|203901|203932|2546,201566|202331|203460|203500|2546,202687|203095|203613|203901|203932,,,1610612760.0,21700304,True
4,PT01M19.00S,01:19,Q4 01:19,1.3166666666666667,634,steal,Payton STEAL (4 STL),[],Payton,117,103,,False,False,203901.0,,turnover,2pt missed,,203901.0,,201566|202331|202687|203095|203460|203500|203613|203901|203932|2546,202687|203095|203613|203901|203932,201566|202331|203460|203500|2546,,,1610612753.0,21700304,True
4,PT01M14.00S,01:14,Q4 01:14,1.2333333333333334,636,2pt,MISS Payton 7' Running Layup,['pointsinthepaint'],Payton,117,103,Missed,True,False,203901.0,,steal,block,,,,201566|202331|202687|203095|203460|203500|203613|203901|203932|2546,202687|203095|203613|203901|203932,201566|202331|203460|203500|2546,22.0,65.0,1610612753.0,21700304,True
4,PT01M14.00S,01:14,Q4 01:14,1.2333333333333334,636,block,Anthony BLOCK (1 BLK),[],Anthony,117,103,,False,False,2546.0,,2pt missed,rebound,,,2546.0,201566|202331|202687|203095|203460|203500|203613|203901|203932|2546,201566|202331|203460|203500|2546,202687|203095|203613|203901|203932,,,1610612760.0,21700304,True
4,PT01M11.00S,01:11,Q4 01:11,1.1833333333333333,637,rebound,Anthony REBOUND (Off:0 Def:7),[],Anthony,117,103,,False,False,2546.0,,block,3pt made,,,,201566|202331|202687|203095|203460|203500|203613|203901|203932|2546,201566|202331|203460|203500|2546,202687|203095|203613|203901|203932,,,1610612760.0,21700304,True
4,PT01M10.00S,01:10,Q4 01:10,1.1666666666666667,638,3pt,Westbrook 3PT Jump Shot (36 PTS) (George 5 AST),[],Westbrook,117,106,Made,True,True,201566.0,202331.0,rebound,3pt made,,,,201566|202331|202687|203095|203460|203500|203613|203901|203932|2546,201566|202331|203460|203500|2546,202687|203095|203613|203901|203932,-227.0,42.0,1610612760.0,21700304,True
4,PT00M57.20S,00:57,Q4 00:57,0.9533333333333334,640,3pt,Gordon 3PT Jump Shot (40 PTS) (Payton 6 AST),[],Gordon,120,106,Made,True,True,203932.0,203901.0,3pt made,foul,,,,201566|202331|202687|203095|203460|203500|203613|203901|203932|2546,202687|203095|203613|203901|203932,201566|202331|203460|203500|2546,-226.0,26.0,1610612753.0,21700304,True
4,PT00M52.30S,00:52,Q4 00:52,0.8716666666666666,643,foul,Fournier P.FOUL (P2.PN) (T.Ford),[],Fournier,120,106,,False,False,203095.0,,3pt made,freethrow,201566.0,,,201566|202331|202687|203095|203460|203500|203613|203901|203932|2546,202687|203095|203613|203901|203932,201566|202331|203460|203500|2546,,,1610612753.0,21700304,True
4,PT00M52.30S,00:52,Q4 00:52,0.8716666666666666,645,freethrow,MISS Westbrook Free Throw 1 of 2,[],Westbrook,120,106,Missed,False,False,201566.0,,foul,rebound,,,,201566|202331|202687|203095|203460|203500|203613|203901|203932|2546,201566|202331|203460|203500|2546,202687|203095|203613|203901|203932,,,1610612760.0,21700304,True
4,PT00M52.30S,00:52,Q4 00:52,0.8716666666666666,646,rebound,TEAM offensive REBOUND,['team'],,120,106,,False,False,0.0,,freethrow,freethrow,,,,201566|202331|202687|203095|203460|203500|203613|203901|203932|2546,201566|202331|203460|203500|2546,202687|203095|203613|203901|203932,,,1610612760.0,21700304,True
4,PT00M52.30S,00:52,Q4 00:52,0.8716666666666666,649,freethrow,Westbrook Free Throw 2 of 2 (37 PTS),[],Westbrook,120,107,Made,False,False,201566.0,,rebound,substitution,,,,201566|202331|202687|203095|203460|203500|203613|203901|203932|2546,201566|202331|203460|203500|2546,202687|203095|203613|203901|203932,,,1610612760.0,21700304,True
4,PT00M52.30S,00:52,Q4 00:52,0.8716666666666666,647,substitution,SUB out: B. Biyombo,[],Biyombo,120,106,,False,False,202687.0,,freethrow,substitution,,,,201566|202331|203095|203460|203500|203613|203901|203932|2546,203095|203613|203901|203932,201566|202331|203460|203500|2546,,,1610612753.0,21700304,False
4,PT00M52.30S,00:52,Q4 00:52,0.8716666666666666,648,substitution,SUB in: N. Vucevic,[],Vucevic,120,106,,False,False,202696.0,,substitution,foul,,,,201566|202331|202696|203095|203460|203500|203613|203901|203932|2546,202696|203095|203613|203901|203932,201566|202331|203460|203500|2546,,,1610612753.0,21700304,True
4,PT00M43.20S,00:43,Q4 00:43,0.7200000000000001,652,foul,Westbrook Personal Take Foul (P3.PN) (S.Wright),['inpenalty'],Westbrook,120,107,,False,False,201566.0,,substitution,freethrow,203901.0,,,201566|202331|202696|203095|203460|203500|203613|203901|203932|2546,201566|202331|203460|203500|2546,202696|203095|203613|203901|203932,,,1610612760.0,21700304,True
4,PT00M43.20S,00:43,Q4 00:43,0.7200000000000001,654,freethrow,Payton Free Throw 1 of 2 (19 PTS),[],Payton,121,107,Made,False,False,203901.0,,foul,freethrow,,,,201566|202331|202696|203095|203460|203500|203613|203901|203932|2546,202696|203095|203613|203901|203932,201566|202331|203460|203500|2546,,,1610612753.0,21700304,True
4,PT00M43.20S,00:43,Q4 00:43,0.7200000000000001,655,freethrow,MISS Payton Free Throw 2 of 2,[],Payton,121,107,Missed,False,False,203901.0,,freethrow,rebound,,,,201566|202331|202696|203095|203460|203500|203613|203901|203932|2546,202696|203095|203613|203901|203932,201566|202331|203460|203500|2546,,,1610612753.0,21700304,True
4,PT00M43.20S,00:43,Q4 00:43,0.7200000000000001,656,rebound,Westbrook REBOUND (Off:4 Def:7),[],Westbrook,121,107,,False,False,201566.0,,freethrow,foul,,,,201566|202331|202696|203095|203460|203500|203613|203901|203932|2546,201566|202331|203460|203500|2546,202696|203095|203613|203901|203932,,,1610612760.0,21700304,True
4,PT00M36.90S,00:36,Q4 00:36,0.615,657,foul,Fournier S.FOUL (P3.PN) (S.Wright),['inpenalty'],Fournier,121,107,,False,False,203095.0,,rebound,freethrow,203460.0,,,201566|202331|202696|203095|203460|203500|203613|203901|203932|2546,202696|203095|203613|203901|203932,201566|202331|203460|203500|2546,,,1610612753.0,21700304,True
4,PT00M36.90S,00:36,Q4 00:36,0.615,659,freethrow,Roberson Free Throw 1 of 2 (11 PTS),[],Roberson,121,108,Made,False,False,203460.0,,foul,freethrow,,,,201566|202331|202696|203095|203460|203500|203613|203901|203932|2546,201566|202331|203460|203500|2546,202696|203095|203613|203901|203932,,,1610612760.0,21700304,True
4,PT00M36.90S,00:36,Q4 00:36,0.615,660,freethrow,MISS Roberson Free Throw 2 of 2,[],Roberson,121,108,Missed,False,False,203460.0,,freethrow,rebound,,,,201566|202331|202696|203095|203460|203500|203613|203901|203932|2546,201566|202331|203460|203500|2546,202696|203095|203613|203901|203932,,,1610612760.0,21700304,True
4,PT00M33.70S,00:33,Q4 00:33,0.5616666666666668,661,rebound,Gordon REBOUND (Off:0 Def:14),[],Gordon,121,108,,False,False,203932.0,,freethrow,turnover,,,,201566|202331|202696|203095|203460|203500|203613|203901|203932|2546,202696|203095|203613|203901|203932,201566|202331|203460|203500|2546,,,1610612753.0,21700304,True
4,PT00M27.50S,00:27,Q4 00:27,0.4583333333333333,662,turnover,Fournier Lost Ball Turnover (P3.T14),[],Fournier,121,108,,False,False,203095.0,,rebound,steal,,,,201566|202331|202696|203095|203460|203500|203613|203901|203932|2546,202696|203095|203613|203901|203932,201566|202331|203460|203500|2546,,,1610612753.0,21700304,True
4,PT00M27.50S,00:27,Q4 00:27,0.4583333333333333,662,steal,Westbrook STEAL (5 STL),[],Westbrook,121,108,,False,False,201566.0,,turnover,3pt missed,,201566.0,,201566|202331|202696|203095|203460|203500|203613|203901|203932|2546,201566|202331|203460|203500|2546,202696|203095|203613|203901|203932,,,1610612760.0,21700304,True
4,PT00M21.90S,00:21,Q4 00:21,0.365,664,3pt,MISS Westbrook 26' 3PT Jump Shot,[],Westbrook,121,108,Missed,True,False,201566.0,,steal,rebound,,,,201566|202331|202696|203095|203460|203500|203613|203901|203932|2546,201566|202331|203460|203500|2546,202696|203095|203613|203901|203932,-86.0,246.0,1610612760.0,21700304,True
4,PT00M18.90S,00:18,Q4 00:18,0.315,665,rebound,Adams REBOUND (Off:7 Def:1),[],Adams,121,108,,False,False,203500.0,,3pt missed,3pt missed,,,,201566|202331|202696|203095|203460|203500|203613|203901|203932|2546,201566|202331|203460|203500|2546,202696|203095|203613|203901|203932,,,1610612760.0,21700304,True
4,PT00M17.00S,00:17,Q4 00:17,0.2833333333333333,666,3pt,MISS Roberson 26' 3PT Jump Shot,[],Roberson,121,108,Missed,True,False,203460.0,,rebound,rebound,,,,201566|202331|202696|203095|203460|203500|203613|203901|203932|2546,201566|202331|203460|203500|2546,202696|203095|203613|203901|203932,-75.0,246.0,1610612760.0,21700304,True
4,PT00M17.00S,00:17,Q4 00:17,0.2833333333333333,667,rebound,Gordon REBOUND (Off:0 Def:15),[],Gordon,121,108,,False,False,203932.0,,3pt missed,period,,,,201566|202331|202696|203095|203460|203500|203613|203901|203932|2546,202696|203095|203613|203901|203932,201566|202331|203460|203500|2546,,,1610612753.0,21700304,True
4,PT00M00.00S,00:00,Q4 00:00,0.0,668,period,End of 4th Period (9:27 PM EST),[],,121,108,,False,False,0.0,,rebound,,,,,201566|202331|202696|203095|203460|203500|203613|203901|203932|2546,202696|203095|203613|203901|203932,201566|202331|203460|203500|2546,,,1610612753.0,21700304,True
