period,clock,clock_display,game_clock,minutes_left_in_game,actionNumber,actionType,description,qualifier,playerName,scoreHome,scoreAway,shotResult,isFieldGoal,assisted,person_id,assister_id,previous_action,next_action,foulDrawnPersonId,stealPersonId,blockPersonId,players_on,off_players_on,def_players_on,xLegacy,yLegacy,teamId,game_id
1,PT11M42.00S,11:42,Q1 11:42,46.3,7,3pt,J. Holiday 3PT  (3 PTS) (M. Brogdon 1 AST),[],Holiday,0,3,Made,True,True,203200,1627763.0,,2pt missed,,,,1626167|1627734|1627747|1627763|1628389|1629130|1629134|202710|203200|203482,1626167|1627734|1627747|1627763|203200,1628389|1629130|1629134|202710|203482,239.0,8.0,1610612754.0,22000645
1,PT11M18.00S,11:18,Q1 11:18,46.7,9,2pt,MISS D. Robinson driving floating Shot,['pointsinthepaint'],Robinson,0,3,Missed,True,False,1629130,,3pt made,rebound,,,,1626167|1627734|1627747|1627763|1628389|1629130|1629134|202710|203200|203482,1628389|1629130|1629134|202710|203482,1626167|1627734|1627747|1627763|203200,-6.0,51.0,1610612748.0,22000645
1,PT11M17.00S,11:17,Q1 11:17,46.71666666666667,10,rebound,D. Sabonis REBOUND (Off:0 Def:1),[],Sabonis,0,3,,False,False,1627734,,2pt missed,2pt missed,,,,1626167|1627734|1627747|1627763|1628389|1629130|1629134|202710|203200|203482,1626167|1627734|1627747|1627763|203200,1628389|1629130|1629134|202710|203482,,,1610612754.0,22000645
1,PT11M08.00S,11:08,Q1 11:08,46.86666666666667,11,2pt,MISS C. LeVert 9' pullup Shot,[],LeVert,0,3,Missed,True,False,1627747,,rebound,rebound,,,,1626167|1627734|1627747|1627763|1628389|1629130|1629134|202710|203200|203482,1626167|1627734|1627747|1627763|203200,1628389|1629130|1629134|202710|203482,96.0,0.0,1610612754.0,22000645
1,PT11M06.00S,11:06,Q1 11:06,46.9,12,rebound,K. Olynyk REBOUND (Off:0 Def:1),[],Olynyk,0,3,,False,False,203482,,2pt missed,2pt missed,,,,1626167|1627734|1627747|1627763|1628389|1629130|1629134|202710|203200|203482,1628389|1629130|1629134|202710|203482,1626167|1627734|1627747|1627763|203200,,,1610612748.0,22000645
1,PT10M59.00S,10:59,Q1 10:59,45.016666666666666,13,2pt,MISS J. Butler driving Layup - blocked,['pointsinthepaint'],Butler,0,3,Missed,True,False,202710,,rebound,block,,,1626167.0,1626167|1627734|1627747|1627763|1628389|1629130|1629134|202710|203200|203482,1628389|1629130|1629134|202710|203482,1626167|1627734|1627747|1627763|203200,-25.0,26.0,1610612748.0,22000645
1,PT10M59.00S,10:59,Q1 10:59,45.016666666666666,14,block,M. Turner BLOCK (1 BLK),[],Turner,0,3,,False,False,1626167,,2pt missed,rebound,,,,1626167|1627734|1627747|1627763|1628389|1629130|1629134|202710|203200|203482,1626167|1627734|1627747|1627763|203200,1628389|1629130|1629134|202710|203482,,,1610612754.0,22000645
1,PT10M59.00S,10:59,Q1 10:59,45.016666666666666,15,rebound,TEAM offensive REBOUND,['team'],,0,3,,False,False,0,,block,2pt made,,,,1626167|1627734|1627747|1627763|1628389|1629130|1629134|202710|203200|203482,1628389|1629130|1629134|202710|203482,1626167|1627734|1627747|1627763|203200,,,1610612748.0,22000645
1,PT10M49.00S,10:49,Q1 10:49,45.18333333333333,17,2pt,B. Adebayo 13' Jump Shot (2 PTS) (J. Butler 1 AST),['2ndchance'],Adebayo,2,3,Made,True,True,1628389,202710.0,rebound,3pt missed,,,,1626167|1627734|1627747|1627763|1628389|1629130|1629134|202710|203200|203482,1628389|1629130|1629134|202710|203482,1626167|1627734|1627747|1627763|203200,-106.0,90.0,1610612748.0,22000645
1,PT10M28.00S,10:28,Q1 10:28,45.53333333333333,19,3pt,MISS M. Brogdon 26' 3PT,[],Brogdon,2,3,Missed,True,False,1627763,,2pt made,rebound,,,,1626167|1627734|1627747|1627763|1628389|1629130|1629134|202710|203200|203482,1626167|1627734|1627747|1627763|203200,1628389|1629130|1629134|202710|203482,-164.0,206.0,1610612754.0,22000645
1,PT10M25.00S,10:25,Q1 10:25,45.583333333333336,20,rebound,D. Robinson REBOUND (Off:0 Def:1),[],Robinson,2,3,,False,False,1629130,,3pt missed,2pt missed,,,,1626167|1627734|1627747|1627763|1628389|1629130|1629134|202710|203200|203482,1628389|1629130|1629134|202710|203482,1626167|1627734|1627747|1627763|203200,,,1610612748.0,22000645
1,PT10M21.00S,10:21,Q1 10:21,45.65,21,2pt,MISS B. Adebayo Hook,['pointsinthepaint'],Adebayo,2,3,Missed,True,False,1628389,,rebound,rebound,,,,1626167|1627734|1627747|1627763|1628389|1629130|1629134|202710|203200|203482,1628389|1629130|1629134|202710|203482,1626167|1627734|1627747|1627763|203200,17.0,29.0,1610612748.0,22000645
1,PT10M20.00S,10:20,Q1 10:20,45.666666666666664,22,rebound,B. Adebayo REBOUND (Off:1 Def:0),[],Adebayo,2,3,,False,False,1628389,,2pt missed,2pt missed,,,,1626167|1627734|1627747|1627763|1628389|1629130|1629134|202710|203200|203482,1628389|1629130|1629134|202710|203482,1626167|1627734|1627747|1627763|203200,,,1610612748.0,22000645
1,PT10M20.00S,10:20,Q1 10:20,45.666666666666664,23,2pt,MISS B. Adebayo tip Layup,"['2ndchance', 'pointsinthepaint']",Adebayo,2,3,Missed,True,False,1628389,,rebound,rebound,,,,1626167|1627734|1627747|1627763|1628389|1629130|1629134|202710|203200|203482,1628389|1629130|1629134|202710|203482,1626167|1627734|1627747|1627763|203200,0.0,0.0,1610612748.0,22000645
1,PT10M18.00S,10:18,Q1 10:18,45.7,24,rebound,D. Sabonis REBOUND (Off:0 Def:2),[],Sabonis,2,3,,False,False,1627734,,2pt missed,3pt missed,,,,1626167|1627734|1627747|1627763|1628389|1629130|1629134|202710|203200|203482,1626167|1627734|1627747|1627763|203200,1628389|1629130|1629134|202710|203482,,,1610612754.0,22000645
1,PT10M12.00S,10:12,Q1 10:12,45.8,25,3pt,MISS M. Turner 26' 3PT,[],Turner,2,3,Missed,True,False,1626167,,rebound,rebound,,,,1626167|1627734|1627747|1627763|1628389|1629130|1629134|202710|203200|203482,1626167|1627734|1627747|1627763|203200,1628389|1629130|1629134|202710|203482,-105.0,243.0,1610612754.0,22000645
1,PT10M10.00S,10:10,Q1 10:10,45.833333333333336,26,rebound,B. Adebayo REBOUND (Off:1 Def:1),[],Adebayo,2,3,,False,False,1628389,,3pt missed,turnover,,,,1626167|1627734|1627747|1627763|1628389|1629130|1629134|202710|203200|203482,1628389|1629130|1629134|202710|203482,1626167|1627734|1627747|1627763|203200,,,1610612748.0,22000645
1,PT09M45.00S,09:45,Q1 09:45,44.25,27,turnover,K. Nunn bad pass TURNOVER (1 TO),[],Nunn,2,3,,False,False,1629134,,rebound,steal,,203200.0,,1626167|1627734|1627747|1627763|1628389|1629130|1629134|202710|203200|203482,1628389|1629130|1629134|202710|203482,1626167|1627734|1627747|1627763|203200,,,1610612748.0,22000645
1,PT09M45.00S,09:45,Q1 09:45,44.25,28,steal,J. Holiday STEAL (1 STL),[],Holiday,2,3,,False,False,203200,,turnover,3pt made,,,,1626167|1627734|1627747|1627763|1628389|1629130|1629134|202710|203200|203482,1626167|1627734|1627747|1627763|203200,1628389|1629130|1629134|202710|203482,,,1610612754.0,22000645
1,PT09M38.00S,09:38,Q1 09:38,44.36666666666667,29,3pt,M. Brogdon 24' 3PT running (3 PTS) (D. Sabonis 1 AST),"['fromturnover', 'fastbreak']",Brogdon,2,6,Made,True,True,1627763,1627734.0,steal,2pt missed,,,,1626167|1627734|1627747|1627763|1628389|1629130|1629134|202710|203200|203482,1626167|1627734|1627747|1627763|203200,1628389|1629130|1629134|202710|203482,245.0,-14.0,1610612754.0,22000645
1,PT09M25.00S,09:25,Q1 09:25,44.583333333333336,31,2pt,MISS K. Nunn 16' pullup Shot,[],Nunn,2,6,Missed,True,False,1629134,,3pt made,rebound,,,,1626167|1627734|1627747|1627763|1628389|1629130|1629134|202710|203200|203482,1628389|1629130|1629134|202710|203482,1626167|1627734|1627747|1627763|203200,-78.0,141.0,1610612748.0,22000645
1,PT09M23.00S,09:23,Q1 09:23,44.61666666666667,32,rebound,C. LeVert REBOUND (Off:0 Def:1),[],LeVert,2,6,,False,False,1627747,,2pt missed,2pt missed,,,,1626167|1627734|1627747|1627763|1628389|1629130|1629134|202710|203200|203482,1626167|1627734|1627747|1627763|203200,1628389|1629130|1629134|202710|203482,,,1610612754.0,22000645
1,PT09M15.00S,09:15,Q1 09:15,44.75,33,2pt,MISS M. Turner cutting Layup,['pointsinthepaint'],Turner,2,6,Missed,True,False,1626167,,rebound,rebound,,,,1626167|1627734|1627747|1627763|1628389|1629130|1629134|202710|203200|203482,1626167|1627734|1627747|1627763|203200,1628389|1629130|1629134|202710|203482,22.0,16.0,1610612754.0,22000645
1,PT09M13.00S,09:13,Q1 09:13,44.78333333333333,34,rebound,K. Olynyk REBOUND (Off:0 Def:2),[],Olynyk,2,6,,False,False,203482,,2pt missed,2pt made,,,,1626167|1627734|1627747|1627763|1628389|1629130|1629134|202710|203200|203482,1628389|1629130|1629134|202710|203482,1626167|1627734|1627747|1627763|203200,,,1610612748.0,22000645
1,PT09M04.00S,09:04,Q1 09:04,44.93333333333333,35,2pt,J. Butler driving Layup (2 PTS),['pointsinthepaint'],Butler,4,6,Made,True,False,202710,,rebound,2pt missed,,,,1626167|1627734|1627747|1627763|1628389|1629130|1629134|202710|203200|203482,1628389|1629130|1629134|202710|203482,1626167|1627734|1627747|1627763|203200,17.0,17.0,1610612748.0,22000645
1,PT08M45.00S,08:45,Q1 08:45,43.25,36,2pt,MISS D. Sabonis driving reverse Layup,['pointsinthepaint'],Sabonis,4,6,Missed,True,False,1627734,,2pt made,rebound,,,,1626167|1627734|1627747|1627763|1628389|1629130|1629134|202710|203200|203482,1626167|1627734|1627747|1627763|203200,1628389|1629130|1629134|202710|203482,-16.0,8.0,1610612754.0,22000645
1,PT08M43.00S,08:43,Q1 08:43,43.28333333333333,37,rebound,K. Olynyk REBOUND (Off:0 Def:3),[],Olynyk,4,6,,False,False,203482,,2pt missed,2pt made,,,,1626167|1627734|1627747|1627763|1628389|1629130|1629134|202710|203200|203482,1628389|1629130|1629134|202710|203482,1626167|1627734|1627747|1627763|203200,,,1610612748.0,22000645
1,PT08M40.00S,08:40,Q1 08:40,43.333333333333336,38,2pt,D. Robinson running Layup (2 PTS) (K. Nunn 1 AST),"['fastbreak', 'pointsinthepaint']",Robinson,6,6,Made,True,True,1629130,1629134.0,rebound,foul,,,,1626167|1627734|1627747|1627763|1628389|1629130|1629134|202710|203200|203482,1628389|1629130|1629134|202710|203482,1626167|1627734|1627747|1627763|203200,13.0,10.0,1610612748.0,22000645
1,PT08M30.00S,08:30,Q1 08:30,43.5,40,foul,J. Butler shooting personal FOUL (1 PF) (Brogdon 2 FT),['2freethrow'],Butler,6,6,,False,False,202710,,2pt made,freethrow,1627763.0,,,1626167|1627734|1627747|1627763|1628389|1629130|1629134|202710|203200|203482,1628389|1629130|1629134|202710|203482,1626167|1627734|1627747|1627763|203200,,,1610612748.0,22000645
1,PT08M30.00S,08:30,Q1 08:30,43.5,42,freethrow,M. Brogdon Free Throw 1 of 2 (4 PTS),[],Brogdon,6,7,Made,False,False,1627763,,foul,freethrow,,,,1626167|1627734|1627747|1627763|1628389|1629130|1629134|202710|203200|203482,1626167|1627734|1627747|1627763|203200,1628389|1629130|1629134|202710|203482,,,1610612754.0,22000645
1,PT08M30.00S,08:30,Q1 08:30,43.5,43,freethrow,MISS M. Brogdon Free Throw 2 of 2,[],Brogdon,6,7,Missed,False,False,1627763,,freethrow,rebound,,,,1626167|1627734|1627747|1627763|1628389|1629130|1629134|202710|203200|203482,1626167|1627734|1627747|1627763|203200,1628389|1629130|1629134|202710|203482,,,1610612754.0,22000645
1,PT08M28.00S,08:28,Q1 08:28,43.53333333333333,44,rebound,B. Adebayo REBOUND (Off:1 Def:2),[],Adebayo,6,7,,False,False,1628389,,freethrow,foul,,,,1626167|1627734|1627747|1627763|1628389|1629130|1629134|202710|203200|203482,1628389|1629130|1629134|202710|203482,1626167|1627734|1627747|1627763|203200,,,1610612748.0,22000645
1,PT08M18.00S,08:18,Q1 08:18,43.7,45,foul,J. Holiday shooting personal FOUL (1 PF) (Butler 2 FT),['2freethrow'],Holiday,6,7,,False,False,203200,,rebound,freethrow,202710.0,,,1626167|1627734|1627747|1627763|1628389|1629130|1629134|202710|203200|203482,1626167|1627734|1627747|1627763|203200,1628389|1629130|1629134|202710|203482,,,1610612754.0,22000645
1,PT08M18.00S,08:18,Q1 08:18,43.7,47,freethrow,J. Butler Free Throw 1 of 2 (3 PTS),[],Butler,7,7,Made,False,False,202710,,foul,freethrow,,,,1626167|1627734|1627747|1627763|1628389|1629130|1629134|202710|203200|203482,1628389|1629130|1629134|202710|203482,1626167|1627734|1627747|1627763|203200,,,1610612748.0,22000645
1,PT08M18.00S,08:18,Q1 08:18,43.7,48,freethrow,J. Butler Free Throw 2 of 2 (4 PTS),[],Butler,8,7,Made,False,False,202710,,freethrow,2pt made,,,,1626167|1627734|1627747|1627763|1628389|1629130|1629134|202710|203200|203482,1628389|1629130|1629134|202710|203482,1626167|1627734|1627747|1627763|203200,,,1610612748.0,22000645
1,PT08M00.00S,08:00,Q1 08:00,44.0,49,2pt,D. Sabonis reverse Layup (2 PTS),['pointsinthepaint'],Sabonis,8,9,Made,True,False,1627734,,freethrow,foul,,,,1626167|1627734|1627747|1627763|1628389|1629130|1629134|202710|203200|203482,1626167|1627734|1627747|1627763|203200,1628389|1629130|1629134|202710|203482,13.0,-3.0,1610612754.0,22000645
1,PT07M48.00S,07:48,Q1 07:48,42.2,51,foul,M. Turner shooting personal FOUL (1 PF) (Nunn 2 FT),['2freethrow'],Turner,8,9,,False,False,1626167,,2pt made,freethrow,1629134.0,,,1626167|1627734|1627747|1627763|1628389|1629130|1629134|202710|203200|203482,1626167|1627734|1627747|1627763|203200,1628389|1629130|1629134|202710|203482,,,1610612754.0,22000645
1,PT07M48.00S,07:48,Q1 07:48,42.2,53,freethrow,K. Nunn Free Throw 1 of 2 (1 PTS),[],Nunn,9,9,Made,False,False,1629134,,foul,freethrow,,,,1626167|1627734|1627747|1627763|1628389|1629130|1629134|202710|203200|203482,1628389|1629130|1629134|202710|203482,1626167|1627734|1627747|1627763|203200,,,1610612748.0,22000645
1,PT07M48.00S,07:48,Q1 07:48,42.2,54,freethrow,K. Nunn Free Throw 2 of 2 (2 PTS),[],Nunn,10,9,Made,False,False,1629134,,freethrow,3pt made,,,,1626167|1627734|1627747|1627763|1628389|1629130|1629134|202710|203200|203482,1628389|1629130|1629134|202710|203482,1626167|1627734|1627747|1627763|203200,,,1610612748.0,22000645
1,PT07M34.00S,07:34,Q1 07:34,42.43333333333333,55,3pt,M. Turner 3PT  (3 PTS) (C. LeVert 1 AST),[],Turner,10,12,Made,True,True,1626167,1627747.0,freethrow,2pt made,,,,1626167|1627734|1627747|1627763|1628389|1629130|1629134|202710|203200|203482,1626167|1627734|1627747|1627763|203200,1628389|1629130|1629134|202710|203482,234.0,-17.0,1610612754.0,22000645
1,PT07M15.00S,07:15,Q1 07:15,42.75,57,2pt,K. Nunn 15' pullup Jump Shot (4 PTS) (D. Robinson 1 AST),['pointsinthepaint'],Nunn,12,12,Made,True,True,1629134,1629130.0,3pt made,3pt missed,,,,1626167|1627734|1627747|1627763|1628389|1629130|1629134|202710|203200|203482,1628389|1629130|1629134|202710|203482,1626167|1627734|1627747|1627763|203200,-68.0,135.0,1610612748.0,22000645
1,PT07M06.00S,07:06,Q1 07:06,42.9,59,3pt,MISS M. Brogdon 24' pullup 3PT,[],Brogdon,12,12,Missed,True,False,1627763,,2pt made,rebound,,,,1626167|1627734|1627747|1627763|1628389|1629130|1629134|202710|203200|203482,1626167|1627734|1627747|1627763|203200,1628389|1629130|1629134|202710|203482,179.0,160.0,1610612754.0,22000645
1,PT07M02.00S,07:02,Q1 07:02,42.96666666666667,60,rebound,K. Nunn REBOUND (Off:0 Def:1),[],Nunn,12,12,,False,False,1629134,,3pt missed,3pt missed,,,,1626167|1627734|1627747|1627763|1628389|1629130|1629134|202710|203200|203482,1628389|1629130|1629134|202710|203482,1626167|1627734|1627747|1627763|203200,,,1610612748.0,22000645
1,PT06M54.00S,06:54,Q1 06:54,41.1,61,3pt,MISS D. Robinson 3PT,[],Robinson,12,12,Missed,True,False,1629130,,rebound,rebound,,,,1626167|1627734|1627747|1627763|1628389|1629130|1629134|202710|203200|203482,1628389|1629130|1629134|202710|203482,1626167|1627734|1627747|1627763|203200,229.0,30.0,1610612748.0,22000645
1,PT06M53.00S,06:53,Q1 06:53,41.11666666666667,62,rebound,B. Adebayo REBOUND (Off:2 Def:2),[],Adebayo,12,12,,False,False,1628389,,3pt missed,3pt made,,,,1626167|1627734|1627747|1627763|1628389|1629130|1629134|202710|203200|203482,1628389|1629130|1629134|202710|203482,1626167|1627734|1627747|1627763|203200,,,1610612748.0,22000645
1,PT06M46.00S,06:46,Q1 06:46,41.233333333333334,63,3pt,D. Robinson 3PT  (5 PTS) (K. Nunn 2 AST),['2ndchance'],Robinson,15,12,Made,True,True,1629130,1629134.0,rebound,3pt missed,,,,1626167|1627734|1627747|1627763|1628389|1629130|1629134|202710|203200|203482,1628389|1629130|1629134|202710|203482,1626167|1627734|1627747|1627763|203200,223.0,67.0,1610612748.0,22000645
1,PT06M22.00S,06:22,Q1 06:22,41.63333333333333,65,3pt,MISS D. Sabonis 24' fadeaway 3PT,[],Sabonis,15,12,Missed,True,False,1627734,,3pt made,rebound,,,,1626167|1627734|1627747|1627763|1628389|1629130|1629134|202710|203200|203482,1626167|1627734|1627747|1627763|203200,1628389|1629130|1629134|202710|203482,5.0,249.0,1610612754.0,22000645
1,PT06M20.00S,06:20,Q1 06:20,41.666666666666664,66,rebound,J. Butler REBOUND (Off:0 Def:1),[],Butler,15,12,,False,False,202710,,3pt missed,3pt missed,,,,1626167|1627734|1627747|1627763|1628389|1629130|1629134|202710|203200|203482,1628389|1629130|1629134|202710|203482,1626167|1627734|1627747|1627763|203200,,,1610612748.0,22000645
1,PT06M13.00S,06:13,Q1 06:13,41.78333333333333,67,3pt,MISS K. Olynyk 3PT,[],Olynyk,15,12,Missed,True,False,203482,,rebound,rebound,,,,1626167|1627734|1627747|1627763|1628389|1629130|1629134|202710|203200|203482,1628389|1629130|1629134|202710|203482,1626167|1627734|1627747|1627763|203200,232.0,11.0,1610612748.0,22000645
1,PT06M10.00S,06:10,Q1 06:10,41.833333333333336,68,rebound,M. Brogdon REBOUND (Off:0 Def:1),[],Brogdon,15,12,,False,False,1627763,,3pt missed,timeout,,,,1626167|1627734|1627747|1627763|1628389|1629130|1629134|202710|203200|203482,1626167|1627734|1627747|1627763|203200,1628389|1629130|1629134|202710|203482,,,1610612754.0,22000645
1,PT06M03.00S,06:03,Q1 06:03,41.95,70,timeout,MIA Timeout,"['team', 'mandatory']",,15,12,,False,False,0,,rebound,substitution,,,,1626167|1627734|1627747|1627763|1628389|1629130|1629134|202710|203200|203482,1628389|1629130|1629134|202710|203482,1626167|1627734|1627747|1627763|203200,,,1610612748.0,22000645
1,PT06M03.00S,06:03,Q1 06:03,41.95,71,substitution,SUB out: B. Adebayo,[],Adebayo,15,12,,False,False,1628389,,timeout,substitution,,,,1626167|1627734|1627747|1627763|1629130|1629134|202710|203200|203482,1629130|1629134|202710|203482,1626167|1627734|1627747|1627763|203200,,,1610612748.0,22000645
1,PT06M03.00S,06:03,Q1 06:03,41.95,72,substitution,SUB in: P. Achiuwa,[],Achiuwa,15,12,,False,False,1630173,,substitution,2pt missed,,,,1626167|1627734|1627747|1627763|1629130|1629134|1630173|202710|203200|203482,1629130|1629134|1630173|202710|203482,1626167|1627734|1627747|1627763|203200,,,1610612748.0,22000645
1,PT05M55.00S,05:55,Q1 05:55,40.083333333333336,73,2pt,MISS C. LeVert driving Layup,['pointsinthepaint'],LeVert,15,12,Missed,True,False,1627747,,substitution,rebound,,,,1626167|1627734|1627747|1627763|1629130|1629134|1630173|202710|203200|203482,1626167|1627734|1627747|1627763|203200,1629130|1629134|1630173|202710|203482,-14.0,1.0,1610612754.0,22000645
1,PT05M53.00S,05:53,Q1 05:53,40.11666666666667,74,rebound,D. Robinson REBOUND (Off:0 Def:2),[],Robinson,15,12,,False,False,1629130,,2pt missed,2pt missed,,,,1626167|1627734|1627747|1627763|1629130|1629134|1630173|202710|203200|203482,1629130|1629134|1630173|202710|203482,1626167|1627734|1627747|1627763|203200,,,1610612748.0,22000645
1,PT05M45.00S,05:45,Q1 05:45,40.25,75,2pt,MISS P. Achiuwa driving reverse Layup,['pointsinthepaint'],Achiuwa,15,12,Missed,True,False,1630173,,rebound,rebound,,,,1626167|1627734|1627747|1627763|1629130|1629134|1630173|202710|203200|203482,1629130|1629134|1630173|202710|203482,1626167|1627734|1627747|1627763|203200,18.0,13.0,1610612748.0,22000645
1,PT05M43.00S,05:43,Q1 05:43,40.28333333333333,76,rebound,M. Turner REBOUND (Off:0 Def:1),[],Turner,15,12,,False,False,1626167,,2pt missed,3pt missed,,,,1626167|1627734|1627747|1627763|1629130|1629134|1630173|202710|203200|203482,1626167|1627734|1627747|1627763|203200,1629130|1629134|1630173|202710|203482,,,1610612754.0,22000645
1,PT05M31.00S,05:31,Q1 05:31,40.483333333333334,77,3pt,MISS D. Sabonis 24' 3PT,[],Sabonis,15,12,Missed,True,False,1627734,,rebound,rebound,,,,1626167|1627734|1627747|1627763|1629130|1629134|1630173|202710|203200|203482,1626167|1627734|1627747|1627763|203200,1629130|1629134|1630173|202710|203482,-34.0,246.0,1610612754.0,22000645
1,PT05M29.00S,05:29,Q1 05:29,40.516666666666666,78,rebound,M. Turner REBOUND (Off:1 Def:1),[],Turner,15,12,,False,False,1626167,,3pt missed,3pt made,,,,1626167|1627734|1627747|1627763|1629130|1629134|1630173|202710|203200|203482,1626167|1627734|1627747|1627763|203200,1629130|1629134|1630173|202710|203482,,,1610612754.0,22000645
1,PT05M22.00S,05:22,Q1 05:22,40.63333333333333,79,3pt,J. Holiday 24' 3PT  (6 PTS) (M. Brogdon 2 AST),['2ndchance'],Holiday,15,15,Made,True,True,203200,1627763.0,rebound,3pt missed,,,,1626167|1627734|1627747|1627763|1629130|1629134|1630173|202710|203200|203482,1626167|1627734|1627747|1627763|203200,1629130|1629134|1630173|202710|203482,241.0,13.0,1610612754.0,22000645
1,PT04M54.00S,04:54,Q1 04:54,39.1,81,3pt,MISS D. Robinson 27' 3PT,[],Robinson,15,15,Missed,True,False,1629130,,3pt made,rebound,,,,1626167|1627734|1627747|1627763|1629130|1629134|1630173|202710|203200|203482,1629130|1629134|1630173|202710|203482,1626167|1627734|1627747|1627763|203200,103.0,251.0,1610612748.0,22000645
1,PT04M51.00S,04:51,Q1 04:51,39.15,82,rebound,D. Sabonis REBOUND (Off:0 Def:3),[],Sabonis,15,15,,False,False,1627734,,3pt missed,2pt missed,,,,1626167|1627734|1627747|1627763|1629130|1629134|1630173|202710|203200|203482,1626167|1627734|1627747|1627763|203200,1629130|1629134|1630173|202710|203482,,,1610612754.0,22000645
1,PT04M44.00S,04:44,Q1 04:44,39.266666666666666,83,2pt,MISS D. Sabonis driving Layup,['pointsinthepaint'],Sabonis,15,15,Missed,True,False,1627734,,rebound,rebound,,,,1626167|1627734|1627747|1627763|1629130|1629134|1630173|202710|203200|203482,1626167|1627734|1627747|1627763|203200,1629130|1629134|1630173|202710|203482,-20.0,-1.0,1610612754.0,22000645
1,PT04M43.00S,04:43,Q1 04:43,39.28333333333333,84,rebound,D. Sabonis REBOUND (Off:1 Def:3),[],Sabonis,15,15,,False,False,1627734,,2pt missed,2pt made,,,,1626167|1627734|1627747|1627763|1629130|1629134|1630173|202710|203200|203482,1626167|1627734|1627747|1627763|203200,1629130|1629134|1630173|202710|203482,,,1610612754.0,22000645
1,PT04M43.00S,04:43,Q1 04:43,39.28333333333333,85,2pt,D. Sabonis putback Layup (4 PTS),"['pointsinthepaint', '2ndchance']",Sabonis,15,17,Made,True,False,1627734,,rebound,foul,,,,1626167|1627734|1627747|1627763|1629130|1629134|1630173|202710|203200|203482,1626167|1627734|1627747|1627763|203200,1629130|1629134|1630173|202710|203482,-13.0,10.0,1610612754.0,22000645
1,PT04M43.00S,04:43,Q1 04:43,39.28333333333333,86,foul,P. Achiuwa shooting personal FOUL (1 PF) (Sabonis 1 FT),['1freethrow'],Achiuwa,15,17,,False,False,1630173,,2pt made,freethrow,1627734.0,,,1626167|1627734|1627747|1627763|1629130|1629134|1630173|202710|203200|203482,1629130|1629134|1630173|202710|203482,1626167|1627734|1627747|1627763|203200,,,1610612748.0,22000645
1,PT04M43.00S,04:43,Q1 04:43,39.28333333333333,92,freethrow,D. Sabonis Free Throw 1 of 1 (5 PTS),['2ndchance'],Sabonis,15,18,Made,False,False,1627734,,foul,substitution,,,,1626167|1627734|1627747|1627763|1629130|1629134|1630173|202710|203200|203482,1626167|1627734|1627747|1627763|203200,1629130|1629134|1630173|202710|203482,,,1610612754.0,22000645
1,PT04M43.00S,04:43,Q1 04:43,39.28333333333333,88,substitution,SUB out: D. Robinson,[],Robinson,15,17,,False,False,1629130,,freethrow,substitution,,,,1626167|1627734|1627747|1627763|1629134|1630173|202710|203200|203482,1629134|1630173|202710|203482,1626167|1627734|1627747|1627763|203200,,,1610612748.0,22000645
1,PT04M43.00S,04:43,Q1 04:43,39.28333333333333,89,substitution,SUB in: T. Herro,[],Herro,15,17,,False,False,1629639,,substitution,substitution,,,,1626167|1627734|1627747|1627763|1629134|1629639|1630173|202710|203200|203482,1629134|1629639|1630173|202710|203482,1626167|1627734|1627747|1627763|203200,,,1610612748.0,22000645
1,PT04M43.00S,04:43,Q1 04:43,39.28333333333333,90,substitution,SUB out: C. LeVert,[],LeVert,15,17,,False,False,1627747,,substitution,substitution,,,,1626167|1627734|1627763|1629134|1629639|1630173|202710|203200|203482,1626167|1627734|1627763|203200,1629134|1629639|1630173|202710|203482,,,1610612754.0,22000645
1,PT04M43.00S,04:43,Q1 04:43,39.28333333333333,91,substitution,SUB in: D. McDermott,[],McDermott,15,17,,False,False,203926,,substitution,foul,,,,1626167|1627734|1627763|1629134|1629639|1630173|202710|203200|203482|203926,1626167|1627734|1627763|203200|203926,1629134|1629639|1630173|202710|203482,,,1610612754.0,22000645
1,PT04M29.00S,04:29,Q1 04:29,39.516666666666666,93,foul,D. Sabonis shooting personal FOUL (1 PF) (Achiuwa 2 FT),['2freethrow'],Sabonis,15,18,,False,False,1627734,,substitution,freethrow,1630173.0,,,1626167|1627734|1627763|1629134|1629639|1630173|202710|203200|203482|203926,1626167|1627734|1627763|203200|203926,1629134|1629639|1630173|202710|203482,,,1610612754.0,22000645
1,PT04M29.00S,04:29,Q1 04:29,39.516666666666666,95,freethrow,MISS P. Achiuwa Free Throw 1 of 2,[],Achiuwa,15,18,Missed,False,False,1630173,,foul,rebound,,,,1626167|1627734|1627763|1629134|1629639|1630173|202710|203200|203482|203926,1629134|1629639|1630173|202710|203482,1626167|1627734|1627763|203200|203926,,,1610612748.0,22000645
1,PT04M29.00S,04:29,Q1 04:29,39.516666666666666,96,rebound,TEAM offensive REBOUND,"['team', 'deadball']",,15,18,,False,False,0,,freethrow,freethrow,,,,1626167|1627734|1627763|1629134|1629639|1630173|202710|203200|203482|203926,1629134|1629639|1630173|202710|203482,1626167|1627734|1627763|203200|203926,,,1610612748.0,22000645
1,PT04M29.00S,04:29,Q1 04:29,39.516666666666666,99,freethrow,MISS P. Achiuwa Free Throw 2 of 2,[],Achiuwa,15,18,Missed,False,False,1630173,,rebound,substitution,,,,1626167|1627734|1627763|1629134|1629639|1630173|202710|203200|203482|203926,1629134|1629639|1630173|202710|203482,1626167|1627734|1627763|203200|203926,,,1610612748.0,22000645
1,PT04M29.00S,04:29,Q1 04:29,39.516666666666666,97,substitution,SUB out: K. Nunn,[],Nunn,15,18,,False,False,1629134,,freethrow,substitution,,,,1626167|1627734|1627763|1629639|1630173|202710|203200|203482|203926,1629639|1630173|202710|203482,1626167|1627734|1627763|203200|203926,,,1610612748.0,22000645
1,PT04M29.00S,04:29,Q1 04:29,39.516666666666666,98,substitution,SUB in: G. Vincent,[],Vincent,15,18,,False,False,1629216,,substitution,rebound,,,,1626167|1627734|1627763|1629216|1629639|1630173|202710|203200|203482|203926,1629216|1629639|1630173|202710|203482,1626167|1627734|1627763|203200|203926,,,1610612748.0,22000645
1,PT04M27.00S,04:27,Q1 04:27,39.55,100,rebound,D. McDermott REBOUND (Off:0 Def:1),[],McDermott,15,18,,False,False,203926,,substitution,3pt made,,,,1626167|1627734|1627763|1629216|1629639|1630173|202710|203200|203482|203926,1626167|1627734|1627763|203200|203926,1629216|1629639|1630173|202710|203482,,,1610612754.0,22000645
1,PT04M14.00S,04:14,Q1 04:14,39.766666666666666,101,3pt,M. Turner 3PT  (6 PTS) (M. Brogdon 3 AST),[],Turner,15,21,Made,True,True,1626167,1627763.0,rebound,2pt made,,,,1626167|1627734|1627763|1629216|1629639|1630173|202710|203200|203482|203926,1626167|1627734|1627763|203200|203926,1629216|1629639|1630173|202710|203482,230.0,-26.0,1610612754.0,22000645
1,PT03M59.00S,03:59,Q1 03:59,38.016666666666666,103,2pt,J. Butler driving Hook (6 PTS),['pointsinthepaint'],Butler,17,21,Made,True,False,202710,,3pt made,turnover,,,,1626167|1627734|1627763|1629216|1629639|1630173|202710|203200|203482|203926,1629216|1629639|1630173|202710|203482,1626167|1627734|1627763|203200|203926,25.0,38.0,1610612748.0,22000645
1,PT03M47.00S,03:47,Q1 03:47,38.21666666666667,104,turnover,D. Sabonis bad pass TURNOVER (1 TO),[],Sabonis,17,21,,False,False,1627734,,2pt made,steal,,1629216.0,,1626167|1627734|1627763|1629216|1629639|1630173|202710|203200|203482|203926,1626167|1627734|1627763|203200|203926,1629216|1629639|1630173|202710|203482,,,1610612754.0,22000645
1,PT03M47.00S,03:47,Q1 03:47,38.21666666666667,105,steal,G. Vincent STEAL (1 STL),[],Vincent,17,21,,False,False,1629216,,turnover,2pt missed,,,,1626167|1627734|1627763|1629216|1629639|1630173|202710|203200|203482|203926,1629216|1629639|1630173|202710|203482,1626167|1627734|1627763|203200|203926,,,1610612748.0,22000645
1,PT03M40.00S,03:40,Q1 03:40,38.333333333333336,106,2pt,MISS P. Achiuwa 8' Hook - blocked,"['pointsinthepaint', 'fromturnover']",Achiuwa,17,21,Missed,True,False,1630173,,steal,block,,,203200.0,1626167|1627734|1627763|1629216|1629639|1630173|202710|203200|203482|203926,1629216|1629639|1630173|202710|203482,1626167|1627734|1627763|203200|203926,-32.0,74.0,1610612748.0,22000645
1,PT03M40.00S,03:40,Q1 03:40,38.333333333333336,107,block,J. Holiday BLOCK (1 BLK),[],Holiday,17,21,,False,False,203200,,2pt missed,rebound,,,,1626167|1627734|1627763|1629216|1629639|1630173|202710|203200|203482|203926,1626167|1627734|1627763|203200|203926,1629216|1629639|1630173|202710|203482,,,1610612754.0,22000645
1,PT03M38.00S,03:38,Q1 03:38,38.36666666666667,108,rebound,P. Achiuwa REBOUND (Off:1 Def:0),[],Achiuwa,17,21,,False,False,1630173,,block,3pt missed,,,,1626167|1627734|1627763|1629216|1629639|1630173|202710|203200|203482|203926,1629216|1629639|1630173|202710|203482,1626167|1627734|1627763|203200|203926,,,1610612748.0,22000645
1,PT03M36.00S,03:36,Q1 03:36,38.4,109,3pt,MISS K. Olynyk 26' 3PT,"['fromturnover', '2ndchance']",Olynyk,17,21,Missed,True,False,203482,,rebound,rebound,,,,1626167|1627734|1627763|1629216|1629639|1630173|202710|203200|203482|203926,1629216|1629639|1630173|202710|203482,1626167|1627734|1627763|203200|203926,-147.0,216.0,1610612748.0,22000645
1,PT03M34.00S,03:34,Q1 03:34,38.43333333333333,110,rebound,D. Sabonis REBOUND (Off:1 Def:4),[],Sabonis,17,21,,False,False,1627734,,3pt missed,3pt made,,,,1626167|1627734|1627763|1629216|1629639|1630173|202710|203200|203482|203926,1626167|1627734|1627763|203200|203926,1629216|1629639|1630173|202710|203482,,,1610612754.0,22000645
1,PT03M20.00S,03:20,Q1 03:20,38.666666666666664,111,3pt,J. Holiday 3PT  (9 PTS) (M. Brogdon 4 AST),[],Holiday,17,24,Made,True,True,203200,1627763.0,rebound,2pt made,,,,1626167|1627734|1627763|1629216|1629639|1630173|202710|203200|203482|203926,1626167|1627734|1627763|203200|203926,1629216|1629639|1630173|202710|203482,-231.0,28.0,1610612754.0,22000645
1,PT03M02.00S,03:02,Q1 03:02,38.96666666666667,113,2pt,J. Butler driving floating Jump Shot (8 PTS),['pointsinthepaint'],Butler,19,24,Made,True,False,202710,,3pt made,foul,,,,1626167|1627734|1627763|1629216|1629639|1630173|202710|203200|203482|203926,1629216|1629639|1630173|202710|203482,1626167|1627734|1627763|203200|203926,34.0,42.0,1610612748.0,22000645
1,PT02M49.00S,02:49,Q1 02:49,37.18333333333333,114,foul,K. Olynyk shooting personal FOUL (1 PF) (Turner 2 FT),['2freethrow'],Olynyk,19,24,,False,False,203482,,2pt made,timeout,1626167.0,,,1626167|1627734|1627763|1629216|1629639|1630173|202710|203200|203482|203926,1629216|1629639|1630173|202710|203482,1626167|1627734|1627763|203200|203926,,,1610612748.0,22000645
1,PT02M49.00S,02:49,Q1 02:49,37.18333333333333,116,timeout,IND Timeout,"['team', 'mandatory']",,19,24,,False,False,0,,foul,freethrow,,,,1626167|1627734|1627763|1629216|1629639|1630173|202710|203200|203482|203926,1626167|1627734|1627763|203200|203926,1629216|1629639|1630173|202710|203482,,,1610612754.0,22000645
1,PT02M49.00S,02:49,Q1 02:49,37.18333333333333,125,freethrow,M. Turner Free Throw 1 of 2 (7 PTS),[],Turner,19,25,Made,False,False,1626167,,timeout,freethrow,,,,1626167|1627734|1627763|1629216|1629639|1630173|202710|203200|203482|203926,1626167|1627734|1627763|203200|203926,1629216|1629639|1630173|202710|203482,,,1610612754.0,22000645
1,PT02M49.00S,02:49,Q1 02:49,37.18333333333333,126,freethrow,M. Turner Free Throw 2 of 2 (8 PTS),[],Turner,19,26,Made,False,False,1626167,,freethrow,substitution,,,,1626167|1627734|1627763|1629216|1629639|1630173|202710|203200|203482|203926,1626167|1627734|1627763|203200|203926,1629216|1629639|1630173|202710|203482,,,1610612754.0,22000645
1,PT02M49.00S,02:49,Q1 02:49,37.18333333333333,117,substitution,SUB out: P. Achiuwa,[],Achiuwa,19,24,,False,False,1630173,,freethrow,substitution,,,,1626167|1627734|1627763|1629216|1629639|202710|203200|203482|203926,1629216|1629639|202710|203482,1626167|1627734|1627763|203200|203926,,,1610612748.0,22000645
1,PT02M49.00S,02:49,Q1 02:49,37.18333333333333,118,substitution,SUB out: K. Olynyk,[],Olynyk,19,24,,False,False,203482,,substitution,substitution,,,,1626167|1627734|1627763|1629216|1629639|202710|203200|203926,1629216|1629639|202710,1626167|1627734|1627763|203200|203926,,,1610612748.0,22000645
1,PT02M49.00S,02:49,Q1 02:49,37.18333333333333,119,substitution,SUB out: J. Butler,[],Butler,19,24,,False,False,202710,,substitution,substitution,,,,1626167|1627734|1627763|1629216|1629639|203200|203926,1629216|1629639,1626167|1627734|1627763|203200|203926,,,1610612748.0,22000645
1,PT02M49.00S,02:49,Q1 02:49,37.18333333333333,120,substitution,SUB out: D. Sabonis,[],Sabonis,19,24,,False,False,1627734,,substitution,substitution,,,,1626167|1627763|1629216|1629639|203200|203926,1626167|1627763|203200|203926,1629216|1629639,,,1610612754.0,22000645
1,PT02M49.00S,02:49,Q1 02:49,37.18333333333333,121,substitution,SUB in: B. Adebayo,[],Adebayo,19,24,,False,False,1628389,,substitution,substitution,,,,1626167|1627763|1628389|1629216|1629639|203200|203926,1628389|1629216|1629639,1626167|1627763|203200|203926,,,1610612748.0,22000645
1,PT02M49.00S,02:49,Q1 02:49,37.18333333333333,122,substitution,SUB in: A. Iguodala,[],Iguodala,19,24,,False,False,2738,,substitution,substitution,,,,1626167|1627763|1628389|1629216|1629639|203200|203926|2738,1628389|1629216|1629639|2738,1626167|1627763|203200|203926,,,1610612748.0,22000645
1,PT02M49.00S,02:49,Q1 02:49,37.18333333333333,123,substitution,SUB in: D. Robinson,[],Robinson,19,24,,False,False,1629130,,substitution,substitution,,,,1626167|1627763|1628389|1629130|1629216|1629639|203200|203926|2738,1628389|1629130|1629216|1629639|2738,1626167|1627763|203200|203926,,,1610612748.0,22000645
1,PT02M49.00S,02:49,Q1 02:49,37.18333333333333,124,substitution,SUB in: T. McConnell,[],McConnell,19,24,,False,False,204456,,substitution,3pt missed,,,,1626167|1627763|1628389|1629130|1629216|1629639|203200|203926|204456|2738,1626167|1627763|203200|203926|204456,1628389|1629130|1629216|1629639|2738,,,1610612754.0,22000645
1,PT02M35.00S,02:35,Q1 02:35,37.416666666666664,127,3pt,MISS D. Robinson 25' 3PT,[],Robinson,19,26,Missed,True,False,1629130,,substitution,rebound,,,,1626167|1627763|1628389|1629130|1629216|1629639|203200|203926|204456|2738,1628389|1629130|1629216|1629639|2738,1626167|1627763|203200|203926|204456,-176.0,187.0,1610612748.0,22000645
1,PT02M31.00S,02:31,Q1 02:31,37.483333333333334,128,rebound,D. McDermott REBOUND (Off:0 Def:2),[],McDermott,19,26,,False,False,203926,,3pt missed,3pt missed,,,,1626167|1627763|1628389|1629130|1629216|1629639|203200|203926|204456|2738,1626167|1627763|203200|203926|204456,1628389|1629130|1629216|1629639|2738,,,1610612754.0,22000645
1,PT02M25.00S,02:25,Q1 02:25,37.583333333333336,129,3pt,MISS D. McDermott 3PT,[],McDermott,19,26,Missed,True,False,203926,,rebound,rebound,,,,1626167|1627763|1628389|1629130|1629216|1629639|203200|203926|204456|2738,1626167|1627763|203200|203926|204456,1628389|1629130|1629216|1629639|2738,-232.0,23.0,1610612754.0,22000645
1,PT02M23.00S,02:23,Q1 02:23,37.61666666666667,130,rebound,M. Brogdon REBOUND (Off:1 Def:1),[],Brogdon,19,26,,False,False,1627763,,3pt missed,2pt missed,,,,1626167|1627763|1628389|1629130|1629216|1629639|203200|203926|204456|2738,1626167|1627763|203200|203926|204456,1628389|1629130|1629216|1629639|2738,,,1610612754.0,22000645
1,PT02M22.00S,02:22,Q1 02:22,37.63333333333333,131,2pt,MISS M. Brogdon putback Layup - blocked,"['pointsinthepaint', '2ndchance']",Brogdon,19,26,Missed,True,False,1627763,,rebound,block,,,1629130.0,1626167|1627763|1628389|1629130|1629216|1629639|203200|203926|204456|2738,1626167|1627763|203200|203926|204456,1628389|1629130|1629216|1629639|2738,8.0,-4.0,1610612754.0,22000645
1,PT02M22.00S,02:22,Q1 02:22,37.63333333333333,132,block,D. Robinson BLOCK (1 BLK),[],Robinson,19,26,,False,False,1629130,,2pt missed,rebound,,,,1626167|1627763|1628389|1629130|1629216|1629639|203200|203926|204456|2738,1628389|1629130|1629216|1629639|2738,1626167|1627763|203200|203926|204456,,,1610612748.0,22000645
1,PT02M18.00S,02:18,Q1 02:18,37.7,133,rebound,M. Brogdon REBOUND (Off:2 Def:1),[],Brogdon,19,26,,False,False,1627763,,block,2pt missed,,,,1626167|1627763|1628389|1629130|1629216|1629639|203200|203926|204456|2738,1626167|1627763|203200|203926|204456,1628389|1629130|1629216|1629639|2738,,,1610612754.0,22000645
1,PT02M18.00S,02:18,Q1 02:18,37.7,134,2pt,MISS M. Brogdon putback Layup,"['pointsinthepaint', '2ndchance']",Brogdon,19,26,Missed,True,False,1627763,,rebound,rebound,,,,1626167|1627763|1628389|1629130|1629216|1629639|203200|203926|204456|2738,1626167|1627763|203200|203926|204456,1628389|1629130|1629216|1629639|2738,26.0,6.0,1610612754.0,22000645
1,PT02M16.00S,02:16,Q1 02:16,37.733333333333334,136,rebound,B. Adebayo REBOUND (Off:2 Def:3),[],Adebayo,19,26,,False,False,1628389,,2pt missed,2pt made,,,,1626167|1627763|1628389|1629130|1629216|1629639|203200|203926|204456|2738,1628389|1629130|1629216|1629639|2738,1626167|1627763|203200|203926|204456,,,1610612748.0,22000645
1,PT02M14.00S,02:14,Q1 02:14,37.766666666666666,137,2pt,T. Herro running Layup (2 PTS),"['fastbreak', 'pointsinthepaint']",Herro,21,26,Made,True,False,1629639,,rebound,2pt missed,,,,1626167|1627763|1628389|1629130|1629216|1629639|203200|203926|204456|2738,1628389|1629130|1629216|1629639|2738,1626167|1627763|203200|203926|204456,-9.0,21.0,1610612748.0,22000645
1,PT01M55.00S,01:55,Q1 01:55,36.083333333333336,138,2pt,MISS M. Brogdon driving Layup,['pointsinthepaint'],Brogdon,21,26,Missed,True,False,1627763,,2pt made,rebound,,,,1626167|1627763|1628389|1629130|1629216|1629639|203200|203926|204456|2738,1626167|1627763|203200|203926|204456,1628389|1629130|1629216|1629639|2738,-16.0,12.0,1610612754.0,22000645
1,PT01M54.00S,01:54,Q1 01:54,36.1,139,rebound,T. Herro REBOUND (Off:0 Def:1),[],Herro,21,26,,False,False,1629639,,2pt missed,turnover,,,,1626167|1627763|1628389|1629130|1629216|1629639|203200|203926|204456|2738,1628389|1629130|1629216|1629639|2738,1626167|1627763|203200|203926|204456,,,1610612748.0,22000645
1,PT01M52.00S,01:52,Q1 01:52,36.13333333333333,140,turnover,G. Vincent traveling TURNOVER (1 TO),[],Vincent,21,26,,False,False,1629216,,rebound,substitution,,,,1626167|1627763|1628389|1629130|1629216|1629639|203200|203926|204456|2738,1628389|1629130|1629216|1629639|2738,1626167|1627763|203200|203926|204456,,,1610612748.0,22000645
1,PT01M52.00S,01:52,Q1 01:52,36.13333333333333,141,substitution,SUB out: M. Brogdon,[],Brogdon,21,26,,False,False,1627763,,turnover,substitution,,,,1626167|1628389|1629130|1629216|1629639|203200|203926|204456|2738,1626167|203200|203926|204456,1628389|1629130|1629216|1629639|2738,,,1610612754.0,22000645
1,PT01M52.00S,01:52,Q1 01:52,36.13333333333333,142,substitution,SUB out: J. Holiday,[],Holiday,21,26,,False,False,203200,,substitution,substitution,,,,1626167|1628389|1629130|1629216|1629639|203926|204456|2738,1626167|203926|204456,1628389|1629130|1629216|1629639|2738,,,1610612754.0,22000645
1,PT01M52.00S,01:52,Q1 01:52,36.13333333333333,143,substitution,SUB out: M. Turner,[],Turner,21,26,,False,False,1626167,,substitution,substitution,,,,1628389|1629130|1629216|1629639|203926|204456|2738,203926|204456,1628389|1629130|1629216|1629639|2738,,,1610612754.0,22000645
1,PT01M52.00S,01:52,Q1 01:52,36.13333333333333,144,substitution,SUB in: E. Sumner,[],Sumner,21,26,,False,False,1628410,,substitution,substitution,,,,1628389|1628410|1629130|1629216|1629639|203926|204456|2738,1628410|203926|204456,1628389|1629130|1629216|1629639|2738,,,1610612754.0,22000645
1,PT01M52.00S,01:52,Q1 01:52,36.13333333333333,145,substitution,SUB in: J. Lamb,[],Lamb,21,26,,False,False,203087,,substitution,substitution,,,,1628389|1628410|1629130|1629216|1629639|203087|203926|204456|2738,1628410|203087|203926|204456,1628389|1629130|1629216|1629639|2738,,,1610612754.0,22000645
1,PT01M52.00S,01:52,Q1 01:52,36.13333333333333,146,substitution,SUB in: G. Bitadze,[],Bitadze,21,26,,False,False,1629048,,substitution,2pt made,,,,1628389|1628410|1629048|1629130|1629216|1629639|203087|203926|204456|2738,1628410|1629048|203087|203926|204456,1628389|1629130|1629216|1629639|2738,,,1610612754.0,22000645
1,PT01M27.00S,01:27,Q1 01:27,36.55,148,2pt,D. McDermott cutting Layup (2 PTS) (T. McConnell 1 AST),"['pointsinthepaint', 'fromturnover']",McDermott,21,28,Made,True,True,203926,204456.0,substitution,3pt made,,,,1628389|1628410|1629048|1629130|1629216|1629639|203087|203926|204456|2738,1628410|1629048|203087|203926|204456,1628389|1629130|1629216|1629639|2738,-11.0,7.0,1610612754.0,22000645
1,PT01M10.00S,01:10,Q1 01:10,36.833333333333336,150,3pt,G. Vincent 3PT step back (3 PTS) (T. Herro 1 AST),[],Vincent,24,28,Made,True,True,1629216,1629639.0,2pt made,2pt made,,,,1628389|1628410|1629048|1629130|1629216|1629639|203087|203926|204456|2738,1628389|1629130|1629216|1629639|2738,1628410|1629048|203087|203926|204456,232.0,30.0,1610612748.0,22000645
1,PT00M51.20S,00:51,Q1 00:51,35.15,152,2pt,T. McConnell 8' pullup Jump Shot (2 PTS),['pointsinthepaint'],McConnell,24,30,Made,True,False,204456,,3pt made,2pt made,,,,1628389|1628410|1629048|1629130|1629216|1629639|203087|203926|204456|2738,1628410|1629048|203087|203926|204456,1628389|1629130|1629216|1629639|2738,-49.0,65.0,1610612754.0,22000645
1,PT00M39.40S,00:39,Q1 00:39,35.35,153,2pt,B. Adebayo alley-oop DUNK (4 PTS) (G. Vincent 1 AST),['pointsinthepaint'],Adebayo,26,30,Made,True,True,1628389,1629216.0,2pt made,2pt made,,,,1628389|1628410|1629048|1629130|1629216|1629639|203087|203926|204456|2738,1628389|1629130|1629216|1629639|2738,1628410|1629048|203087|203926|204456,-15.0,13.0,1610612748.0,22000645
1,PT00M26.10S,00:26,Q1 00:26,35.56666666666667,155,2pt,J. Lamb 21' pullup Jump Shot (2 PTS) (D. McDermott 1 AST),[],Lamb,26,32,Made,True,True,203087,203926.0,2pt made,2pt missed,,,,1628389|1628410|1629048|1629130|1629216|1629639|203087|203926|204456|2738,1628410|1629048|203087|203926|204456,1628389|1629130|1629216|1629639|2738,209.0,68.0,1610612754.0,22000645
1,PT00M02.90S,00:02,Q1 00:02,35.96666666666667,156,2pt,MISS B. Adebayo Layup - blocked,['pointsinthepaint'],Adebayo,26,32,Missed,True,False,1628389,,2pt made,block,,,1629048.0,1628389|1628410|1629048|1629130|1629216|1629639|203087|203926|204456|2738,1628389|1629130|1629216|1629639|2738,1628410|1629048|203087|203926|204456,-14.0,21.0,1610612748.0,22000645
1,PT00M02.90S,00:02,Q1 00:02,35.96666666666667,157,block,G. Bitadze BLOCK (1 BLK),[],Bitadze,26,32,,False,False,1629048,,2pt missed,rebound,,,,1628389|1628410|1629048|1629130|1629216|1629639|203087|203926|204456|2738,1628410|1629048|203087|203926|204456,1628389|1629130|1629216|1629639|2738,,,1610612754.0,22000645
1,PT00M01.00S,00:01,Q1 00:01,35.983333333333334,158,rebound,A. Iguodala REBOUND (Off:1 Def:0),[],Iguodala,26,32,,False,False,2738,,block,3pt missed,,,,1628389|1628410|1629048|1629130|1629216|1629639|203087|203926|204456|2738,1628389|1629130|1629216|1629639|2738,1628410|1629048|203087|203926|204456,,,1610612748.0,22000645
1,PT00M00.60S,00:00,Q1 00:00,36.0,159,3pt,MISS G. Vincent 26' 3PT,['2ndchance'],Vincent,26,32,Missed,True,False,1629216,,rebound,rebound,,,,1628389|1628410|1629048|1629130|1629216|1629639|203087|203926|204456|2738,1628389|1629130|1629216|1629639|2738,1628410|1629048|203087|203926|204456,87.0,248.0,1610612748.0,22000645
1,PT00M00.10S,00:00,Q1 00:00,36.0,160,rebound,TEAM offensive REBOUND,['team'],,26,32,,False,False,0,,3pt missed,2pt made,,,,1628389|1628410|1629048|1629130|1629216|1629639|203087|203926|204456|2738,1628389|1629130|1629216|1629639|2738,1628410|1629048|203087|203926|204456,,,1610612748.0,22000645
2,PT11M51.00S,11:51,Q2 11:51,34.15,163,2pt,D. Robinson cutting Layup (7 PTS) (B. Adebayo 1 AST),['pointsinthepaint'],Robinson,28,32,Made,True,True,1629130,1628389.0,rebound,3pt missed,,,,1628389|1628410|1629048|1629130|1629216|1629639|203087|203926|204456|2738,1628389|1629130|1629216|1629639|2738,1628410|1629048|203087|203926|204456,-5.0,30.0,1610612748.0,22000645
2,PT11M33.00S,11:33,Q2 11:33,34.45,165,3pt,MISS J. Lamb 26' 3PT,[],Lamb,28,32,Missed,True,False,203087,,2pt made,rebound,,,,1628389|1628410|1629048|1629130|1629216|1629639|203087|203926|204456|2738,1628410|1629048|203087|203926|204456,1628389|1629130|1629216|1629639|2738,-3.0,267.0,1610612754.0,22000645
2,PT11M29.00S,11:29,Q2 11:29,34.516666666666666,166,rebound,E. Sumner REBOUND (Off:1 Def:0),[],Sumner,28,32,,False,False,1628410,,3pt missed,2pt missed,,,,1628389|1628410|1629048|1629130|1629216|1629639|203087|203926|204456|2738,1628410|1629048|203087|203926|204456,1628389|1629130|1629216|1629639|2738,,,1610612754.0,22000645
2,PT11M17.00S,11:17,Q2 11:17,34.71666666666667,167,2pt,MISS E. Sumner driving reverse Layup,"['pointsinthepaint', '2ndchance']",Sumner,28,32,Missed,True,False,1628410,,rebound,rebound,,,,1628389|1628410|1629048|1629130|1629216|1629639|203087|203926|204456|2738,1628410|1629048|203087|203926|204456,1628389|1629130|1629216|1629639|2738,14.0,6.0,1610612754.0,22000645
2,PT11M15.00S,11:15,Q2 11:15,34.75,168,rebound,D. Robinson REBOUND (Off:0 Def:3),[],Robinson,28,32,,False,False,1629130,,2pt missed,3pt missed,,,,1628389|1628410|1629048|1629130|1629216|1629639|203087|203926|204456|2738,1628389|1629130|1629216|1629639|2738,1628410|1629048|203087|203926|204456,,,1610612748.0,22000645
2,PT11M04.00S,11:04,Q2 11:04,34.93333333333333,169,3pt,MISS D. Robinson 25' 3PT,[],Robinson,28,32,Missed,True,False,1629130,,rebound,rebound,,,,1628389|1628410|1629048|1629130|1629216|1629639|203087|203926|204456|2738,1628389|1629130|1629216|1629639|2738,1628410|1629048|203087|203926|204456,158.0,198.0,1610612748.0,22000645
2,PT11M02.00S,11:02,Q2 11:02,34.96666666666667,170,rebound,G. Bitadze REBOUND (Off:0 Def:1),[],Bitadze,28,32,,False,False,1629048,,3pt missed,3pt missed,,,,1628389|1628410|1629048|1629130|1629216|1629639|203087|203926|204456|2738,1628410|1629048|203087|203926|204456,1628389|1629130|1629216|1629639|2738,,,1610612754.0,22000645
2,PT10M49.00S,10:49,Q2 10:49,33.18333333333333,171,3pt,MISS E. Sumner 25' 3PT,[],Sumner,28,32,Missed,True,False,1628410,,rebound,rebound,,,,1628389|1628410|1629048|1629130|1629216|1629639|203087|203926|204456|2738,1628410|1629048|203087|203926|204456,1628389|1629130|1629216|1629639|2738,125.0,220.0,1610612754.0,22000645
2,PT10M48.00S,10:48,Q2 10:48,33.2,172,rebound,TEAM offensive REBOUND,['team'],,28,32,,False,False,0,,3pt missed,foul,,,,1628389|1628410|1629048|1629130|1629216|1629639|203087|203926|204456|2738,1628410|1629048|203087|203926|204456,1628389|1629130|1629216|1629639|2738,,,1610612754.0,22000645
2,PT10M48.00S,10:48,Q2 10:48,33.2,173,foul,G. Vincent loose ball personal FOUL (1 PF),[],Vincent,28,32,,False,False,1629216,,rebound,2pt made,203087.0,,,1628389|1628410|1629048|1629130|1629216|1629639|203087|203926|204456|2738,1628389|1629130|1629216|1629639|2738,1628410|1629048|203087|203926|204456,,,1610612748.0,22000645
2,PT10M35.00S,10:35,Q2 10:35,33.416666666666664,175,2pt,T. McConnell turnaround fadeaway Jump Shot (4 PTS),"['pointsinthepaint', '2ndchance']",McConnell,28,34,Made,True,False,204456,,foul,2pt made,,,,1628389|1628410|1629048|1629130|1629216|1629639|203087|203926|204456|2738,1628410|1629048|203087|203926|204456,1628389|1629130|1629216|1629639|2738,51.0,31.0,1610612754.0,22000645
2,PT10M25.00S,10:25,Q2 10:25,33.583333333333336,176,2pt,T. Herro driving Layup (4 PTS),['pointsinthepaint'],Herro,30,34,Made,True,False,1629639,,2pt made,foul,,,,1628389|1628410|1629048|1629130|1629216|1629639|203087|203926|204456|2738,1628389|1629130|1629216|1629639|2738,1628410|1629048|203087|203926|204456,6.0,17.0,1610612748.0,22000645
2,PT10M25.00S,10:25,Q2 10:25,33.583333333333336,177,foul,J. Lamb shooting personal FOUL (1 PF) (Herro 1 FT),['1freethrow'],Lamb,30,34,,False,False,203087,,2pt made,freethrow,1629639.0,,,1628389|1628410|1629048|1629130|1629216|1629639|203087|203926|204456|2738,1628410|1629048|203087|203926|204456,1628389|1629130|1629216|1629639|2738,,,1610612754.0,22000645
2,PT10M25.00S,10:25,Q2 10:25,33.583333333333336,179,freethrow,T. Herro Free Throw 1 of 1 (5 PTS),[],Herro,31,34,Made,False,False,1629639,,foul,foul,,,,1628389|1628410|1629048|1629130|1629216|1629639|203087|203926|204456|2738,1628389|1629130|1629216|1629639|2738,1628410|1629048|203087|203926|204456,,,1610612748.0,22000645
2,PT10M18.00S,10:18,Q2 10:18,33.7,180,foul,G. Vincent shooting personal FOUL (2 PF) (Lamb 2 FT),['2freethrow'],Vincent,31,34,,False,False,1629216,,freethrow,freethrow,203087.0,,,1628389|1628410|1629048|1629130|1629216|1629639|203087|203926|204456|2738,1628389|1629130|1629216|1629639|2738,1628410|1629048|203087|203926|204456,,,1610612748.0,22000645
2,PT10M18.00S,10:18,Q2 10:18,33.7,182,freethrow,J. Lamb Free Throw 1 of 2 (3 PTS),[],Lamb,31,35,Made,False,False,203087,,foul,freethrow,,,,1628389|1628410|1629048|1629130|1629216|1629639|203087|203926|204456|2738,1628410|1629048|203087|203926|204456,1628389|1629130|1629216|1629639|2738,,,1610612754.0,22000645
2,PT10M18.00S,10:18,Q2 10:18,33.7,183,freethrow,J. Lamb Free Throw 2 of 2 (4 PTS),[],Lamb,31,36,Made,False,False,203087,,freethrow,2pt made,,,,1628389|1628410|1629048|1629130|1629216|1629639|203087|203926|204456|2738,1628410|1629048|203087|203926|204456,1628389|1629130|1629216|1629639|2738,,,1610612754.0,22000645
2,PT10M00.00S,10:00,Q2 10:00,34.0,184,2pt,B. Adebayo bank Hook (6 PTS) (G. Vincent 2 AST),['pointsinthepaint'],Adebayo,33,36,Made,True,True,1628389,1629216.0,freethrow,foul,,,,1628389|1628410|1629048|1629130|1629216|1629639|203087|203926|204456|2738,1628389|1629130|1629216|1629639|2738,1628410|1629048|203087|203926|204456,-15.0,13.0,1610612748.0,22000645
2,PT10M00.00S,10:00,Q2 10:00,34.0,186,foul,J. Lamb shooting personal FOUL (2 PF) (Adebayo 1 FT),['1freethrow'],Lamb,33,36,,False,False,203087,,2pt made,freethrow,1628389.0,,,1628389|1628410|1629048|1629130|1629216|1629639|203087|203926|204456|2738,1628410|1629048|203087|203926|204456,1628389|1629130|1629216|1629639|2738,,,1610612754.0,22000645
2,PT10M00.00S,10:00,Q2 10:00,34.0,188,freethrow,B. Adebayo Free Throw 1 of 1 (7 PTS),[],Adebayo,34,36,Made,False,False,1628389,,foul,foul,,,,1628389|1628410|1629048|1629130|1629216|1629639|203087|203926|204456|2738,1628389|1629130|1629216|1629639|2738,1628410|1629048|203087|203926|204456,,,1610612748.0,22000645
2,PT09M51.00S,09:51,Q2 09:51,32.15,189,foul,E. Sumner charge offensive FOUL (1 PF),[],Sumner,34,36,,False,False,1628410,,freethrow,turnover,1629216.0,,,1628389|1628410|1629048|1629130|1629216|1629639|203087|203926|204456|2738,1628410|1629048|203087|203926|204456,1628389|1629130|1629216|1629639|2738,,,1610612754.0,22000645
2,PT09M51.00S,09:51,Q2 09:51,32.15,191,turnover,E. Sumner offensive foul TURNOVER (1 TO),[],Sumner,34,36,,False,False,1628410,,foul,substitution,,,,1628389|1628410|1629048|1629130|1629216|1629639|203087|203926|204456|2738,1628410|1629048|203087|203926|204456,1628389|1629130|1629216|1629639|2738,,,1610612754.0,22000645
2,PT09M51.00S,09:51,Q2 09:51,32.15,192,substitution,SUB out: G. Bitadze,[],Bitadze,34,36,,False,False,1629048,,turnover,substitution,,,,1628389|1628410|1629130|1629216|1629639|203087|203926|204456|2738,1628410|203087|203926|204456,1628389|1629130|1629216|1629639|2738,,,1610612754.0,22000645
2,PT09M51.00S,09:51,Q2 09:51,32.15,193,substitution,SUB in: D. Sabonis,[],Sabonis,34,36,,False,False,1627734,,substitution,3pt made,,,,1627734|1628389|1628410|1629130|1629216|1629639|203087|203926|204456|2738,1627734|1628410|203087|203926|204456,1628389|1629130|1629216|1629639|2738,,,1610612754.0,22000645
2,PT09M39.00S,09:39,Q2 09:39,32.35,194,3pt,G. Vincent 26' 3PT  (6 PTS) (D. Robinson 2 AST),['fromturnover'],Vincent,37,36,Made,True,True,1629216,1629130.0,substitution,turnover,,,,1627734|1628389|1628410|1629130|1629216|1629639|203087|203926|204456|2738,1628389|1629130|1629216|1629639|2738,1627734|1628410|203087|203926|204456,143.0,226.0,1610612748.0,22000645
2,PT09M19.00S,09:19,Q2 09:19,32.68333333333333,196,turnover,D. Sabonis bad pass TURNOVER (2 TO),[],Sabonis,37,36,,False,False,1627734,,3pt made,steal,,2738.0,,1627734|1628389|1628410|1629130|1629216|1629639|203087|203926|204456|2738,1627734|1628410|203087|203926|204456,1628389|1629130|1629216|1629639|2738,,,1610612754.0,22000645
2,PT09M19.00S,09:19,Q2 09:19,32.68333333333333,197,steal,A. Iguodala STEAL (1 STL),[],Iguodala,37,36,,False,False,2738,,turnover,3pt missed,,,,1627734|1628389|1628410|1629130|1629216|1629639|203087|203926|204456|2738,1628389|1629130|1629216|1629639|2738,1627734|1628410|203087|203926|204456,,,1610612748.0,22000645
2,PT09M14.00S,09:14,Q2 09:14,32.766666666666666,198,3pt,MISS T. Herro 25' running pullup 3PT,"['fastbreak', 'fromturnover']",Herro,37,36,Missed,True,False,1629639,,steal,rebound,,,,1627734|1628389|1628410|1629130|1629216|1629639|203087|203926|204456|2738,1628389|1629130|1629216|1629639|2738,1627734|1628410|203087|203926|204456,-194.0,159.0,1610612748.0,22000645
2,PT09M10.00S,09:10,Q2 09:10,32.833333333333336,199,rebound,J. Lamb REBOUND (Off:0 Def:1),[],Lamb,37,36,,False,False,203087,,3pt missed,2pt missed,,,,1627734|1628389|1628410|1629130|1629216|1629639|203087|203926|204456|2738,1627734|1628410|203087|203926|204456,1628389|1629130|1629216|1629639|2738,,,1610612754.0,22000645
2,PT08M58.00S,08:58,Q2 08:58,31.033333333333335,200,2pt,MISS J. Lamb driving floating bank Shot,['pointsinthepaint'],Lamb,37,36,Missed,True,False,203087,,rebound,rebound,,,,1627734|1628389|1628410|1629130|1629216|1629639|203087|203926|204456|2738,1627734|1628410|203087|203926|204456,1628389|1629130|1629216|1629639|2738,48.0,11.0,1610612754.0,22000645
2,PT08M56.00S,08:56,Q2 08:56,31.066666666666666,201,rebound,J. Lamb REBOUND (Off:1 Def:1),[],Lamb,37,36,,False,False,203087,,2pt missed,2pt made,,,,1627734|1628389|1628410|1629130|1629216|1629639|203087|203926|204456|2738,1627734|1628410|203087|203926|204456,1628389|1629130|1629216|1629639|2738,,,1610612754.0,22000645
2,PT08M52.00S,08:52,Q2 08:52,31.133333333333333,202,2pt,D. McDermott driving finger roll Layup (4 PTS) (J. Lamb 1 AST),"['pointsinthepaint', '2ndchance']",McDermott,37,38,Made,True,True,203926,203087.0,rebound,2pt made,,,,1627734|1628389|1628410|1629130|1629216|1629639|203087|203926|204456|2738,1627734|1628410|203087|203926|204456,1628389|1629130|1629216|1629639|2738,15.0,7.0,1610612754.0,22000645
2,PT08M37.00S,08:37,Q2 08:37,31.383333333333333,204,2pt,B. Adebayo 12' fadeaway Jump Shot (9 PTS),['pointsinthepaint'],Adebayo,39,38,Made,True,False,1628389,,2pt made,substitution,,,,1627734|1628389|1628410|1629130|1629216|1629639|203087|203926|204456|2738,1628389|1629130|1629216|1629639|2738,1627734|1628410|203087|203926|204456,-9.0,121.0,1610612748.0,22000645
2,PT08M34.00S,08:34,Q2 08:34,31.433333333333334,206,substitution,SUB out: G. Vincent,[],Vincent,39,38,,False,False,1629216,,2pt made,substitution,,,,1627734|1628389|1628410|1629130|1629639|203087|203926|204456|2738,1628389|1629130|1629639|2738,1627734|1628410|203087|203926|204456,,,1610612748.0,22000645
2,PT08M34.00S,08:34,Q2 08:34,31.433333333333334,207,substitution,SUB out: E. Sumner,[],Sumner,39,38,,False,False,1628410,,substitution,substitution,,,,1627734|1628389|1629130|1629639|203087|203926|204456|2738,1627734|203087|203926|204456,1628389|1629130|1629639|2738,,,1610612754.0,22000645
2,PT08M34.00S,08:34,Q2 08:34,31.433333333333334,208,substitution,SUB out: J. Lamb,[],Lamb,39,38,,False,False,203087,,substitution,substitution,,,,1627734|1628389|1629130|1629639|203926|204456|2738,1627734|203926|204456,1628389|1629130|1629639|2738,,,1610612754.0,22000645
2,PT08M34.00S,08:34,Q2 08:34,31.433333333333334,209,substitution,SUB in: J. Butler,[],Butler,39,38,,False,False,202710,,substitution,substitution,,,,1627734|1628389|1629130|1629639|202710|203926|204456|2738,1628389|1629130|1629639|202710|2738,1627734|203926|204456,,,1610612748.0,22000645
2,PT08M34.00S,08:34,Q2 08:34,31.433333333333334,210,substitution,SUB in: C. LeVert,[],LeVert,39,38,,False,False,1627747,,substitution,substitution,,,,1627734|1627747|1628389|1629130|1629639|202710|203926|204456|2738,1627734|1627747|203926|204456,1628389|1629130|1629639|202710|2738,,,1610612754.0,22000645
2,PT08M34.00S,08:34,Q2 08:34,31.433333333333334,211,substitution,SUB in: J. Holiday,[],Holiday,39,38,,False,False,203200,,substitution,2pt made,,,,1627734|1627747|1628389|1629130|1629639|202710|203200|203926|204456|2738,1627734|1627747|203200|203926|204456,1628389|1629130|1629639|202710|2738,,,1610612754.0,22000645
2,PT08M33.00S,08:33,Q2 08:33,31.45,212,2pt,D. McDermott cutting Layup (6 PTS) (T. McConnell 2 AST),"['pointsinthepaint', 'defensivegoaltending']",McDermott,39,40,Made,True,True,203926,204456.0,substitution,2pt made,,,,1627734|1627747|1628389|1629130|1629639|202710|203200|203926|204456|2738,1627734|1627747|203200|203926|204456,1628389|1629130|1629639|202710|2738,15.0,1.0,1610612754.0,22000645
2,PT08M15.00S,08:15,Q2 08:15,31.75,215,2pt,J. Butler alley-oop DUNK (10 PTS) (A. Iguodala 1 AST),['pointsinthepaint'],Butler,41,40,Made,True,True,202710,2738.0,2pt made,foul,,,,1627734|1627747|1628389|1629130|1629639|202710|203200|203926|204456|2738,1628389|1629130|1629639|202710|2738,1627734|1627747|203200|203926|204456,12.0,14.0,1610612748.0,22000645
2,PT08M03.00S,08:03,Q2 08:03,31.95,217,foul,D. McDermott charge offensive FOUL (1 PF),[],McDermott,41,40,,False,False,203926,,2pt made,turnover,202710.0,,,1627734|1627747|1628389|1629130|1629639|202710|203200|203926|204456|2738,1627734|1627747|203200|203926|204456,1628389|1629130|1629639|202710|2738,,,1610612754.0,22000645
2,PT08M03.00S,08:03,Q2 08:03,31.95,219,turnover,D. McDermott offensive foul TURNOVER (1 TO),[],McDermott,41,40,,False,False,203926,,foul,substitution,,,,1627734|1627747|1628389|1629130|1629639|202710|203200|203926|204456|2738,1627734|1627747|203200|203926|204456,1628389|1629130|1629639|202710|2738,,,1610612754.0,22000645
2,PT08M03.00S,08:03,Q2 08:03,31.95,220,substitution,SUB out: B. Adebayo,[],Adebayo,41,40,,False,False,1628389,,turnover,substitution,,,,1627734|1627747|1629130|1629639|202710|203200|203926|204456|2738,1629130|1629639|202710|2738,1627734|1627747|203200|203926|204456,,,1610612748.0,22000645
2,PT08M03.00S,08:03,Q2 08:03,31.95,221,substitution,SUB out: D. McDermott,[],McDermott,41,40,,False,False,203926,,substitution,substitution,,,,1627734|1627747|1629130|1629639|202710|203200|204456|2738,1627734|1627747|203200|204456,1629130|1629639|202710|2738,,,1610612754.0,22000645
2,PT08M03.00S,08:03,Q2 08:03,31.95,222,substitution,SUB in: K. Olynyk,[],Olynyk,41,40,,False,False,203482,,substitution,substitution,,,,1627734|1627747|1629130|1629639|202710|203200|203482|204456|2738,1629130|1629639|202710|203482|2738,1627734|1627747|203200|204456,,,1610612748.0,22000645
2,PT08M03.00S,08:03,Q2 08:03,31.95,223,substitution,SUB in: M. Brogdon,[],Brogdon,41,40,,False,False,1627763,,substitution,turnover,,,,1627734|1627747|1627763|1629130|1629639|202710|203200|203482|204456|2738,1627734|1627747|1627763|203200|204456,1629130|1629639|202710|203482|2738,,,1610612754.0,22000645
2,PT07M51.00S,07:51,Q2 07:51,30.15,224,turnover,J. Butler bad pass TURNOVER (1 TO),[],Butler,41,40,,False,False,202710,,substitution,steal,,203200.0,,1627734|1627747|1627763|1629130|1629639|202710|203200|203482|204456|2738,1629130|1629639|202710|203482|2738,1627734|1627747|1627763|203200|204456,,,1610612748.0,22000645
2,PT07M51.00S,07:51,Q2 07:51,30.15,225,steal,J. Holiday STEAL (2 STL),[],Holiday,41,40,,False,False,203200,,turnover,foul,,,,1627734|1627747|1627763|1629130|1629639|202710|203200|203482|204456|2738,1627734|1627747|1627763|203200|204456,1629130|1629639|202710|203482|2738,,,1610612754.0,22000645
2,PT07M50.00S,07:50,Q2 07:50,30.166666666666668,226,foul,D. Robinson personal FOUL (1 PF),[],Robinson,41,40,,False,False,1629130,,steal,substitution,203200.0,,,1627734|1627747|1627763|1629130|1629639|202710|203200|203482|204456|2738,1629130|1629639|202710|203482|2738,1627734|1627747|1627763|203200|204456,,,1610612748.0,22000645
2,PT07M50.00S,07:50,Q2 07:50,30.166666666666668,228,substitution,SUB out: A. Iguodala,[],Iguodala,41,40,,False,False,2738,,foul,substitution,,,,1627734|1627747|1627763|1629130|1629639|202710|203200|203482|204456,1629130|1629639|202710|203482,1627734|1627747|1627763|203200|204456,,,1610612748.0,22000645
2,PT07M50.00S,07:50,Q2 07:50,30.166666666666668,229,substitution,SUB in: T. Ariza,[],Ariza,41,40,,False,False,2772,,substitution,2pt made,,,,1627734|1627747|1627763|1629130|1629639|202710|203200|203482|204456|2772,1629130|1629639|202710|203482|2772,1627734|1627747|1627763|203200|204456,,,1610612748.0,22000645
2,PT07M43.00S,07:43,Q2 07:43,30.283333333333335,230,2pt,T. McConnell driving Layup (6 PTS),"['pointsinthepaint', 'fromturnover']",McConnell,41,42,Made,True,False,204456,,substitution,turnover,,,,1627734|1627747|1627763|1629130|1629639|202710|203200|203482|204456|2772,1627734|1627747|1627763|203200|204456,1629130|1629639|202710|203482|2772,-13.0,4.0,1610612754.0,22000645
2,PT07M31.00S,07:31,Q2 07:31,30.483333333333334,231,turnover,T. Herro lost ball TURNOVER (1 TO),[],Herro,41,42,,False,False,1629639,,2pt made,steal,,1627734.0,,1627734|1627747|1627763|1629130|1629639|202710|203200|203482|204456|2772,1629130|1629639|202710|203482|2772,1627734|1627747|1627763|203200|204456,,,1610612748.0,22000645
2,PT07M31.00S,07:31,Q2 07:31,30.483333333333334,232,steal,D. Sabonis STEAL (1 STL),[],Sabonis,41,42,,False,False,1627734,,turnover,2pt missed,,,,1627734|1627747|1627763|1629130|1629639|202710|203200|203482|204456|2772,1627734|1627747|1627763|203200|204456,1629130|1629639|202710|203482|2772,,,1610612754.0,22000645
2,PT07M26.00S,07:26,Q2 07:26,30.566666666666666,233,2pt,MISS C. LeVert running Layup,"['fastbreak', 'pointsinthepaint', 'fromturnover']",LeVert,41,42,Missed,True,False,1627747,,steal,rebound,,,,1627734|1627747|1627763|1629130|1629639|202710|203200|203482|204456|2772,1627734|1627747|1627763|203200|204456,1629130|1629639|202710|203482|2772,25.0,6.0,1610612754.0,22000645
2,PT07M24.00S,07:24,Q2 07:24,30.6,234,rebound,T. Ariza REBOUND (Off:0 Def:1),[],Ariza,41,42,,False,False,2772,,2pt missed,2pt missed,,,,1627734|1627747|1627763|1629130|1629639|202710|203200|203482|204456|2772,1629130|1629639|202710|203482|2772,1627734|1627747|1627763|203200|204456,,,1610612748.0,22000645
2,PT07M10.00S,07:10,Q2 07:10,30.833333333333332,235,2pt,MISS J. Butler driving Layup,['pointsinthepaint'],Butler,41,42,Missed,True,False,202710,,rebound,rebound,,,,1627734|1627747|1627763|1629130|1629639|202710|203200|203482|204456|2772,1629130|1629639|202710|203482|2772,1627734|1627747|1627763|203200|204456,29.0,22.0,1610612748.0,22000645
2,PT07M09.00S,07:09,Q2 07:09,30.85,236,rebound,J. Butler REBOUND (Off:1 Def:1),[],Butler,41,42,,False,False,202710,,2pt missed,3pt missed,,,,1627734|1627747|1627763|1629130|1629639|202710|203200|203482|204456|2772,1629130|1629639|202710|203482|2772,1627734|1627747|1627763|203200|204456,,,1610612748.0,22000645
2,PT07M06.00S,07:06,Q2 07:06,30.9,237,3pt,MISS D. Robinson 25' 3PT,['2ndchance'],Robinson,41,42,Missed,True,False,1629130,,rebound,rebound,,,,1627734|1627747|1627763|1629130|1629639|202710|203200|203482|204456|2772,1629130|1629639|202710|203482|2772,1627734|1627747|1627763|203200|204456,8.0,251.0,1610612748.0,22000645
2,PT07M03.00S,07:03,Q2 07:03,30.95,238,rebound,J. Butler REBOUND (Off:2 Def:1),[],Butler,41,42,,False,False,202710,,3pt missed,3pt missed,,,,1627734|1627747|1627763|1629130|1629639|202710|203200|203482|204456|2772,1629130|1629639|202710|203482|2772,1627734|1627747|1627763|203200|204456,,,1610612748.0,22000645
2,PT07M00.00S,07:00,Q2 07:00,31.0,239,3pt,MISS T. Ariza 25' 3PT,['2ndchance'],Ariza,41,42,Missed,True,False,2772,,rebound,rebound,,,,1627734|1627747|1627763|1629130|1629639|202710|203200|203482|204456|2772,1629130|1629639|202710|203482|2772,1627734|1627747|1627763|203200|204456,-218.0,135.0,1610612748.0,22000645
2,PT06M58.00S,06:58,Q2 06:58,29.033333333333335,240,rebound,T. Herro REBOUND (Off:1 Def:1),[],Herro,41,42,,False,False,1629639,,3pt missed,3pt missed,,,,1627734|1627747|1627763|1629130|1629639|202710|203200|203482|204456|2772,1629130|1629639|202710|203482|2772,1627734|1627747|1627763|203200|204456,,,1610612748.0,22000645
2,PT06M55.00S,06:55,Q2 06:55,29.083333333333332,241,3pt,MISS T. Ariza 25' 3PT,['2ndchance'],Ariza,41,42,Missed,True,False,2772,,rebound,rebound,,,,1627734|1627747|1627763|1629130|1629639|202710|203200|203482|204456|2772,1629130|1629639|202710|203482|2772,1627734|1627747|1627763|203200|204456,-203.0,162.0,1610612748.0,22000645
2,PT06M53.00S,06:53,Q2 06:53,29.116666666666667,242,rebound,J. Holiday REBOUND (Off:0 Def:1),[],Holiday,41,42,,False,False,203200,,3pt missed,2pt made,,,,1627734|1627747|1627763|1629130|1629639|202710|203200|203482|204456|2772,1627734|1627747|1627763|203200|204456,1629130|1629639|202710|203482|2772,,,1610612754.0,22000645
2,PT06M46.00S,06:46,Q2 06:46,29.233333333333334,243,2pt,D. Sabonis Layup (7 PTS) (C. LeVert 2 AST),['pointsinthepaint'],Sabonis,41,44,Made,True,True,1627734,1627747.0,rebound,timeout,,,,1627734|1627747|1627763|1629130|1629639|202710|203200|203482|204456|2772,1627734|1627747|1627763|203200|204456,1629130|1629639|202710|203482|2772,11.0,5.0,1610612754.0,22000645
2,PT06M46.00S,06:46,Q2 06:46,29.233333333333334,245,timeout,MIA Timeout,"['team', 'mandatory']",,41,44,,False,False,0,,2pt made,substitution,,,,1627734|1627747|1627763|1629130|1629639|202710|203200|203482|204456|2772,1629130|1629639|202710|203482|2772,1627734|1627747|1627763|203200|204456,,,1610612748.0,22000645
2,PT06M46.00S,06:46,Q2 06:46,29.233333333333334,246,substitution,SUB out: T. Herro,[],Herro,41,44,,False,False,1629639,,timeout,substitution,,,,1627734|1627747|1627763|1629130|202710|203200|203482|204456|2772,1629130|202710|203482|2772,1627734|1627747|1627763|203200|204456,,,1610612748.0,22000645
2,PT06M46.00S,06:46,Q2 06:46,29.233333333333334,247,substitution,SUB in: K. Nunn,[],Nunn,41,44,,False,False,1629134,,substitution,2pt made,,,,1627734|1627747|1627763|1629130|1629134|202710|203200|203482|204456|2772,1629130|1629134|202710|203482|2772,1627734|1627747|1627763|203200|204456,,,1610612748.0,22000645
2,PT06M27.00S,06:27,Q2 06:27,29.55,248,2pt,J. Butler turnaround bank Jump Shot (12 PTS),['pointsinthepaint'],Butler,43,44,Made,True,False,202710,,substitution,2pt missed,,,,1627734|1627747|1627763|1629130|1629134|202710|203200|203482|204456|2772,1629130|1629134|202710|203482|2772,1627734|1627747|1627763|203200|204456,-31.0,16.0,1610612748.0,22000645
2,PT05M59.00S,05:59,Q2 05:59,28.016666666666666,249,2pt,MISS D. Sabonis 13' turnaround fadeaway Shot,[],Sabonis,43,44,Missed,True,False,1627734,,2pt made,rebound,,,,1627734|1627747|1627763|1629130|1629134|202710|203200|203482|204456|2772,1627734|1627747|1627763|203200|204456,1629130|1629134|202710|203482|2772,-99.0,94.0,1610612754.0,22000645
2,PT05M57.00S,05:57,Q2 05:57,28.05,250,rebound,T. Ariza REBOUND (Off:0 Def:2),[],Ariza,43,44,,False,False,2772,,2pt missed,2pt missed,,,,1627734|1627747|1627763|1629130|1629134|202710|203200|203482|204456|2772,1629130|1629134|202710|203482|2772,1627734|1627747|1627763|203200|204456,,,1610612748.0,22000645
2,PT05M43.00S,05:43,Q2 05:43,28.283333333333335,251,2pt,MISS J. Butler driving floating Shot,['pointsinthepaint'],Butler,43,44,Missed,True,False,202710,,rebound,rebound,,,,1627734|1627747|1627763|1629130|1629134|202710|203200|203482|204456|2772,1629130|1629134|202710|203482|2772,1627734|1627747|1627763|203200|204456,51.0,11.0,1610612748.0,22000645
2,PT05M41.00S,05:41,Q2 05:41,28.316666666666666,252,rebound,T. McConnell REBOUND (Off:0 Def:1),[],McConnell,43,44,,False,False,204456,,2pt missed,3pt missed,,,,1627734|1627747|1627763|1629130|1629134|202710|203200|203482|204456|2772,1627734|1627747|1627763|203200|204456,1629130|1629134|202710|203482|2772,,,1610612754.0,22000645
2,PT05M34.00S,05:34,Q2 05:34,28.433333333333334,253,3pt,MISS J. Holiday 3PT,[],Holiday,43,44,Missed,True,False,203200,,rebound,rebound,,,,1627734|1627747|1627763|1629130|1629134|202710|203200|203482|204456|2772,1627734|1627747|1627763|203200|204456,1629130|1629134|202710|203482|2772,230.0,10.0,1610612754.0,22000645
2,PT05M32.00S,05:32,Q2 05:32,28.466666666666665,254,rebound,K. Olynyk REBOUND (Off:0 Def:4),[],Olynyk,43,44,,False,False,203482,,3pt missed,turnover,,,,1627734|1627747|1627763|1629130|1629134|202710|203200|203482|204456|2772,1629130|1629134|202710|203482|2772,1627734|1627747|1627763|203200|204456,,,1610612748.0,22000645
2,PT05M32.00S,05:32,Q2 05:32,28.466666666666665,255,turnover,K. Olynyk double dribble TURNOVER (1 TO),[],Olynyk,43,44,,False,False,203482,,rebound,3pt made,,,,1627734|1627747|1627763|1629130|1629134|202710|203200|203482|204456|2772,1629130|1629134|202710|203482|2772,1627734|1627747|1627763|203200|204456,,,1610612748.0,22000645
2,PT05M23.00S,05:23,Q2 05:23,28.616666666666667,256,3pt,C. LeVert 3PT  (3 PTS) (M. Brogdon 5 AST),['fromturnover'],LeVert,43,47,Made,True,True,1627747,1627763.0,turnover,foul,,,,1627734|1627747|1627763|1629130|1629134|202710|203200|203482|204456|2772,1627734|1627747|1627763|203200|204456,1629130|1629134|202710|203482|2772,-234.0,21.0,1610612754.0,22000645
2,PT05M11.00S,05:11,Q2 05:11,28.816666666666666,258,foul,D. Sabonis personal FOUL (2 PF),[],Sabonis,43,47,,False,False,1627734,,3pt made,substitution,1629130.0,,,1627734|1627747|1627763|1629130|1629134|202710|203200|203482|204456|2772,1627734|1627747|1627763|203200|204456,1629130|1629134|202710|203482|2772,,,1610612754.0,22000645
2,PT05M11.00S,05:11,Q2 05:11,28.816666666666666,260,substitution,SUB out: T. McConnell,[],McConnell,43,47,,False,False,204456,,foul,substitution,,,,1627734|1627747|1627763|1629130|1629134|202710|203200|203482|2772,1627734|1627747|1627763|203200,1629130|1629134|202710|203482|2772,,,1610612754.0,22000645
2,PT05M11.00S,05:11,Q2 05:11,28.816666666666666,261,substitution,SUB in: M. Turner,[],Turner,43,47,,False,False,1626167,,substitution,3pt missed,,,,1626167|1627734|1627747|1627763|1629130|1629134|202710|203200|203482|2772,1626167|1627734|1627747|1627763|203200,1629130|1629134|202710|203482|2772,,,1610612754.0,22000645
2,PT05M09.00S,05:09,Q2 05:09,28.85,262,3pt,MISS K. Olynyk 25' 3PT,[],Olynyk,43,47,Missed,True,False,203482,,substitution,rebound,,,,1626167|1627734|1627747|1627763|1629130|1629134|202710|203200|203482|2772,1629130|1629134|202710|203482|2772,1626167|1627734|1627747|1627763|203200,70.0,248.0,1610612748.0,22000645
2,PT05M06.00S,05:06,Q2 05:06,28.9,263,rebound,D. Sabonis REBOUND (Off:1 Def:5),[],Sabonis,43,47,,False,False,1627734,,3pt missed,turnover,,,,1626167|1627734|1627747|1627763|1629130|1629134|202710|203200|203482|2772,1626167|1627734|1627747|1627763|203200,1629130|1629134|202710|203482|2772,,,1610612754.0,22000645
2,PT04M55.00S,04:55,Q2 04:55,27.083333333333332,264,turnover,D. Sabonis bad pass TURNOVER (3 TO),[],Sabonis,43,47,,False,False,1627734,,rebound,steal,,1629134.0,,1626167|1627734|1627747|1627763|1629130|1629134|202710|203200|203482|2772,1626167|1627734|1627747|1627763|203200,1629130|1629134|202710|203482|2772,,,1610612754.0,22000645
2,PT04M55.00S,04:55,Q2 04:55,27.083333333333332,265,steal,K. Nunn STEAL (1 STL),[],Nunn,43,47,,False,False,1629134,,turnover,3pt missed,,,,1626167|1627734|1627747|1627763|1629130|1629134|202710|203200|203482|2772,1629130|1629134|202710|203482|2772,1626167|1627734|1627747|1627763|203200,,,1610612748.0,22000645
2,PT04M47.00S,04:47,Q2 04:47,27.216666666666665,266,3pt,MISS D. Robinson 27' 3PT,['fromturnover'],Robinson,43,47,Missed,True,False,1629130,,steal,rebound,,,,1626167|1627734|1627747|1627763|1629130|1629134|202710|203200|203482|2772,1629130|1629134|202710|203482|2772,1626167|1627734|1627747|1627763|203200,164.0,224.0,1610612748.0,22000645
2,PT04M42.00S,04:42,Q2 04:42,27.3,267,rebound,M. Brogdon REBOUND (Off:2 Def:2),[],Brogdon,43,47,,False,False,1627763,,3pt missed,3pt made,,,,1626167|1627734|1627747|1627763|1629130|1629134|202710|203200|203482|2772,1626167|1627734|1627747|1627763|203200,1629130|1629134|202710|203482|2772,,,1610612754.0,22000645
2,PT04M37.00S,04:37,Q2 04:37,27.383333333333333,268,3pt,C. LeVert 25' 3PT running (6 PTS) (J. Holiday 1 AST),['fastbreak'],LeVert,43,50,Made,True,True,1627747,203200.0,rebound,2pt made,,,,1626167|1627734|1627747|1627763|1629130|1629134|202710|203200|203482|2772,1626167|1627734|1627747|1627763|203200,1629130|1629134|202710|203482|2772,-174.0,190.0,1610612754.0,22000645
2,PT04M26.00S,04:26,Q2 04:26,27.566666666666666,270,2pt,K. Olynyk driving reverse Layup (2 PTS) (J. Butler 2 AST),['pointsinthepaint'],Olynyk,45,50,Made,True,True,203482,202710.0,3pt made,2pt missed,,,,1626167|1627734|1627747|1627763|1629130|1629134|202710|203200|203482|2772,1629130|1629134|202710|203482|2772,1626167|1627734|1627747|1627763|203200,14.0,13.0,1610612748.0,22000645
2,PT04M16.00S,04:16,Q2 04:16,27.733333333333334,272,2pt,MISS C. LeVert pullup Shot - blocked,['pointsinthepaint'],LeVert,45,50,Missed,True,False,1627747,,2pt made,block,,,2772.0,1626167|1627734|1627747|1627763|1629130|1629134|202710|203200|203482|2772,1626167|1627734|1627747|1627763|203200,1629130|1629134|202710|203482|2772,26.0,5.0,1610612754.0,22000645
2,PT04M16.00S,04:16,Q2 04:16,27.733333333333334,273,block,T. Ariza BLOCK (1 BLK),[],Ariza,45,50,,False,False,2772,,2pt missed,rebound,,,,1626167|1627734|1627747|1627763|1629130|1629134|202710|203200|203482|2772,1629130|1629134|202710|203482|2772,1626167|1627734|1627747|1627763|203200,,,1610612748.0,22000645
2,PT04M16.00S,04:16,Q2 04:16,27.733333333333334,274,rebound,TEAM offensive REBOUND,['team'],,45,50,,False,False,0,,block,substitution,,,,1626167|1627734|1627747|1627763|1629130|1629134|202710|203200|203482|2772,1626167|1627734|1627747|1627763|203200,1629130|1629134|202710|203482|2772,,,1610612754.0,22000645
2,PT04M16.00S,04:16,Q2 04:16,27.733333333333334,276,substitution,SUB out: D. Robinson,[],Robinson,45,50,,False,False,1629130,,rebound,substitution,,,,1626167|1627734|1627747|1627763|1629134|202710|203200|203482|2772,1629134|202710|203482|2772,1626167|1627734|1627747|1627763|203200,,,1610612748.0,22000645
2,PT04M16.00S,04:16,Q2 04:16,27.733333333333334,277,substitution,SUB in: T. Herro,[],Herro,45,50,,False,False,1629639,,substitution,foul,,,,1626167|1627734|1627747|1627763|1629134|1629639|202710|203200|203482|2772,1629134|1629639|202710|203482|2772,1626167|1627734|1627747|1627763|203200,,,1610612748.0,22000645
2,PT04M12.00S,04:12,Q2 04:12,27.8,278,foul,J. Butler shooting personal FOUL (2 PF) (Turner 2 FT),['2freethrow'],Butler,45,50,,False,False,202710,,substitution,freethrow,1626167.0,,,1626167|1627734|1627747|1627763|1629134|1629639|202710|203200|203482|2772,1629134|1629639|202710|203482|2772,1626167|1627734|1627747|1627763|203200,,,1610612748.0,22000645
2,PT04M12.00S,04:12,Q2 04:12,27.8,280,freethrow,MISS M. Turner Free Throw 1 of 2,['2ndchance'],Turner,45,50,Missed,False,False,1626167,,foul,rebound,,,,1626167|1627734|1627747|1627763|1629134|1629639|202710|203200|203482|2772,1626167|1627734|1627747|1627763|203200,1629134|1629639|202710|203482|2772,,,1610612754.0,22000645
2,PT04M12.00S,04:12,Q2 04:12,27.8,281,rebound,TEAM offensive REBOUND,"['deadball', 'team']",,45,50,,False,False,0,,freethrow,freethrow,,,,1626167|1627734|1627747|1627763|1629134|1629639|202710|203200|203482|2772,1626167|1627734|1627747|1627763|203200,1629134|1629639|202710|203482|2772,,,1610612754.0,22000645
2,PT04M12.00S,04:12,Q2 04:12,27.8,282,freethrow,M. Turner Free Throw 2 of 2 (9 PTS),['2ndchance'],Turner,45,51,Made,False,False,1626167,,rebound,3pt missed,,,,1626167|1627734|1627747|1627763|1629134|1629639|202710|203200|203482|2772,1626167|1627734|1627747|1627763|203200,1629134|1629639|202710|203482|2772,,,1610612754.0,22000645
2,PT03M54.00S,03:54,Q2 03:54,26.1,283,3pt,MISS K. Nunn 25' step back 3PT,[],Nunn,45,51,Missed,True,False,1629134,,freethrow,rebound,,,,1626167|1627734|1627747|1627763|1629134|1629639|202710|203200|203482|2772,1629134|1629639|202710|203482|2772,1626167|1627734|1627747|1627763|203200,-127.0,221.0,1610612748.0,22000645
2,PT03M53.00S,03:53,Q2 03:53,26.116666666666667,284,rebound,TEAM defensive REBOUND,['team'],,45,51,,False,False,0,,3pt missed,foul,,,,1626167|1627734|1627747|1627763|1629134|1629639|202710|203200|203482|2772,1626167|1627734|1627747|1627763|203200,1629134|1629639|202710|203482|2772,,,1610612754.0,22000645
2,PT03M53.00S,03:53,Q2 03:53,26.116666666666667,285,foul,K. Olynyk loose ball personal FOUL (2 PF) (Sabonis 2 FT),"['inpenalty', '2freethrow']",Olynyk,45,51,,False,False,203482,,rebound,freethrow,1627734.0,,,1626167|1627734|1627747|1627763|1629134|1629639|202710|203200|203482|2772,1629134|1629639|202710|203482|2772,1626167|1627734|1627747|1627763|203200,,,1610612748.0,22000645
2,PT03M53.00S,03:53,Q2 03:53,26.116666666666667,287,freethrow,D. Sabonis Free Throw 1 of 2 (8 PTS),[],Sabonis,45,52,Made,False,False,1627734,,foul,freethrow,,,,1626167|1627734|1627747|1627763|1629134|1629639|202710|203200|203482|2772,1626167|1627734|1627747|1627763|203200,1629134|1629639|202710|203482|2772,,,1610612754.0,22000645
2,PT03M53.00S,03:53,Q2 03:53,26.116666666666667,288,freethrow,D. Sabonis Free Throw 2 of 2 (9 PTS),[],Sabonis,45,53,Made,False,False,1627734,,freethrow,2pt missed,,,,1626167|1627734|1627747|1627763|1629134|1629639|202710|203200|203482|2772,1626167|1627734|1627747|1627763|203200,1629134|1629639|202710|203482|2772,,,1610612754.0,22000645
2,PT03M43.00S,03:43,Q2 03:43,26.283333333333335,289,2pt,MISS T. Herro 6' turnaround Hook,['pointsinthepaint'],Herro,45,53,Missed,True,False,1629639,,freethrow,rebound,,,,1626167|1627734|1627747|1627763|1629134|1629639|202710|203200|203482|2772,1629134|1629639|202710|203482|2772,1626167|1627734|1627747|1627763|203200,8.0,64.0,1610612748.0,22000645
2,PT03M40.00S,03:40,Q2 03:40,26.333333333333332,290,rebound,J. Butler REBOUND (Off:3 Def:1),[],Butler,45,53,,False,False,202710,,2pt missed,2pt missed,,,,1626167|1627734|1627747|1627763|1629134|1629639|202710|203200|203482|2772,1629134|1629639|202710|203482|2772,1626167|1627734|1627747|1627763|203200,,,1610612748.0,22000645
2,PT03M40.00S,03:40,Q2 03:40,26.333333333333332,291,2pt,MISS J. Butler tip Layup,"['2ndchance', 'pointsinthepaint']",Butler,45,53,Missed,True,False,202710,,rebound,rebound,,,,1626167|1627734|1627747|1627763|1629134|1629639|202710|203200|203482|2772,1629134|1629639|202710|203482|2772,1626167|1627734|1627747|1627763|203200,0.0,0.0,1610612748.0,22000645
2,PT03M39.00S,03:39,Q2 03:39,26.35,292,rebound,J. Butler REBOUND (Off:4 Def:1),[],Butler,45,53,,False,False,202710,,2pt missed,3pt missed,,,,1626167|1627734|1627747|1627763|1629134|1629639|202710|203200|203482|2772,1629134|1629639|202710|203482|2772,1626167|1627734|1627747|1627763|203200,,,1610612748.0,22000645
2,PT03M36.00S,03:36,Q2 03:36,26.4,293,3pt,MISS T. Herro 25' step back 3PT,['2ndchance'],Herro,45,53,Missed,True,False,1629639,,rebound,rebound,,,,1626167|1627734|1627747|1627763|1629134|1629639|202710|203200|203482|2772,1629134|1629639|202710|203482|2772,1626167|1627734|1627747|1627763|203200,-21.0,253.0,1610612748.0,22000645
2,PT03M34.00S,03:34,Q2 03:34,26.433333333333334,294,rebound,D. Sabonis REBOUND (Off:1 Def:6),[],Sabonis,45,53,,False,False,1627734,,3pt missed,3pt missed,,,,1626167|1627734|1627747|1627763|1629134|1629639|202710|203200|203482|2772,1626167|1627734|1627747|1627763|203200,1629134|1629639|202710|203482|2772,,,1610612754.0,22000645
2,PT03M21.00S,03:21,Q2 03:21,26.65,296,3pt,MISS J. Holiday 24' 3PT,[],Holiday,45,53,Missed,True,False,203200,,rebound,rebound,,,,1626167|1627734|1627747|1627763|1629134|1629639|202710|203200|203482|2772,1626167|1627734|1627747|1627763|203200,1629134|1629639|202710|203482|2772,188.0,151.0,1610612754.0,22000645
2,PT03M20.00S,03:20,Q2 03:20,26.666666666666668,297,rebound,D. Sabonis REBOUND (Off:2 Def:6),[],Sabonis,45,53,,False,False,1627734,,3pt missed,3pt missed,,,,1626167|1627734|1627747|1627763|1629134|1629639|202710|203200|203482|2772,1626167|1627734|1627747|1627763|203200,1629134|1629639|202710|203482|2772,,,1610612754.0,22000645
2,PT03M17.00S,03:17,Q2 03:17,26.716666666666665,298,3pt,MISS C. LeVert 26' 3PT,['2ndchance'],LeVert,45,53,Missed,True,False,1627747,,rebound,rebound,,,,1626167|1627734|1627747|1627763|1629134|1629639|202710|203200|203482|2772,1626167|1627734|1627747|1627763|203200,1629134|1629639|202710|203482|2772,-164.0,207.0,1610612754.0,22000645
2,PT03M14.00S,03:14,Q2 03:14,26.766666666666666,299,rebound,T. Ariza REBOUND (Off:0 Def:3),[],Ariza,45,53,,False,False,2772,,3pt missed,foul,,,,1626167|1627734|1627747|1627763|1629134|1629639|202710|203200|203482|2772,1629134|1629639|202710|203482|2772,1626167|1627734|1627747|1627763|203200,,,1610612748.0,22000645
2,PT03M10.00S,03:10,Q2 03:10,26.833333333333332,300,foul,M. Turner shooting personal FOUL (2 PF) (Herro 2 FT),['2freethrow'],Turner,45,53,,False,False,1626167,,rebound,freethrow,1629639.0,,,1626167|1627734|1627747|1627763|1629134|1629639|202710|203200|203482|2772,1626167|1627734|1627747|1627763|203200,1629134|1629639|202710|203482|2772,,,1610612754.0,22000645
2,PT03M10.00S,03:10,Q2 03:10,26.833333333333332,302,freethrow,T. Herro Free Throw 1 of 2 (6 PTS),[],Herro,46,53,Made,False,False,1629639,,foul,freethrow,,,,1626167|1627734|1627747|1627763|1629134|1629639|202710|203200|203482|2772,1629134|1629639|202710|203482|2772,1626167|1627734|1627747|1627763|203200,,,1610612748.0,22000645
2,PT03M10.00S,03:10,Q2 03:10,26.833333333333332,303,freethrow,T. Herro Free Throw 2 of 2 (7 PTS),[],Herro,47,53,Made,False,False,1629639,,freethrow,turnover,,,,1626167|1627734|1627747|1627763|1629134|1629639|202710|203200|203482|2772,1629134|1629639|202710|203482|2772,1626167|1627734|1627747|1627763|203200,,,1610612748.0,22000645
2,PT03M00.00S,03:00,Q2 03:00,27.0,304,turnover,M. Brogdon bad pass out-of-bounds TURNOVER (1 TO),[],Brogdon,47,53,,False,False,1627763,,freethrow,turnover,,,,1626167|1627734|1627747|1627763|1629134|1629639|202710|203200|203482|2772,1626167|1627734|1627747|1627763|203200,1629134|1629639|202710|203482|2772,,,1610612754.0,22000645
2,PT02M37.00S,02:37,Q2 02:37,25.383333333333333,305,turnover,K. Nunn bad pass TURNOVER (2 TO),[],Nunn,47,53,,False,False,1629134,,turnover,steal,,1627763.0,,1626167|1627734|1627747|1627763|1629134|1629639|202710|203200|203482|2772,1629134|1629639|202710|203482|2772,1626167|1627734|1627747|1627763|203200,,,1610612748.0,22000645
2,PT02M37.00S,02:37,Q2 02:37,25.383333333333333,306,steal,M. Brogdon STEAL (1 STL),[],Brogdon,47,53,,False,False,1627763,,turnover,foul,,,,1626167|1627734|1627747|1627763|1629134|1629639|202710|203200|203482|2772,1626167|1627734|1627747|1627763|203200,1629134|1629639|202710|203482|2772,,,1610612754.0,22000645
2,PT02M28.00S,02:28,Q2 02:28,25.533333333333335,307,foul,K. Olynyk personal FOUL (3 PF) (Sabonis 2 FT),"['inpenalty', '2freethrow']",Olynyk,47,53,,False,False,203482,,steal,timeout,1627734.0,,,1626167|1627734|1627747|1627763|1629134|1629639|202710|203200|203482|2772,1629134|1629639|202710|203482|2772,1626167|1627734|1627747|1627763|203200,,,1610612748.0,22000645
2,PT02M28.00S,02:28,Q2 02:28,25.533333333333335,309,timeout,IND Timeout,"['team', 'mandatory']",,47,53,,False,False,0,,foul,freethrow,,,,1626167|1627734|1627747|1627763|1629134|1629639|202710|203200|203482|2772,1626167|1627734|1627747|1627763|203200,1629134|1629639|202710|203482|2772,,,1610612754.0,22000645
2,PT02M28.00S,02:28,Q2 02:28,25.533333333333335,315,freethrow,D. Sabonis Free Throw 1 of 2 (10 PTS),['fromturnover'],Sabonis,47,54,Made,False,False,1627734,,timeout,freethrow,,,,1626167|1627734|1627747|1627763|1629134|1629639|202710|203200|203482|2772,1626167|1627734|1627747|1627763|203200,1629134|1629639|202710|203482|2772,,,1610612754.0,22000645
2,PT02M28.00S,02:28,Q2 02:28,25.533333333333335,316,freethrow,D. Sabonis Free Throw 2 of 2 (11 PTS),['fromturnover'],Sabonis,47,55,Made,False,False,1627734,,freethrow,substitution,,,,1626167|1627734|1627747|1627763|1629134|1629639|202710|203200|203482|2772,1626167|1627734|1627747|1627763|203200,1629134|1629639|202710|203482|2772,,,1610612754.0,22000645
2,PT02M28.00S,02:28,Q2 02:28,25.533333333333335,311,substitution,SUB out: K. Olynyk,[],Olynyk,47,53,,False,False,203482,,freethrow,substitution,,,,1626167|1627734|1627747|1627763|1629134|1629639|202710|203200|2772,1629134|1629639|202710|2772,1626167|1627734|1627747|1627763|203200,,,1610612748.0,22000645
2,PT02M28.00S,02:28,Q2 02:28,25.533333333333335,312,substitution,SUB out: K. Nunn,[],Nunn,47,53,,False,False,1629134,,substitution,substitution,,,,1626167|1627734|1627747|1627763|1629639|202710|203200|2772,1629639|202710|2772,1626167|1627734|1627747|1627763|203200,,,1610612748.0,22000645
2,PT02M28.00S,02:28,Q2 02:28,25.533333333333335,313,substitution,SUB in: G. Vincent,[],Vincent,47,53,,False,False,1629216,,substitution,substitution,,,,1626167|1627734|1627747|1627763|1629216|1629639|202710|203200|2772,1629216|1629639|202710|2772,1626167|1627734|1627747|1627763|203200,,,1610612748.0,22000645
2,PT02M28.00S,02:28,Q2 02:28,25.533333333333335,314,substitution,SUB in: B. Adebayo,[],Adebayo,47,53,,False,False,1628389,,substitution,2pt missed,,,,1626167|1627734|1627747|1627763|1628389|1629216|1629639|202710|203200|2772,1628389|1629216|1629639|202710|2772,1626167|1627734|1627747|1627763|203200,,,1610612748.0,22000645
2,PT02M13.00S,02:13,Q2 02:13,25.783333333333335,317,2pt,MISS J. Butler driving Layup,['pointsinthepaint'],Butler,47,55,Missed,True,False,202710,,substitution,rebound,,,,1626167|1627734|1627747|1627763|1628389|1629216|1629639|202710|203200|2772,1628389|1629216|1629639|202710|2772,1626167|1627734|1627747|1627763|203200,-25.0,13.0,1610612748.0,22000645
2,PT02M11.00S,02:11,Q2 02:11,25.816666666666666,318,rebound,M. Turner REBOUND (Off:1 Def:2),[],Turner,47,55,,False,False,1626167,,2pt missed,2pt made,,,,1626167|1627734|1627747|1627763|1628389|1629216|1629639|202710|203200|2772,1626167|1627734|1627747|1627763|203200,1628389|1629216|1629639|202710|2772,,,1610612754.0,22000645
2,PT02M05.00S,02:05,Q2 02:05,25.916666666666668,319,2pt,M. Brogdon 16' pullup Jump Shot (6 PTS),[],Brogdon,47,57,Made,True,False,1627763,,rebound,2pt made,,,,1626167|1627734|1627747|1627763|1628389|1629216|1629639|202710|203200|2772,1626167|1627734|1627747|1627763|203200,1628389|1629216|1629639|202710|2772,-83.0,137.0,1610612754.0,22000645
2,PT01M41.00S,01:41,Q2 01:41,24.316666666666666,321,2pt,J. Butler driving floating Jump Shot (14 PTS),['pointsinthepaint'],Butler,49,57,Made,True,False,202710,,2pt made,3pt missed,,,,1626167|1627734|1627747|1627763|1628389|1629216|1629639|202710|203200|2772,1628389|1629216|1629639|202710|2772,1626167|1627734|1627747|1627763|203200,-14.0,45.0,1610612748.0,22000645
2,PT01M17.00S,01:17,Q2 01:17,24.716666666666665,322,3pt,MISS M. Brogdon 25' step back 3PT - blocked,[],Brogdon,49,57,Missed,True,False,1627763,,2pt made,block,,,2772.0,1626167|1627734|1627747|1627763|1628389|1629216|1629639|202710|203200|2772,1626167|1627734|1627747|1627763|203200,1628389|1629216|1629639|202710|2772,-144.0,209.0,1610612754.0,22000645
2,PT01M17.00S,01:17,Q2 01:17,24.716666666666665,341,block,T. Ariza BLOCK (2 BLK),[],Ariza,49,57,,False,False,2772,,3pt missed,rebound,,,,1626167|1627734|1627747|1627763|1628389|1629216|1629639|202710|203200|2772,1628389|1629216|1629639|202710|2772,1626167|1627734|1627747|1627763|203200,,,1610612748.0,22000645
2,PT01M16.00S,01:16,Q2 01:16,24.733333333333334,323,rebound,TEAM offensive REBOUND,['team'],,49,57,,False,False,0,,block,turnover,,,,1626167|1627734|1627747|1627763|1628389|1629216|1629639|202710|203200|2772,1626167|1627734|1627747|1627763|203200,1628389|1629216|1629639|202710|2772,,,1610612754.0,22000645
2,PT01M15.00S,01:15,Q2 01:15,24.75,324,turnover,IND shot clock Team TURNOVER,['team'],,49,57,,False,False,0,,rebound,turnover,,,,1626167|1627734|1627747|1627763|1628389|1629216|1629639|202710|203200|2772,1626167|1627734|1627747|1627763|203200,1628389|1629216|1629639|202710|2772,,,1610612754.0,22000645
2,PT01M01.00S,01:01,Q2 01:01,24.983333333333334,325,turnover,B. Adebayo bad pass TURNOVER (1 TO),[],Adebayo,49,57,,False,False,1628389,,turnover,steal,,1627734.0,,1626167|1627734|1627747|1627763|1628389|1629216|1629639|202710|203200|2772,1628389|1629216|1629639|202710|2772,1626167|1627734|1627747|1627763|203200,,,1610612748.0,22000645
2,PT01M01.00S,01:01,Q2 01:01,24.983333333333334,326,steal,D. Sabonis STEAL (2 STL),[],Sabonis,49,57,,False,False,1627734,,turnover,3pt missed,,,,1626167|1627734|1627747|1627763|1628389|1629216|1629639|202710|203200|2772,1626167|1627734|1627747|1627763|203200,1628389|1629216|1629639|202710|2772,,,1610612754.0,22000645
2,PT00M53.20S,00:53,Q2 00:53,23.116666666666667,327,3pt,MISS C. LeVert 24' step back 3PT,['fromturnover'],LeVert,49,57,Missed,True,False,1627747,,steal,rebound,,,,1626167|1627734|1627747|1627763|1628389|1629216|1629639|202710|203200|2772,1626167|1627734|1627747|1627763|203200,1628389|1629216|1629639|202710|2772,-14.0,249.0,1610612754.0,22000645
2,PT00M50.80S,00:50,Q2 00:50,23.166666666666668,328,rebound,J. Butler REBOUND (Off:4 Def:2),[],Butler,49,57,,False,False,202710,,3pt missed,2pt missed,,,,1626167|1627734|1627747|1627763|1628389|1629216|1629639|202710|203200|2772,1628389|1629216|1629639|202710|2772,1626167|1627734|1627747|1627763|203200,,,1610612748.0,22000645
2,PT00M46.60S,00:46,Q2 00:46,23.233333333333334,329,2pt,MISS T. Herro 9' running Layup - blocked,"['fastbreak', 'pointsinthepaint']",Herro,49,57,Missed,True,False,1629639,,rebound,block,,,1626167.0,1626167|1627734|1627747|1627763|1628389|1629216|1629639|202710|203200|2772,1628389|1629216|1629639|202710|2772,1626167|1627734|1627747|1627763|203200,-27.0,87.0,1610612748.0,22000645
2,PT00M46.60S,00:46,Q2 00:46,23.233333333333334,330,block,M. Turner BLOCK (2 BLK),[],Turner,49,57,,False,False,1626167,,2pt missed,rebound,,,,1626167|1627734|1627747|1627763|1628389|1629216|1629639|202710|203200|2772,1626167|1627734|1627747|1627763|203200,1628389|1629216|1629639|202710|2772,,,1610612754.0,22000645
2,PT00M43.30S,00:43,Q2 00:43,23.283333333333335,331,rebound,G. Vincent REBOUND (Off:1 Def:0),[],Vincent,49,57,,False,False,1629216,,block,2pt missed,,,,1626167|1627734|1627747|1627763|1628389|1629216|1629639|202710|203200|2772,1628389|1629216|1629639|202710|2772,1626167|1627734|1627747|1627763|203200,,,1610612748.0,22000645
2,PT00M36.70S,00:36,Q2 00:36,23.4,332,2pt,MISS T. Herro 12' driving Layup - blocked,['2ndchance'],Herro,49,57,Missed,True,False,1629639,,rebound,block,,,1626167.0,1626167|1627734|1627747|1627763|1628389|1629216|1629639|202710|203200|2772,1628389|1629216|1629639|202710|2772,1626167|1627734|1627747|1627763|203200,99.0,77.0,1610612748.0,22000645
2,PT00M36.70S,00:36,Q2 00:36,23.4,333,block,M. Turner BLOCK (3 BLK),[],Turner,49,57,,False,False,1626167,,2pt missed,rebound,,,,1626167|1627734|1627747|1627763|1628389|1629216|1629639|202710|203200|2772,1626167|1627734|1627747|1627763|203200,1628389|1629216|1629639|202710|2772,,,1610612754.0,22000645
2,PT00M36.70S,00:36,Q2 00:36,23.4,334,rebound,TEAM offensive REBOUND,['team'],,49,57,,False,False,0,,block,2pt missed,,,,1626167|1627734|1627747|1627763|1628389|1629216|1629639|202710|203200|2772,1628389|1629216|1629639|202710|2772,1626167|1627734|1627747|1627763|203200,,,1610612748.0,22000645
2,PT00M26.70S,00:26,Q2 00:26,23.566666666666666,336,2pt,MISS J. Butler 19' turnaround fadeaway Shot,['2ndchance'],Butler,49,57,Missed,True,False,202710,,rebound,rebound,,,,1626167|1627734|1627747|1627763|1628389|1629216|1629639|202710|203200|2772,1628389|1629216|1629639|202710|2772,1626167|1627734|1627747|1627763|203200,-199.0,14.0,1610612748.0,22000645
2,PT00M24.70S,00:24,Q2 00:24,23.6,337,rebound,C. LeVert REBOUND (Off:0 Def:2),[],LeVert,49,57,,False,False,1627747,,2pt missed,3pt missed,,,,1626167|1627734|1627747|1627763|1628389|1629216|1629639|202710|203200|2772,1626167|1627734|1627747|1627763|203200,1628389|1629216|1629639|202710|2772,,,1610612754.0,22000645
2,PT00M00.50S,00:00,Q2 00:00,24.0,338,3pt,MISS J. Holiday 25' 3PT,[],Holiday,49,57,Missed,True,False,203200,,rebound,rebound,,,,1626167|1627734|1627747|1627763|1628389|1629216|1629639|202710|203200|2772,1626167|1627734|1627747|1627763|203200,1628389|1629216|1629639|202710|2772,127.0,218.0,1610612754.0,22000645
2,PT00M00.10S,00:00,Q2 00:00,24.0,339,rebound,TEAM offensive REBOUND,['team'],,49,57,,False,False,0,,3pt missed,substitution,,,,1626167|1627734|1627747|1627763|1628389|1629216|1629639|202710|203200|2772,1626167|1627734|1627747|1627763|203200,1628389|1629216|1629639|202710|2772,,,1610612754.0,22000645
3,PT12M00.00S,12:00,Q3 12:00,24.0,342,substitution,SUB out: T. Ariza,['startperiod'],Ariza,49,57,,False,False,2772,,rebound,substitution,,,,1626167|1627734|1627747|1627763|1628389|1629216|1629639|202710|203200,1628389|1629216|1629639|202710,1626167|1627734|1627747|1627763|203200,,,1610612748.0,22000645
3,PT12M00.00S,12:00,Q3 12:00,24.0,343,substitution,SUB out: T. Herro,['startperiod'],Herro,49,57,,False,False,1629639,,substitution,substitution,,,,1626167|1627734|1627747|1627763|1628389|1629216|202710|203200,1628389|1629216|202710,1626167|1627734|1627747|1627763|203200,,,1610612748.0,22000645
3,PT12M00.00S,12:00,Q3 12:00,24.0,344,substitution,SUB out: G. Vincent,['startperiod'],Vincent,49,57,,False,False,1629216,,substitution,substitution,,,,1626167|1627734|1627747|1627763|1628389|202710|203200,1628389|202710,1626167|1627734|1627747|1627763|203200,,,1610612748.0,22000645
3,PT12M00.00S,12:00,Q3 12:00,24.0,345,substitution,SUB in: K. Olynyk,['startperiod'],Olynyk,49,57,,False,False,203482,,substitution,substitution,,,,1626167|1627734|1627747|1627763|1628389|202710|203200|203482,1628389|202710|203482,1626167|1627734|1627747|1627763|203200,,,1610612748.0,22000645
3,PT12M00.00S,12:00,Q3 12:00,24.0,346,substitution,SUB in: K. Nunn,['startperiod'],Nunn,49,57,,False,False,1629134,,substitution,substitution,,,,1626167|1627734|1627747|1627763|1628389|1629134|202710|203200|203482,1628389|1629134|202710|203482,1626167|1627734|1627747|1627763|203200,,,1610612748.0,22000645
3,PT12M00.00S,12:00,Q3 12:00,24.0,347,substitution,SUB in: D. Robinson,['startperiod'],Robinson,49,57,,False,False,1629130,,substitution,3pt missed,,,,1626167|1627734|1627747|1627763|1628389|1629130|1629134|202710|203200|203482,1628389|1629130|1629134|202710|203482,1626167|1627734|1627747|1627763|203200,,,1610612748.0,22000645
3,PT11M37.00S,11:37,Q3 11:37,22.383333333333333,349,3pt,MISS D. Robinson 24' pullup 3PT,[],Robinson,49,57,Missed,True,False,1629130,,substitution,rebound,,,,1626167|1627734|1627747|1627763|1628389|1629130|1629134|202710|203200|203482,1628389|1629130|1629134|202710|203482,1626167|1627734|1627747|1627763|203200,168.0,184.0,1610612748.0,22000645
3,PT11M33.00S,11:33,Q3 11:33,22.45,350,rebound,D. Sabonis REBOUND (Off:2 Def:7),[],Sabonis,49,57,,False,False,1627734,,3pt missed,2pt missed,,,,1626167|1627734|1627747|1627763|1628389|1629130|1629134|202710|203200|203482,1626167|1627734|1627747|1627763|203200,1628389|1629130|1629134|202710|203482,,,1610612754.0,22000645
3,PT11M09.00S,11:09,Q3 11:09,22.85,351,2pt,MISS D. Sabonis 18' fadeaway Shot,[],Sabonis,49,57,Missed,True,False,1627734,,rebound,rebound,,,,1626167|1627734|1627747|1627763|1628389|1629130|1629134|202710|203200|203482,1626167|1627734|1627747|1627763|203200,1628389|1629130|1629134|202710|203482,-100.0,153.0,1610612754.0,22000645
3,PT11M07.00S,11:07,Q3 11:07,22.883333333333333,352,rebound,B. Adebayo REBOUND (Off:2 Def:4),[],Adebayo,49,57,,False,False,1628389,,2pt missed,2pt missed,,,,1626167|1627734|1627747|1627763|1628389|1629130|1629134|202710|203200|203482,1628389|1629130|1629134|202710|203482,1626167|1627734|1627747|1627763|203200,,,1610612748.0,22000645
3,PT10M53.00S,10:53,Q3 10:53,21.116666666666667,353,2pt,MISS B. Adebayo Layup - blocked,['pointsinthepaint'],Adebayo,49,57,Missed,True,False,1628389,,rebound,block,,,203200.0,1626167|1627734|1627747|1627763|1628389|1629130|1629134|202710|203200|203482,1628389|1629130|1629134|202710|203482,1626167|1627734|1627747|1627763|203200,22.0,-3.0,1610612748.0,22000645
3,PT10M53.00S,10:53,Q3 10:53,21.116666666666667,354,block,J. Holiday BLOCK (2 BLK),[],Holiday,49,57,,False,False,203200,,2pt missed,rebound,,,,1626167|1627734|1627747|1627763|1628389|1629130|1629134|202710|203200|203482,1626167|1627734|1627747|1627763|203200,1628389|1629130|1629134|202710|203482,,,1610612754.0,22000645
3,PT10M49.00S,10:49,Q3 10:49,21.183333333333334,355,rebound,M. Turner REBOUND (Off:1 Def:3),[],Turner,49,57,,False,False,1626167,,block,turnover,,,,1626167|1627734|1627747|1627763|1628389|1629130|1629134|202710|203200|203482,1626167|1627734|1627747|1627763|203200,1628389|1629130|1629134|202710|203482,,,1610612754.0,22000645
3,PT10M36.00S,10:36,Q3 10:36,21.4,356,turnover,D. Sabonis traveling TURNOVER (4 TO),[],Sabonis,49,57,,False,False,1627734,,rebound,foul,,,,1626167|1627734|1627747|1627763|1628389|1629130|1629134|202710|203200|203482,1626167|1627734|1627747|1627763|203200,1628389|1629130|1629134|202710|203482,,,1610612754.0,22000645
3,PT10M24.00S,10:24,Q3 10:24,21.6,357,foul,M. Turner shooting personal FOUL (3 PF) (Adebayo 2 FT),['2freethrow'],Turner,49,57,,False,False,1626167,,turnover,freethrow,1628389.0,,,1626167|1627734|1627747|1627763|1628389|1629130|1629134|202710|203200|203482,1626167|1627734|1627747|1627763|203200,1628389|1629130|1629134|202710|203482,,,1610612754.0,22000645
3,PT10M24.00S,10:24,Q3 10:24,21.6,359,freethrow,B. Adebayo Free Throw 1 of 2 (10 PTS),['fromturnover'],Adebayo,50,57,Made,False,False,1628389,,foul,freethrow,,,,1626167|1627734|1627747|1627763|1628389|1629130|1629134|202710|203200|203482,1628389|1629130|1629134|202710|203482,1626167|1627734|1627747|1627763|203200,,,1610612748.0,22000645
3,PT10M24.00S,10:24,Q3 10:24,21.6,360,freethrow,B. Adebayo Free Throw 2 of 2 (11 PTS),['fromturnover'],Adebayo,51,57,Made,False,False,1628389,,freethrow,turnover,,,,1626167|1627734|1627747|1627763|1628389|1629130|1629134|202710|203200|203482,1628389|1629130|1629134|202710|203482,1626167|1627734|1627747|1627763|203200,,,1610612748.0,22000645
3,PT10M05.00S,10:05,Q3 10:05,21.916666666666668,361,turnover,M. Brogdon bad pass out-of-bounds TURNOVER (2 TO),[],Brogdon,51,57,,False,False,1627763,,freethrow,2pt missed,,,,1626167|1627734|1627747|1627763|1628389|1629130|1629134|202710|203200|203482,1626167|1627734|1627747|1627763|203200,1628389|1629130|1629134|202710|203482,,,1610612754.0,22000645
3,PT09M55.00S,09:55,Q3 09:55,20.083333333333332,362,2pt,MISS B. Adebayo 12' Jump Shot,"['pointsinthepaint', 'fromturnover']",Adebayo,51,57,Missed,True,False,1628389,,turnover,rebound,,,,1626167|1627734|1627747|1627763|1628389|1629130|1629134|202710|203200|203482,1628389|1629130|1629134|202710|203482,1626167|1627734|1627747|1627763|203200,-19.0,118.0,1610612748.0,22000645
3,PT09M52.00S,09:52,Q3 09:52,20.133333333333333,363,rebound,C. LeVert REBOUND (Off:0 Def:3),[],LeVert,51,57,,False,False,1627747,,2pt missed,2pt missed,,,,1626167|1627734|1627747|1627763|1628389|1629130|1629134|202710|203200|203482,1626167|1627734|1627747|1627763|203200,1628389|1629130|1629134|202710|203482,,,1610612754.0,22000645
3,PT09M48.00S,09:48,Q3 09:48,20.2,364,2pt,MISS C. LeVert running Layup,"['fastbreak', 'pointsinthepaint']",LeVert,51,57,Missed,True,False,1627747,,rebound,rebound,,,,1626167|1627734|1627747|1627763|1628389|1629130|1629134|202710|203200|203482,1626167|1627734|1627747|1627763|203200,1628389|1629130|1629134|202710|203482,18.0,16.0,1610612754.0,22000645
3,PT09M46.00S,09:46,Q3 09:46,20.233333333333334,365,rebound,D. Robinson REBOUND (Off:0 Def:4),[],Robinson,51,57,,False,False,1629130,,2pt missed,timeout,,,,1626167|1627734|1627747|1627763|1628389|1629130|1629134|202710|203200|203482,1628389|1629130|1629134|202710|203482,1626167|1627734|1627747|1627763|203200,,,1610612748.0,22000645
3,PT09M34.00S,09:34,Q3 09:34,20.433333333333334,370,timeout,MIA Timeout,"['team', 'mandatory']",,51,57,,False,False,0,,rebound,2pt made,,,,1626167|1627734|1627747|1627763|1628389|1629130|1629134|202710|203200|203482,1628389|1629130|1629134|202710|203482,1626167|1627734|1627747|1627763|203200,,,1610612748.0,22000645
3,PT09M34.00S,09:34,Q3 09:34,20.433333333333334,372,2pt,B. Adebayo cutting DUNK (13 PTS) (D. Robinson 3 AST),['pointsinthepaint'],Adebayo,53,57,Made,True,True,1628389,1629130.0,timeout,foul,,,,1626167|1627734|1627747|1627763|1628389|1629130|1629134|202710|203200|203482,1628389|1629130|1629134|202710|203482,1626167|1627734|1627747|1627763|203200,13.0,5.0,1610612748.0,22000645
3,PT09M34.00S,09:34,Q3 09:34,20.433333333333334,374,foul,D. Sabonis shooting personal FOUL (3 PF) (Adebayo 1 FT),['1freethrow'],Sabonis,53,57,,False,False,1627734,,2pt made,freethrow,1628389.0,,,1626167|1627734|1627747|1627763|1628389|1629130|1629134|202710|203200|203482,1626167|1627734|1627747|1627763|203200,1628389|1629130|1629134|202710|203482,,,1610612754.0,22000645
3,PT09M34.00S,09:34,Q3 09:34,20.433333333333334,376,freethrow,B. Adebayo Free Throw 1 of 1 (14 PTS),[],Adebayo,54,57,Made,False,False,1628389,,foul,foul,,,,1626167|1627734|1627747|1627763|1628389|1629130|1629134|202710|203200|203482,1628389|1629130|1629134|202710|203482,1626167|1627734|1627747|1627763|203200,,,1610612748.0,22000645
3,PT09M15.00S,09:15,Q3 09:15,20.75,377,foul,D. Sabonis offensive FOUL (4 PF),[],Sabonis,54,57,,False,False,1627734,,freethrow,turnover,202710.0,,,1626167|1627734|1627747|1627763|1628389|1629130|1629134|202710|203200|203482,1626167|1627734|1627747|1627763|203200,1628389|1629130|1629134|202710|203482,,,1610612754.0,22000645
3,PT09M15.00S,09:15,Q3 09:15,20.75,379,turnover,D. Sabonis offensive foul TURNOVER (5 TO),[],Sabonis,54,57,,False,False,1627734,,foul,timeout,,,,1626167|1627734|1627747|1627763|1628389|1629130|1629134|202710|203200|203482,1626167|1627734|1627747|1627763|203200,1628389|1629130|1629134|202710|203482,,,1610612754.0,22000645
3,PT09M15.00S,09:15,Q3 09:15,20.75,380,timeout,IND Timeout,"['team', 'mandatory']",,54,57,,False,False,0,,turnover,2pt made,,,,1626167|1627734|1627747|1627763|1628389|1629130|1629134|202710|203200|203482,1626167|1627734|1627747|1627763|203200,1628389|1629130|1629134|202710|203482,,,1610612754.0,22000645
3,PT08M48.00S,08:48,Q3 08:48,19.2,382,2pt,B. Adebayo 15' Jump Shot (16 PTS) (D. Robinson 4 AST),"['pointsinthepaint', 'fromturnover']",Adebayo,56,57,Made,True,True,1628389,1629130.0,timeout,2pt missed,,,,1626167|1627734|1627747|1627763|1628389|1629130|1629134|202710|203200|203482,1628389|1629130|1629134|202710|203482,1626167|1627734|1627747|1627763|203200,79.0,138.0,1610612748.0,22000645
3,PT08M23.00S,08:23,Q3 08:23,19.616666666666667,384,2pt,MISS C. LeVert driving reverse Layup,['pointsinthepaint'],LeVert,56,57,Missed,True,False,1627747,,2pt made,rebound,,,,1626167|1627734|1627747|1627763|1628389|1629130|1629134|202710|203200|203482,1626167|1627734|1627747|1627763|203200,1628389|1629130|1629134|202710|203482,8.0,46.0,1610612754.0,22000645
3,PT08M21.00S,08:21,Q3 08:21,19.65,385,rebound,J. Butler REBOUND (Off:4 Def:3),[],Butler,56,57,,False,False,202710,,2pt missed,2pt made,,,,1626167|1627734|1627747|1627763|1628389|1629130|1629134|202710|203200|203482,1628389|1629130|1629134|202710|203482,1626167|1627734|1627747|1627763|203200,,,1610612748.0,22000645
3,PT08M02.00S,08:02,Q3 08:02,19.966666666666665,386,2pt,K. Nunn driving finger roll Layup (6 PTS) (B. Adebayo 2 AST),['pointsinthepaint'],Nunn,58,57,Made,True,True,1629134,1628389.0,rebound,foul,,,,1626167|1627734|1627747|1627763|1628389|1629130|1629134|202710|203200|203482,1628389|1629130|1629134|202710|203482,1626167|1627734|1627747|1627763|203200,3.0,11.0,1610612748.0,22000645
3,PT07M47.00S,07:47,Q3 07:47,18.216666666666665,388,foul,D. Robinson shooting personal FOUL (2 PF) (Turner 2 FT),['2freethrow'],Robinson,58,57,,False,False,1629130,,2pt made,freethrow,1626167.0,,,1626167|1627734|1627747|1627763|1628389|1629130|1629134|202710|203200|203482,1628389|1629130|1629134|202710|203482,1626167|1627734|1627747|1627763|203200,,,1610612748.0,22000645
3,PT07M47.00S,07:47,Q3 07:47,18.216666666666665,390,freethrow,M. Turner Free Throw 1 of 2 (10 PTS),[],Turner,58,58,Made,False,False,1626167,,foul,freethrow,,,,1626167|1627734|1627747|1627763|1628389|1629130|1629134|202710|203200|203482,1626167|1627734|1627747|1627763|203200,1628389|1629130|1629134|202710|203482,,,1610612754.0,22000645
3,PT07M47.00S,07:47,Q3 07:47,18.216666666666665,391,freethrow,M. Turner Free Throw 2 of 2 (11 PTS),[],Turner,58,59,Made,False,False,1626167,,freethrow,3pt missed,,,,1626167|1627734|1627747|1627763|1628389|1629130|1629134|202710|203200|203482,1626167|1627734|1627747|1627763|203200,1628389|1629130|1629134|202710|203482,,,1610612754.0,22000645
3,PT07M31.00S,07:31,Q3 07:31,18.483333333333334,392,3pt,MISS D. Robinson 24' 3PT,[],Robinson,58,59,Missed,True,False,1629130,,freethrow,rebound,,,,1626167|1627734|1627747|1627763|1628389|1629130|1629134|202710|203200|203482,1628389|1629130|1629134|202710|203482,1626167|1627734|1627747|1627763|203200,227.0,97.0,1610612748.0,22000645
3,PT07M29.00S,07:29,Q3 07:29,18.516666666666666,393,rebound,K. Olynyk REBOUND (Off:1 Def:4),[],Olynyk,58,59,,False,False,203482,,3pt missed,3pt missed,,,,1626167|1627734|1627747|1627763|1628389|1629130|1629134|202710|203200|203482,1628389|1629130|1629134|202710|203482,1626167|1627734|1627747|1627763|203200,,,1610612748.0,22000645
3,PT07M24.00S,07:24,Q3 07:24,18.6,394,3pt,MISS K. Olynyk 24' 3PT,['2ndchance'],Olynyk,58,59,Missed,True,False,203482,,rebound,rebound,,,,1626167|1627734|1627747|1627763|1628389|1629130|1629134|202710|203200|203482,1628389|1629130|1629134|202710|203482,1626167|1627734|1627747|1627763|203200,243.0,41.0,1610612748.0,22000645
3,PT07M23.00S,07:23,Q3 07:23,18.616666666666667,395,rebound,TEAM offensive REBOUND,['team'],,58,59,,False,False,0,,3pt missed,turnover,,,,1626167|1627734|1627747|1627763|1628389|1629130|1629134|202710|203200|203482,1628389|1629130|1629134|202710|203482,1626167|1627734|1627747|1627763|203200,,,1610612748.0,22000645
3,PT07M23.00S,07:23,Q3 07:23,18.616666666666667,396,turnover,MIA shot clock Team TURNOVER,['team'],,58,59,,False,False,0,,rebound,2pt missed,,,,1626167|1627734|1627747|1627763|1628389|1629130|1629134|202710|203200|203482,1628389|1629130|1629134|202710|203482,1626167|1627734|1627747|1627763|203200,,,1610612748.0,22000645
3,PT07M07.00S,07:07,Q3 07:07,18.883333333333333,397,2pt,MISS D. Sabonis turnaround fadeaway Shot,"['pointsinthepaint', 'fromturnover']",Sabonis,58,59,Missed,True,False,1627734,,turnover,rebound,,,,1626167|1627734|1627747|1627763|1628389|1629130|1629134|202710|203200|203482,1626167|1627734|1627747|1627763|203200,1628389|1629130|1629134|202710|203482,-8.0,56.0,1610612754.0,22000645
3,PT07M05.00S,07:05,Q3 07:05,18.916666666666668,398,rebound,J. Butler REBOUND (Off:4 Def:4),[],Butler,58,59,,False,False,202710,,2pt missed,2pt missed,,,,1626167|1627734|1627747|1627763|1628389|1629130|1629134|202710|203200|203482,1628389|1629130|1629134|202710|203482,1626167|1627734|1627747|1627763|203200,,,1610612748.0,22000645
3,PT06M48.00S,06:48,Q3 06:48,17.2,399,2pt,MISS B. Adebayo floating Shot,['pointsinthepaint'],Adebayo,58,59,Missed,True,False,1628389,,rebound,rebound,,,,1626167|1627734|1627747|1627763|1628389|1629130|1629134|202710|203200|203482,1628389|1629130|1629134|202710|203482,1626167|1627734|1627747|1627763|203200,-17.0,39.0,1610612748.0,22000645
3,PT06M46.00S,06:46,Q3 06:46,17.233333333333334,400,rebound,D. Sabonis REBOUND (Off:2 Def:8),[],Sabonis,58,59,,False,False,1627734,,2pt missed,2pt made,,,,1626167|1627734|1627747|1627763|1628389|1629130|1629134|202710|203200|203482,1626167|1627734|1627747|1627763|203200,1628389|1629130|1629134|202710|203482,,,1610612754.0,22000645
3,PT06M28.00S,06:28,Q3 06:28,17.533333333333335,401,2pt,D. Sabonis reverse Layup (13 PTS) (M. Brogdon 6 AST),['pointsinthepaint'],Sabonis,58,61,Made,True,True,1627734,1627763.0,rebound,substitution,,,,1626167|1627734|1627747|1627763|1628389|1629130|1629134|202710|203200|203482,1626167|1627734|1627747|1627763|203200,1628389|1629130|1629134|202710|203482,-3.0,11.0,1610612754.0,22000645
3,PT06M11.00S,06:11,Q3 06:11,17.816666666666666,404,substitution,SUB out: B. Adebayo,[],Adebayo,58,61,,False,False,1628389,,2pt made,substitution,,,,1626167|1627734|1627747|1627763|1629130|1629134|202710|203200|203482,1629130|1629134|202710|203482,1626167|1627734|1627747|1627763|203200,,,1610612748.0,22000645
3,PT06M11.00S,06:11,Q3 06:11,17.816666666666666,405,substitution,SUB in: T. Ariza,[],Ariza,58,61,,False,False,2772,,substitution,2pt made,,,,1626167|1627734|1627747|1627763|1629130|1629134|202710|203200|203482|2772,1629130|1629134|202710|203482|2772,1626167|1627734|1627747|1627763|203200,,,1610612748.0,22000645
3,PT05M58.00S,05:58,Q3 05:58,16.033333333333335,406,2pt,T. Ariza driving Layup (2 PTS) (D. Robinson 5 AST),['pointsinthepaint'],Ariza,60,61,Made,True,True,2772,1629130.0,substitution,3pt made,,,,1626167|1627734|1627747|1627763|1629130|1629134|202710|203200|203482|2772,1629130|1629134|202710|203482|2772,1626167|1627734|1627747|1627763|203200,13.0,1.0,1610612748.0,22000645
3,PT05M45.00S,05:45,Q3 05:45,16.25,408,3pt,M. Brogdon 25' 3PT pullup (9 PTS),[],Brogdon,60,64,Made,True,False,1627763,,2pt made,3pt made,,,,1626167|1627734|1627747|1627763|1629130|1629134|202710|203200|203482|2772,1626167|1627734|1627747|1627763|203200,1629130|1629134|202710|203482|2772,183.0,173.0,1610612754.0,22000645
3,PT05M28.00S,05:28,Q3 05:28,16.533333333333335,409,3pt,K. Nunn 24' 3PT  (9 PTS) (J. Butler 3 AST),[],Nunn,63,64,Made,True,True,1629134,202710.0,3pt made,3pt missed,,,,1626167|1627734|1627747|1627763|1629130|1629134|202710|203200|203482|2772,1629130|1629134|202710|203482|2772,1626167|1627734|1627747|1627763|203200,187.0,160.0,1610612748.0,22000645
3,PT05M12.00S,05:12,Q3 05:12,16.8,411,3pt,MISS M. Brogdon 25' 3PT,[],Brogdon,63,64,Missed,True,False,1627763,,3pt made,rebound,,,,1626167|1627734|1627747|1627763|1629130|1629134|202710|203200|203482|2772,1626167|1627734|1627747|1627763|203200,1629130|1629134|202710|203482|2772,-65.0,243.0,1610612754.0,22000645
3,PT05M09.00S,05:09,Q3 05:09,16.85,412,rebound,K. Olynyk REBOUND (Off:1 Def:5),[],Olynyk,63,64,,False,False,203482,,3pt missed,substitution,,,,1626167|1627734|1627747|1627763|1629130|1629134|202710|203200|203482|2772,1629130|1629134|202710|203482|2772,1626167|1627734|1627747|1627763|203200,,,1610612748.0,22000645
3,PT04M58.00S,04:58,Q3 04:58,15.033333333333333,414,substitution,SUB out: D. Robinson,[],Robinson,63,64,,False,False,1629130,,rebound,substitution,,,,1626167|1627734|1627747|1627763|1629134|202710|203200|203482|2772,1629134|202710|203482|2772,1626167|1627734|1627747|1627763|203200,,,1610612748.0,22000645
3,PT04M58.00S,04:58,Q3 04:58,15.033333333333333,415,substitution,SUB out: D. Sabonis,[],Sabonis,63,64,,False,False,1627734,,substitution,substitution,,,,1626167|1627747|1627763|1629134|202710|203200|203482|2772,1626167|1627747|1627763|203200,1629134|202710|203482|2772,,,1610612754.0,22000645
3,PT04M58.00S,04:58,Q3 04:58,15.033333333333333,416,substitution,SUB out: C. LeVert,[],LeVert,63,64,,False,False,1627747,,substitution,substitution,,,,1626167|1627763|1629134|202710|203200|203482|2772,1626167|1627763|203200,1629134|202710|203482|2772,,,1610612754.0,22000645
3,PT04M58.00S,04:58,Q3 04:58,15.033333333333333,417,substitution,SUB in: T. Herro,[],Herro,63,64,,False,False,1629639,,substitution,substitution,,,,1626167|1627763|1629134|1629639|202710|203200|203482|2772,1629134|1629639|202710|203482|2772,1626167|1627763|203200,,,1610612748.0,22000645
3,PT04M58.00S,04:58,Q3 04:58,15.033333333333333,418,substitution,SUB in: T. McConnell,[],McConnell,63,64,,False,False,204456,,substitution,substitution,,,,1626167|1627763|1629134|1629639|202710|203200|203482|204456|2772,1626167|1627763|203200|204456,1629134|1629639|202710|203482|2772,,,1610612754.0,22000645
3,PT04M58.00S,04:58,Q3 04:58,15.033333333333333,419,substitution,SUB in: D. McDermott,[],McDermott,63,64,,False,False,203926,,substitution,3pt missed,,,,1626167|1627763|1629134|1629639|202710|203200|203482|203926|204456|2772,1626167|1627763|203200|203926|204456,1629134|1629639|202710|203482|2772,,,1610612754.0,22000645
3,PT04M50.00S,04:50,Q3 04:50,15.166666666666666,420,3pt,MISS K. Olynyk 25' 3PT,[],Olynyk,63,64,Missed,True,False,203482,,substitution,rebound,,,,1626167|1627763|1629134|1629639|202710|203200|203482|203926|204456|2772,1629134|1629639|202710|203482|2772,1626167|1627763|203200|203926|204456,-234.0,90.0,1610612748.0,22000645
3,PT04M47.00S,04:47,Q3 04:47,15.216666666666667,421,rebound,T. McConnell REBOUND (Off:0 Def:2),[],McConnell,63,64,,False,False,204456,,3pt missed,foul,,,,1626167|1627763|1629134|1629639|202710|203200|203482|203926|204456|2772,1626167|1627763|203200|203926|204456,1629134|1629639|202710|203482|2772,,,1610612754.0,22000645
3,PT04M37.00S,04:37,Q3 04:37,15.383333333333333,425,foul,K. Nunn personal FOUL (1 PF),[],Nunn,63,64,,False,False,1629134,,rebound,3pt made,1626167.0,,,1626167|1627763|1629134|1629639|202710|203200|203482|203926|204456|2772,1629134|1629639|202710|203482|2772,1626167|1627763|203200|203926|204456,,,1610612748.0,22000645
3,PT04M32.00S,04:32,Q3 04:32,15.466666666666667,427,3pt,M. Turner 26' 3PT  (14 PTS) (M. Brogdon 7 AST),[],Turner,63,67,Made,True,True,1626167,1627763.0,foul,foul,,,,1626167|1627763|1629134|1629639|202710|203200|203482|203926|204456|2772,1626167|1627763|203200|203926|204456,1629134|1629639|202710|203482|2772,-125.0,231.0,1610612754.0,22000645
3,PT04M16.00S,04:16,Q3 04:16,15.733333333333333,429,foul,D. McDermott shooting personal FOUL (2 PF) (Butler 2 FT),['2freethrow'],McDermott,63,67,,False,False,203926,,3pt made,freethrow,202710.0,,,1626167|1627763|1629134|1629639|202710|203200|203482|203926|204456|2772,1626167|1627763|203200|203926|204456,1629134|1629639|202710|203482|2772,,,1610612754.0,22000645
3,PT04M16.00S,04:16,Q3 04:16,15.733333333333333,431,freethrow,J. Butler Free Throw 1 of 2 (15 PTS),[],Butler,64,67,Made,False,False,202710,,foul,freethrow,,,,1626167|1627763|1629134|1629639|202710|203200|203482|203926|204456|2772,1629134|1629639|202710|203482|2772,1626167|1627763|203200|203926|204456,,,1610612748.0,22000645
3,PT04M16.00S,04:16,Q3 04:16,15.733333333333333,432,freethrow,J. Butler Free Throw 2 of 2 (16 PTS),[],Butler,65,67,Made,False,False,202710,,freethrow,foul,,,,1626167|1627763|1629134|1629639|202710|203200|203482|203926|204456|2772,1629134|1629639|202710|203482|2772,1626167|1627763|203200|203926|204456,,,1610612748.0,22000645
3,PT04M09.00S,04:09,Q3 04:09,15.85,433,foul,T. Ariza personal FOUL (1 PF),[],Ariza,65,67,,False,False,2772,,freethrow,2pt made,203926.0,,,1626167|1627763|1629134|1629639|202710|203200|203482|203926|204456|2772,1629134|1629639|202710|203482|2772,1626167|1627763|203200|203926|204456,,,1610612748.0,22000645
3,PT03M54.00S,03:54,Q3 03:54,14.1,435,2pt,M. Turner driving Layup (16 PTS),['pointsinthepaint'],Turner,65,69,Made,True,False,1626167,,foul,3pt made,,,,1626167|1627763|1629134|1629639|202710|203200|203482|203926|204456|2772,1626167|1627763|203200|203926|204456,1629134|1629639|202710|203482|2772,16.0,17.0,1610612754.0,22000645
3,PT03M38.00S,03:38,Q3 03:38,14.366666666666667,436,3pt,T. Ariza 3PT  (5 PTS) (J. Butler 4 AST),[],Ariza,68,69,Made,True,True,2772,202710.0,2pt made,3pt made,,,,1626167|1627763|1629134|1629639|202710|203200|203482|203926|204456|2772,1629134|1629639|202710|203482|2772,1626167|1627763|203200|203926|204456,-231.0,59.0,1610612748.0,22000645
3,PT03M22.00S,03:22,Q3 03:22,14.633333333333333,438,3pt,D. McDermott 3PT  (9 PTS) (M. Turner 1 AST),[],McDermott,68,72,Made,True,True,203926,1626167.0,3pt made,3pt missed,,,,1626167|1627763|1629134|1629639|202710|203200|203482|203926|204456|2772,1626167|1627763|203200|203926|204456,1629134|1629639|202710|203482|2772,-236.0,3.0,1610612754.0,22000645
3,PT03M10.00S,03:10,Q3 03:10,14.833333333333334,440,3pt,MISS T. Herro 25' 3PT,[],Herro,68,72,Missed,True,False,1629639,,3pt made,rebound,,,,1626167|1627763|1629134|1629639|202710|203200|203482|203926|204456|2772,1629134|1629639|202710|203482|2772,1626167|1627763|203200|203926|204456,-30.0,256.0,1610612748.0,22000645
3,PT03M07.00S,03:07,Q3 03:07,14.883333333333333,441,rebound,D. McDermott REBOUND (Off:0 Def:3),[],McDermott,68,72,,False,False,203926,,3pt missed,3pt missed,,,,1626167|1627763|1629134|1629639|202710|203200|203482|203926|204456|2772,1626167|1627763|203200|203926|204456,1629134|1629639|202710|203482|2772,,,1610612754.0,22000645
3,PT03M01.00S,03:01,Q3 03:01,14.983333333333333,442,3pt,MISS M. Turner 28' 3PT,[],Turner,68,72,Missed,True,False,1626167,,rebound,rebound,,,,1626167|1627763|1629134|1629639|202710|203200|203482|203926|204456|2772,1626167|1627763|203200|203926|204456,1629134|1629639|202710|203482|2772,100.0,268.0,1610612754.0,22000645
3,PT02M56.00S,02:56,Q3 02:56,13.066666666666666,443,rebound,T. Herro REBOUND (Off:1 Def:2),[],Herro,68,72,,False,False,1629639,,3pt missed,2pt made,,,,1626167|1627763|1629134|1629639|202710|203200|203482|203926|204456|2772,1629134|1629639|202710|203482|2772,1626167|1627763|203200|203926|204456,,,1610612748.0,22000645
3,PT02M49.00S,02:49,Q3 02:49,13.183333333333334,444,2pt,K. Olynyk turnaround Hook (4 PTS) (K. Nunn 3 AST),['pointsinthepaint'],Olynyk,70,72,Made,True,True,203482,1629134.0,rebound,3pt missed,,,,1626167|1627763|1629134|1629639|202710|203200|203482|203926|204456|2772,1629134|1629639|202710|203482|2772,1626167|1627763|203200|203926|204456,-18.0,54.0,1610612748.0,22000645
3,PT02M35.00S,02:35,Q3 02:35,13.416666666666666,446,3pt,MISS J. Holiday 25' pullup 3PT,[],Holiday,70,72,Missed,True,False,203200,,2pt made,rebound,,,,1626167|1627763|1629134|1629639|202710|203200|203482|203926|204456|2772,1626167|1627763|203200|203926|204456,1629134|1629639|202710|203482|2772,-27.0,251.0,1610612754.0,22000645
3,PT02M32.00S,02:32,Q3 02:32,13.466666666666667,447,rebound,T. Herro REBOUND (Off:1 Def:3),[],Herro,70,72,,False,False,1629639,,3pt missed,3pt missed,,,,1626167|1627763|1629134|1629639|202710|203200|203482|203926|204456|2772,1629134|1629639|202710|203482|2772,1626167|1627763|203200|203926|204456,,,1610612748.0,22000645
3,PT02M12.00S,02:12,Q3 02:12,13.8,448,3pt,MISS T. Ariza pullup 3PT,[],Ariza,70,72,Missed,True,False,2772,,rebound,rebound,,,,1626167|1627763|1629134|1629639|202710|203200|203482|203926|204456|2772,1629134|1629639|202710|203482|2772,1626167|1627763|203200|203926|204456,236.0,-8.0,1610612748.0,22000645
3,PT02M08.00S,02:08,Q3 02:08,13.866666666666667,449,rebound,T. McConnell REBOUND (Off:0 Def:3),[],McConnell,70,72,,False,False,204456,,3pt missed,3pt missed,,,,1626167|1627763|1629134|1629639|202710|203200|203482|203926|204456|2772,1626167|1627763|203200|203926|204456,1629134|1629639|202710|203482|2772,,,1610612754.0,22000645
3,PT02M05.00S,02:05,Q3 02:05,13.916666666666666,450,3pt,MISS M. Brogdon 26' running 3PT,['fastbreak'],Brogdon,70,72,Missed,True,False,1627763,,rebound,rebound,,,,1626167|1627763|1629134|1629639|202710|203200|203482|203926|204456|2772,1626167|1627763|203200|203926|204456,1629134|1629639|202710|203482|2772,157.0,213.0,1610612754.0,22000645
3,PT02M05.00S,02:05,Q3 02:05,13.916666666666666,451,rebound,TEAM offensive REBOUND,['team'],,70,72,,False,False,0,,3pt missed,foul,,,,1626167|1627763|1629134|1629639|202710|203200|203482|203926|204456|2772,1626167|1627763|203200|203926|204456,1629134|1629639|202710|203482|2772,,,1610612754.0,22000645
3,PT02M05.00S,02:05,Q3 02:05,13.916666666666666,452,foul,T. Ariza loose ball personal FOUL (2 PF),[],Ariza,70,72,,False,False,2772,,rebound,substitution,203926.0,,,1626167|1627763|1629134|1629639|202710|203200|203482|203926|204456|2772,1629134|1629639|202710|203482|2772,1626167|1627763|203200|203926|204456,,,1610612748.0,22000645
3,PT02M05.00S,02:05,Q3 02:05,13.916666666666666,454,substitution,SUB out: M. Brogdon,[],Brogdon,70,72,,False,False,1627763,,foul,substitution,,,,1626167|1629134|1629639|202710|203200|203482|203926|204456|2772,1626167|203200|203926|204456,1629134|1629639|202710|203482|2772,,,1610612754.0,22000645
3,PT02M05.00S,02:05,Q3 02:05,13.916666666666666,455,substitution,SUB out: J. Holiday,[],Holiday,70,72,,False,False,203200,,substitution,substitution,,,,1626167|1629134|1629639|202710|203482|203926|204456|2772,1626167|203926|204456,1629134|1629639|202710|203482|2772,,,1610612754.0,22000645
3,PT02M05.00S,02:05,Q3 02:05,13.916666666666666,456,substitution,SUB out: M. Turner,[],Turner,70,72,,False,False,1626167,,substitution,substitution,,,,1629134|1629639|202710|203482|203926|204456|2772,203926|204456,1629134|1629639|202710|203482|2772,,,1610612754.0,22000645
3,PT02M05.00S,02:05,Q3 02:05,13.916666666666666,457,substitution,SUB in: J. Lamb,[],Lamb,70,72,,False,False,203087,,substitution,substitution,,,,1629134|1629639|202710|203087|203482|203926|204456|2772,203087|203926|204456,1629134|1629639|202710|203482|2772,,,1610612754.0,22000645
3,PT02M05.00S,02:05,Q3 02:05,13.916666666666666,458,substitution,SUB in: E. Sumner,[],Sumner,70,72,,False,False,1628410,,substitution,substitution,,,,1628410|1629134|1629639|202710|203087|203482|203926|204456|2772,1628410|203087|203926|204456,1629134|1629639|202710|203482|2772,,,1610612754.0,22000645
3,PT02M05.00S,02:05,Q3 02:05,13.916666666666666,459,substitution,SUB in: G. Bitadze,[],Bitadze,70,72,,False,False,1629048,,substitution,3pt missed,,,,1628410|1629048|1629134|1629639|202710|203087|203482|203926|204456|2772,1628410|1629048|203087|203926|204456,1629134|1629639|202710|203482|2772,,,1610612754.0,22000645
3,PT01M55.00S,01:55,Q3 01:55,12.083333333333334,460,3pt,MISS J. Lamb 24' 3PT,['2ndchance'],Lamb,70,72,Missed,True,False,203087,,substitution,rebound,,,,1628410|1629048|1629134|1629639|202710|203087|203482|203926|204456|2772,1628410|1629048|203087|203926|204456,1629134|1629639|202710|203482|2772,-242.0,34.0,1610612754.0,22000645
3,PT01M50.00S,01:50,Q3 01:50,12.166666666666666,461,rebound,G. Bitadze REBOUND (Off:1 Def:1),[],Bitadze,70,72,,False,False,1629048,,3pt missed,2pt made,,,,1628410|1629048|1629134|1629639|202710|203087|203482|203926|204456|2772,1628410|1629048|203087|203926|204456,1629134|1629639|202710|203482|2772,,,1610612754.0,22000645
3,PT01M48.00S,01:48,Q3 01:48,12.2,462,2pt,G. Bitadze putback Layup (2 PTS),"['pointsinthepaint', '2ndchance']",Bitadze,70,74,Made,True,False,1629048,,rebound,2pt missed,,,,1628410|1629048|1629134|1629639|202710|203087|203482|203926|204456|2772,1628410|1629048|203087|203926|204456,1629134|1629639|202710|203482|2772,-3.0,14.0,1610612754.0,22000645
3,PT01M32.00S,01:32,Q3 01:32,12.466666666666667,463,2pt,MISS K. Olynyk 12' turnaround Shot,['pointsinthepaint'],Olynyk,70,74,Missed,True,False,203482,,2pt made,rebound,,,,1628410|1629048|1629134|1629639|202710|203087|203482|203926|204456|2772,1629134|1629639|202710|203482|2772,1628410|1629048|203087|203926|204456,5.0,122.0,1610612748.0,22000645
3,PT01M29.00S,01:29,Q3 01:29,12.516666666666667,464,rebound,G. Bitadze REBOUND (Off:1 Def:2),[],Bitadze,70,74,,False,False,1629048,,2pt missed,2pt made,,,,1628410|1629048|1629134|1629639|202710|203087|203482|203926|204456|2772,1628410|1629048|203087|203926|204456,1629134|1629639|202710|203482|2772,,,1610612754.0,22000645
3,PT01M22.00S,01:22,Q3 01:22,12.633333333333333,465,2pt,D. McDermott alley-oop DUNK (11 PTS) (T. McConnell 3 AST),"['pointsinthepaint', 'fastbreak']",McDermott,70,76,Made,True,True,203926,204456.0,rebound,2pt missed,,,,1628410|1629048|1629134|1629639|202710|203087|203482|203926|204456|2772,1628410|1629048|203087|203926|204456,1629134|1629639|202710|203482|2772,-29.0,10.0,1610612754.0,22000645
3,PT01M01.00S,01:01,Q3 01:01,12.983333333333333,467,2pt,MISS T. Herro 10' driving floating Shot,['pointsinthepaint'],Herro,70,76,Missed,True,False,1629639,,2pt made,rebound,,,,1628410|1629048|1629134|1629639|202710|203087|203482|203926|204456|2772,1629134|1629639|202710|203482|2772,1628410|1629048|203087|203926|204456,-62.0,90.0,1610612748.0,22000645
3,PT01M00.00S,01:00,Q3 01:00,13.0,468,rebound,J. Butler REBOUND (Off:5 Def:4),[],Butler,70,76,,False,False,202710,,2pt missed,2pt missed,,,,1628410|1629048|1629134|1629639|202710|203087|203482|203926|204456|2772,1629134|1629639|202710|203482|2772,1628410|1629048|203087|203926|204456,,,1610612748.0,22000645
3,PT00M52.00S,00:52,Q3 00:52,11.133333333333333,469,2pt,MISS K. Olynyk cutting finger roll Layup,"['pointsinthepaint', '2ndchance']",Olynyk,70,76,Missed,True,False,203482,,rebound,rebound,,,,1628410|1629048|1629134|1629639|202710|203087|203482|203926|204456|2772,1629134|1629639|202710|203482|2772,1628410|1629048|203087|203926|204456,19.0,0.0,1610612748.0,22000645
3,PT00M49.90S,00:49,Q3 00:49,11.183333333333334,470,rebound,D. McDermott REBOUND (Off:0 Def:4),[],McDermott,70,76,,False,False,203926,,2pt missed,3pt made,,,,1628410|1629048|1629134|1629639|202710|203087|203482|203926|204456|2772,1628410|1629048|203087|203926|204456,1629134|1629639|202710|203482|2772,,,1610612754.0,22000645
3,PT00M45.00S,00:45,Q3 00:45,11.25,471,3pt,E. Sumner 3PT running (3 PTS) (T. McConnell 4 AST),['fastbreak'],Sumner,70,79,Made,True,True,1628410,204456.0,rebound,2pt missed,,,,1628410|1629048|1629134|1629639|202710|203087|203482|203926|204456|2772,1628410|1629048|203087|203926|204456,1629134|1629639|202710|203482|2772,-234.0,14.0,1610612754.0,22000645
3,PT00M33.20S,00:33,Q3 00:33,11.45,473,2pt,MISS K. Nunn cutting Layup - blocked,['pointsinthepaint'],Nunn,70,79,Missed,True,False,1629134,,3pt made,block,,,1629048.0,1628410|1629048|1629134|1629639|202710|203087|203482|203926|204456|2772,1629134|1629639|202710|203482|2772,1628410|1629048|203087|203926|204456,0.0,31.0,1610612748.0,22000645
3,PT00M33.20S,00:33,Q3 00:33,11.45,474,block,G. Bitadze BLOCK (2 BLK),[],Bitadze,70,79,,False,False,1629048,,2pt missed,rebound,,,,1628410|1629048|1629134|1629639|202710|203087|203482|203926|204456|2772,1628410|1629048|203087|203926|204456,1629134|1629639|202710|203482|2772,,,1610612754.0,22000645
3,PT00M33.20S,00:33,Q3 00:33,11.45,475,rebound,TEAM offensive REBOUND,['team'],,70,79,,False,False,0,,block,substitution,,,,1628410|1629048|1629134|1629639|202710|203087|203482|203926|204456|2772,1629134|1629639|202710|203482|2772,1628410|1629048|203087|203926|204456,,,1610612748.0,22000645
3,PT00M33.20S,00:33,Q3 00:33,11.45,477,substitution,SUB out: K. Olynyk,[],Olynyk,70,79,,False,False,203482,,rebound,substitution,,,,1628410|1629048|1629134|1629639|202710|203087|203926|204456|2772,1629134|1629639|202710|2772,1628410|1629048|203087|203926|204456,,,1610612748.0,22000645
3,PT00M33.20S,00:33,Q3 00:33,11.45,478,substitution,SUB out: J. Butler,[],Butler,70,79,,False,False,202710,,substitution,substitution,,,,1628410|1629048|1629134|1629639|203087|203926|204456|2772,1629134|1629639|2772,1628410|1629048|203087|203926|204456,,,1610612748.0,22000645
3,PT00M33.20S,00:33,Q3 00:33,11.45,479,substitution,SUB out: K. Nunn,[],Nunn,70,79,,False,False,1629134,,substitution,substitution,,,,1628410|1629048|1629639|203087|203926|204456|2772,1629639|2772,1628410|1629048|203087|203926|204456,,,1610612748.0,22000645
3,PT00M33.20S,00:33,Q3 00:33,11.45,480,substitution,SUB in: A. Iguodala,[],Iguodala,70,79,,False,False,2738,,substitution,substitution,,,,1628410|1629048|1629639|203087|203926|204456|2738|2772,1629639|2738|2772,1628410|1629048|203087|203926|204456,,,1610612748.0,22000645
3,PT00M33.20S,00:33,Q3 00:33,11.45,481,substitution,SUB in: G. Vincent,[],Vincent,70,79,,False,False,1629216,,substitution,substitution,,,,1628410|1629048|1629216|1629639|203087|203926|204456|2738|2772,1629216|1629639|2738|2772,1628410|1629048|203087|203926|204456,,,1610612748.0,22000645
3,PT00M33.20S,00:33,Q3 00:33,11.45,482,substitution,SUB in: B. Adebayo,[],Adebayo,70,79,,False,False,1628389,,substitution,turnover,,,,1628389|1628410|1629048|1629216|1629639|203087|203926|204456|2738|2772,1628389|1629216|1629639|2738|2772,1628410|1629048|203087|203926|204456,,,1610612748.0,22000645
3,PT00M22.10S,00:22,Q3 00:22,11.633333333333333,483,turnover,A. Iguodala bad pass TURNOVER (1 TO),[],Iguodala,70,79,,False,False,2738,,substitution,steal,,204456.0,,1628389|1628410|1629048|1629216|1629639|203087|203926|204456|2738|2772,1628389|1629216|1629639|2738|2772,1628410|1629048|203087|203926|204456,,,1610612748.0,22000645
3,PT00M22.10S,00:22,Q3 00:22,11.633333333333333,484,steal,T. McConnell STEAL (1 STL),[],McConnell,70,79,,False,False,204456,,turnover,2pt missed,,,,1628389|1628410|1629048|1629216|1629639|203087|203926|204456|2738|2772,1628410|1629048|203087|203926|204456,1628389|1629216|1629639|2738|2772,,,1610612754.0,22000645
3,PT00M02.70S,00:02,Q3 00:02,11.966666666666667,485,2pt,MISS T. McConnell driving Layup - blocked,"['pointsinthepaint', 'fromturnover']",McConnell,70,79,Missed,True,False,204456,,steal,block,,,1629639.0,1628389|1628410|1629048|1629216|1629639|203087|203926|204456|2738|2772,1628410|1629048|203087|203926|204456,1628389|1629216|1629639|2738|2772,-11.0,13.0,1610612754.0,22000645
3,PT00M02.70S,00:02,Q3 00:02,11.966666666666667,486,block,T. Herro BLOCK (1 BLK),[],Herro,70,79,,False,False,1629639,,2pt missed,rebound,,,,1628389|1628410|1629048|1629216|1629639|203087|203926|204456|2738|2772,1628389|1629216|1629639|2738|2772,1628410|1629048|203087|203926|204456,,,1610612748.0,22000645
3,PT00M02.70S,00:02,Q3 00:02,11.966666666666667,487,rebound,TEAM offensive REBOUND,['team'],,70,79,,False,False,0,,block,3pt missed,,,,1628389|1628410|1629048|1629216|1629639|203087|203926|204456|2738|2772,1628410|1629048|203087|203926|204456,1628389|1629216|1629639|2738|2772,,,1610612754.0,22000645
3,PT00M01.70S,00:01,Q3 00:01,11.983333333333333,489,3pt,MISS D. McDermott 24' 3PT,"['fromturnover', '2ndchance']",McDermott,70,79,Missed,True,False,203926,,rebound,rebound,,,,1628389|1628410|1629048|1629216|1629639|203087|203926|204456|2738|2772,1628410|1629048|203087|203926|204456,1628389|1629216|1629639|2738|2772,132.0,210.0,1610612754.0,22000645
3,PT00M00.60S,00:00,Q3 00:00,12.0,490,rebound,B. Adebayo REBOUND (Off:2 Def:5),[],Adebayo,70,79,,False,False,1628389,,3pt missed,substitution,,,,1628389|1628410|1629048|1629216|1629639|203087|203926|204456|2738|2772,1628389|1629216|1629639|2738|2772,1628410|1629048|203087|203926|204456,,,1610612748.0,22000645
4,PT12M00.00S,12:00,Q4 12:00,12.0,492,substitution,SUB out: T. Ariza,['startperiod'],Ariza,70,79,,False,False,2772,,rebound,substitution,,,,1628389|1628410|1629048|1629216|1629639|203087|203926|204456|2738,1628389|1629216|1629639|2738,1628410|1629048|203087|203926|204456,,,1610612748.0,22000645
4,PT12M00.00S,12:00,Q4 12:00,12.0,493,substitution,SUB in: D. Robinson,['startperiod'],Robinson,70,79,,False,False,1629130,,substitution,3pt missed,,,,1628389|1628410|1629048|1629130|1629216|1629639|203087|203926|204456|2738,1628389|1629130|1629216|1629639|2738,1628410|1629048|203087|203926|204456,,,1610612748.0,22000645
4,PT11M42.00S,11:42,Q4 11:42,10.3,495,3pt,MISS G. Bitadze 26' 3PT,[],Bitadze,70,79,Missed,True,False,1629048,,substitution,rebound,,,,1628389|1628410|1629048|1629130|1629216|1629639|203087|203926|204456|2738,1628410|1629048|203087|203926|204456,1628389|1629130|1629216|1629639|2738,-196.0,174.0,1610612754.0,22000645
4,PT11M38.00S,11:38,Q4 11:38,10.366666666666667,496,rebound,D. McDermott REBOUND (Off:1 Def:4),[],McDermott,70,79,,False,False,203926,,3pt missed,2pt missed,,,,1628389|1628410|1629048|1629130|1629216|1629639|203087|203926|204456|2738,1628410|1629048|203087|203926|204456,1628389|1629130|1629216|1629639|2738,,,1610612754.0,22000645
4,PT11M37.00S,11:37,Q4 11:37,10.383333333333333,497,2pt,MISS D. McDermott tip Layup,"['pointsinthepaint', '2ndchance']",McDermott,70,79,Missed,True,False,203926,,rebound,rebound,,,,1628389|1628410|1629048|1629130|1629216|1629639|203087|203926|204456|2738,1628410|1629048|203087|203926|204456,1628389|1629130|1629216|1629639|2738,-18.0,14.0,1610612754.0,22000645
4,PT11M35.00S,11:35,Q4 11:35,10.416666666666666,498,rebound,B. Adebayo REBOUND (Off:2 Def:6),[],Adebayo,70,79,,False,False,1628389,,2pt missed,3pt missed,,,,1628389|1628410|1629048|1629130|1629216|1629639|203087|203926|204456|2738,1628389|1629130|1629216|1629639|2738,1628410|1629048|203087|203926|204456,,,1610612748.0,22000645
4,PT11M25.00S,11:25,Q4 11:25,10.583333333333334,499,3pt,MISS T. Herro 25' 3PT,[],Herro,70,79,Missed,True,False,1629639,,rebound,rebound,,,,1628389|1628410|1629048|1629130|1629216|1629639|203087|203926|204456|2738,1628389|1629130|1629216|1629639|2738,1628410|1629048|203087|203926|204456,13.0,254.0,1610612748.0,22000645
4,PT11M23.00S,11:23,Q4 11:23,10.616666666666667,500,rebound,J. Lamb REBOUND (Off:1 Def:2),[],Lamb,70,79,,False,False,203087,,3pt missed,2pt missed,,,,1628389|1628410|1629048|1629130|1629216|1629639|203087|203926|204456|2738,1628410|1629048|203087|203926|204456,1628389|1629130|1629216|1629639|2738,,,1610612754.0,22000645
4,PT11M05.00S,11:05,Q4 11:05,10.916666666666666,501,2pt,MISS G. Bitadze turnaround Hook - blocked,['pointsinthepaint'],Bitadze,70,79,Missed,True,False,1629048,,rebound,block,,,1628389.0,1628389|1628410|1629048|1629130|1629216|1629639|203087|203926|204456|2738,1628410|1629048|203087|203926|204456,1628389|1629130|1629216|1629639|2738,-37.0,9.0,1610612754.0,22000645
4,PT11M05.00S,11:05,Q4 11:05,10.916666666666666,502,block,B. Adebayo BLOCK (1 BLK),[],Adebayo,70,79,,False,False,1628389,,2pt missed,rebound,,,,1628389|1628410|1629048|1629130|1629216|1629639|203087|203926|204456|2738,1628389|1629130|1629216|1629639|2738,1628410|1629048|203087|203926|204456,,,1610612748.0,22000645
4,PT11M03.00S,11:03,Q4 11:03,10.95,503,rebound,G. Vincent REBOUND (Off:1 Def:1),[],Vincent,70,79,,False,False,1629216,,block,2pt made,,,,1628389|1628410|1629048|1629130|1629216|1629639|203087|203926|204456|2738,1628389|1629130|1629216|1629639|2738,1628410|1629048|203087|203926|204456,,,1610612748.0,22000645
4,PT10M47.00S,10:47,Q4 10:47,9.216666666666667,504,2pt,A. Iguodala driving finger roll Layup (2 PTS),['pointsinthepaint'],Iguodala,72,79,Made,True,False,2738,,rebound,2pt made,,,,1628389|1628410|1629048|1629130|1629216|1629639|203087|203926|204456|2738,1628389|1629130|1629216|1629639|2738,1628410|1629048|203087|203926|204456,-11.0,8.0,1610612748.0,22000645
4,PT10M36.00S,10:36,Q4 10:36,9.4,505,2pt,D. McDermott cutting Layup (13 PTS) (T. McConnell 5 AST),['pointsinthepaint'],McDermott,72,81,Made,True,True,203926,204456.0,2pt made,turnover,,,,1628389|1628410|1629048|1629130|1629216|1629639|203087|203926|204456|2738,1628410|1629048|203087|203926|204456,1628389|1629130|1629216|1629639|2738,5.0,15.0,1610612754.0,22000645
4,PT10M22.00S,10:22,Q4 10:22,9.633333333333333,507,turnover,G. Vincent bad pass out-of-bounds TURNOVER (2 TO),[],Vincent,72,81,,False,False,1629216,,2pt made,2pt missed,,,,1628389|1628410|1629048|1629130|1629216|1629639|203087|203926|204456|2738,1628389|1629130|1629216|1629639|2738,1628410|1629048|203087|203926|204456,,,1610612748.0,22000645
4,PT10M13.00S,10:13,Q4 10:13,9.783333333333333,508,2pt,MISS J. Lamb driving floating bank Shot,"['pointsinthepaint', 'fromturnover']",Lamb,72,81,Missed,True,False,203087,,turnover,rebound,,,,1628389|1628410|1629048|1629130|1629216|1629639|203087|203926|204456|2738,1628410|1629048|203087|203926|204456,1628389|1629130|1629216|1629639|2738,-31.0,19.0,1610612754.0,22000645
4,PT10M13.00S,10:13,Q4 10:13,9.783333333333333,509,rebound,TEAM offensive REBOUND,['team'],,72,81,,False,False,0,,2pt missed,foul,,,,1628389|1628410|1629048|1629130|1629216|1629639|203087|203926|204456|2738,1628410|1629048|203087|203926|204456,1628389|1629130|1629216|1629639|2738,,,1610612754.0,22000645
4,PT10M13.00S,10:13,Q4 10:13,9.783333333333333,510,foul,B. Adebayo loose ball personal FOUL (1 PF),[],Adebayo,72,81,,False,False,1628389,,rebound,2pt missed,1629048.0,,,1628389|1628410|1629048|1629130|1629216|1629639|203087|203926|204456|2738,1628389|1629130|1629216|1629639|2738,1628410|1629048|203087|203926|204456,,,1610612748.0,22000645
4,PT10M00.00S,10:00,Q4 10:00,10.0,512,2pt,MISS J. Lamb 11' driving floating Shot,"['pointsinthepaint', 'fromturnover', '2ndchance']",Lamb,72,81,Missed,True,False,203087,,foul,rebound,,,,1628389|1628410|1629048|1629130|1629216|1629639|203087|203926|204456|2738,1628410|1629048|203087|203926|204456,1628389|1629130|1629216|1629639|2738,-8.0,119.0,1610612754.0,22000645
4,PT09M58.00S,09:58,Q4 09:58,8.033333333333333,513,rebound,T. Herro REBOUND (Off:1 Def:4),[],Herro,72,81,,False,False,1629639,,2pt missed,foul,,,,1628389|1628410|1629048|1629130|1629216|1629639|203087|203926|204456|2738,1628389|1629130|1629216|1629639|2738,1628410|1629048|203087|203926|204456,,,1610612748.0,22000645
4,PT09M52.00S,09:52,Q4 09:52,8.133333333333333,514,foul,D. McDermott personal FOUL (3 PF),[],McDermott,72,81,,False,False,203926,,rebound,turnover,1628389.0,,,1628389|1628410|1629048|1629130|1629216|1629639|203087|203926|204456|2738,1628410|1629048|203087|203926|204456,1628389|1629130|1629216|1629639|2738,,,1610612754.0,22000645
4,PT09M47.00S,09:47,Q4 09:47,8.216666666666667,516,turnover,B. Adebayo bad pass out-of-bounds TURNOVER (2 TO),[],Adebayo,72,81,,False,False,1628389,,foul,2pt missed,,,,1628389|1628410|1629048|1629130|1629216|1629639|203087|203926|204456|2738,1628389|1629130|1629216|1629639|2738,1628410|1629048|203087|203926|204456,,,1610612748.0,22000645
4,PT09M40.00S,09:40,Q4 09:40,8.333333333333334,517,2pt,MISS T. McConnell driving Layup,"['pointsinthepaint', 'fromturnover']",McConnell,72,81,Missed,True,False,204456,,turnover,rebound,,,,1628389|1628410|1629048|1629130|1629216|1629639|203087|203926|204456|2738,1628410|1629048|203087|203926|204456,1628389|1629130|1629216|1629639|2738,-20.0,17.0,1610612754.0,22000645
4,PT09M37.00S,09:37,Q4 09:37,8.383333333333333,518,rebound,T. McConnell REBOUND (Off:1 Def:3),[],McConnell,72,81,,False,False,204456,,2pt missed,2pt made,,,,1628389|1628410|1629048|1629130|1629216|1629639|203087|203926|204456|2738,1628410|1629048|203087|203926|204456,1628389|1629130|1629216|1629639|2738,,,1610612754.0,22000645
4,PT09M24.00S,09:24,Q4 09:24,8.6,519,2pt,D. McDermott cutting Layup (15 PTS) (T. McConnell 6 AST),"['pointsinthepaint', 'fromturnover', '2ndchance']",McDermott,72,83,Made,True,True,203926,204456.0,rebound,timeout,,,,1628389|1628410|1629048|1629130|1629216|1629639|203087|203926|204456|2738,1628410|1629048|203087|203926|204456,1628389|1629130|1629216|1629639|2738,8.0,10.0,1610612754.0,22000645
4,PT09M24.00S,09:24,Q4 09:24,8.6,521,timeout,MIA Timeout,"['team', 'mandatory']",,72,83,,False,False,0,,2pt made,3pt made,,,,1628389|1628410|1629048|1629130|1629216|1629639|203087|203926|204456|2738,1628389|1629130|1629216|1629639|2738,1628410|1629048|203087|203926|204456,,,1610612748.0,22000645
4,PT09M10.00S,09:10,Q4 09:10,8.833333333333334,522,3pt,G. Vincent 25' 3PT  (9 PTS) (T. Herro 2 AST),[],Vincent,75,83,Made,True,True,1629216,1629639.0,timeout,3pt missed,,,,1628389|1628410|1629048|1629130|1629216|1629639|203087|203926|204456|2738,1628389|1629130|1629216|1629639|2738,1628410|1629048|203087|203926|204456,-17.0,251.0,1610612748.0,22000645
4,PT08M46.00S,08:46,Q4 08:46,7.233333333333333,524,3pt,MISS J. Lamb 25' pullup 3PT,[],Lamb,75,83,Missed,True,False,203087,,3pt made,rebound,,,,1628389|1628410|1629048|1629130|1629216|1629639|203087|203926|204456|2738,1628410|1629048|203087|203926|204456,1628389|1629130|1629216|1629639|2738,-32.0,257.0,1610612754.0,22000645
4,PT08M46.00S,08:46,Q4 08:46,7.233333333333333,525,rebound,TEAM defensive REBOUND,['team'],,75,83,,False,False,0,,3pt missed,foul,,,,1628389|1628410|1629048|1629130|1629216|1629639|203087|203926|204456|2738,1628389|1629130|1629216|1629639|2738,1628410|1629048|203087|203926|204456,,,1610612748.0,22000645
4,PT08M46.00S,08:46,Q4 08:46,7.233333333333333,526,foul,G. Bitadze loose ball personal FOUL (1 PF),[],Bitadze,75,83,,False,False,1629048,,rebound,substitution,2738.0,,,1628389|1628410|1629048|1629130|1629216|1629639|203087|203926|204456|2738,1628410|1629048|203087|203926|204456,1628389|1629130|1629216|1629639|2738,,,1610612754.0,22000645
4,PT08M46.00S,08:46,Q4 08:46,7.233333333333333,528,substitution,SUB out: G. Bitadze,[],Bitadze,75,83,,False,False,1629048,,foul,substitution,,,,1628389|1628410|1629130|1629216|1629639|203087|203926|204456|2738,1628410|203087|203926|204456,1628389|1629130|1629216|1629639|2738,,,1610612754.0,22000645
4,PT08M46.00S,08:46,Q4 08:46,7.233333333333333,529,substitution,SUB in: D. Sabonis,[],Sabonis,75,83,,False,False,1627734,,substitution,2pt made,,,,1627734|1628389|1628410|1629130|1629216|1629639|203087|203926|204456|2738,1627734|1628410|203087|203926|204456,1628389|1629130|1629216|1629639|2738,,,1610612754.0,22000645
4,PT08M30.00S,08:30,Q4 08:30,7.5,530,2pt,B. Adebayo Layup (18 PTS) (A. Iguodala 2 AST),['pointsinthepaint'],Adebayo,77,83,Made,True,True,1628389,2738.0,substitution,3pt missed,,,,1627734|1628389|1628410|1629130|1629216|1629639|203087|203926|204456|2738,1628389|1629130|1629216|1629639|2738,1627734|1628410|203087|203926|204456,10.0,2.0,1610612748.0,22000645
4,PT08M17.00S,08:17,Q4 08:17,7.716666666666667,532,3pt,MISS E. Sumner 25' 3PT,[],Sumner,77,83,Missed,True,False,1628410,,2pt made,rebound,,,,1627734|1628389|1628410|1629130|1629216|1629639|203087|203926|204456|2738,1627734|1628410|203087|203926|204456,1628389|1629130|1629216|1629639|2738,164.0,199.0,1610612754.0,22000645
4,PT08M14.00S,08:14,Q4 08:14,7.766666666666667,533,rebound,D. Robinson REBOUND (Off:0 Def:5),[],Robinson,77,83,,False,False,1629130,,3pt missed,2pt made,,,,1627734|1628389|1628410|1629130|1629216|1629639|203087|203926|204456|2738,1628389|1629130|1629216|1629639|2738,1627734|1628410|203087|203926|204456,,,1610612748.0,22000645
4,PT08M08.00S,08:08,Q4 08:08,7.866666666666666,534,2pt,B. Adebayo 11' driving floating Jump Shot (20 PTS),['pointsinthepaint'],Adebayo,79,83,Made,True,False,1628389,,rebound,foul,,,,1627734|1628389|1628410|1629130|1629216|1629639|203087|203926|204456|2738,1628389|1629130|1629216|1629639|2738,1627734|1628410|203087|203926|204456,9.0,113.0,1610612748.0,22000645
4,PT08M08.00S,08:08,Q4 08:08,7.866666666666666,535,foul,D. Sabonis shooting personal FOUL (5 PF) (Adebayo 1 FT),['1freethrow'],Sabonis,79,83,,False,False,1627734,,2pt made,freethrow,1628389.0,,,1627734|1628389|1628410|1629130|1629216|1629639|203087|203926|204456|2738,1627734|1628410|203087|203926|204456,1628389|1629130|1629216|1629639|2738,,,1610612754.0,22000645
4,PT08M08.00S,08:08,Q4 08:08,7.866666666666666,539,freethrow,B. Adebayo Free Throw 1 of 1 (21 PTS),[],Adebayo,80,83,Made,False,False,1628389,,foul,substitution,,,,1627734|1628389|1628410|1629130|1629216|1629639|203087|203926|204456|2738,1628389|1629130|1629216|1629639|2738,1627734|1628410|203087|203926|204456,,,1610612748.0,22000645
4,PT08M08.00S,08:08,Q4 08:08,7.866666666666666,537,substitution,SUB out: J. Lamb,[],Lamb,79,83,,False,False,203087,,freethrow,substitution,,,,1627734|1628389|1628410|1629130|1629216|1629639|203926|204456|2738,1627734|1628410|203926|204456,1628389|1629130|1629216|1629639|2738,,,1610612754.0,22000645
4,PT08M08.00S,08:08,Q4 08:08,7.866666666666666,538,substitution,SUB in: J. Holiday,[],Holiday,79,83,,False,False,203200,,substitution,turnover,,,,1627734|1628389|1628410|1629130|1629216|1629639|203200|203926|204456|2738,1627734|1628410|203200|203926|204456,1628389|1629130|1629216|1629639|2738,,,1610612754.0,22000645
4,PT07M50.00S,07:50,Q4 07:50,6.166666666666667,540,turnover,J. Holiday lost ball TURNOVER (1 TO),[],Holiday,80,83,,False,False,203200,,substitution,steal,,1628389.0,,1627734|1628389|1628410|1629130|1629216|1629639|203200|203926|204456|2738,1627734|1628410|203200|203926|204456,1628389|1629130|1629216|1629639|2738,,,1610612754.0,22000645
4,PT07M50.00S,07:50,Q4 07:50,6.166666666666667,541,steal,B. Adebayo STEAL (1 STL),[],Adebayo,80,83,,False,False,1628389,,turnover,2pt missed,,,,1627734|1628389|1628410|1629130|1629216|1629639|203200|203926|204456|2738,1628389|1629130|1629216|1629639|2738,1627734|1628410|203200|203926|204456,,,1610612748.0,22000645
4,PT07M46.00S,07:46,Q4 07:46,6.233333333333333,542,2pt,MISS T. Herro running Layup - blocked,"['pointsinthepaint', 'fromturnover', 'fastbreak']",Herro,80,83,Missed,True,False,1629639,,steal,block,,,1628410.0,1627734|1628389|1628410|1629130|1629216|1629639|203200|203926|204456|2738,1628389|1629130|1629216|1629639|2738,1627734|1628410|203200|203926|204456,26.0,13.0,1610612748.0,22000645
4,PT07M46.00S,07:46,Q4 07:46,6.233333333333333,543,block,E. Sumner BLOCK (1 BLK),[],Sumner,80,83,,False,False,1628410,,2pt missed,rebound,,,,1627734|1628389|1628410|1629130|1629216|1629639|203200|203926|204456|2738,1627734|1628410|203200|203926|204456,1628389|1629130|1629216|1629639|2738,,,1610612754.0,22000645
4,PT07M43.00S,07:43,Q4 07:43,6.283333333333333,544,rebound,D. McDermott REBOUND (Off:1 Def:5),[],McDermott,80,83,,False,False,203926,,block,2pt made,,,,1627734|1628389|1628410|1629130|1629216|1629639|203200|203926|204456|2738,1627734|1628410|203200|203926|204456,1628389|1629130|1629216|1629639|2738,,,1610612754.0,22000645
4,PT07M40.00S,07:40,Q4 07:40,6.333333333333333,545,2pt,T. McConnell running Layup (8 PTS) (D. McDermott 2 AST),"['pointsinthepaint', 'fastbreak']",McConnell,80,85,Made,True,True,204456,203926.0,rebound,substitution,,,,1627734|1628389|1628410|1629130|1629216|1629639|203200|203926|204456|2738,1627734|1628410|203200|203926|204456,1628389|1629130|1629216|1629639|2738,9.0,20.0,1610612754.0,22000645
4,PT07M29.00S,07:29,Q4 07:29,6.516666666666667,548,substitution,SUB out: D. Robinson,[],Robinson,80,85,,False,False,1629130,,2pt made,substitution,,,,1627734|1628389|1628410|1629216|1629639|203200|203926|204456|2738,1628389|1629216|1629639|2738,1627734|1628410|203200|203926|204456,,,1610612748.0,22000645
4,PT07M29.00S,07:29,Q4 07:29,6.516666666666667,549,substitution,SUB out: E. Sumner,[],Sumner,80,85,,False,False,1628410,,substitution,substitution,,,,1627734|1628389|1629216|1629639|203200|203926|204456|2738,1627734|203200|203926|204456,1628389|1629216|1629639|2738,,,1610612754.0,22000645
4,PT07M29.00S,07:29,Q4 07:29,6.516666666666667,550,substitution,SUB in: J. Butler,[],Butler,80,85,,False,False,202710,,substitution,substitution,,,,1627734|1628389|1629216|1629639|202710|203200|203926|204456|2738,1628389|1629216|1629639|202710|2738,1627734|203200|203926|204456,,,1610612748.0,22000645
4,PT07M29.00S,07:29,Q4 07:29,6.516666666666667,551,substitution,SUB in: M. Brogdon,[],Brogdon,80,85,,False,False,1627763,,substitution,2pt missed,,,,1627734|1627763|1628389|1629216|1629639|202710|203200|203926|204456|2738,1627734|1627763|203200|203926|204456,1628389|1629216|1629639|202710|2738,,,1610612754.0,22000645
4,PT07M16.00S,07:16,Q4 07:16,6.733333333333333,552,2pt,MISS B. Adebayo 14' pullup Shot,[],Adebayo,80,85,Missed,True,False,1628389,,substitution,rebound,,,,1627734|1627763|1628389|1629216|1629639|202710|203200|203926|204456|2738,1628389|1629216|1629639|202710|2738,1627734|1627763|203200|203926|204456,140.0,42.0,1610612748.0,22000645
4,PT07M14.00S,07:14,Q4 07:14,6.766666666666667,553,rebound,J. Holiday REBOUND (Off:0 Def:2),[],Holiday,80,85,,False,False,203200,,2pt missed,2pt missed,,,,1627734|1627763|1628389|1629216|1629639|202710|203200|203926|204456|2738,1627734|1627763|203200|203926|204456,1628389|1629216|1629639|202710|2738,,,1610612754.0,22000645
4,PT07M07.00S,07:07,Q4 07:07,6.883333333333334,554,2pt,MISS D. Sabonis Layup - blocked,['pointsinthepaint'],Sabonis,80,85,Missed,True,False,1627734,,rebound,block,,,1628389.0,1627734|1627763|1628389|1629216|1629639|202710|203200|203926|204456|2738,1627734|1627763|203200|203926|204456,1628389|1629216|1629639|202710|2738,-14.0,14.0,1610612754.0,22000645
4,PT07M07.00S,07:07,Q4 07:07,6.883333333333334,555,block,B. Adebayo BLOCK (2 BLK),[],Adebayo,80,85,,False,False,1628389,,2pt missed,rebound,,,,1627734|1627763|1628389|1629216|1629639|202710|203200|203926|204456|2738,1628389|1629216|1629639|202710|2738,1627734|1627763|203200|203926|204456,,,1610612748.0,22000645
4,PT07M04.00S,07:04,Q4 07:04,6.933333333333334,556,rebound,D. McDermott REBOUND (Off:2 Def:5),[],McDermott,80,85,,False,False,203926,,block,foul,,,,1627734|1627763|1628389|1629216|1629639|202710|203200|203926|204456|2738,1627734|1627763|203200|203926|204456,1628389|1629216|1629639|202710|2738,,,1610612754.0,22000645
4,PT07M01.00S,07:01,Q4 07:01,6.983333333333333,557,foul,A. Iguodala shooting personal FOUL (1 PF) (Sabonis 2 FT),['2freethrow'],Iguodala,80,85,,False,False,2738,,rebound,freethrow,1627734.0,,,1627734|1627763|1628389|1629216|1629639|202710|203200|203926|204456|2738,1628389|1629216|1629639|202710|2738,1627734|1627763|203200|203926|204456,,,1610612748.0,22000645
4,PT07M01.00S,07:01,Q4 07:01,6.983333333333333,559,freethrow,D. Sabonis Free Throw 1 of 2 (14 PTS),['2ndchance'],Sabonis,80,86,Made,False,False,1627734,,foul,freethrow,,,,1627734|1627763|1628389|1629216|1629639|202710|203200|203926|204456|2738,1627734|1627763|203200|203926|204456,1628389|1629216|1629639|202710|2738,,,1610612754.0,22000645
4,PT07M01.00S,07:01,Q4 07:01,6.983333333333333,560,freethrow,D. Sabonis Free Throw 2 of 2 (15 PTS),['2ndchance'],Sabonis,80,87,Made,False,False,1627734,,freethrow,foul,,,,1627734|1627763|1628389|1629216|1629639|202710|203200|203926|204456|2738,1627734|1627763|203200|203926|204456,1628389|1629216|1629639|202710|2738,,,1610612754.0,22000645
4,PT06M49.00S,06:49,Q4 06:49,5.183333333333334,561,foul,D. McDermott personal FOUL (4 PF),[],McDermott,80,87,,False,False,203926,,freethrow,substitution,202710.0,,,1627734|1627763|1628389|1629216|1629639|202710|203200|203926|204456|2738,1627734|1627763|203200|203926|204456,1628389|1629216|1629639|202710|2738,,,1610612754.0,22000645
4,PT06M49.00S,06:49,Q4 06:49,5.183333333333334,563,substitution,SUB out: D. McDermott,[],McDermott,80,87,,False,False,203926,,foul,substitution,,,,1627734|1627763|1628389|1629216|1629639|202710|203200|204456|2738,1627734|1627763|203200|204456,1628389|1629216|1629639|202710|2738,,,1610612754.0,22000645
4,PT06M49.00S,06:49,Q4 06:49,5.183333333333334,564,substitution,SUB in: C. LeVert,[],LeVert,80,87,,False,False,1627747,,substitution,foul,,,,1627734|1627747|1627763|1628389|1629216|1629639|202710|203200|204456|2738,1627734|1627747|1627763|203200|204456,1628389|1629216|1629639|202710|2738,,,1610612754.0,22000645
4,PT06M40.00S,06:40,Q4 06:40,5.333333333333333,566,foul,J. Holiday personal FOUL (2 PF) (Adebayo 2 FT),"['inpenalty', '2freethrow']",Holiday,80,87,,False,False,203200,,substitution,freethrow,1628389.0,,,1627734|1627747|1627763|1628389|1629216|1629639|202710|203200|204456|2738,1627734|1627747|1627763|203200|204456,1628389|1629216|1629639|202710|2738,,,1610612754.0,22000645
4,PT06M40.00S,06:40,Q4 06:40,5.333333333333333,568,freethrow,B. Adebayo Free Throw 1 of 2 (22 PTS),[],Adebayo,81,87,Made,False,False,1628389,,foul,freethrow,,,,1627734|1627747|1627763|1628389|1629216|1629639|202710|203200|204456|2738,1628389|1629216|1629639|202710|2738,1627734|1627747|1627763|203200|204456,,,1610612748.0,22000645
4,PT06M40.00S,06:40,Q4 06:40,5.333333333333333,569,freethrow,MISS B. Adebayo Free Throw 2 of 2,[],Adebayo,81,87,Missed,False,False,1628389,,freethrow,rebound,,,,1627734|1627747|1627763|1628389|1629216|1629639|202710|203200|204456|2738,1628389|1629216|1629639|202710|2738,1627734|1627747|1627763|203200|204456,,,1610612748.0,22000645
4,PT06M39.00S,06:39,Q4 06:39,5.35,570,rebound,TEAM offensive REBOUND,['team'],,81,87,,False,False,0,,freethrow,substitution,,,,1627734|1627747|1627763|1628389|1629216|1629639|202710|203200|204456|2738,1628389|1629216|1629639|202710|2738,1627734|1627747|1627763|203200|204456,,,1610612748.0,22000645
4,PT06M39.00S,06:39,Q4 06:39,5.35,572,substitution,SUB out: B. Adebayo,[],Adebayo,81,87,,False,False,1628389,,rebound,substitution,,,,1627734|1627747|1627763|1629216|1629639|202710|203200|204456|2738,1629216|1629639|202710|2738,1627734|1627747|1627763|203200|204456,,,1610612748.0,22000645
4,PT06M39.00S,06:39,Q4 06:39,5.35,573,substitution,SUB in: K. Olynyk,[],Olynyk,81,87,,False,False,203482,,substitution,3pt made,,,,1627734|1627747|1627763|1629216|1629639|202710|203200|203482|204456|2738,1629216|1629639|202710|203482|2738,1627734|1627747|1627763|203200|204456,,,1610612748.0,22000645
4,PT06M34.00S,06:34,Q4 06:34,5.433333333333334,574,3pt,K. Olynyk 24' 3PT  (7 PTS) (G. Vincent 3 AST),['2ndchance'],Olynyk,84,87,Made,True,True,203482,1629216.0,substitution,3pt missed,,,,1627734|1627747|1627763|1629216|1629639|202710|203200|203482|204456|2738,1629216|1629639|202710|203482|2738,1627734|1627747|1627763|203200|204456,184.0,167.0,1610612748.0,22000645
4,PT06M10.00S,06:10,Q4 06:10,5.833333333333333,576,3pt,MISS M. Brogdon 26' 3PT,[],Brogdon,84,87,Missed,True,False,1627763,,3pt made,rebound,,,,1627734|1627747|1627763|1629216|1629639|202710|203200|203482|204456|2738,1627734|1627747|1627763|203200|204456,1629216|1629639|202710|203482|2738,-174.0,197.0,1610612754.0,22000645
4,PT06M07.00S,06:07,Q4 06:07,5.883333333333334,577,rebound,T. McConnell REBOUND (Off:2 Def:3),[],McConnell,84,87,,False,False,204456,,3pt missed,3pt missed,,,,1627734|1627747|1627763|1629216|1629639|202710|203200|203482|204456|2738,1627734|1627747|1627763|203200|204456,1629216|1629639|202710|203482|2738,,,1610612754.0,22000645
4,PT06M04.00S,06:04,Q4 06:04,5.933333333333334,578,3pt,MISS J. Holiday 25' 3PT,['2ndchance'],Holiday,84,87,Missed,True,False,203200,,rebound,rebound,,,,1627734|1627747|1627763|1629216|1629639|202710|203200|203482|204456|2738,1627734|1627747|1627763|203200|204456,1629216|1629639|202710|203482|2738,44.0,253.0,1610612754.0,22000645
4,PT06M04.00S,06:04,Q4 06:04,5.933333333333334,579,rebound,M. Brogdon REBOUND (Off:3 Def:2),[],Brogdon,84,87,,False,False,1627763,,3pt missed,2pt missed,,,,1627734|1627747|1627763|1629216|1629639|202710|203200|203482|204456|2738,1627734|1627747|1627763|203200|204456,1629216|1629639|202710|203482|2738,,,1610612754.0,22000645
4,PT06M01.00S,06:01,Q4 06:01,5.983333333333333,580,2pt,MISS M. Brogdon putback Layup,"['pointsinthepaint', '2ndchance']",Brogdon,84,87,Missed,True,False,1627763,,rebound,rebound,,,,1627734|1627747|1627763|1629216|1629639|202710|203200|203482|204456|2738,1627734|1627747|1627763|203200|204456,1629216|1629639|202710|203482|2738,-5.0,8.0,1610612754.0,22000645
4,PT06M01.00S,06:01,Q4 06:01,5.983333333333333,581,rebound,TEAM offensive REBOUND,['team'],,84,87,,False,False,0,,2pt missed,foul,,,,1627734|1627747|1627763|1629216|1629639|202710|203200|203482|204456|2738,1627734|1627747|1627763|203200|204456,1629216|1629639|202710|203482|2738,,,1610612754.0,22000645
4,PT06M01.00S,06:01,Q4 06:01,5.983333333333333,582,foul,J. Butler loose ball personal FOUL (3 PF),[],Butler,84,87,,False,False,202710,,rebound,2pt made,1627734.0,,,1627734|1627747|1627763|1629216|1629639|202710|203200|203482|204456|2738,1629216|1629639|202710|203482|2738,1627734|1627747|1627763|203200|204456,,,1610612748.0,22000645
4,PT05M44.00S,05:44,Q4 05:44,4.266666666666667,584,2pt,C. LeVert 11' driving floating Jump Shot (8 PTS),['2ndchance'],LeVert,84,89,Made,True,False,1627747,,foul,foul,,,,1627734|1627747|1627763|1629216|1629639|202710|203200|203482|204456|2738,1627734|1627747|1627763|203200|204456,1629216|1629639|202710|203482|2738,-112.0,13.0,1610612754.0,22000645
4,PT05M31.00S,05:31,Q4 05:31,4.483333333333333,585,foul,K. Olynyk offensive FOUL (4 PF),[],Olynyk,84,89,,False,False,203482,,2pt made,turnover,204456.0,,,1627734|1627747|1627763|1629216|1629639|202710|203200|203482|204456|2738,1629216|1629639|202710|203482|2738,1627734|1627747|1627763|203200|204456,,,1610612748.0,22000645
4,PT05M31.00S,05:31,Q4 05:31,4.483333333333333,587,turnover,K. Olynyk offensive foul TURNOVER (2 TO),[],Olynyk,84,89,,False,False,203482,,foul,2pt made,,,,1627734|1627747|1627763|1629216|1629639|202710|203200|203482|204456|2738,1629216|1629639|202710|203482|2738,1627734|1627747|1627763|203200|204456,,,1610612748.0,22000645
4,PT05M25.00S,05:25,Q4 05:25,4.583333333333333,588,2pt,C. LeVert driving Layup (10 PTS) (T. McConnell 7 AST),"['pointsinthepaint', 'fromturnover']",LeVert,84,91,Made,True,True,1627747,204456.0,turnover,foul,,,,1627734|1627747|1627763|1629216|1629639|202710|203200|203482|204456|2738,1627734|1627747|1627763|203200|204456,1629216|1629639|202710|203482|2738,-21.0,17.0,1610612754.0,22000645
4,PT05M25.00S,05:25,Q4 05:25,4.583333333333333,590,foul,G. Vincent shooting personal FOUL (3 PF) (LeVert 1 FT),['1freethrow'],Vincent,84,91,,False,False,1629216,,2pt made,freethrow,1627747.0,,,1627734|1627747|1627763|1629216|1629639|202710|203200|203482|204456|2738,1629216|1629639|202710|203482|2738,1627734|1627747|1627763|203200|204456,,,1610612748.0,22000645
4,PT05M25.00S,05:25,Q4 05:25,4.583333333333333,592,freethrow,C. LeVert Free Throw 1 of 1 (11 PTS),['fromturnover'],LeVert,84,92,Made,False,False,1627747,,foul,timeout,,,,1627734|1627747|1627763|1629216|1629639|202710|203200|203482|204456|2738,1627734|1627747|1627763|203200|204456,1629216|1629639|202710|203482|2738,,,1610612754.0,22000645
4,PT05M25.00S,05:25,Q4 05:25,4.583333333333333,593,timeout,MIA Timeout,"['team', 'mandatory']",,84,92,,False,False,0,,freethrow,substitution,,,,1627734|1627747|1627763|1629216|1629639|202710|203200|203482|204456|2738,1629216|1629639|202710|203482|2738,1627734|1627747|1627763|203200|204456,,,1610612748.0,22000645
4,PT05M25.00S,05:25,Q4 05:25,4.583333333333333,594,substitution,SUB out: G. Vincent,[],Vincent,84,92,,False,False,1629216,,timeout,substitution,,,,1627734|1627747|1627763|1629639|202710|203200|203482|204456|2738,1629639|202710|203482|2738,1627734|1627747|1627763|203200|204456,,,1610612748.0,22000645
4,PT05M25.00S,05:25,Q4 05:25,4.583333333333333,595,substitution,SUB in: D. Robinson,[],Robinson,84,92,,False,False,1629130,,substitution,2pt made,,,,1627734|1627747|1627763|1629130|1629639|202710|203200|203482|204456|2738,1629130|1629639|202710|203482|2738,1627734|1627747|1627763|203200|204456,,,1610612748.0,22000645
4,PT05M04.00S,05:04,Q4 05:04,4.933333333333334,596,2pt,J. Butler 8' turnaround fadeaway Jump Shot (18 PTS),[],Butler,86,92,Made,True,False,202710,,substitution,foul,,,,1627734|1627747|1627763|1629130|1629639|202710|203200|203482|204456|2738,1629130|1629639|202710|203482|2738,1627734|1627747|1627763|203200|204456,82.0,-9.0,1610612748.0,22000645
4,PT04M47.00S,04:47,Q4 04:47,3.216666666666667,599,foul,T. Herro personal FOUL (1 PF) (McConnell 2 FT),"['inpenalty', '2freethrow']",Herro,86,92,,False,False,1629639,,2pt made,freethrow,204456.0,,,1627734|1627747|1627763|1629130|1629639|202710|203200|203482|204456|2738,1629130|1629639|202710|203482|2738,1627734|1627747|1627763|203200|204456,,,1610612748.0,22000645
4,PT04M47.00S,04:47,Q4 04:47,3.216666666666667,601,freethrow,T. McConnell Free Throw 1 of 2 (9 PTS),[],McConnell,86,93,Made,False,False,204456,,foul,freethrow,,,,1627734|1627747|1627763|1629130|1629639|202710|203200|203482|204456|2738,1627734|1627747|1627763|203200|204456,1629130|1629639|202710|203482|2738,,,1610612754.0,22000645
4,PT04M47.00S,04:47,Q4 04:47,3.216666666666667,602,freethrow,T. McConnell Free Throw 2 of 2 (10 PTS),[],McConnell,86,94,Made,False,False,204456,,freethrow,3pt missed,,,,1627734|1627747|1627763|1629130|1629639|202710|203200|203482|204456|2738,1627734|1627747|1627763|203200|204456,1629130|1629639|202710|203482|2738,,,1610612754.0,22000645
4,PT04M26.00S,04:26,Q4 04:26,3.5666666666666664,603,3pt,MISS K. Olynyk 25' 3PT,[],Olynyk,86,94,Missed,True,False,203482,,freethrow,rebound,,,,1627734|1627747|1627763|1629130|1629639|202710|203200|203482|204456|2738,1629130|1629639|202710|203482|2738,1627734|1627747|1627763|203200|204456,221.0,123.0,1610612748.0,22000645
4,PT04M26.00S,04:26,Q4 04:26,3.5666666666666664,604,rebound,TEAM offensive REBOUND,['team'],,86,94,,False,False,0,,3pt missed,foul,,,,1627734|1627747|1627763|1629130|1629639|202710|203200|203482|204456|2738,1629130|1629639|202710|203482|2738,1627734|1627747|1627763|203200|204456,,,1610612748.0,22000645
4,PT04M26.00S,04:26,Q4 04:26,3.5666666666666664,605,foul,C. LeVert loose ball personal FOUL (1 PF) (Butler 2 FT),"['inpenalty', '2freethrow']",LeVert,86,94,,False,False,1627747,,rebound,freethrow,202710.0,,,1627734|1627747|1627763|1629130|1629639|202710|203200|203482|204456|2738,1627734|1627747|1627763|203200|204456,1629130|1629639|202710|203482|2738,,,1610612754.0,22000645
4,PT04M26.00S,04:26,Q4 04:26,3.5666666666666664,607,freethrow,J. Butler Free Throw 1 of 2 (19 PTS),['2ndchance'],Butler,87,94,Made,False,False,202710,,foul,freethrow,,,,1627734|1627747|1627763|1629130|1629639|202710|203200|203482|204456|2738,1629130|1629639|202710|203482|2738,1627734|1627747|1627763|203200|204456,,,1610612748.0,22000645
4,PT04M26.00S,04:26,Q4 04:26,3.5666666666666664,610,freethrow,J. Butler Free Throw 2 of 2 (20 PTS),['2ndchance'],Butler,88,94,Made,False,False,202710,,freethrow,substitution,,,,1627734|1627747|1627763|1629130|1629639|202710|203200|203482|204456|2738,1629130|1629639|202710|203482|2738,1627734|1627747|1627763|203200|204456,,,1610612748.0,22000645
4,PT04M26.00S,04:26,Q4 04:26,3.5666666666666664,608,substitution,SUB out: K. Olynyk,[],Olynyk,87,94,,False,False,203482,,freethrow,substitution,,,,1627734|1627747|1627763|1629130|1629639|202710|203200|204456|2738,1629130|1629639|202710|2738,1627734|1627747|1627763|203200|204456,,,1610612748.0,22000645
4,PT04M26.00S,04:26,Q4 04:26,3.5666666666666664,609,substitution,SUB in: B. Adebayo,[],Adebayo,87,94,,False,False,1628389,,substitution,3pt missed,,,,1627734|1627747|1627763|1628389|1629130|1629639|202710|203200|204456|2738,1628389|1629130|1629639|202710|2738,1627734|1627747|1627763|203200|204456,,,1610612748.0,22000645
4,PT04M11.00S,04:11,Q4 04:11,3.816666666666667,611,3pt,MISS M. Brogdon 24' 3PT,[],Brogdon,88,94,Missed,True,False,1627763,,substitution,rebound,,,,1627734|1627747|1627763|1628389|1629130|1629639|202710|203200|204456|2738,1627734|1627747|1627763|203200|204456,1628389|1629130|1629639|202710|2738,-238.0,40.0,1610612754.0,22000645
4,PT04M08.00S,04:08,Q4 04:08,3.8666666666666667,612,rebound,B. Adebayo REBOUND (Off:2 Def:7),[],Adebayo,88,94,,False,False,1628389,,3pt missed,turnover,,,,1627734|1627747|1627763|1628389|1629130|1629639|202710|203200|204456|2738,1628389|1629130|1629639|202710|2738,1627734|1627747|1627763|203200|204456,,,1610612748.0,22000645
4,PT03M58.00S,03:58,Q4 03:58,2.033333333333333,613,turnover,B. Adebayo bad pass TURNOVER (3 TO),[],Adebayo,88,94,,False,False,1628389,,rebound,steal,,1627747.0,,1627734|1627747|1627763|1628389|1629130|1629639|202710|203200|204456|2738,1628389|1629130|1629639|202710|2738,1627734|1627747|1627763|203200|204456,,,1610612748.0,22000645
4,PT03M58.00S,03:58,Q4 03:58,2.033333333333333,614,steal,C. LeVert STEAL (1 STL),[],LeVert,88,94,,False,False,1627747,,turnover,turnover,,,,1627734|1627747|1627763|1628389|1629130|1629639|202710|203200|204456|2738,1627734|1627747|1627763|203200|204456,1628389|1629130|1629639|202710|2738,,,1610612754.0,22000645
4,PT03M53.00S,03:53,Q4 03:53,2.1166666666666667,615,turnover,T. McConnell lost ball TURNOVER (1 TO),[],McConnell,88,94,,False,False,204456,,steal,steal,,2738.0,,1627734|1627747|1627763|1628389|1629130|1629639|202710|203200|204456|2738,1627734|1627747|1627763|203200|204456,1628389|1629130|1629639|202710|2738,,,1610612754.0,22000645
4,PT03M53.00S,03:53,Q4 03:53,2.1166666666666667,616,steal,A. Iguodala STEAL (2 STL),[],Iguodala,88,94,,False,False,2738,,turnover,2pt made,,,,1627734|1627747|1627763|1628389|1629130|1629639|202710|203200|204456|2738,1628389|1629130|1629639|202710|2738,1627734|1627747|1627763|203200|204456,,,1610612748.0,22000645
4,PT03M48.00S,03:48,Q4 03:48,2.2,617,2pt,T. Herro running Layup (9 PTS) (A. Iguodala 3 AST),"['fastbreak', 'pointsinthepaint', 'fromturnover']",Herro,90,94,Made,True,True,1629639,2738.0,steal,timeout,,,,1627734|1627747|1627763|1628389|1629130|1629639|202710|203200|204456|2738,1628389|1629130|1629639|202710|2738,1627734|1627747|1627763|203200|204456,-3.0,5.0,1610612748.0,22000645
4,PT03M48.00S,03:48,Q4 03:48,2.2,619,timeout,IND Timeout,['team'],,90,94,,False,False,0,,2pt made,2pt missed,,,,1627734|1627747|1627763|1628389|1629130|1629639|202710|203200|204456|2738,1627734|1627747|1627763|203200|204456,1628389|1629130|1629639|202710|2738,,,1610612754.0,22000645
4,PT03M36.00S,03:36,Q4 03:36,2.4,620,2pt,MISS C. LeVert pullup Shot,['pointsinthepaint'],LeVert,90,94,Missed,True,False,1627747,,timeout,rebound,,,,1627734|1627747|1627763|1628389|1629130|1629639|202710|203200|204456|2738,1627734|1627747|1627763|203200|204456,1628389|1629130|1629639|202710|2738,-16.0,14.0,1610612754.0,22000645
4,PT03M34.00S,03:34,Q4 03:34,2.4333333333333336,621,rebound,J. Butler REBOUND (Off:5 Def:5),[],Butler,90,94,,False,False,202710,,2pt missed,3pt missed,,,,1627734|1627747|1627763|1628389|1629130|1629639|202710|203200|204456|2738,1628389|1629130|1629639|202710|2738,1627734|1627747|1627763|203200|204456,,,1610612748.0,22000645
4,PT03M16.00S,03:16,Q4 03:16,2.7333333333333334,622,3pt,MISS T. Herro 27' 3PT,[],Herro,90,94,Missed,True,False,1629639,,rebound,rebound,,,,1627734|1627747|1627763|1628389|1629130|1629639|202710|203200|204456|2738,1628389|1629130|1629639|202710|2738,1627734|1627747|1627763|203200|204456,-179.0,204.0,1610612748.0,22000645
4,PT03M14.00S,03:14,Q4 03:14,2.7666666666666666,623,rebound,J. Holiday REBOUND (Off:0 Def:3),[],Holiday,90,94,,False,False,203200,,3pt missed,2pt made,,,,1627734|1627747|1627763|1628389|1629130|1629639|202710|203200|204456|2738,1627734|1627747|1627763|203200|204456,1628389|1629130|1629639|202710|2738,,,1610612754.0,22000645
4,PT03M04.00S,03:04,Q4 03:04,2.933333333333333,624,2pt,T. McConnell 9' driving floating Jump Shot (12 PTS) (J. Holiday 2 AST),[],McConnell,90,96,Made,True,True,204456,203200.0,rebound,turnover,,,,1627734|1627747|1627763|1628389|1629130|1629639|202710|203200|204456|2738,1627734|1627747|1627763|203200|204456,1628389|1629130|1629639|202710|2738,-98.0,-10.0,1610612754.0,22000645
4,PT02M51.00S,02:51,Q4 02:51,1.15,627,turnover,B. Adebayo offensive goaltending TURNOVER (4 TO),[],Adebayo,90,96,,False,False,1628389,,2pt made,3pt missed,,,,1627734|1627747|1627763|1628389|1629130|1629639|202710|203200|204456|2738,1628389|1629130|1629639|202710|2738,1627734|1627747|1627763|203200|204456,,,1610612748.0,22000645
4,PT02M37.00S,02:37,Q4 02:37,1.3833333333333333,628,3pt,MISS J. Holiday 3PT,['fromturnover'],Holiday,90,96,Missed,True,False,203200,,turnover,rebound,,,,1627734|1627747|1627763|1628389|1629130|1629639|202710|203200|204456|2738,1627734|1627747|1627763|203200|204456,1628389|1629130|1629639|202710|2738,-234.0,30.0,1610612754.0,22000645
4,PT02M35.00S,02:35,Q4 02:35,1.4166666666666665,629,rebound,J. Butler REBOUND (Off:5 Def:6),[],Butler,90,96,,False,False,202710,,3pt missed,2pt made,,,,1627734|1627747|1627763|1628389|1629130|1629639|202710|203200|204456|2738,1628389|1629130|1629639|202710|2738,1627734|1627747|1627763|203200|204456,,,1610612748.0,22000645
4,PT02M19.00S,02:19,Q4 02:19,1.6833333333333333,630,2pt,T. Herro 18' pullup Jump Shot (11 PTS) (J. Butler 5 AST),[],Herro,92,96,Made,True,True,1629639,202710.0,rebound,3pt missed,,,,1627734|1627747|1627763|1628389|1629130|1629639|202710|203200|204456|2738,1628389|1629130|1629639|202710|2738,1627734|1627747|1627763|203200|204456,180.0,54.0,1610612748.0,22000645
4,PT01M57.00S,01:57,Q4 01:57,0.050000000000000044,632,3pt,MISS C. LeVert 26' 3PT,[],LeVert,92,96,Missed,True,False,1627747,,2pt made,rebound,,,,1627734|1627747|1627763|1628389|1629130|1629639|202710|203200|204456|2738,1627734|1627747|1627763|203200|204456,1628389|1629130|1629639|202710|2738,-194.0,180.0,1610612754.0,22000645
4,PT01M54.00S,01:54,Q4 01:54,0.09999999999999998,633,rebound,J. Butler REBOUND (Off:5 Def:7),[],Butler,92,96,,False,False,202710,,3pt missed,turnover,,,,1627734|1627747|1627763|1628389|1629130|1629639|202710|203200|204456|2738,1628389|1629130|1629639|202710|2738,1627734|1627747|1627763|203200|204456,,,1610612748.0,22000645
4,PT01M37.00S,01:37,Q4 01:37,0.3833333333333333,634,turnover,J. Butler lost ball TURNOVER (2 TO),[],Butler,92,96,,False,False,202710,,rebound,steal,,1627734.0,,1627734|1627747|1627763|1628389|1629130|1629639|202710|203200|204456|2738,1628389|1629130|1629639|202710|2738,1627734|1627747|1627763|203200|204456,,,1610612748.0,22000645
4,PT01M37.00S,01:37,Q4 01:37,0.3833333333333333,635,steal,D. Sabonis STEAL (3 STL),[],Sabonis,92,96,,False,False,1627734,,turnover,2pt made,,,,1627734|1627747|1627763|1628389|1629130|1629639|202710|203200|204456|2738,1627734|1627747|1627763|203200|204456,1628389|1629130|1629639|202710|2738,,,1610612754.0,22000645
4,PT01M34.00S,01:34,Q4 01:34,0.43333333333333335,636,2pt,D. Sabonis running finger roll Layup (17 PTS) (M. Brogdon 8 AST),"['fastbreak', 'pointsinthepaint', 'fromturnover']",Sabonis,92,98,Made,True,True,1627734,1627763.0,steal,timeout,,,,1627734|1627747|1627763|1628389|1629130|1629639|202710|203200|204456|2738,1627734|1627747|1627763|203200|204456,1628389|1629130|1629639|202710|2738,-10.0,11.0,1610612754.0,22000645
4,PT01M34.00S,01:34,Q4 01:34,0.43333333333333335,638,timeout,MIA Timeout,['team'],,92,98,,False,False,0,,2pt made,3pt made,,,,1627734|1627747|1627763|1628389|1629130|1629639|202710|203200|204456|2738,1628389|1629130|1629639|202710|2738,1627734|1627747|1627763|203200|204456,,,1610612748.0,22000645
4,PT01M30.00S,01:30,Q4 01:30,0.5,639,3pt,D. Robinson 25' 3PT  (10 PTS) (J. Butler 6 AST),[],Robinson,95,98,Made,True,True,1629130,202710.0,timeout,2pt missed,,,,1627734|1627747|1627763|1628389|1629130|1629639|202710|203200|204456|2738,1628389|1629130|1629639|202710|2738,1627734|1627747|1627763|203200|204456,101.0,232.0,1610612748.0,22000645
4,PT01M15.00S,01:15,Q4 01:15,0.75,641,2pt,MISS C. LeVert driving floating Shot,['pointsinthepaint'],LeVert,95,98,Missed,True,False,1627747,,3pt made,rebound,,,,1627734|1627747|1627763|1628389|1629130|1629639|202710|203200|204456|2738,1627734|1627747|1627763|203200|204456,1628389|1629130|1629639|202710|2738,-15.0,43.0,1610612754.0,22000645
4,PT01M13.00S,01:13,Q4 01:13,0.7833333333333333,642,rebound,A. Iguodala REBOUND (Off:1 Def:1),[],Iguodala,95,98,,False,False,2738,,2pt missed,2pt made,,,,1627734|1627747|1627763|1628389|1629130|1629639|202710|203200|204456|2738,1628389|1629130|1629639|202710|2738,1627734|1627747|1627763|203200|204456,,,1610612748.0,22000645
4,PT01M05.00S,01:05,Q4 01:05,0.9166666666666666,643,2pt,B. Adebayo cutting DUNK (24 PTS) (T. Herro 3 AST),['pointsinthepaint'],Adebayo,97,98,Made,True,True,1628389,1629639.0,rebound,2pt missed,,,,1627734|1627747|1627763|1628389|1629130|1629639|202710|203200|204456|2738,1628389|1629130|1629639|202710|2738,1627734|1627747|1627763|203200|204456,8.0,2.0,1610612748.0,22000645
4,PT00M48.00S,00:48,Q4 00:48,-0.8,645,2pt,MISS M. Brogdon driving floating Shot - blocked,['pointsinthepaint'],Brogdon,97,98,Missed,True,False,1627763,,2pt made,block,,,1628389.0,1627734|1627747|1627763|1628389|1629130|1629639|202710|203200|204456|2738,1627734|1627747|1627763|203200|204456,1628389|1629130|1629639|202710|2738,18.0,45.0,1610612754.0,22000645
4,PT00M48.00S,00:48,Q4 00:48,-0.8,685,block,B. Adebayo BLOCK (3 BLK),[],Adebayo,97,98,,False,False,1628389,,2pt missed,rebound,,,,1627734|1627747|1627763|1628389|1629130|1629639|202710|203200|204456|2738,1628389|1629130|1629639|202710|2738,1627734|1627747|1627763|203200|204456,,,1610612748.0,22000645
4,PT00M45.90S,00:45,Q4 00:45,-0.75,646,rebound,J. Butler REBOUND (Off:5 Def:8),[],Butler,97,98,,False,False,202710,,block,3pt missed,,,,1627734|1627747|1627763|1628389|1629130|1629639|202710|203200|204456|2738,1628389|1629130|1629639|202710|2738,1627734|1627747|1627763|203200|204456,,,1610612748.0,22000645
4,PT00M41.90S,00:41,Q4 00:41,-0.6833333333333333,647,3pt,MISS T. Herro 25' running 3PT,['fastbreak'],Herro,97,98,Missed,True,False,1629639,,rebound,rebound,,,,1627734|1627747|1627763|1628389|1629130|1629639|202710|203200|204456|2738,1628389|1629130|1629639|202710|2738,1627734|1627747|1627763|203200|204456,234.0,91.0,1610612748.0,22000645
4,PT00M40.10S,00:40,Q4 00:40,-0.6666666666666666,648,rebound,D. Sabonis REBOUND (Off:2 Def:9),[],Sabonis,97,98,,False,False,1627734,,3pt missed,3pt missed,,,,1627734|1627747|1627763|1628389|1629130|1629639|202710|203200|204456|2738,1627734|1627747|1627763|203200|204456,1628389|1629130|1629639|202710|2738,,,1610612754.0,22000645
4,PT00M20.30S,00:20,Q4 00:20,-0.3333333333333333,649,3pt,MISS M. Brogdon 29' 3PT,[],Brogdon,97,98,Missed,True,False,1627763,,rebound,rebound,,,,1627734|1627747|1627763|1628389|1629130|1629639|202710|203200|204456|2738,1627734|1627747|1627763|203200|204456,1628389|1629130|1629639|202710|2738,152.0,256.0,1610612754.0,22000645
4,PT00M14.90S,00:14,Q4 00:14,-0.23333333333333334,650,rebound,B. Adebayo REBOUND (Off:2 Def:8),[],Adebayo,97,98,,False,False,1628389,,3pt missed,foul,,,,1627734|1627747|1627763|1628389|1629130|1629639|202710|203200|204456|2738,1628389|1629130|1629639|202710|2738,1627734|1627747|1627763|203200|204456,,,1610612748.0,22000645
4,PT00M12.20S,00:12,Q4 00:12,-0.2,651,foul,T. McConnell personal FOUL (1 PF) (Butler 2 FT),"['inpenalty', '2freethrow']",McConnell,97,98,,False,False,204456,,rebound,freethrow,202710.0,,,1627734|1627747|1627763|1628389|1629130|1629639|202710|203200|204456|2738,1627734|1627747|1627763|203200|204456,1628389|1629130|1629639|202710|2738,,,1610612754.0,22000645
4,PT00M12.20S,00:12,Q4 00:12,-0.2,656,freethrow,J. Butler Free Throw 1 of 2 (21 PTS),[],Butler,98,98,Made,False,False,202710,,foul,freethrow,,,,1627734|1627747|1627763|1628389|1629130|1629639|202710|203200|204456|2738,1628389|1629130|1629639|202710|2738,1627734|1627747|1627763|203200|204456,,,1610612748.0,22000645
4,PT00M12.20S,00:12,Q4 00:12,-0.2,659,freethrow,MISS J. Butler Free Throw 2 of 2,[],Butler,98,98,Missed,False,False,202710,,freethrow,substitution,,,,1627734|1627747|1627763|1628389|1629130|1629639|202710|203200|204456|2738,1628389|1629130|1629639|202710|2738,1627734|1627747|1627763|203200|204456,,,1610612748.0,22000645
4,PT00M12.20S,00:12,Q4 00:12,-0.2,654,substitution,SUB out: T. McConnell,[],McConnell,97,98,,False,False,204456,,freethrow,substitution,,,,1627734|1627747|1627763|1628389|1629130|1629639|202710|203200|2738,1627734|1627747|1627763|203200,1628389|1629130|1629639|202710|2738,,,1610612754.0,22000645
4,PT00M12.20S,00:12,Q4 00:12,-0.2,655,substitution,SUB in: M. Turner,[],Turner,97,98,,False,False,1626167,,substitution,rebound,,,,1626167|1627734|1627747|1627763|1628389|1629130|1629639|202710|203200|2738,1626167|1627734|1627747|1627763|203200,1628389|1629130|1629639|202710|2738,,,1610612754.0,22000645
4,PT00M11.80S,00:11,Q4 00:11,-0.18333333333333332,660,rebound,M. Turner REBOUND (Off:1 Def:4),[],Turner,98,98,,False,False,1626167,,substitution,timeout,,,,1626167|1627734|1627747|1627763|1628389|1629130|1629639|202710|203200|2738,1626167|1627734|1627747|1627763|203200,1628389|1629130|1629639|202710|2738,,,1610612754.0,22000645
4,PT00M11.80S,00:11,Q4 00:11,-0.18333333333333332,661,timeout,IND Timeout,['team'],,98,98,,False,False,0,,rebound,substitution,,,,1626167|1627734|1627747|1627763|1628389|1629130|1629639|202710|203200|2738,1626167|1627734|1627747|1627763|203200,1628389|1629130|1629639|202710|2738,,,1610612754.0,22000645
4,PT00M11.80S,00:11,Q4 00:11,-0.18333333333333332,657,substitution,SUB out: D. Robinson,[],Robinson,98,98,,False,False,1629130,,timeout,substitution,,,,1626167|1627734|1627747|1627763|1628389|1629639|202710|203200|2738,1628389|1629639|202710|2738,1626167|1627734|1627747|1627763|203200,,,1610612748.0,22000645
4,PT00M11.80S,00:11,Q4 00:11,-0.18333333333333332,658,substitution,SUB in: T. Ariza,[],Ariza,98,98,,False,False,2772,,substitution,substitution,,,,1626167|1627734|1627747|1627763|1628389|1629639|202710|203200|2738|2772,1628389|1629639|202710|2738|2772,1626167|1627734|1627747|1627763|203200,,,1610612748.0,22000645
4,PT00M11.80S,00:11,Q4 00:11,-0.18333333333333332,662,substitution,SUB out: M. Turner,[],Turner,98,98,,False,False,1626167,,substitution,substitution,,,,1627734|1627747|1627763|1628389|1629639|202710|203200|2738|2772,1627734|1627747|1627763|203200,1628389|1629639|202710|2738|2772,,,1610612754.0,22000645
4,PT00M11.80S,00:11,Q4 00:11,-0.18333333333333332,663,substitution,SUB in: D. McDermott,[],McDermott,98,98,,False,False,203926,,substitution,2pt missed,,,,1627734|1627747|1627763|1628389|1629639|202710|203200|203926|2738|2772,1627734|1627747|1627763|203200|203926,1628389|1629639|202710|2738|2772,,,1610612754.0,22000645
4,PT00M00.20S,00:00,Q4 00:00,0.0,664,2pt,MISS C. LeVert 8' pullup Shot,['pointsinthepaint'],LeVert,98,98,Missed,True,False,1627747,,substitution,rebound,,,,1627734|1627747|1627763|1628389|1629639|202710|203200|203926|2738|2772,1627734|1627747|1627763|203200|203926,1628389|1629639|202710|2738|2772,-58.0,58.0,1610612754.0,22000645
4,PT00M00.20S,00:00,Q4 00:00,0.0,665,rebound,TEAM offensive REBOUND,['team'],,98,98,,False,False,0,,2pt missed,substitution,,,,1627734|1627747|1627763|1628389|1629639|202710|203200|203926|2738|2772,1627734|1627747|1627763|203200|203926,1628389|1629639|202710|2738|2772,,,1610612754.0,22000645
5,PT05M00.00S,05:00,Q5 05:00,-7.0,667,substitution,SUB out: A. Iguodala,['startperiod'],Iguodala,98,98,,False,False,2738,,rebound,substitution,,,,1627734|1627747|1627763|1628389|1629639|202710|203200|203926|2772,1628389|1629639|202710|2772,1627734|1627747|1627763|203200|203926,,,1610612748.0,22000645
5,PT05M00.00S,05:00,Q5 05:00,-7.0,668,substitution,SUB out: D. McDermott,['startperiod'],McDermott,98,98,,False,False,203926,,substitution,substitution,,,,1627734|1627747|1627763|1628389|1629639|202710|203200|2772,1627734|1627747|1627763|203200,1628389|1629639|202710|2772,,,1610612754.0,22000645
5,PT05M00.00S,05:00,Q5 05:00,-7.0,669,substitution,SUB in: D. Robinson,['startperiod'],Robinson,98,98,,False,False,1629130,,substitution,substitution,,,,1627734|1627747|1627763|1628389|1629130|1629639|202710|203200|2772,1628389|1629130|1629639|202710|2772,1627734|1627747|1627763|203200,,,1610612748.0,22000645
5,PT05M00.00S,05:00,Q5 05:00,-7.0,670,substitution,SUB in: T. McConnell,['startperiod'],McConnell,98,98,,False,False,204456,,substitution,foul,,,,1627734|1627747|1627763|1628389|1629130|1629639|202710|203200|204456|2772,1627734|1627747|1627763|203200|204456,1628389|1629130|1629639|202710|2772,,,1610612754.0,22000645
5,PT04M44.00S,04:44,Q5 04:44,-8.733333333333333,676,foul,D. Sabonis personal FOUL (6 PF),[],Sabonis,98,98,,False,False,1627734,,substitution,substitution,1628389.0,,,1627734|1627747|1627763|1628389|1629130|1629639|202710|203200|204456|2772,1627734|1627747|1627763|203200|204456,1628389|1629130|1629639|202710|2772,,,1610612754.0,22000645
5,PT04M44.00S,04:44,Q5 04:44,-8.733333333333333,678,substitution,SUB out: D. Sabonis,[],Sabonis,98,98,,False,False,1627734,,foul,substitution,,,,1627747|1627763|1628389|1629130|1629639|202710|203200|204456|2772,1627747|1627763|203200|204456,1628389|1629130|1629639|202710|2772,,,1610612754.0,22000645
5,PT04M44.00S,04:44,Q5 04:44,-8.733333333333333,679,substitution,SUB in: M. Turner,[],Turner,98,98,,False,False,1626167,,substitution,3pt missed,,,,1626167|1627747|1627763|1628389|1629130|1629639|202710|203200|204456|2772,1626167|1627747|1627763|203200|204456,1628389|1629130|1629639|202710|2772,,,1610612754.0,22000645
5,PT04M30.00S,04:30,Q5 04:30,-8.5,680,3pt,MISS B. Adebayo 32' turnaround 3PT,[],Adebayo,98,98,Missed,True,False,1628389,,substitution,rebound,,,,1626167|1627747|1627763|1628389|1629130|1629639|202710|203200|204456|2772,1628389|1629130|1629639|202710|2772,1626167|1627747|1627763|203200|204456,-6.0,330.0,1610612748.0,22000645
5,PT04M30.00S,04:30,Q5 04:30,-8.5,681,rebound,TEAM offensive REBOUND,['team'],,98,98,,False,False,0,,3pt missed,turnover,,,,1626167|1627747|1627763|1628389|1629130|1629639|202710|203200|204456|2772,1628389|1629130|1629639|202710|2772,1626167|1627747|1627763|203200|204456,,,1610612748.0,22000645
5,PT04M30.00S,04:30,Q5 04:30,-8.5,682,turnover,MIA shot clock Team TURNOVER,['team'],,98,98,,False,False,0,,rebound,2pt missed,,,,1626167|1627747|1627763|1628389|1629130|1629639|202710|203200|204456|2772,1628389|1629130|1629639|202710|2772,1626167|1627747|1627763|203200|204456,,,1610612748.0,22000645
5,PT04M15.00S,04:15,Q5 04:15,-8.25,683,2pt,MISS M. Turner 17' Jump Shot,['fromturnover'],Turner,98,98,Missed,True,False,1626167,,turnover,rebound,,,,1626167|1627747|1627763|1628389|1629130|1629639|202710|203200|204456|2772,1626167|1627747|1627763|203200|204456,1628389|1629130|1629639|202710|2772,-100.0,140.0,1610612754.0,22000645
5,PT04M10.00S,04:10,Q5 04:10,-8.166666666666666,684,rebound,T. Ariza REBOUND (Off:0 Def:4),[],Ariza,98,98,,False,False,2772,,2pt missed,2pt made,,,,1626167|1627747|1627763|1628389|1629130|1629639|202710|203200|204456|2772,1628389|1629130|1629639|202710|2772,1626167|1627747|1627763|203200|204456,,,1610612748.0,22000645
5,PT04M01.00S,04:01,Q5 04:01,-8.016666666666667,686,2pt,B. Adebayo alley-oop DUNK (26 PTS) (J. Butler 7 AST),['pointsinthepaint'],Adebayo,100,98,Made,True,True,1628389,202710.0,rebound,turnover,,,,1626167|1627747|1627763|1628389|1629130|1629639|202710|203200|204456|2772,1628389|1629130|1629639|202710|2772,1626167|1627747|1627763|203200|204456,-5.0,5.0,1610612748.0,22000645
5,PT03M45.00S,03:45,Q5 03:45,-9.75,688,turnover,M. Turner bad pass TURNOVER (1 TO),[],Turner,100,98,,False,False,1626167,,2pt made,steal,,1628389.0,,1626167|1627747|1627763|1628389|1629130|1629639|202710|203200|204456|2772,1626167|1627747|1627763|203200|204456,1628389|1629130|1629639|202710|2772,,,1610612754.0,22000645
5,PT03M45.00S,03:45,Q5 03:45,-9.75,689,steal,B. Adebayo STEAL (2 STL),[],Adebayo,100,98,,False,False,1628389,,turnover,3pt made,,,,1626167|1627747|1627763|1628389|1629130|1629639|202710|203200|204456|2772,1628389|1629130|1629639|202710|2772,1626167|1627747|1627763|203200|204456,,,1610612748.0,22000645
5,PT03M40.00S,03:40,Q5 03:40,-9.666666666666666,690,3pt,D. Robinson 25' 3PT running (13 PTS) (T. Herro 4 AST),"['fastbreak', 'fromturnover']",Robinson,103,98,Made,True,True,1629130,1629639.0,steal,timeout,,,,1626167|1627747|1627763|1628389|1629130|1629639|202710|203200|204456|2772,1628389|1629130|1629639|202710|2772,1626167|1627747|1627763|203200|204456,-202.0,159.0,1610612748.0,22000645
5,PT03M40.00S,03:40,Q5 03:40,-9.666666666666666,692,timeout,IND Timeout,['team'],,103,98,,False,False,0,,3pt made,turnover,,,,1626167|1627747|1627763|1628389|1629130|1629639|202710|203200|204456|2772,1626167|1627747|1627763|203200|204456,1628389|1629130|1629639|202710|2772,,,1610612754.0,22000645
5,PT03M31.00S,03:31,Q5 03:31,-9.516666666666667,693,turnover,M. Turner bad pass out-of-bounds TURNOVER (2 TO),[],Turner,103,98,,False,False,1626167,,timeout,2pt missed,,,,1626167|1627747|1627763|1628389|1629130|1629639|202710|203200|204456|2772,1626167|1627747|1627763|203200|204456,1628389|1629130|1629639|202710|2772,,,1610612754.0,22000645
5,PT03M20.00S,03:20,Q5 03:20,-9.333333333333334,694,2pt,MISS J. Butler driving bank Hook,"['pointsinthepaint', 'fromturnover']",Butler,103,98,Missed,True,False,202710,,turnover,rebound,,,,1626167|1627747|1627763|1628389|1629130|1629639|202710|203200|204456|2772,1628389|1629130|1629639|202710|2772,1626167|1627747|1627763|203200|204456,40.0,15.0,1610612748.0,22000645
5,PT03M17.00S,03:17,Q5 03:17,-9.283333333333333,695,rebound,J. Holiday REBOUND (Off:0 Def:4),[],Holiday,103,98,,False,False,203200,,2pt missed,3pt made,,,,1626167|1627747|1627763|1628389|1629130|1629639|202710|203200|204456|2772,1626167|1627747|1627763|203200|204456,1628389|1629130|1629639|202710|2772,,,1610612754.0,22000645
5,PT03M09.00S,03:09,Q5 03:09,-9.15,696,3pt,J. Holiday 25' 3PT pullup (12 PTS) (M. Brogdon 9 AST),[],Holiday,103,101,Made,True,True,203200,1627763.0,rebound,2pt missed,,,,1626167|1627747|1627763|1628389|1629130|1629639|202710|203200|204456|2772,1626167|1627747|1627763|203200|204456,1628389|1629130|1629639|202710|2772,133.0,220.0,1610612754.0,22000645
5,PT02M43.00S,02:43,Q5 02:43,-10.716666666666667,698,2pt,MISS B. Adebayo 7' pullup Shot,['pointsinthepaint'],Adebayo,103,101,Missed,True,False,1628389,,3pt made,rebound,,,,1626167|1627747|1627763|1628389|1629130|1629639|202710|203200|204456|2772,1628389|1629130|1629639|202710|2772,1626167|1627747|1627763|203200|204456,64.0,47.0,1610612748.0,22000645
5,PT02M41.00S,02:41,Q5 02:41,-10.683333333333334,699,rebound,M. Brogdon REBOUND (Off:3 Def:3),[],Brogdon,103,101,,False,False,1627763,,2pt missed,3pt made,,,,1626167|1627747|1627763|1628389|1629130|1629639|202710|203200|204456|2772,1626167|1627747|1627763|203200|204456,1628389|1629130|1629639|202710|2772,,,1610612754.0,22000645
5,PT02M32.00S,02:32,Q5 02:32,-10.533333333333333,700,3pt,J. Holiday 25' 3PT  (15 PTS) (M. Brogdon 10 AST),[],Holiday,103,104,Made,True,True,203200,1627763.0,rebound,timeout,,,,1626167|1627747|1627763|1628389|1629130|1629639|202710|203200|204456|2772,1626167|1627747|1627763|203200|204456,1628389|1629130|1629639|202710|2772,183.0,174.0,1610612754.0,22000645
5,PT02M31.00S,02:31,Q5 02:31,-10.516666666666667,702,timeout,MIA Timeout,['team'],,103,104,,False,False,0,,3pt made,2pt missed,,,,1626167|1627747|1627763|1628389|1629130|1629639|202710|203200|204456|2772,1628389|1629130|1629639|202710|2772,1626167|1627747|1627763|203200|204456,,,1610612748.0,22000645
5,PT02M08.00S,02:08,Q5 02:08,-10.133333333333333,703,2pt,MISS T. Ariza cutting Layup - blocked,['pointsinthepaint'],Ariza,103,104,Missed,True,False,2772,,timeout,block,,,1626167.0,1626167|1627747|1627763|1628389|1629130|1629639|202710|203200|204456|2772,1628389|1629130|1629639|202710|2772,1626167|1627747|1627763|203200|204456,6.0,0.0,1610612748.0,22000645
5,PT02M08.00S,02:08,Q5 02:08,-10.133333333333333,704,block,M. Turner BLOCK (4 BLK),[],Turner,103,104,,False,False,1626167,,2pt missed,rebound,,,,1626167|1627747|1627763|1628389|1629130|1629639|202710|203200|204456|2772,1626167|1627747|1627763|203200|204456,1628389|1629130|1629639|202710|2772,,,1610612754.0,22000645
5,PT02M05.00S,02:05,Q5 02:05,-10.083333333333334,705,rebound,J. Butler REBOUND (Off:6 Def:8),[],Butler,103,104,,False,False,202710,,block,2pt missed,,,,1626167|1627747|1627763|1628389|1629130|1629639|202710|203200|204456|2772,1628389|1629130|1629639|202710|2772,1626167|1627747|1627763|203200|204456,,,1610612748.0,22000645
5,PT02M04.00S,02:04,Q5 02:04,-10.066666666666666,706,2pt,MISS B. Adebayo 9' Layup - blocked,"['pointsinthepaint', '2ndchance']",Adebayo,103,104,Missed,True,False,1628389,,rebound,block,,,1626167.0,1626167|1627747|1627763|1628389|1629130|1629639|202710|203200|204456|2772,1628389|1629130|1629639|202710|2772,1626167|1627747|1627763|203200|204456,20.0,96.0,1610612748.0,22000645
5,PT02M04.00S,02:04,Q5 02:04,-10.066666666666666,707,block,M. Turner BLOCK (5 BLK),[],Turner,103,104,,False,False,1626167,,2pt missed,rebound,,,,1626167|1627747|1627763|1628389|1629130|1629639|202710|203200|204456|2772,1626167|1627747|1627763|203200|204456,1628389|1629130|1629639|202710|2772,,,1610612754.0,22000645
5,PT02M02.00S,02:02,Q5 02:02,-10.033333333333333,708,rebound,J. Holiday REBOUND (Off:0 Def:5),[],Holiday,103,104,,False,False,203200,,block,turnover,,,,1626167|1627747|1627763|1628389|1629130|1629639|202710|203200|204456|2772,1626167|1627747|1627763|203200|204456,1628389|1629130|1629639|202710|2772,,,1610612754.0,22000645
5,PT01M44.00S,01:44,Q5 01:44,-11.733333333333333,709,turnover,J. Holiday bad pass TURNOVER (2 TO),[],Holiday,103,104,,False,False,203200,,rebound,steal,,2772.0,,1626167|1627747|1627763|1628389|1629130|1629639|202710|203200|204456|2772,1626167|1627747|1627763|203200|204456,1628389|1629130|1629639|202710|2772,,,1610612754.0,22000645
5,PT01M44.00S,01:44,Q5 01:44,-11.733333333333333,710,steal,T. Ariza STEAL (1 STL),[],Ariza,103,104,,False,False,2772,,turnover,2pt missed,,,,1626167|1627747|1627763|1628389|1629130|1629639|202710|203200|204456|2772,1628389|1629130|1629639|202710|2772,1626167|1627747|1627763|203200|204456,,,1610612748.0,22000645
5,PT01M29.00S,01:29,Q5 01:29,-11.483333333333333,711,2pt,MISS J. Butler 6' turnaround fadeaway Shot,"['pointsinthepaint', 'fromturnover']",Butler,103,104,Missed,True,False,202710,,steal,rebound,,,,1626167|1627747|1627763|1628389|1629130|1629639|202710|203200|204456|2772,1628389|1629130|1629639|202710|2772,1626167|1627747|1627763|203200|204456,37.0,57.0,1610612748.0,22000645
5,PT01M26.00S,01:26,Q5 01:26,-11.433333333333334,712,rebound,M. Turner REBOUND (Off:1 Def:5),[],Turner,103,104,,False,False,1626167,,2pt missed,3pt made,,,,1626167|1627747|1627763|1628389|1629130|1629639|202710|203200|204456|2772,1626167|1627747|1627763|203200|204456,1628389|1629130|1629639|202710|2772,,,1610612754.0,22000645
5,PT01M07.00S,01:07,Q5 01:07,-11.116666666666667,713,3pt,M. Brogdon 27' 3PT  (12 PTS) (C. LeVert 3 AST),[],Brogdon,103,107,Made,True,True,1627763,1627747.0,rebound,2pt made,,,,1626167|1627747|1627763|1628389|1629130|1629639|202710|203200|204456|2772,1626167|1627747|1627763|203200|204456,1628389|1629130|1629639|202710|2772,-185.0,199.0,1610612754.0,22000645
5,PT01M02.00S,01:02,Q5 01:02,-11.033333333333333,715,2pt,B. Adebayo driving DUNK (28 PTS),['pointsinthepaint'],Adebayo,105,107,Made,True,False,1628389,,3pt made,foul,,,,1626167|1627747|1627763|1628389|1629130|1629639|202710|203200|204456|2772,1628389|1629130|1629639|202710|2772,1626167|1627747|1627763|203200|204456,4.0,2.0,1610612748.0,22000645
5,PT01M02.00S,01:02,Q5 01:02,-11.033333333333333,716,foul,M. Brogdon shooting personal FOUL (1 PF) (Adebayo 1 FT),['1freethrow'],Brogdon,105,107,,False,False,1627763,,2pt made,freethrow,1628389.0,,,1626167|1627747|1627763|1628389|1629130|1629639|202710|203200|204456|2772,1626167|1627747|1627763|203200|204456,1628389|1629130|1629639|202710|2772,,,1610612754.0,22000645
5,PT01M02.00S,01:02,Q5 01:02,-11.033333333333333,718,freethrow,B. Adebayo Free Throw 1 of 1 (29 PTS),[],Adebayo,106,107,Made,False,False,1628389,,foul,2pt made,,,,1626167|1627747|1627763|1628389|1629130|1629639|202710|203200|204456|2772,1628389|1629130|1629639|202710|2772,1626167|1627747|1627763|203200|204456,,,1610612748.0,22000645
5,PT00M48.20S,00:48,Q5 00:48,-12.8,719,2pt,C. LeVert 13' pullup Jump Shot (13 PTS),['pointsinthepaint'],LeVert,106,109,Made,True,False,1627747,,freethrow,3pt missed,,,,1626167|1627747|1627763|1628389|1629130|1629639|202710|203200|204456|2772,1626167|1627747|1627763|203200|204456,1628389|1629130|1629639|202710|2772,62.0,124.0,1610612754.0,22000645
5,PT00M30.10S,00:30,Q5 00:30,-12.5,720,3pt,MISS T. Herro 26' 3PT,[],Herro,106,109,Missed,True,False,1629639,,2pt made,rebound,,,,1626167|1627747|1627763|1628389|1629130|1629639|202710|203200|204456|2772,1628389|1629130|1629639|202710|2772,1626167|1627747|1627763|203200|204456,-99.0,242.0,1610612748.0,22000645
5,PT00M30.10S,00:30,Q5 00:30,-12.5,721,rebound,TEAM defensive REBOUND,['team'],,106,109,,False,False,0,,3pt missed,3pt missed,,,,1626167|1627747|1627763|1628389|1629130|1629639|202710|203200|204456|2772,1626167|1627747|1627763|203200|204456,1628389|1629130|1629639|202710|2772,,,1610612754.0,22000645
5,PT00M07.20S,00:07,Q5 00:07,-12.116666666666667,723,3pt,MISS C. LeVert 27' step back 3PT,[],LeVert,106,109,Missed,True,False,1627747,,rebound,rebound,,,,1626167|1627747|1627763|1628389|1629130|1629639|202710|203200|204456|2772,1626167|1627747|1627763|203200|204456,1628389|1629130|1629639|202710|2772,-167.0,216.0,1610612754.0,22000645
5,PT00M03.40S,00:03,Q5 00:03,-12.05,724,rebound,J. Butler REBOUND (Off:6 Def:9),[],Butler,106,109,,False,False,202710,,3pt missed,3pt missed,,,,1626167|1627747|1627763|1628389|1629130|1629639|202710|203200|204456|2772,1628389|1629130|1629639|202710|2772,1626167|1627747|1627763|203200|204456,,,1610612748.0,22000645
5,PT00M00.00S,00:00,Q5 00:00,-12.0,725,3pt,MISS J. Butler running pullup 3PT,['fastbreak'],Butler,106,109,Missed,True,False,202710,,rebound,rebound,,,,1626167|1627747|1627763|1628389|1629130|1629639|202710|203200|204456|2772,1628389|1629130|1629639|202710|2772,1626167|1627747|1627763|203200|204456,230.0,59.0,1610612748.0,22000645
5,PT00M00.00S,00:00,Q5 00:00,-12.0,726,rebound,TEAM offensive REBOUND,['team'],,106,109,,False,False,0,,3pt missed,,,,,1626167|1627747|1627763|1628389|1629130|1629639|202710|203200|204456|2772,1628389|1629130|1629639|202710|2772,1626167|1627747|1627763|203200|204456,,,1610612748.0,22000645
