period,clock,clock_display,game_clock,minutes_left_in_game,actionNumber,actionType,description,qualifier,playerName,scoreHome,scoreAway,shotResult,isFieldGoal,assisted,person_id,assister_id,previous_action,next_action,foulDrawnPersonId,stealPersonId,blockPersonId,players_on,off_players_on,def_players_on,xLegacy,yLegacy,teamId,game_id
1,PT11M47.00S,11:47,Q1 11:47,46.21666666666667,7,3pt,MISS D. McDermott 25' 3PT,[],McDermott,0,0,Missed,True,False,203926,,,rebound,,,,1627749|1627751|1627788|1628401|1629640|1629718|1630178|202699|203926|203954,1627749|1627751|1628401|1629640|203926,1627788|1629718|1630178|202699|203954,-110.0,231.0,1610612759.0,22100704
1,PT11M45.00S,11:45,Q1 11:45,46.25,8,rebound,T. Harris REBOUND (Off:0 Def:1),[],Harris,0,0,,False,False,202699,,3pt missed,2pt made,,,,1627749|1627751|1627788|1628401|1629640|1629718|1630178|202699|203926|203954,1627788|1629718|1630178|202699|203954,1627749|1627751|1628401|1629640|203926,,,1610612755.0,22100704
1,PT11M32.00S,11:32,Q1 11:32,46.46666666666667,9,2pt,F. Korkmaz driving Layup (2 PTS),['pointsinthepaint'],Korkmaz,0,2,Made,True,False,1627788,,rebound,3pt made,,,,1627749|1627751|1627788|1628401|1629640|1629718|1630178|202699|203926|203954,1627788|1629718|1630178|202699|203954,1627749|1627751|1628401|1629640|203926,2.0,6.0,1610612755.0,22100704
1,PT11M25.00S,11:25,Q1 11:25,46.583333333333336,10,3pt,K. Johnson 3PT running (3 PTS) (D. McDermott 1 AST),['fastbreak'],Johnson,3,2,Made,True,True,1629640,203926.0,2pt made,2pt missed,,,,1627749|1627751|1627788|1628401|1629640|1629718|1630178|202699|203926|203954,1627749|1627751|1628401|1629640|203926,1627788|1629718|1630178|202699|203954,-234.0,-8.0,1610612759.0,22100704
1,PT11M02.00S,11:02,Q1 11:02,46.96666666666667,12,2pt,MISS J. Embiid 14' Jump Shot,[],Embiid,3,2,Missed,True,False,203954,,3pt made,rebound,,,,1627749|1627751|1627788|1628401|1629640|1629718|1630178|202699|203926|203954,1627788|1629718|1630178|202699|203954,1627749|1627751|1628401|1629640|203926,-126.0,71.0,1610612755.0,22100704
1,PT10M58.00S,10:58,Q1 10:58,45.03333333333333,13,rebound,J. Poeltl REBOUND (Off:0 Def:1),[],Poeltl,3,2,,False,False,1627751,,2pt missed,2pt made,,,,1627749|1627751|1627788|1628401|1629640|1629718|1630178|202699|203926|203954,1627749|1627751|1628401|1629640|203926,1627788|1629718|1630178|202699|203954,,,1610612759.0,22100704
1,PT10M47.00S,10:47,Q1 10:47,45.21666666666667,14,2pt,D. Murray 15' pullup Jump Shot (2 PTS) (K. Johnson 1 AST),[],Murray,5,2,Made,True,True,1627749,1629640.0,rebound,2pt made,,,,1627749|1627751|1627788|1628401|1629640|1629718|1630178|202699|203926|203954,1627749|1627751|1628401|1629640|203926,1627788|1629718|1630178|202699|203954,0.0,158.0,1610612759.0,22100704
1,PT10M30.00S,10:30,Q1 10:30,45.5,15,2pt,J. Embiid Layup (2 PTS) (T. Maxey 1 AST),['pointsinthepaint'],Embiid,5,4,Made,True,True,203954,1630178.0,2pt made,2pt missed,,,,1627749|1627751|1627788|1628401|1629640|1629718|1630178|202699|203926|203954,1627788|1629718|1630178|202699|203954,1627749|1627751|1628401|1629640|203926,-2.0,6.0,1610612755.0,22100704
1,PT10M19.00S,10:19,Q1 10:19,45.68333333333333,17,2pt,MISS D. Murray driving finger roll Layup,['pointsinthepaint'],Murray,5,4,Missed,True,False,1627749,,2pt made,rebound,,,,1627749|1627751|1627788|1628401|1629640|1629718|1630178|202699|203926|203954,1627749|1627751|1628401|1629640|203926,1627788|1629718|1630178|202699|203954,-1.0,4.0,1610612759.0,22100704
1,PT10M15.00S,10:15,Q1 10:15,45.75,18,rebound,T. Harris REBOUND (Off:0 Def:2),[],Harris,5,4,,False,False,202699,,2pt missed,2pt missed,,,,1627749|1627751|1627788|1628401|1629640|1629718|1630178|202699|203926|203954,1627788|1629718|1630178|202699|203954,1627749|1627751|1628401|1629640|203926,,,1610612755.0,22100704
1,PT10M07.00S,10:07,Q1 10:07,45.88333333333333,20,2pt,MISS T. Harris driving Layup,['pointsinthepaint'],Harris,5,4,Missed,True,False,202699,,rebound,rebound,,,,1627749|1627751|1627788|1628401|1629640|1629718|1630178|202699|203926|203954,1627788|1629718|1630178|202699|203954,1627749|1627751|1628401|1629640|203926,6.0,5.0,1610612755.0,22100704
1,PT10M06.00S,10:06,Q1 10:06,45.9,21,rebound,TEAM defensive REBOUND,['team'],,5,4,,False,False,0,,2pt missed,foul,,,,1627749|1627751|1627788|1628401|1629640|1629718|1630178|202699|203926|203954,1627749|1627751|1628401|1629640|203926,1627788|1629718|1630178|202699|203954,,,1610612759.0,22100704
1,PT09M51.00S,09:51,Q1 09:51,44.15,23,foul,F. Korkmaz shooting personal FOUL (1 PF) (Johnson 2 FT),['2freethrow'],Korkmaz,5,4,,False,False,1627788,,rebound,freethrow,1629640.0,,,1627749|1627751|1627788|1628401|1629640|1629718|1630178|202699|203926|203954,1627788|1629718|1630178|202699|203954,1627749|1627751|1628401|1629640|203926,,,1610612755.0,22100704
1,PT09M51.00S,09:51,Q1 09:51,44.15,25,freethrow,K. Johnson Free Throw 1 of 2 (4 PTS),[],Johnson,6,4,Made,False,False,1629640,,foul,freethrow,,,,1627749|1627751|1627788|1628401|1629640|1629718|1630178|202699|203926|203954,1627749|1627751|1628401|1629640|203926,1627788|1629718|1630178|202699|203954,,,1610612759.0,22100704
1,PT09M51.00S,09:51,Q1 09:51,44.15,26,freethrow,K. Johnson Free Throw 2 of 2 (5 PTS),[],Johnson,7,4,Made,False,False,1629640,,freethrow,foul,,,,1627749|1627751|1627788|1628401|1629640|1629718|1630178|202699|203926|203954,1627749|1627751|1628401|1629640|203926,1627788|1629718|1630178|202699|203954,,,1610612759.0,22100704
1,PT09M46.00S,09:46,Q1 09:46,44.233333333333334,27,foul,D. McDermott shooting personal FOUL (1 PF) (Embiid 2 FT),['2freethrow'],McDermott,7,4,,False,False,203926,,freethrow,freethrow,203954.0,,,1627749|1627751|1627788|1628401|1629640|1629718|1630178|202699|203926|203954,1627749|1627751|1628401|1629640|203926,1627788|1629718|1630178|202699|203954,,,1610612759.0,22100704
1,PT09M46.00S,09:46,Q1 09:46,44.233333333333334,29,freethrow,J. Embiid Free Throw 1 of 2 (3 PTS),[],Embiid,7,5,Made,False,False,203954,,foul,freethrow,,,,1627749|1627751|1627788|1628401|1629640|1629718|1630178|202699|203926|203954,1627788|1629718|1630178|202699|203954,1627749|1627751|1628401|1629640|203926,,,1610612755.0,22100704
1,PT09M46.00S,09:46,Q1 09:46,44.233333333333334,30,freethrow,J. Embiid Free Throw 2 of 2 (4 PTS),[],Embiid,7,6,Made,False,False,203954,,freethrow,3pt missed,,,,1627749|1627751|1627788|1628401|1629640|1629718|1630178|202699|203926|203954,1627788|1629718|1630178|202699|203954,1627749|1627751|1628401|1629640|203926,,,1610612755.0,22100704
1,PT09M33.00S,09:33,Q1 09:33,44.45,31,3pt,MISS K. Johnson 25' 3PT,[],Johnson,7,6,Missed,True,False,1629640,,freethrow,rebound,,,,1627749|1627751|1627788|1628401|1629640|1629718|1630178|202699|203926|203954,1627749|1627751|1628401|1629640|203926,1627788|1629718|1630178|202699|203954,-175.0,185.0,1610612759.0,22100704
1,PT09M33.00S,09:33,Q1 09:33,44.45,32,rebound,TEAM defensive REBOUND,['team'],,7,6,,False,False,0,,3pt missed,2pt missed,,,,1627749|1627751|1627788|1628401|1629640|1629718|1630178|202699|203926|203954,1627788|1629718|1630178|202699|203954,1627749|1627751|1628401|1629640|203926,,,1610612755.0,22100704
1,PT09M16.00S,09:16,Q1 09:16,44.733333333333334,34,2pt,MISS J. Embiid driving Layup - blocked,['pointsinthepaint'],Embiid,7,6,Missed,True,False,203954,,rebound,block,,,1627751.0,1627749|1627751|1627788|1628401|1629640|1629718|1630178|202699|203926|203954,1627788|1629718|1630178|202699|203954,1627749|1627751|1628401|1629640|203926,-5.0,8.0,1610612755.0,22100704
1,PT09M16.00S,09:16,Q1 09:16,44.733333333333334,35,block,J. Poeltl BLOCK (1 BLK),[],Poeltl,7,6,,False,False,1627751,,2pt missed,rebound,,,,1627749|1627751|1627788|1628401|1629640|1629718|1630178|202699|203926|203954,1627749|1627751|1628401|1629640|203926,1627788|1629718|1630178|202699|203954,,,1610612759.0,22100704
1,PT09M11.00S,09:11,Q1 09:11,44.81666666666667,36,rebound,C. Brown Jr. REBOUND (Off:1 Def:0),[],Brown Jr.,7,6,,False,False,1629718,,block,2pt made,,,,1627749|1627751|1627788|1628401|1629640|1629718|1630178|202699|203926|203954,1627788|1629718|1630178|202699|203954,1627749|1627751|1628401|1629640|203926,,,1610612755.0,22100704
1,PT09M11.00S,09:11,Q1 09:11,44.81666666666667,37,2pt,C. Brown Jr. putback Layup (2 PTS),"['pointsinthepaint', '2ndchance']",Brown Jr.,7,8,Made,True,False,1629718,,rebound,2pt missed,,,,1627749|1627751|1627788|1628401|1629640|1629718|1630178|202699|203926|203954,1627788|1629718|1630178|202699|203954,1627749|1627751|1628401|1629640|203926,0.0,0.0,1610612755.0,22100704
1,PT08M56.00S,08:56,Q1 08:56,43.06666666666667,38,2pt,MISS D. Murray 7' driving floating Shot,['pointsinthepaint'],Murray,7,8,Missed,True,False,1627749,,2pt made,rebound,,,,1627749|1627751|1627788|1628401|1629640|1629718|1630178|202699|203926|203954,1627749|1627751|1628401|1629640|203926,1627788|1629718|1630178|202699|203954,-29.0,65.0,1610612759.0,22100704
1,PT08M52.00S,08:52,Q1 08:52,43.13333333333333,39,rebound,J. Embiid REBOUND (Off:0 Def:1),[],Embiid,7,8,,False,False,203954,,2pt missed,2pt missed,,,,1627749|1627751|1627788|1628401|1629640|1629718|1630178|202699|203926|203954,1627788|1629718|1630178|202699|203954,1627749|1627751|1628401|1629640|203926,,,1610612755.0,22100704
1,PT08M44.00S,08:44,Q1 08:44,43.266666666666666,40,2pt,MISS J. Embiid 13' Jump Shot,[],Embiid,7,8,Missed,True,False,203954,,rebound,rebound,,,,1627749|1627751|1627788|1628401|1629640|1629718|1630178|202699|203926|203954,1627788|1629718|1630178|202699|203954,1627749|1627751|1628401|1629640|203926,-131.0,42.0,1610612755.0,22100704
1,PT08M42.00S,08:42,Q1 08:42,43.3,41,rebound,D. White REBOUND (Off:0 Def:1),[],White,7,8,,False,False,1628401,,2pt missed,2pt made,,,,1627749|1627751|1627788|1628401|1629640|1629718|1630178|202699|203926|203954,1627749|1627751|1628401|1629640|203926,1627788|1629718|1630178|202699|203954,,,1610612759.0,22100704
1,PT08M29.00S,08:29,Q1 08:29,43.516666666666666,42,2pt,D. McDermott 8' driving floating Jump Shot (2 PTS) (D. White 1 AST),['pointsinthepaint'],McDermott,9,8,Made,True,True,203926,1628401.0,rebound,2pt made,,,,1627749|1627751|1627788|1628401|1629640|1629718|1630178|202699|203926|203954,1627749|1627751|1628401|1629640|203926,1627788|1629718|1630178|202699|203954,-6.0,84.0,1610612759.0,22100704
1,PT08M11.00S,08:11,Q1 08:11,43.81666666666667,44,2pt,T. Harris 14' pullup Jump Shot (2 PTS),[],Harris,9,10,Made,True,False,202699,,2pt made,3pt missed,,,,1627749|1627751|1627788|1628401|1629640|1629718|1630178|202699|203926|203954,1627788|1629718|1630178|202699|203954,1627749|1627751|1628401|1629640|203926,137.0,46.0,1610612755.0,22100704
1,PT07M59.00S,07:59,Q1 07:59,42.016666666666666,45,3pt,MISS D. McDermott 25' 3PT,[],McDermott,9,10,Missed,True,False,203926,,2pt made,rebound,,,,1627749|1627751|1627788|1628401|1629640|1629718|1630178|202699|203926|203954,1627749|1627751|1628401|1629640|203926,1627788|1629718|1630178|202699|203954,-232.0,112.0,1610612759.0,22100704
1,PT07M55.00S,07:55,Q1 07:55,42.083333333333336,46,rebound,J. Embiid REBOUND (Off:0 Def:2),[],Embiid,9,10,,False,False,203954,,3pt missed,2pt made,,,,1627749|1627751|1627788|1628401|1629640|1629718|1630178|202699|203926|203954,1627788|1629718|1630178|202699|203954,1627749|1627751|1628401|1629640|203926,,,1610612755.0,22100704
1,PT07M49.00S,07:49,Q1 07:49,42.18333333333333,47,2pt,J. Embiid 16' pullup Jump Shot (6 PTS),['fastbreak'],Embiid,9,12,Made,True,False,203954,,rebound,2pt missed,,,,1627749|1627751|1627788|1628401|1629640|1629718|1630178|202699|203926|203954,1627788|1629718|1630178|202699|203954,1627749|1627751|1628401|1629640|203926,-77.0,146.0,1610612755.0,22100704
1,PT07M23.00S,07:23,Q1 07:23,42.61666666666667,48,2pt,MISS D. White 14' pullup Shot,['pointsinthepaint'],White,9,12,Missed,True,False,1628401,,2pt made,rebound,,,,1627749|1627751|1627788|1628401|1629640|1629718|1630178|202699|203926|203954,1627749|1627751|1628401|1629640|203926,1627788|1629718|1630178|202699|203954,78.0,125.0,1610612759.0,22100704
1,PT07M21.00S,07:21,Q1 07:21,42.65,49,rebound,T. Harris REBOUND (Off:0 Def:3),[],Harris,9,12,,False,False,202699,,2pt missed,2pt missed,,,,1627749|1627751|1627788|1628401|1629640|1629718|1630178|202699|203926|203954,1627788|1629718|1630178|202699|203954,1627749|1627751|1628401|1629640|203926,,,1610612755.0,22100704
1,PT07M12.00S,07:12,Q1 07:12,42.8,50,2pt,MISS T. Harris 6' driving floating Shot,['pointsinthepaint'],Harris,9,12,Missed,True,False,202699,,rebound,rebound,,,,1627749|1627751|1627788|1628401|1629640|1629718|1630178|202699|203926|203954,1627788|1629718|1630178|202699|203954,1627749|1627751|1628401|1629640|203926,1.0,62.0,1610612755.0,22100704
1,PT07M10.00S,07:10,Q1 07:10,42.833333333333336,51,rebound,D. Murray REBOUND (Off:0 Def:1),[],Murray,9,12,,False,False,1627749,,2pt missed,3pt missed,,,,1627749|1627751|1627788|1628401|1629640|1629718|1630178|202699|203926|203954,1627749|1627751|1628401|1629640|203926,1627788|1629718|1630178|202699|203954,,,1610612759.0,22100704
1,PT06M59.00S,06:59,Q1 06:59,41.016666666666666,52,3pt,MISS D. White 26' 3PT,[],White,9,12,Missed,True,False,1628401,,rebound,rebound,,,,1627749|1627751|1627788|1628401|1629640|1629718|1630178|202699|203926|203954,1627749|1627751|1628401|1629640|203926,1627788|1629718|1630178|202699|203954,76.0,251.0,1610612759.0,22100704
1,PT06M57.00S,06:57,Q1 06:57,41.05,53,rebound,F. Korkmaz REBOUND (Off:0 Def:1),[],Korkmaz,9,12,,False,False,1627788,,3pt missed,3pt missed,,,,1627749|1627751|1627788|1628401|1629640|1629718|1630178|202699|203926|203954,1627788|1629718|1630178|202699|203954,1627749|1627751|1628401|1629640|203926,,,1610612755.0,22100704
1,PT06M48.00S,06:48,Q1 06:48,41.2,54,3pt,MISS J. Embiid 25' 3PT,[],Embiid,9,12,Missed,True,False,203954,,rebound,rebound,,,,1627749|1627751|1627788|1628401|1629640|1629718|1630178|202699|203926|203954,1627788|1629718|1630178|202699|203954,1627749|1627751|1628401|1629640|203926,-116.0,222.0,1610612755.0,22100704
1,PT06M45.00S,06:45,Q1 06:45,41.25,55,rebound,D. White REBOUND (Off:0 Def:2),[],White,9,12,,False,False,1628401,,3pt missed,timeout,,,,1627749|1627751|1627788|1628401|1629640|1629718|1630178|202699|203926|203954,1627749|1627751|1628401|1629640|203926,1627788|1629718|1630178|202699|203954,,,1610612759.0,22100704
1,PT06M42.00S,06:42,Q1 06:42,41.3,56,timeout,SAS Timeout,"['team', 'mandatory']",,9,12,,False,False,0,,rebound,2pt missed,,,,1627749|1627751|1627788|1628401|1629640|1629718|1630178|202699|203926|203954,1627749|1627751|1628401|1629640|203926,1627788|1629718|1630178|202699|203954,,,1610612759.0,22100704
1,PT06M34.00S,06:34,Q1 06:34,41.43333333333333,57,2pt,MISS J. Poeltl cutting Layup - blocked,['pointsinthepaint'],Poeltl,9,12,Missed,True,False,1627751,,timeout,block,,,203954.0,1627749|1627751|1627788|1628401|1629640|1629718|1630178|202699|203926|203954,1627749|1627751|1628401|1629640|203926,1627788|1629718|1630178|202699|203954,-6.0,16.0,1610612759.0,22100704
1,PT06M34.00S,06:34,Q1 06:34,41.43333333333333,58,block,J. Embiid BLOCK (1 BLK),[],Embiid,9,12,,False,False,203954,,2pt missed,rebound,,,,1627749|1627751|1627788|1628401|1629640|1629718|1630178|202699|203926|203954,1627788|1629718|1630178|202699|203954,1627749|1627751|1628401|1629640|203926,,,1610612755.0,22100704
1,PT06M29.00S,06:29,Q1 06:29,41.516666666666666,59,rebound,J. Poeltl REBOUND (Off:1 Def:1),[],Poeltl,9,12,,False,False,1627751,,block,2pt made,,,,1627749|1627751|1627788|1628401|1629640|1629718|1630178|202699|203926|203954,1627749|1627751|1628401|1629640|203926,1627788|1629718|1630178|202699|203954,,,1610612759.0,22100704
1,PT06M29.00S,06:29,Q1 06:29,41.516666666666666,60,2pt,J. Poeltl putback Layup (2 PTS),"['pointsinthepaint', '2ndchance']",Poeltl,11,12,Made,True,False,1627751,,rebound,foul,,,,1627749|1627751|1627788|1628401|1629640|1629718|1630178|202699|203926|203954,1627749|1627751|1628401|1629640|203926,1627788|1629718|1630178|202699|203954,0.0,0.0,1610612759.0,22100704
1,PT06M18.00S,06:18,Q1 06:18,41.7,61,foul,J. Poeltl shooting personal FOUL (1 PF) (Harris 2 FT),['2freethrow'],Poeltl,11,12,,False,False,1627751,,2pt made,freethrow,202699.0,,,1627749|1627751|1627788|1628401|1629640|1629718|1630178|202699|203926|203954,1627749|1627751|1628401|1629640|203926,1627788|1629718|1630178|202699|203954,,,1610612759.0,22100704
1,PT06M18.00S,06:18,Q1 06:18,41.7,63,freethrow,T. Harris Free Throw 1 of 2 (3 PTS),[],Harris,11,13,Made,False,False,202699,,foul,freethrow,,,,1627749|1627751|1627788|1628401|1629640|1629718|1630178|202699|203926|203954,1627788|1629718|1630178|202699|203954,1627749|1627751|1628401|1629640|203926,,,1610612755.0,22100704
1,PT06M18.00S,06:18,Q1 06:18,41.7,64,freethrow,T. Harris Free Throw 2 of 2 (4 PTS),[],Harris,11,14,Made,False,False,202699,,freethrow,2pt missed,,,,1627749|1627751|1627788|1628401|1629640|1629718|1630178|202699|203926|203954,1627788|1629718|1630178|202699|203954,1627749|1627751|1628401|1629640|203926,,,1610612755.0,22100704
1,PT06M04.00S,06:04,Q1 06:04,41.93333333333333,65,2pt,MISS K. Johnson 7' turnaround Shot,['pointsinthepaint'],Johnson,11,14,Missed,True,False,1629640,,freethrow,rebound,,,,1627749|1627751|1627788|1628401|1629640|1629718|1630178|202699|203926|203954,1627749|1627751|1628401|1629640|203926,1627788|1629718|1630178|202699|203954,39.0,69.0,1610612759.0,22100704
1,PT06M02.00S,06:02,Q1 06:02,41.96666666666667,66,rebound,T. Harris REBOUND (Off:0 Def:4),[],Harris,11,14,,False,False,202699,,2pt missed,2pt missed,,,,1627749|1627751|1627788|1628401|1629640|1629718|1630178|202699|203926|203954,1627788|1629718|1630178|202699|203954,1627749|1627751|1628401|1629640|203926,,,1610612755.0,22100704
1,PT05M50.00S,05:50,Q1 05:50,40.166666666666664,67,2pt,MISS T. Maxey 12' floating Shot,[],Maxey,11,14,Missed,True,False,1630178,,rebound,rebound,,,,1627749|1627751|1627788|1628401|1629640|1629718|1630178|202699|203926|203954,1627788|1629718|1630178|202699|203954,1627749|1627751|1628401|1629640|203926,125.0,15.0,1610612755.0,22100704
1,PT05M46.00S,05:46,Q1 05:46,40.233333333333334,68,rebound,J. Poeltl REBOUND (Off:1 Def:2),[],Poeltl,11,14,,False,False,1627751,,2pt missed,foul,,,,1627749|1627751|1627788|1628401|1629640|1629718|1630178|202699|203926|203954,1627749|1627751|1628401|1629640|203926,1627788|1629718|1630178|202699|203954,,,1610612759.0,22100704
1,PT05M38.00S,05:38,Q1 05:38,40.36666666666667,69,foul,T. Harris shooting personal FOUL (1 PF) (Poeltl 2 FT),['2freethrow'],Harris,11,14,,False,False,202699,,rebound,freethrow,1627751.0,,,1627749|1627751|1627788|1628401|1629640|1629718|1630178|202699|203926|203954,1627788|1629718|1630178|202699|203954,1627749|1627751|1628401|1629640|203926,,,1610612755.0,22100704
1,PT05M38.00S,05:38,Q1 05:38,40.36666666666667,71,freethrow,MISS J. Poeltl Free Throw 1 of 2,[],Poeltl,11,14,Missed,False,False,1627751,,foul,rebound,,,,1627749|1627751|1627788|1628401|1629640|1629718|1630178|202699|203926|203954,1627749|1627751|1628401|1629640|203926,1627788|1629718|1630178|202699|203954,,,1610612759.0,22100704
1,PT05M38.00S,05:38,Q1 05:38,40.36666666666667,72,rebound,TEAM offensive REBOUND,"['deadball', 'team']",,11,14,,False,False,0,,freethrow,freethrow,,,,1627749|1627751|1627788|1628401|1629640|1629718|1630178|202699|203926|203954,1627749|1627751|1628401|1629640|203926,1627788|1629718|1630178|202699|203954,,,1610612759.0,22100704
1,PT05M38.00S,05:38,Q1 05:38,40.36666666666667,77,freethrow,J. Poeltl Free Throw 2 of 2 (3 PTS),[],Poeltl,12,14,Made,False,False,1627751,,rebound,substitution,,,,1627749|1627751|1627788|1628401|1629640|1629718|1630178|202699|203926|203954,1627749|1627751|1628401|1629640|203926,1627788|1629718|1630178|202699|203954,,,1610612759.0,22100704
1,PT05M38.00S,05:38,Q1 05:38,40.36666666666667,73,substitution,SUB out: D. McDermott,[],McDermott,11,14,,False,False,203926,,freethrow,substitution,,,,1627749|1627751|1627788|1628401|1629640|1629718|1630178|202699|203954,1627749|1627751|1628401|1629640,1627788|1629718|1630178|202699|203954,,,1610612759.0,22100704
1,PT05M38.00S,05:38,Q1 05:38,40.36666666666667,74,substitution,SUB out: T. Harris,[],Harris,11,14,,False,False,202699,,substitution,substitution,,,,1627749|1627751|1627788|1628401|1629640|1629718|1630178|203954,1627788|1629718|1630178|203954,1627749|1627751|1628401|1629640,,,1610612755.0,22100704
1,PT05M38.00S,05:38,Q1 05:38,40.36666666666667,75,substitution,SUB in: D. Vassell,[],Vassell,11,14,,False,False,1630170,,substitution,substitution,,,,1627749|1627751|1627788|1628401|1629640|1629718|1630170|1630178|203954,1627749|1627751|1628401|1629640|1630170,1627788|1629718|1630178|203954,,,1610612759.0,22100704
1,PT05M38.00S,05:38,Q1 05:38,40.36666666666667,76,substitution,SUB in: G. Niang,[],Niang,11,14,,False,False,1627777,,substitution,2pt made,,,,1627749|1627751|1627777|1627788|1628401|1629640|1629718|1630170|1630178|203954,1627777|1627788|1629718|1630178|203954,1627749|1627751|1628401|1629640|1630170,,,1610612755.0,22100704
1,PT05M28.00S,05:28,Q1 05:28,40.53333333333333,79,2pt,C. Brown Jr. reverse Layup (4 PTS) (J. Embiid 1 AST),['pointsinthepaint'],Brown Jr.,12,16,Made,True,True,1629718,203954.0,substitution,foul,,,,1627749|1627751|1627777|1627788|1628401|1629640|1629718|1630170|1630178|203954,1627777|1627788|1629718|1630178|203954,1627749|1627751|1628401|1629640|1630170,-2.0,5.0,1610612755.0,22100704
1,PT05M28.00S,05:28,Q1 05:28,40.53333333333333,81,foul,K. Johnson shooting personal FOUL (1 PF) (Brown Jr. 1 FT),['1freethrow'],Johnson,12,16,,False,False,1629640,,2pt made,freethrow,1629718.0,,,1627749|1627751|1627777|1627788|1628401|1629640|1629718|1630170|1630178|203954,1627749|1627751|1628401|1629640|1630170,1627777|1627788|1629718|1630178|203954,,,1610612759.0,22100704
1,PT05M28.00S,05:28,Q1 05:28,40.53333333333333,83,freethrow,C. Brown Jr. Free Throw 1 of 1 (5 PTS),[],Brown Jr.,12,17,Made,False,False,1629718,,foul,2pt made,,,,1627749|1627751|1627777|1627788|1628401|1629640|1629718|1630170|1630178|203954,1627777|1627788|1629718|1630178|203954,1627749|1627751|1628401|1629640|1630170,,,1610612755.0,22100704
1,PT05M11.00S,05:11,Q1 05:11,40.81666666666667,84,2pt,D. White 8' driving floating bank Jump Shot (2 PTS),['pointsinthepaint'],White,14,17,Made,True,False,1628401,,freethrow,2pt missed,,,,1627749|1627751|1627777|1627788|1628401|1629640|1629718|1630170|1630178|203954,1627749|1627751|1628401|1629640|1630170,1627777|1627788|1629718|1630178|203954,21.0,78.0,1610612759.0,22100704
1,PT04M48.00S,04:48,Q1 04:48,39.2,85,2pt,MISS J. Embiid 15' pullup Shot,[],Embiid,14,17,Missed,True,False,203954,,2pt made,rebound,,,,1627749|1627751|1627777|1627788|1628401|1629640|1629718|1630170|1630178|203954,1627777|1627788|1629718|1630178|203954,1627749|1627751|1628401|1629640|1630170,-100.0,117.0,1610612755.0,22100704
1,PT04M45.00S,04:45,Q1 04:45,39.25,86,rebound,K. Johnson REBOUND (Off:0 Def:1),[],Johnson,14,17,,False,False,1629640,,2pt missed,2pt made,,,,1627749|1627751|1627777|1627788|1628401|1629640|1629718|1630170|1630178|203954,1627749|1627751|1628401|1629640|1630170,1627777|1627788|1629718|1630178|203954,,,1610612759.0,22100704
1,PT04M36.00S,04:36,Q1 04:36,39.4,87,2pt,J. Poeltl reverse Layup (5 PTS) (D. Murray 1 AST),['pointsinthepaint'],Poeltl,16,17,Made,True,True,1627751,1627749.0,rebound,2pt missed,,,,1627749|1627751|1627777|1627788|1628401|1629640|1629718|1630170|1630178|203954,1627749|1627751|1628401|1629640|1630170,1627777|1627788|1629718|1630178|203954,-2.0,7.0,1610612759.0,22100704
1,PT04M12.00S,04:12,Q1 04:12,39.8,89,2pt,MISS T. Maxey driving finger roll Layup,['pointsinthepaint'],Maxey,16,17,Missed,True,False,1630178,,2pt made,rebound,,,,1627749|1627751|1627777|1627788|1628401|1629640|1629718|1630170|1630178|203954,1627777|1627788|1629718|1630178|203954,1627749|1627751|1628401|1629640|1630170,-2.0,6.0,1610612755.0,22100704
1,PT04M10.00S,04:10,Q1 04:10,39.833333333333336,90,rebound,D. Vassell REBOUND (Off:0 Def:1),[],Vassell,16,17,,False,False,1630170,,2pt missed,2pt made,,,,1627749|1627751|1627777|1627788|1628401|1629640|1629718|1630170|1630178|203954,1627749|1627751|1628401|1629640|1630170,1627777|1627788|1629718|1630178|203954,,,1610612759.0,22100704
1,PT04M06.00S,04:06,Q1 04:06,39.9,91,2pt,K. Johnson running Layup (7 PTS) (D. Murray 2 AST),"['fastbreak', 'pointsinthepaint']",Johnson,18,17,Made,True,True,1629640,1627749.0,rebound,3pt made,,,,1627749|1627751|1627777|1627788|1628401|1629640|1629718|1630170|1630178|203954,1627749|1627751|1628401|1629640|1630170,1627777|1627788|1629718|1630178|203954,-2.0,8.0,1610612759.0,22100704
1,PT03M48.00S,03:48,Q1 03:48,38.2,93,3pt,G. Niang 24' 3PT  (3 PTS) (J. Embiid 2 AST),[],Niang,18,20,Made,True,True,1627777,203954.0,2pt made,2pt missed,,,,1627749|1627751|1627777|1627788|1628401|1629640|1629718|1630170|1630178|203954,1627777|1627788|1629718|1630178|203954,1627749|1627751|1628401|1629640|1630170,-28.0,242.0,1610612755.0,22100704
1,PT03M27.00S,03:27,Q1 03:27,38.55,95,2pt,MISS D. Murray 8' pullup Shot,['pointsinthepaint'],Murray,18,20,Missed,True,False,1627749,,3pt made,rebound,,,,1627749|1627751|1627777|1627788|1628401|1629640|1629718|1630170|1630178|203954,1627749|1627751|1628401|1629640|1630170,1627777|1627788|1629718|1630178|203954,66.0,52.0,1610612759.0,22100704
1,PT03M25.00S,03:25,Q1 03:25,38.583333333333336,96,rebound,J. Embiid REBOUND (Off:0 Def:3),[],Embiid,18,20,,False,False,203954,,2pt missed,foul,,,,1627749|1627751|1627777|1627788|1628401|1629640|1629718|1630170|1630178|203954,1627777|1627788|1629718|1630178|203954,1627749|1627751|1628401|1629640|1630170,,,1610612755.0,22100704
1,PT03M24.00S,03:24,Q1 03:24,38.6,97,foul,D. Vassell shooting personal FOUL (1 PF) (Maxey 2 FT),['2freethrow'],Vassell,18,20,,False,False,1630170,,rebound,freethrow,1630178.0,,,1627749|1627751|1627777|1627788|1628401|1629640|1629718|1630170|1630178|203954,1627749|1627751|1628401|1629640|1630170,1627777|1627788|1629718|1630178|203954,,,1610612759.0,22100704
1,PT03M24.00S,03:24,Q1 03:24,38.6,99,freethrow,T. Maxey Free Throw 1 of 2 (1 PTS),[],Maxey,18,21,Made,False,False,1630178,,foul,freethrow,,,,1627749|1627751|1627777|1627788|1628401|1629640|1629718|1630170|1630178|203954,1627777|1627788|1629718|1630178|203954,1627749|1627751|1628401|1629640|1630170,,,1610612755.0,22100704
1,PT03M24.00S,03:24,Q1 03:24,38.6,106,freethrow,T. Maxey Free Throw 2 of 2 (2 PTS),[],Maxey,18,22,Made,False,False,1630178,,freethrow,substitution,,,,1627749|1627751|1627777|1627788|1628401|1629640|1629718|1630170|1630178|203954,1627777|1627788|1629718|1630178|203954,1627749|1627751|1628401|1629640|1630170,,,1610612755.0,22100704
1,PT03M24.00S,03:24,Q1 03:24,38.6,100,substitution,SUB out: K. Johnson,[],Johnson,18,21,,False,False,1629640,,freethrow,substitution,,,,1627749|1627751|1627777|1627788|1628401|1629718|1630170|1630178|203954,1627749|1627751|1628401|1630170,1627777|1627788|1629718|1630178|203954,,,1610612759.0,22100704
1,PT03M24.00S,03:24,Q1 03:24,38.6,101,substitution,SUB out: D. White,[],White,18,21,,False,False,1628401,,substitution,substitution,,,,1627749|1627751|1627777|1627788|1629718|1630170|1630178|203954,1627749|1627751|1630170,1627777|1627788|1629718|1630178|203954,,,1610612759.0,22100704
1,PT03M24.00S,03:24,Q1 03:24,38.6,102,substitution,SUB out: J. Embiid,[],Embiid,18,21,,False,False,203954,,substitution,substitution,,,,1627749|1627751|1627777|1627788|1629718|1630170|1630178,1627777|1627788|1629718|1630178,1627749|1627751|1630170,,,1610612755.0,22100704
1,PT03M24.00S,03:24,Q1 03:24,38.6,103,substitution,SUB in: L. Walker IV,[],Walker IV,18,21,,False,False,1629022,,substitution,substitution,,,,1627749|1627751|1627777|1627788|1629022|1629718|1630170|1630178,1627749|1627751|1629022|1630170,1627777|1627788|1629718|1630178,,,1610612759.0,22100704
1,PT03M24.00S,03:24,Q1 03:24,38.6,104,substitution,SUB in: K. Bates-Diop,[],Bates-Diop,18,21,,False,False,1628966,,substitution,substitution,,,,1627749|1627751|1627777|1627788|1628966|1629022|1629718|1630170|1630178,1627749|1627751|1628966|1629022|1630170,1627777|1627788|1629718|1630178,,,1610612759.0,22100704
1,PT03M24.00S,03:24,Q1 03:24,38.6,105,substitution,SUB in: A. Drummond,[],Drummond,18,21,,False,False,203083,,substitution,2pt made,,,,1627749|1627751|1627777|1627788|1628966|1629022|1629718|1630170|1630178|203083,1627777|1627788|1629718|1630178|203083,1627749|1627751|1628966|1629022|1630170,,,1610612755.0,22100704
1,PT03M13.00S,03:13,Q1 03:13,38.78333333333333,107,2pt,L. Walker IV 11' floating Jump Shot (2 PTS),['pointsinthepaint'],Walker IV,20,22,Made,True,False,1629022,,substitution,foul,,,,1627749|1627751|1627777|1627788|1628966|1629022|1629718|1630170|1630178|203083,1627749|1627751|1628966|1629022|1630170,1627777|1627788|1629718|1630178|203083,78.0,90.0,1610612759.0,22100704
1,PT02M53.00S,02:53,Q1 02:53,37.11666666666667,108,foul,J. Poeltl shooting personal FOUL (2 PF) (Drummond 2 FT),"['inpenalty', '2freethrow']",Poeltl,20,22,,False,False,1627751,,2pt made,timeout,203083.0,,,1627749|1627751|1627777|1627788|1628966|1629022|1629718|1630170|1630178|203083,1627749|1627751|1628966|1629022|1630170,1627777|1627788|1629718|1630178|203083,,,1610612759.0,22100704
1,PT02M53.00S,02:53,Q1 02:53,37.11666666666667,110,timeout,PHI Timeout,"['team', 'mandatory']",,20,22,,False,False,0,,foul,freethrow,,,,1627749|1627751|1627777|1627788|1628966|1629022|1629718|1630170|1630178|203083,1627777|1627788|1629718|1630178|203083,1627749|1627751|1628966|1629022|1630170,,,1610612755.0,22100704
1,PT02M53.00S,02:53,Q1 02:53,37.11666666666667,115,freethrow,MISS A. Drummond Free Throw 1 of 2,[],Drummond,20,22,Missed,False,False,203083,,timeout,rebound,,,,1627749|1627751|1627777|1627788|1628966|1629022|1629718|1630170|1630178|203083,1627777|1627788|1629718|1630178|203083,1627749|1627751|1628966|1629022|1630170,,,1610612755.0,22100704
1,PT02M53.00S,02:53,Q1 02:53,37.11666666666667,116,rebound,TEAM offensive REBOUND,"['deadball', 'team']",,20,22,,False,False,0,,freethrow,freethrow,,,,1627749|1627751|1627777|1627788|1628966|1629022|1629718|1630170|1630178|203083,1627777|1627788|1629718|1630178|203083,1627749|1627751|1628966|1629022|1630170,,,1610612755.0,22100704
1,PT02M53.00S,02:53,Q1 02:53,37.11666666666667,117,freethrow,MISS A. Drummond Free Throw 2 of 2,[],Drummond,20,22,Missed,False,False,203083,,rebound,substitution,,,,1627749|1627751|1627777|1627788|1628966|1629022|1629718|1630170|1630178|203083,1627777|1627788|1629718|1630178|203083,1627749|1627751|1628966|1629022|1630170,,,1610612755.0,22100704
1,PT02M53.00S,02:53,Q1 02:53,37.11666666666667,111,substitution,SUB out: J. Poeltl,[],Poeltl,20,22,,False,False,1627751,,freethrow,substitution,,,,1627749|1627777|1627788|1628966|1629022|1629718|1630170|1630178|203083,1627749|1628966|1629022|1630170,1627777|1627788|1629718|1630178|203083,,,1610612759.0,22100704
1,PT02M53.00S,02:53,Q1 02:53,37.11666666666667,112,substitution,SUB out: T. Maxey,[],Maxey,20,22,,False,False,1630178,,substitution,substitution,,,,1627749|1627777|1627788|1628966|1629022|1629718|1630170|203083,1627777|1627788|1629718|203083,1627749|1628966|1629022|1630170,,,1610612755.0,22100704
1,PT02M53.00S,02:53,Q1 02:53,37.11666666666667,113,substitution,SUB in: D. Eubanks,[],Eubanks,20,22,,False,False,1629234,,substitution,substitution,,,,1627749|1627777|1627788|1628966|1629022|1629234|1629718|1630170|203083,1627749|1628966|1629022|1629234|1630170,1627777|1627788|1629718|203083,,,1610612759.0,22100704
1,PT02M53.00S,02:53,Q1 02:53,37.11666666666667,114,substitution,SUB in: I. Joe,[],Joe,20,22,,False,False,1630198,,substitution,rebound,,,,1627749|1627777|1627788|1628966|1629022|1629234|1629718|1630170|1630198|203083,1627777|1627788|1629718|1630198|203083,1627749|1628966|1629022|1629234|1630170,,,1610612755.0,22100704
1,PT02M51.00S,02:51,Q1 02:51,37.15,118,rebound,D. Eubanks REBOUND (Off:0 Def:1),[],Eubanks,20,22,,False,False,1629234,,substitution,foul,,,,1627749|1627777|1627788|1628966|1629022|1629234|1629718|1630170|1630198|203083,1627749|1628966|1629022|1629234|1630170,1627777|1627788|1629718|1630198|203083,,,1610612759.0,22100704
1,PT02M38.00S,02:38,Q1 02:38,37.36666666666667,119,foul,I. Joe shooting personal FOUL (1 PF) (Murray 2 FT),['2freethrow'],Joe,20,22,,False,False,1630198,,rebound,freethrow,1627749.0,,,1627749|1627777|1627788|1628966|1629022|1629234|1629718|1630170|1630198|203083,1627777|1627788|1629718|1630198|203083,1627749|1628966|1629022|1629234|1630170,,,1610612755.0,22100704
1,PT02M38.00S,02:38,Q1 02:38,37.36666666666667,121,freethrow,MISS D. Murray Free Throw 1 of 2,[],Murray,20,22,Missed,False,False,1627749,,foul,rebound,,,,1627749|1627777|1627788|1628966|1629022|1629234|1629718|1630170|1630198|203083,1627749|1628966|1629022|1629234|1630170,1627777|1627788|1629718|1630198|203083,,,1610612759.0,22100704
1,PT02M38.00S,02:38,Q1 02:38,37.36666666666667,122,rebound,TEAM offensive REBOUND,"['deadball', 'team']",,20,22,,False,False,0,,freethrow,freethrow,,,,1627749|1627777|1627788|1628966|1629022|1629234|1629718|1630170|1630198|203083,1627749|1628966|1629022|1629234|1630170,1627777|1627788|1629718|1630198|203083,,,1610612759.0,22100704
1,PT02M38.00S,02:38,Q1 02:38,37.36666666666667,123,freethrow,D. Murray Free Throw 2 of 2 (3 PTS),[],Murray,21,22,Made,False,False,1627749,,rebound,3pt made,,,,1627749|1627777|1627788|1628966|1629022|1629234|1629718|1630170|1630198|203083,1627749|1628966|1629022|1629234|1630170,1627777|1627788|1629718|1630198|203083,,,1610612759.0,22100704
1,PT02M26.00S,02:26,Q1 02:26,37.56666666666667,124,3pt,I. Joe 3PT  (3 PTS) (F. Korkmaz 1 AST),[],Joe,21,25,Made,True,True,1630198,1627788.0,freethrow,2pt made,,,,1627749|1627777|1627788|1628966|1629022|1629234|1629718|1630170|1630198|203083,1627777|1627788|1629718|1630198|203083,1627749|1628966|1629022|1629234|1630170,-222.0,0.0,1610612755.0,22100704
1,PT02M11.00S,02:11,Q1 02:11,37.81666666666667,126,2pt,L. Walker IV driving finger roll Layup (4 PTS) (D. Murray 3 AST),['pointsinthepaint'],Walker IV,23,25,Made,True,True,1629022,1627749.0,3pt made,2pt made,,,,1627749|1627777|1627788|1628966|1629022|1629234|1629718|1630170|1630198|203083,1627749|1628966|1629022|1629234|1630170,1627777|1627788|1629718|1630198|203083,5.0,10.0,1610612759.0,22100704
1,PT01M50.00S,01:50,Q1 01:50,36.166666666666664,128,2pt,F. Korkmaz driving finger roll Layup (4 PTS),['pointsinthepaint'],Korkmaz,23,27,Made,True,False,1627788,,2pt made,3pt missed,,,,1627749|1627777|1627788|1628966|1629022|1629234|1629718|1630170|1630198|203083,1627777|1627788|1629718|1630198|203083,1627749|1628966|1629022|1629234|1630170,16.0,14.0,1610612755.0,22100704
1,PT01M31.00S,01:31,Q1 01:31,36.483333333333334,129,3pt,MISS L. Walker IV 25' 3PT,[],Walker IV,23,27,Missed,True,False,1629022,,2pt made,rebound,,,,1627749|1627777|1627788|1628966|1629022|1629234|1629718|1630170|1630198|203083,1627749|1628966|1629022|1629234|1630170,1627777|1627788|1629718|1630198|203083,-91.0,239.0,1610612759.0,22100704
1,PT01M27.00S,01:27,Q1 01:27,36.55,130,rebound,A. Drummond REBOUND (Off:0 Def:1),[],Drummond,23,27,,False,False,203083,,3pt missed,2pt made,,,,1627749|1627777|1627788|1628966|1629022|1629234|1629718|1630170|1630198|203083,1627777|1627788|1629718|1630198|203083,1627749|1628966|1629022|1629234|1630170,,,1610612755.0,22100704
1,PT01M18.00S,01:18,Q1 01:18,36.7,131,2pt,A. Drummond alley-oop DUNK (2 PTS) (F. Korkmaz 2 AST),['pointsinthepaint'],Drummond,23,29,Made,True,True,203083,1627788.0,rebound,turnover,,,,1627749|1627777|1627788|1628966|1629022|1629234|1629718|1630170|1630198|203083,1627777|1627788|1629718|1630198|203083,1627749|1628966|1629022|1629234|1630170,6.0,6.0,1610612755.0,22100704
1,PT01M02.00S,01:02,Q1 01:02,36.96666666666667,133,turnover,D. Murray lost ball TURNOVER (1 TO),[],Murray,23,29,,False,False,1627749,,2pt made,steal,,1629718.0,,1627749|1627777|1627788|1628966|1629022|1629234|1629718|1630170|1630198|203083,1627749|1628966|1629022|1629234|1630170,1627777|1627788|1629718|1630198|203083,,,1610612759.0,22100704
1,PT01M02.00S,01:02,Q1 01:02,36.96666666666667,134,steal,C. Brown Jr. STEAL (1 STL),[],Brown Jr.,23,29,,False,False,1629718,,turnover,turnover,,,,1627749|1627777|1627788|1628966|1629022|1629234|1629718|1630170|1630198|203083,1627777|1627788|1629718|1630198|203083,1627749|1628966|1629022|1629234|1630170,,,1610612755.0,22100704
1,PT00M54.50S,00:54,Q1 00:54,35.1,135,turnover,F. Korkmaz traveling TURNOVER (1 TO),[],Korkmaz,23,29,,False,False,1627788,,steal,substitution,,,,1627749|1627777|1627788|1628966|1629022|1629234|1629718|1630170|1630198|203083,1627777|1627788|1629718|1630198|203083,1627749|1628966|1629022|1629234|1630170,,,1610612755.0,22100704
1,PT00M54.50S,00:54,Q1 00:54,35.1,136,substitution,SUB out: C. Brown Jr.,[],Brown Jr.,23,29,,False,False,1629718,,turnover,substitution,,,,1627749|1627777|1627788|1628966|1629022|1629234|1630170|1630198|203083,1627777|1627788|1630198|203083,1627749|1628966|1629022|1629234|1630170,,,1610612755.0,22100704
1,PT00M54.50S,00:54,Q1 00:54,35.1,137,substitution,SUB in: T. Harris,[],Harris,23,29,,False,False,202699,,substitution,2pt missed,,,,1627749|1627777|1627788|1628966|1629022|1629234|1630170|1630198|202699|203083,1627777|1627788|1630198|202699|203083,1627749|1628966|1629022|1629234|1630170,,,1610612755.0,22100704
1,PT00M43.00S,00:43,Q1 00:43,35.28333333333333,138,2pt,MISS D. Vassell 16' pullup Shot - blocked,['fromturnover'],Vassell,23,29,Missed,True,False,1630170,,substitution,block,,,1627788.0,1627749|1627777|1627788|1628966|1629022|1629234|1630170|1630198|202699|203083,1627749|1628966|1629022|1629234|1630170,1627777|1627788|1630198|202699|203083,88.0,143.0,1610612759.0,22100704
1,PT00M43.00S,00:43,Q1 00:43,35.28333333333333,612,block,F. Korkmaz BLOCK (1 BLK),[],Korkmaz,23,29,,False,False,1627788,,2pt missed,rebound,,,,1627749|1627777|1627788|1628966|1629022|1629234|1630170|1630198|202699|203083,1627777|1627788|1630198|202699|203083,1627749|1628966|1629022|1629234|1630170,,,1610612755.0,22100704
1,PT00M40.80S,00:40,Q1 00:40,35.333333333333336,139,rebound,F. Korkmaz REBOUND (Off:0 Def:2),[],Korkmaz,23,29,,False,False,1627788,,block,3pt missed,,,,1627749|1627777|1627788|1628966|1629022|1629234|1630170|1630198|202699|203083,1627777|1627788|1630198|202699|203083,1627749|1628966|1629022|1629234|1630170,,,1610612755.0,22100704
1,PT00M28.30S,00:28,Q1 00:28,35.53333333333333,140,3pt,MISS F. Korkmaz 28' 3PT,[],Korkmaz,23,29,Missed,True,False,1627788,,rebound,rebound,,,,1627749|1627777|1627788|1628966|1629022|1629234|1630170|1630198|202699|203083,1627777|1627788|1630198|202699|203083,1627749|1628966|1629022|1629234|1630170,-206.0,204.0,1610612755.0,22100704
1,PT00M26.10S,00:26,Q1 00:26,35.56666666666667,141,rebound,TEAM defensive REBOUND,['team'],,23,29,,False,False,0,,3pt missed,substitution,,,,1627749|1627777|1627788|1628966|1629022|1629234|1630170|1630198|202699|203083,1627749|1628966|1629022|1629234|1630170,1627777|1627788|1630198|202699|203083,,,1610612759.0,22100704
1,PT00M26.10S,00:26,Q1 00:26,35.56666666666667,143,substitution,SUB out: D. Murray,[],Murray,23,29,,False,False,1627749,,rebound,substitution,,,,1627777|1627788|1628966|1629022|1629234|1630170|1630198|202699|203083,1628966|1629022|1629234|1630170,1627777|1627788|1630198|202699|203083,,,1610612759.0,22100704
1,PT00M26.10S,00:26,Q1 00:26,35.56666666666667,144,substitution,SUB out: F. Korkmaz,[],Korkmaz,23,29,,False,False,1627788,,substitution,substitution,,,,1627777|1628966|1629022|1629234|1630170|1630198|202699|203083,1627777|1630198|202699|203083,1628966|1629022|1629234|1630170,,,1610612755.0,22100704
1,PT00M26.10S,00:26,Q1 00:26,35.56666666666667,145,substitution,SUB in: D. White,[],White,23,29,,False,False,1628401,,substitution,substitution,,,,1627777|1628401|1628966|1629022|1629234|1630170|1630198|202699|203083,1628401|1628966|1629022|1629234|1630170,1627777|1630198|202699|203083,,,1610612759.0,22100704
1,PT00M26.10S,00:26,Q1 00:26,35.56666666666667,146,substitution,SUB in: T. Maxey,[],Maxey,23,29,,False,False,1630178,,substitution,2pt missed,,,,1627777|1628401|1628966|1629022|1629234|1630170|1630178|1630198|202699|203083,1627777|1630178|1630198|202699|203083,1628401|1628966|1629022|1629234|1630170,,,1610612755.0,22100704
1,PT00M07.10S,00:07,Q1 00:07,35.88333333333333,147,2pt,MISS L. Walker IV driving Layup - blocked,['pointsinthepaint'],Walker IV,23,29,Missed,True,False,1629022,,substitution,block,,,203083.0,1627777|1628401|1628966|1629022|1629234|1630170|1630178|1630198|202699|203083,1628401|1628966|1629022|1629234|1630170,1627777|1630178|1630198|202699|203083,38.0,20.0,1610612759.0,22100704
1,PT00M07.10S,00:07,Q1 00:07,35.88333333333333,148,block,A. Drummond BLOCK (1 BLK),[],Drummond,23,29,,False,False,203083,,2pt missed,rebound,,,,1627777|1628401|1628966|1629022|1629234|1630170|1630178|1630198|202699|203083,1627777|1630178|1630198|202699|203083,1628401|1628966|1629022|1629234|1630170,,,1610612755.0,22100704
1,PT00M03.40S,00:03,Q1 00:03,35.95,149,rebound,K. Bates-Diop REBOUND (Off:1 Def:0),[],Bates-Diop,23,29,,False,False,1628966,,block,3pt missed,,,,1627777|1628401|1628966|1629022|1629234|1630170|1630178|1630198|202699|203083,1628401|1628966|1629022|1629234|1630170,1627777|1630178|1630198|202699|203083,,,1610612759.0,22100704
1,PT00M02.40S,00:02,Q1 00:02,35.96666666666667,150,3pt,MISS K. Bates-Diop 25' 3PT,['2ndchance'],Bates-Diop,23,29,Missed,True,False,1628966,,rebound,rebound,,,,1627777|1628401|1628966|1629022|1629234|1630170|1630178|1630198|202699|203083,1628401|1628966|1629022|1629234|1630170,1627777|1630178|1630198|202699|203083,148.0,207.0,1610612759.0,22100704
1,PT00M00.50S,00:00,Q1 00:00,36.0,151,rebound,D. Eubanks REBOUND (Off:1 Def:1),[],Eubanks,23,29,,False,False,1629234,,3pt missed,2pt missed,,,,1627777|1628401|1628966|1629022|1629234|1630170|1630178|1630198|202699|203083,1628401|1628966|1629022|1629234|1630170,1627777|1630178|1630198|202699|203083,,,1610612759.0,22100704
1,PT00M00.00S,00:00,Q1 00:00,36.0,152,2pt,MISS D. Eubanks 13' Hook,"['pointsinthepaint', '2ndchance']",Eubanks,23,29,Missed,True,False,1629234,,rebound,rebound,,,,1627777|1628401|1628966|1629022|1629234|1630170|1630178|1630198|202699|203083,1628401|1628966|1629022|1629234|1630170,1627777|1630178|1630198|202699|203083,43.0,133.0,1610612759.0,22100704
1,PT00M00.00S,00:00,Q1 00:00,36.0,153,rebound,TEAM offensive REBOUND,['team'],,23,29,,False,False,0,,2pt missed,2pt missed,,,,1627777|1628401|1628966|1629022|1629234|1630170|1630178|1630198|202699|203083,1628401|1628966|1629022|1629234|1630170,1627777|1630178|1630198|202699|203083,,,1610612759.0,22100704
2,PT11M43.00S,11:43,Q2 11:43,34.28333333333333,156,2pt,MISS A. Drummond alley-oop DUNK,['pointsinthepaint'],Drummond,23,29,Missed,True,False,203083,,rebound,rebound,,,,1627777|1628401|1628966|1629022|1629234|1630170|1630178|1630198|202699|203083,1627777|1630178|1630198|202699|203083,1628401|1628966|1629022|1629234|1630170,1.0,9.0,1610612755.0,22100704
2,PT11M41.00S,11:41,Q2 11:41,34.31666666666667,157,rebound,K. Bates-Diop REBOUND (Off:1 Def:1),[],Bates-Diop,23,29,,False,False,1628966,,2pt missed,2pt missed,,,,1627777|1628401|1628966|1629022|1629234|1630170|1630178|1630198|202699|203083,1628401|1628966|1629022|1629234|1630170,1627777|1630178|1630198|202699|203083,,,1610612759.0,22100704
2,PT11M37.00S,11:37,Q2 11:37,34.38333333333333,158,2pt,MISS D. White running Layup,"['fastbreak', 'pointsinthepaint']",White,23,29,Missed,True,False,1628401,,rebound,rebound,,,,1627777|1628401|1628966|1629022|1629234|1630170|1630178|1630198|202699|203083,1628401|1628966|1629022|1629234|1630170,1627777|1630178|1630198|202699|203083,-7.0,8.0,1610612759.0,22100704
2,PT11M34.00S,11:34,Q2 11:34,34.43333333333333,159,rebound,D. Eubanks REBOUND (Off:2 Def:1),[],Eubanks,23,29,,False,False,1629234,,2pt missed,2pt missed,,,,1627777|1628401|1628966|1629022|1629234|1630170|1630178|1630198|202699|203083,1628401|1628966|1629022|1629234|1630170,1627777|1630178|1630198|202699|203083,,,1610612759.0,22100704
2,PT11M34.00S,11:34,Q2 11:34,34.43333333333333,160,2pt,MISS D. Eubanks tip Layup,"['pointsinthepaint', '2ndchance']",Eubanks,23,29,Missed,True,False,1629234,,rebound,rebound,,,,1627777|1628401|1628966|1629022|1629234|1630170|1630178|1630198|202699|203083,1628401|1628966|1629022|1629234|1630170,1627777|1630178|1630198|202699|203083,0.0,0.0,1610612759.0,22100704
2,PT11M32.00S,11:32,Q2 11:32,34.46666666666667,161,rebound,G. Niang REBOUND (Off:0 Def:1),[],Niang,23,29,,False,False,1627777,,2pt missed,3pt missed,,,,1627777|1628401|1628966|1629022|1629234|1630170|1630178|1630198|202699|203083,1627777|1630178|1630198|202699|203083,1628401|1628966|1629022|1629234|1630170,,,1610612755.0,22100704
2,PT11M27.00S,11:27,Q2 11:27,34.55,162,3pt,MISS G. Niang 25' 3PT,['fastbreak'],Niang,23,29,Missed,True,False,1627777,,rebound,rebound,,,,1627777|1628401|1628966|1629022|1629234|1630170|1630178|1630198|202699|203083,1627777|1630178|1630198|202699|203083,1628401|1628966|1629022|1629234|1630170,-75.0,239.0,1610612755.0,22100704
2,PT11M27.00S,11:27,Q2 11:27,34.55,163,rebound,D. Vassell REBOUND (Off:0 Def:2),[],Vassell,23,29,,False,False,1630170,,3pt missed,foul,,,,1627777|1628401|1628966|1629022|1629234|1630170|1630178|1630198|202699|203083,1628401|1628966|1629022|1629234|1630170,1627777|1630178|1630198|202699|203083,,,1610612759.0,22100704
2,PT11M17.00S,11:17,Q2 11:17,34.71666666666667,164,foul,A. Drummond personal FOUL (1 PF),[],Drummond,23,29,,False,False,203083,,rebound,2pt missed,1628401.0,,,1627777|1628401|1628966|1629022|1629234|1630170|1630178|1630198|202699|203083,1627777|1630178|1630198|202699|203083,1628401|1628966|1629022|1629234|1630170,,,1610612755.0,22100704
2,PT11M10.00S,11:10,Q2 11:10,34.833333333333336,166,2pt,MISS K. Bates-Diop cutting Layup,['pointsinthepaint'],Bates-Diop,23,29,Missed,True,False,1628966,,foul,rebound,,,,1627777|1628401|1628966|1629022|1629234|1630170|1630178|1630198|202699|203083,1628401|1628966|1629022|1629234|1630170,1627777|1630178|1630198|202699|203083,-6.0,13.0,1610612759.0,22100704
2,PT11M07.00S,11:07,Q2 11:07,34.88333333333333,167,rebound,T. Maxey REBOUND (Off:0 Def:1),[],Maxey,23,29,,False,False,1630178,,2pt missed,2pt missed,,,,1627777|1628401|1628966|1629022|1629234|1630170|1630178|1630198|202699|203083,1627777|1630178|1630198|202699|203083,1628401|1628966|1629022|1629234|1630170,,,1610612755.0,22100704
2,PT10M48.00S,10:48,Q2 10:48,33.2,168,2pt,MISS T. Maxey 9' driving floating Shot,['pointsinthepaint'],Maxey,23,29,Missed,True,False,1630178,,rebound,rebound,,,,1627777|1628401|1628966|1629022|1629234|1630170|1630178|1630198|202699|203083,1627777|1630178|1630198|202699|203083,1628401|1628966|1629022|1629234|1630170,-58.0,72.0,1610612755.0,22100704
2,PT10M46.00S,10:46,Q2 10:46,33.233333333333334,169,rebound,D. Eubanks REBOUND (Off:2 Def:2),[],Eubanks,23,29,,False,False,1629234,,2pt missed,3pt missed,,,,1627777|1628401|1628966|1629022|1629234|1630170|1630178|1630198|202699|203083,1628401|1628966|1629022|1629234|1630170,1627777|1630178|1630198|202699|203083,,,1610612759.0,22100704
2,PT10M38.00S,10:38,Q2 10:38,33.36666666666667,170,3pt,MISS D. White 25' 3PT,[],White,23,29,Missed,True,False,1628401,,rebound,rebound,,,,1627777|1628401|1628966|1629022|1629234|1630170|1630178|1630198|202699|203083,1628401|1628966|1629022|1629234|1630170,1627777|1630178|1630198|202699|203083,152.0,202.0,1610612759.0,22100704
2,PT10M36.00S,10:36,Q2 10:36,33.4,171,rebound,D. White REBOUND (Off:1 Def:2),[],White,23,29,,False,False,1628401,,3pt missed,3pt missed,,,,1627777|1628401|1628966|1629022|1629234|1630170|1630178|1630198|202699|203083,1628401|1628966|1629022|1629234|1630170,1627777|1630178|1630198|202699|203083,,,1610612759.0,22100704
2,PT10M34.00S,10:34,Q2 10:34,33.43333333333333,172,3pt,MISS D. Vassell 3PT,['2ndchance'],Vassell,23,29,Missed,True,False,1630170,,rebound,rebound,,,,1627777|1628401|1628966|1629022|1629234|1630170|1630178|1630198|202699|203083,1628401|1628966|1629022|1629234|1630170,1627777|1630178|1630198|202699|203083,224.0,-3.0,1610612759.0,22100704
2,PT10M31.00S,10:31,Q2 10:31,33.483333333333334,173,rebound,A. Drummond REBOUND (Off:0 Def:2),[],Drummond,23,29,,False,False,203083,,3pt missed,2pt missed,,,,1627777|1628401|1628966|1629022|1629234|1630170|1630178|1630198|202699|203083,1627777|1630178|1630198|202699|203083,1628401|1628966|1629022|1629234|1630170,,,1610612755.0,22100704
2,PT10M10.00S,10:10,Q2 10:10,33.833333333333336,174,2pt,MISS T. Harris 6' turnaround Shot,['pointsinthepaint'],Harris,23,29,Missed,True,False,202699,,rebound,rebound,,,,1627777|1628401|1628966|1629022|1629234|1630170|1630178|1630198|202699|203083,1627777|1630178|1630198|202699|203083,1628401|1628966|1629022|1629234|1630170,-54.0,42.0,1610612755.0,22100704
2,PT10M05.00S,10:05,Q2 10:05,33.916666666666664,175,rebound,A. Drummond REBOUND (Off:1 Def:2),[],Drummond,23,29,,False,False,203083,,2pt missed,2pt made,,,,1627777|1628401|1628966|1629022|1629234|1630170|1630178|1630198|202699|203083,1627777|1630178|1630198|202699|203083,1628401|1628966|1629022|1629234|1630170,,,1610612755.0,22100704
2,PT10M05.00S,10:05,Q2 10:05,33.916666666666664,176,2pt,A. Drummond tip Layup (4 PTS),"['pointsinthepaint', '2ndchance']",Drummond,23,31,Made,True,False,203083,,rebound,turnover,,,,1627777|1628401|1628966|1629022|1629234|1630170|1630178|1630198|202699|203083,1627777|1630178|1630198|202699|203083,1628401|1628966|1629022|1629234|1630170,0.0,0.0,1610612755.0,22100704
2,PT10M00.00S,10:00,Q2 10:00,34.0,177,turnover,L. Walker IV bad pass TURNOVER (1 TO),[],Walker IV,23,31,,False,False,1629022,,2pt made,steal,,1630198.0,,1627777|1628401|1628966|1629022|1629234|1630170|1630178|1630198|202699|203083,1628401|1628966|1629022|1629234|1630170,1627777|1630178|1630198|202699|203083,,,1610612759.0,22100704
2,PT10M00.00S,10:00,Q2 10:00,34.0,178,steal,I. Joe STEAL (1 STL),[],Joe,23,31,,False,False,1630198,,turnover,2pt missed,,,,1627777|1628401|1628966|1629022|1629234|1630170|1630178|1630198|202699|203083,1627777|1630178|1630198|202699|203083,1628401|1628966|1629022|1629234|1630170,,,1610612755.0,22100704
2,PT09M56.00S,09:56,Q2 09:56,32.06666666666667,179,2pt,MISS I. Joe running finger roll Layup,"['fastbreak', 'pointsinthepaint', 'fromturnover']",Joe,23,31,Missed,True,False,1630198,,steal,rebound,,,,1627777|1628401|1628966|1629022|1629234|1630170|1630178|1630198|202699|203083,1627777|1630178|1630198|202699|203083,1628401|1628966|1629022|1629234|1630170,2.0,16.0,1610612755.0,22100704
2,PT09M55.00S,09:55,Q2 09:55,32.083333333333336,180,rebound,T. Maxey REBOUND (Off:1 Def:1),[],Maxey,23,31,,False,False,1630178,,2pt missed,2pt missed,,,,1627777|1628401|1628966|1629022|1629234|1630170|1630178|1630198|202699|203083,1627777|1630178|1630198|202699|203083,1628401|1628966|1629022|1629234|1630170,,,1610612755.0,22100704
2,PT09M55.00S,09:55,Q2 09:55,32.083333333333336,181,2pt,MISS T. Maxey tip Layup,"['2ndchance', 'fastbreak', 'pointsinthepaint', 'fromturnover']",Maxey,23,31,Missed,True,False,1630178,,rebound,rebound,,,,1627777|1628401|1628966|1629022|1629234|1630170|1630178|1630198|202699|203083,1627777|1630178|1630198|202699|203083,1628401|1628966|1629022|1629234|1630170,0.0,0.0,1610612755.0,22100704
2,PT09M55.00S,09:55,Q2 09:55,32.083333333333336,182,rebound,T. Harris REBOUND (Off:1 Def:4),[],Harris,23,31,,False,False,202699,,2pt missed,2pt made,,,,1627777|1628401|1628966|1629022|1629234|1630170|1630178|1630198|202699|203083,1627777|1630178|1630198|202699|203083,1628401|1628966|1629022|1629234|1630170,,,1610612755.0,22100704
2,PT09M55.00S,09:55,Q2 09:55,32.083333333333336,183,2pt,T. Harris tip Layup (6 PTS),"['2ndchance', 'fastbreak', 'pointsinthepaint', 'fromturnover']",Harris,23,33,Made,True,False,202699,,rebound,timeout,,,,1627777|1628401|1628966|1629022|1629234|1630170|1630178|1630198|202699|203083,1627777|1630178|1630198|202699|203083,1628401|1628966|1629022|1629234|1630170,0.0,0.0,1610612755.0,22100704
2,PT09M55.00S,09:55,Q2 09:55,32.083333333333336,184,timeout,SAS Timeout,"['team', 'mandatory']",,23,33,,False,False,0,,2pt made,substitution,,,,1627777|1628401|1628966|1629022|1629234|1630170|1630178|1630198|202699|203083,1628401|1628966|1629022|1629234|1630170,1627777|1630178|1630198|202699|203083,,,1610612759.0,22100704
2,PT09M55.00S,09:55,Q2 09:55,32.083333333333336,185,substitution,SUB out: D. Eubanks,[],Eubanks,23,33,,False,False,1629234,,timeout,substitution,,,,1627777|1628401|1628966|1629022|1630170|1630178|1630198|202699|203083,1628401|1628966|1629022|1630170,1627777|1630178|1630198|202699|203083,,,1610612759.0,22100704
2,PT09M55.00S,09:55,Q2 09:55,32.083333333333336,186,substitution,SUB out: D. Vassell,[],Vassell,23,33,,False,False,1630170,,substitution,substitution,,,,1627777|1628401|1628966|1629022|1630178|1630198|202699|203083,1628401|1628966|1629022,1627777|1630178|1630198|202699|203083,,,1610612759.0,22100704
2,PT09M55.00S,09:55,Q2 09:55,32.083333333333336,187,substitution,SUB in: D. McDermott,[],McDermott,23,33,,False,False,203926,,substitution,substitution,,,,1627777|1628401|1628966|1629022|1630178|1630198|202699|203083|203926,1628401|1628966|1629022|203926,1627777|1630178|1630198|202699|203083,,,1610612759.0,22100704
2,PT09M55.00S,09:55,Q2 09:55,32.083333333333336,188,substitution,SUB in: J. Poeltl,[],Poeltl,23,33,,False,False,1627751,,substitution,2pt made,,,,1627751|1627777|1628401|1628966|1629022|1630178|1630198|202699|203083|203926,1627751|1628401|1628966|1629022|203926,1627777|1630178|1630198|202699|203083,,,1610612759.0,22100704
2,PT09M37.00S,09:37,Q2 09:37,32.38333333333333,189,2pt,J. Poeltl cutting Layup (7 PTS) (D. White 2 AST),['pointsinthepaint'],Poeltl,25,33,Made,True,True,1627751,1628401.0,substitution,foul,,,,1627751|1627777|1628401|1628966|1629022|1630178|1630198|202699|203083|203926,1627751|1628401|1628966|1629022|203926,1627777|1630178|1630198|202699|203083,29.0,26.0,1610612759.0,22100704
2,PT09M16.00S,09:16,Q2 09:16,32.733333333333334,191,foul,K. Bates-Diop personal FOUL (1 PF),[],Bates-Diop,25,33,,False,False,1628966,,2pt made,2pt made,202699.0,,,1627751|1627777|1628401|1628966|1629022|1630178|1630198|202699|203083|203926,1627751|1628401|1628966|1629022|203926,1627777|1630178|1630198|202699|203083,,,1610612759.0,22100704
2,PT09M08.00S,09:08,Q2 09:08,32.86666666666667,193,2pt,T. Harris 12' pullup Jump Shot (8 PTS),['pointsinthepaint'],Harris,25,35,Made,True,False,202699,,foul,2pt made,,,,1627751|1627777|1628401|1628966|1629022|1630178|1630198|202699|203083|203926,1627777|1630178|1630198|202699|203083,1627751|1628401|1628966|1629022|203926,75.0,101.0,1610612755.0,22100704
2,PT08M42.00S,08:42,Q2 08:42,31.3,194,2pt,J. Poeltl 13' turnaround Jump Shot (9 PTS),[],Poeltl,27,35,Made,True,False,1627751,,2pt made,2pt made,,,,1627751|1627777|1628401|1628966|1629022|1630178|1630198|202699|203083|203926,1627751|1628401|1628966|1629022|203926,1627777|1630178|1630198|202699|203083,-87.0,102.0,1610612759.0,22100704
2,PT08M22.00S,08:22,Q2 08:22,31.633333333333333,195,2pt,A. Drummond alley-oop DUNK (6 PTS) (T. Harris 1 AST),['pointsinthepaint'],Drummond,27,37,Made,True,True,203083,202699.0,2pt made,foul,,,,1627751|1627777|1628401|1628966|1629022|1630178|1630198|202699|203083|203926,1627777|1630178|1630198|202699|203083,1627751|1628401|1628966|1629022|203926,-12.0,11.0,1610612755.0,22100704
2,PT08M05.00S,08:05,Q2 08:05,31.916666666666668,197,foul,T. Harris personal FOUL (2 PF),[],Harris,27,37,,False,False,202699,,2pt made,2pt missed,1628401.0,,,1627751|1627777|1628401|1628966|1629022|1630178|1630198|202699|203083|203926,1627777|1630178|1630198|202699|203083,1627751|1628401|1628966|1629022|203926,,,1610612755.0,22100704
2,PT07M59.00S,07:59,Q2 07:59,30.016666666666666,199,2pt,MISS D. White driving Layup,['pointsinthepaint'],White,27,37,Missed,True,False,1628401,,foul,rebound,,,,1627751|1627777|1628401|1628966|1629022|1630178|1630198|202699|203083|203926,1627751|1628401|1628966|1629022|203926,1627777|1630178|1630198|202699|203083,40.0,39.0,1610612759.0,22100704
2,PT07M59.00S,07:59,Q2 07:59,30.016666666666666,200,rebound,TEAM offensive REBOUND,['team'],,27,37,,False,False,0,,2pt missed,foul,,,,1627751|1627777|1628401|1628966|1629022|1630178|1630198|202699|203083|203926,1627751|1628401|1628966|1629022|203926,1627777|1630178|1630198|202699|203083,,,1610612759.0,22100704
2,PT07M59.00S,07:59,Q2 07:59,30.016666666666666,201,foul,I. Joe loose ball personal FOUL (2 PF),[],Joe,27,37,,False,False,1630198,,rebound,2pt missed,1627751.0,,,1627751|1627777|1628401|1628966|1629022|1630178|1630198|202699|203083|203926,1627777|1630178|1630198|202699|203083,1627751|1628401|1628966|1629022|203926,,,1610612755.0,22100704
2,PT07M52.00S,07:52,Q2 07:52,30.133333333333333,203,2pt,MISS D. White driving finger roll Layup,"['pointsinthepaint', '2ndchance']",White,27,37,Missed,True,False,1628401,,foul,rebound,,,,1627751|1627777|1628401|1628966|1629022|1630178|1630198|202699|203083|203926,1627751|1628401|1628966|1629022|203926,1627777|1630178|1630198|202699|203083,0.0,0.0,1610612759.0,22100704
2,PT07M48.00S,07:48,Q2 07:48,30.2,204,rebound,J. Poeltl REBOUND (Off:2 Def:2),[],Poeltl,27,37,,False,False,1627751,,2pt missed,2pt missed,,,,1627751|1627777|1628401|1628966|1629022|1630178|1630198|202699|203083|203926,1627751|1628401|1628966|1629022|203926,1627777|1630178|1630198|202699|203083,,,1610612759.0,22100704
2,PT07M48.00S,07:48,Q2 07:48,30.2,205,2pt,MISS J. Poeltl tip DUNK,"['2ndchance', 'pointsinthepaint']",Poeltl,27,37,Missed,True,False,1627751,,rebound,rebound,,,,1627751|1627777|1628401|1628966|1629022|1630178|1630198|202699|203083|203926,1627751|1628401|1628966|1629022|203926,1627777|1630178|1630198|202699|203083,0.0,0.0,1610612759.0,22100704
2,PT07M48.00S,07:48,Q2 07:48,30.2,206,rebound,T. Harris REBOUND (Off:1 Def:5),[],Harris,27,37,,False,False,202699,,2pt missed,turnover,,,,1627751|1627777|1628401|1628966|1629022|1630178|1630198|202699|203083|203926,1627777|1630178|1630198|202699|203083,1627751|1628401|1628966|1629022|203926,,,1610612755.0,22100704
2,PT07M43.00S,07:43,Q2 07:43,30.283333333333335,207,turnover,A. Drummond offensive goaltending TURNOVER (1 TO),[],Drummond,27,37,,False,False,203083,,rebound,2pt made,,,,1627751|1627777|1628401|1628966|1629022|1630178|1630198|202699|203083|203926,1627777|1630178|1630198|202699|203083,1627751|1628401|1628966|1629022|203926,,,1610612755.0,22100704
2,PT07M29.00S,07:29,Q2 07:29,30.516666666666666,208,2pt,D. McDermott Hook (4 PTS) (D. White 3 AST),"['pointsinthepaint', 'fromturnover']",McDermott,29,37,Made,True,True,203926,1628401.0,turnover,2pt made,,,,1627751|1627777|1628401|1628966|1629022|1630178|1630198|202699|203083|203926,1627751|1628401|1628966|1629022|203926,1627777|1630178|1630198|202699|203083,25.0,52.0,1610612759.0,22100704
2,PT07M07.00S,07:07,Q2 07:07,30.883333333333333,210,2pt,I. Joe 9' pullup bank Jump Shot (5 PTS) (T. Harris 2 AST),[],Joe,29,39,Made,True,True,1630198,202699.0,2pt made,turnover,,,,1627751|1627777|1628401|1628966|1629022|1630178|1630198|202699|203083|203926,1627777|1630178|1630198|202699|203083,1627751|1628401|1628966|1629022|203926,81.0,52.0,1610612755.0,22100704
2,PT06M53.00S,06:53,Q2 06:53,29.116666666666667,212,turnover,D. McDermott bad pass out-of-bounds TURNOVER (1 TO),[],McDermott,29,39,,False,False,203926,,2pt made,substitution,,,,1627751|1627777|1628401|1628966|1629022|1630178|1630198|202699|203083|203926,1627751|1628401|1628966|1629022|203926,1627777|1630178|1630198|202699|203083,,,1610612759.0,22100704
2,PT06M53.00S,06:53,Q2 06:53,29.116666666666667,213,substitution,SUB out: L. Walker IV,[],Walker IV,29,39,,False,False,1629022,,turnover,substitution,,,,1627751|1627777|1628401|1628966|1630178|1630198|202699|203083|203926,1627751|1628401|1628966|203926,1627777|1630178|1630198|202699|203083,,,1610612759.0,22100704
2,PT06M53.00S,06:53,Q2 06:53,29.116666666666667,214,substitution,SUB out: K. Bates-Diop,[],Bates-Diop,29,39,,False,False,1628966,,substitution,substitution,,,,1627751|1627777|1628401|1630178|1630198|202699|203083|203926,1627751|1628401|203926,1627777|1630178|1630198|202699|203083,,,1610612759.0,22100704
2,PT06M53.00S,06:53,Q2 06:53,29.116666666666667,215,substitution,SUB out: A. Drummond,[],Drummond,29,39,,False,False,203083,,substitution,substitution,,,,1627751|1627777|1628401|1630178|1630198|202699|203926,1627777|1630178|1630198|202699,1627751|1628401|203926,,,1610612755.0,22100704
2,PT06M53.00S,06:53,Q2 06:53,29.116666666666667,216,substitution,SUB in: K. Johnson,[],Johnson,29,39,,False,False,1629640,,substitution,substitution,,,,1627751|1627777|1628401|1629640|1630178|1630198|202699|203926,1627751|1628401|1629640|203926,1627777|1630178|1630198|202699,,,1610612759.0,22100704
2,PT06M53.00S,06:53,Q2 06:53,29.116666666666667,217,substitution,SUB in: D. Murray,[],Murray,29,39,,False,False,1627749,,substitution,substitution,,,,1627749|1627751|1627777|1628401|1629640|1630178|1630198|202699|203926,1627749|1627751|1628401|1629640|203926,1627777|1630178|1630198|202699,,,1610612759.0,22100704
2,PT06M53.00S,06:53,Q2 06:53,29.116666666666667,218,substitution,SUB in: J. Embiid,[],Embiid,29,39,,False,False,203954,,substitution,2pt missed,,,,1627749|1627751|1627777|1628401|1629640|1630178|1630198|202699|203926|203954,1627777|1630178|1630198|202699|203954,1627749|1627751|1628401|1629640|203926,,,1610612755.0,22100704
2,PT06M34.00S,06:34,Q2 06:34,29.433333333333334,219,2pt,MISS J. Embiid 12' turnaround fadeaway Shot,['fromturnover'],Embiid,29,39,Missed,True,False,203954,,substitution,rebound,,,,1627749|1627751|1627777|1628401|1629640|1630178|1630198|202699|203926|203954,1627777|1630178|1630198|202699|203954,1627749|1627751|1628401|1629640|203926,-123.0,24.0,1610612755.0,22100704
2,PT06M31.00S,06:31,Q2 06:31,29.483333333333334,220,rebound,D. Murray REBOUND (Off:0 Def:2),[],Murray,29,39,,False,False,1627749,,2pt missed,foul,,,,1627749|1627751|1627777|1628401|1629640|1630178|1630198|202699|203926|203954,1627749|1627751|1628401|1629640|203926,1627777|1630178|1630198|202699|203954,,,1610612759.0,22100704
2,PT06M18.00S,06:18,Q2 06:18,29.7,221,foul,J. Embiid personal FOUL (1 PF),[],Embiid,29,39,,False,False,203954,,rebound,substitution,1627751.0,,,1627749|1627751|1627777|1628401|1629640|1630178|1630198|202699|203926|203954,1627777|1630178|1630198|202699|203954,1627749|1627751|1628401|1629640|203926,,,1610612755.0,22100704
2,PT06M18.00S,06:18,Q2 06:18,29.7,223,substitution,SUB out: G. Niang,[],Niang,29,39,,False,False,1627777,,foul,substitution,,,,1627749|1627751|1628401|1629640|1630178|1630198|202699|203926|203954,1630178|1630198|202699|203954,1627749|1627751|1628401|1629640|203926,,,1610612755.0,22100704
2,PT06M18.00S,06:18,Q2 06:18,29.7,224,substitution,SUB in: C. Brown Jr.,[],Brown Jr.,29,39,,False,False,1629718,,substitution,substitution,,,,1627749|1627751|1628401|1629640|1629718|1630178|1630198|202699|203926|203954,1629718|1630178|1630198|202699|203954,1627749|1627751|1628401|1629640|203926,,,1610612755.0,22100704
2,PT06M18.00S,06:18,Q2 06:18,29.7,225,substitution,SUB out: I. Joe,[],Joe,29,39,,False,False,1630198,,substitution,substitution,,,,1627749|1627751|1628401|1629640|1629718|1630178|202699|203926|203954,1629718|1630178|202699|203954,1627749|1627751|1628401|1629640|203926,,,1610612755.0,22100704
2,PT06M18.00S,06:18,Q2 06:18,29.7,226,substitution,SUB in: F. Korkmaz,[],Korkmaz,29,39,,False,False,1627788,,substitution,turnover,,,,1627749|1627751|1627788|1628401|1629640|1629718|1630178|202699|203926|203954,1627788|1629718|1630178|202699|203954,1627749|1627751|1628401|1629640|203926,,,1610612755.0,22100704
2,PT06M04.00S,06:04,Q2 06:04,29.933333333333334,227,turnover,SAS shot clock Team TURNOVER,['team'],,29,39,,False,False,0,,substitution,2pt made,,,,1627749|1627751|1627788|1628401|1629640|1629718|1630178|202699|203926|203954,1627749|1627751|1628401|1629640|203926,1627788|1629718|1630178|202699|203954,,,1610612759.0,22100704
2,PT05M50.00S,05:50,Q2 05:50,28.166666666666668,228,2pt,J. Embiid 13' Jump Shot (8 PTS),"['pointsinthepaint', 'fromturnover']",Embiid,29,41,Made,True,False,203954,,turnover,2pt missed,,,,1627749|1627751|1627788|1628401|1629640|1629718|1630178|202699|203926|203954,1627788|1629718|1630178|202699|203954,1627749|1627751|1628401|1629640|203926,6.0,138.0,1610612755.0,22100704
2,PT05M38.00S,05:38,Q2 05:38,28.366666666666667,229,2pt,MISS D. Murray 10' driving floating Shot,[],Murray,29,41,Missed,True,False,1627749,,2pt made,rebound,,,,1627749|1627751|1627788|1628401|1629640|1629718|1630178|202699|203926|203954,1627749|1627751|1628401|1629640|203926,1627788|1629718|1630178|202699|203954,-88.0,55.0,1610612759.0,22100704
2,PT05M34.00S,05:34,Q2 05:34,28.433333333333334,230,rebound,D. Murray REBOUND (Off:1 Def:2),[],Murray,29,41,,False,False,1627749,,2pt missed,2pt missed,,,,1627749|1627751|1627788|1628401|1629640|1629718|1630178|202699|203926|203954,1627749|1627751|1628401|1629640|203926,1627788|1629718|1630178|202699|203954,,,1610612759.0,22100704
2,PT05M34.00S,05:34,Q2 05:34,28.433333333333334,231,2pt,MISS D. Murray putback Layup,"['pointsinthepaint', '2ndchance']",Murray,29,41,Missed,True,False,1627749,,rebound,rebound,,,,1627749|1627751|1627788|1628401|1629640|1629718|1630178|202699|203926|203954,1627749|1627751|1628401|1629640|203926,1627788|1629718|1630178|202699|203954,0.0,0.0,1610612759.0,22100704
2,PT05M34.00S,05:34,Q2 05:34,28.433333333333334,232,rebound,D. Murray REBOUND (Off:2 Def:2),[],Murray,29,41,,False,False,1627749,,2pt missed,3pt missed,,,,1627749|1627751|1627788|1628401|1629640|1629718|1630178|202699|203926|203954,1627749|1627751|1628401|1629640|203926,1627788|1629718|1630178|202699|203954,,,1610612759.0,22100704
2,PT05M29.00S,05:29,Q2 05:29,28.516666666666666,233,3pt,MISS D. White 25' 3PT,['2ndchance'],White,29,41,Missed,True,False,1628401,,rebound,rebound,,,,1627749|1627751|1627788|1628401|1629640|1629718|1630178|202699|203926|203954,1627749|1627751|1628401|1629640|203926,1627788|1629718|1630178|202699|203954,-6.0,253.0,1610612759.0,22100704
2,PT05M26.00S,05:26,Q2 05:26,28.566666666666666,234,rebound,F. Korkmaz REBOUND (Off:0 Def:3),[],Korkmaz,29,41,,False,False,1627788,,3pt missed,2pt missed,,,,1627749|1627751|1627788|1628401|1629640|1629718|1630178|202699|203926|203954,1627788|1629718|1630178|202699|203954,1627749|1627751|1628401|1629640|203926,,,1610612755.0,22100704
2,PT05M11.00S,05:11,Q2 05:11,28.816666666666666,235,2pt,MISS T. Harris turnaround Shot,['pointsinthepaint'],Harris,29,41,Missed,True,False,202699,,rebound,rebound,,,,1627749|1627751|1627788|1628401|1629640|1629718|1630178|202699|203926|203954,1627788|1629718|1630178|202699|203954,1627749|1627751|1628401|1629640|203926,1.0,57.0,1610612755.0,22100704
2,PT05M06.00S,05:06,Q2 05:06,28.9,236,rebound,J. Poeltl REBOUND (Off:2 Def:3),[],Poeltl,29,41,,False,False,1627751,,2pt missed,foul,,,,1627749|1627751|1627788|1628401|1629640|1629718|1630178|202699|203926|203954,1627749|1627751|1628401|1629640|203926,1627788|1629718|1630178|202699|203954,,,1610612759.0,22100704
2,PT05M02.00S,05:02,Q2 05:02,28.966666666666665,237,foul,J. Embiid shooting personal FOUL (2 PF) (Johnson 2 FT),"['inpenalty', '2freethrow']",Embiid,29,41,,False,False,203954,,rebound,freethrow,1629640.0,,,1627749|1627751|1627788|1628401|1629640|1629718|1630178|202699|203926|203954,1627788|1629718|1630178|202699|203954,1627749|1627751|1628401|1629640|203926,,,1610612755.0,22100704
2,PT05M02.00S,05:02,Q2 05:02,28.966666666666665,239,freethrow,K. Johnson Free Throw 1 of 2 (8 PTS),[],Johnson,30,41,Made,False,False,1629640,,foul,freethrow,,,,1627749|1627751|1627788|1628401|1629640|1629718|1630178|202699|203926|203954,1627749|1627751|1628401|1629640|203926,1627788|1629718|1630178|202699|203954,,,1610612759.0,22100704
2,PT05M02.00S,05:02,Q2 05:02,28.966666666666665,240,freethrow,MISS K. Johnson Free Throw 2 of 2,[],Johnson,30,41,Missed,False,False,1629640,,freethrow,rebound,,,,1627749|1627751|1627788|1628401|1629640|1629718|1630178|202699|203926|203954,1627749|1627751|1628401|1629640|203926,1627788|1629718|1630178|202699|203954,,,1610612759.0,22100704
2,PT04M59.00S,04:59,Q2 04:59,27.016666666666666,241,rebound,F. Korkmaz REBOUND (Off:0 Def:4),[],Korkmaz,30,41,,False,False,1627788,,freethrow,turnover,,,,1627749|1627751|1627788|1628401|1629640|1629718|1630178|202699|203926|203954,1627788|1629718|1630178|202699|203954,1627749|1627751|1628401|1629640|203926,,,1610612755.0,22100704
2,PT04M57.00S,04:57,Q2 04:57,27.05,242,turnover,F. Korkmaz lost ball out-of-bounds TURNOVER (2 TO),[],Korkmaz,30,41,,False,False,1627788,,rebound,timeout,,,,1627749|1627751|1627788|1628401|1629640|1629718|1630178|202699|203926|203954,1627788|1629718|1630178|202699|203954,1627749|1627751|1628401|1629640|203926,,,1610612755.0,22100704
2,PT04M57.00S,04:57,Q2 04:57,27.05,243,timeout,PHI Timeout,['team'],,30,41,,False,False,0,,turnover,substitution,,,,1627749|1627751|1627788|1628401|1629640|1629718|1630178|202699|203926|203954,1627788|1629718|1630178|202699|203954,1627749|1627751|1628401|1629640|203926,,,1610612755.0,22100704
2,PT04M57.00S,04:57,Q2 04:57,27.05,244,substitution,SUB out: D. White,[],White,30,41,,False,False,1628401,,timeout,substitution,,,,1627749|1627751|1627788|1629640|1629718|1630178|202699|203926|203954,1627749|1627751|1629640|203926,1627788|1629718|1630178|202699|203954,,,1610612759.0,22100704
2,PT04M57.00S,04:57,Q2 04:57,27.05,245,substitution,SUB in: D. Vassell,[],Vassell,30,41,,False,False,1630170,,substitution,2pt missed,,,,1627749|1627751|1627788|1629640|1629718|1630170|1630178|202699|203926|203954,1627749|1627751|1629640|1630170|203926,1627788|1629718|1630178|202699|203954,,,1610612759.0,22100704
2,PT04M54.00S,04:54,Q2 04:54,27.1,246,2pt,MISS J. Poeltl 9' floating Shot,['fromturnover'],Poeltl,30,41,Missed,True,False,1627751,,substitution,rebound,,,,1627749|1627751|1627788|1629640|1629718|1630170|1630178|202699|203926|203954,1627749|1627751|1629640|1630170|203926,1627788|1629718|1630178|202699|203954,97.0,23.0,1610612759.0,22100704
2,PT04M48.00S,04:48,Q2 04:48,27.2,247,rebound,T. Harris REBOUND (Off:1 Def:6),[],Harris,30,41,,False,False,202699,,2pt missed,2pt missed,,,,1627749|1627751|1627788|1629640|1629718|1630170|1630178|202699|203926|203954,1627788|1629718|1630178|202699|203954,1627749|1627751|1629640|1630170|203926,,,1610612755.0,22100704
2,PT04M40.00S,04:40,Q2 04:40,27.333333333333332,248,2pt,MISS J. Embiid alley-oop Layup,['pointsinthepaint'],Embiid,30,41,Missed,True,False,203954,,rebound,rebound,,,,1627749|1627751|1627788|1629640|1629718|1630170|1630178|202699|203926|203954,1627788|1629718|1630178|202699|203954,1627749|1627751|1629640|1630170|203926,-5.0,-1.0,1610612755.0,22100704
2,PT04M36.00S,04:36,Q2 04:36,27.4,249,rebound,J. Embiid REBOUND (Off:1 Def:3),[],Embiid,30,41,,False,False,203954,,2pt missed,2pt made,,,,1627749|1627751|1627788|1629640|1629718|1630170|1630178|202699|203926|203954,1627788|1629718|1630178|202699|203954,1627749|1627751|1629640|1630170|203926,,,1610612755.0,22100704
2,PT04M36.00S,04:36,Q2 04:36,27.4,250,2pt,J. Embiid tip Layup (10 PTS),"['pointsinthepaint', '2ndchance']",Embiid,30,43,Made,True,False,203954,,rebound,2pt made,,,,1627749|1627751|1627788|1629640|1629718|1630170|1630178|202699|203926|203954,1627788|1629718|1630178|202699|203954,1627749|1627751|1629640|1630170|203926,0.0,0.0,1610612755.0,22100704
2,PT04M25.00S,04:25,Q2 04:25,27.583333333333332,251,2pt,J. Poeltl cutting Layup (11 PTS) (D. Murray 4 AST),['pointsinthepaint'],Poeltl,32,43,Made,True,True,1627751,1627749.0,2pt made,2pt missed,,,,1627749|1627751|1627788|1629640|1629718|1630170|1630178|202699|203926|203954,1627749|1627751|1629640|1630170|203926,1627788|1629718|1630178|202699|203954,0.0,6.0,1610612759.0,22100704
2,PT04M08.00S,04:08,Q2 04:08,27.866666666666667,253,2pt,MISS J. Embiid 16' Jump Shot,[],Embiid,32,43,Missed,True,False,203954,,2pt made,rebound,,,,1627749|1627751|1627788|1629640|1629718|1630170|1630178|202699|203926|203954,1627788|1629718|1630178|202699|203954,1627749|1627751|1629640|1630170|203926,86.0,136.0,1610612755.0,22100704
2,PT04M06.00S,04:06,Q2 04:06,27.9,254,rebound,D. Murray REBOUND (Off:2 Def:3),[],Murray,32,43,,False,False,1627749,,2pt missed,2pt made,,,,1627749|1627751|1627788|1629640|1629718|1630170|1630178|202699|203926|203954,1627749|1627751|1629640|1630170|203926,1627788|1629718|1630178|202699|203954,,,1610612759.0,22100704
2,PT03M58.00S,03:58,Q2 03:58,26.033333333333335,255,2pt,J. Poeltl finger roll Layup (13 PTS) (D. Murray 5 AST),['pointsinthepaint'],Poeltl,34,43,Made,True,True,1627751,1627749.0,rebound,2pt missed,,,,1627749|1627751|1627788|1629640|1629718|1630170|1630178|202699|203926|203954,1627749|1627751|1629640|1630170|203926,1627788|1629718|1630178|202699|203954,-1.0,10.0,1610612759.0,22100704
2,PT03M37.00S,03:37,Q2 03:37,26.383333333333333,257,2pt,MISS F. Korkmaz 16' pullup Shot,[],Korkmaz,34,43,Missed,True,False,1627788,,2pt made,rebound,,,,1627749|1627751|1627788|1629640|1629718|1630170|1630178|202699|203926|203954,1627788|1629718|1630178|202699|203954,1627749|1627751|1629640|1630170|203926,-119.0,109.0,1610612755.0,22100704
2,PT03M35.00S,03:35,Q2 03:35,26.416666666666668,258,rebound,K. Johnson REBOUND (Off:0 Def:2),[],Johnson,34,43,,False,False,1629640,,2pt missed,2pt made,,,,1627749|1627751|1627788|1629640|1629718|1630170|1630178|202699|203926|203954,1627749|1627751|1629640|1630170|203926,1627788|1629718|1630178|202699|203954,,,1610612759.0,22100704
2,PT03M26.00S,03:26,Q2 03:26,26.566666666666666,259,2pt,D. Vassell cutting Layup (2 PTS) (D. Murray 6 AST),['pointsinthepaint'],Vassell,36,43,Made,True,True,1630170,1627749.0,rebound,2pt made,,,,1627749|1627751|1627788|1629640|1629718|1630170|1630178|202699|203926|203954,1627749|1627751|1629640|1630170|203926,1627788|1629718|1630178|202699|203954,0.0,11.0,1610612759.0,22100704
2,PT03M01.00S,03:01,Q2 03:01,26.983333333333334,261,2pt,J. Embiid 12' pullup Jump Shot (12 PTS),['pointsinthepaint'],Embiid,36,45,Made,True,False,203954,,2pt made,3pt made,,,,1627749|1627751|1627788|1629640|1629718|1630170|1630178|202699|203926|203954,1627788|1629718|1630178|202699|203954,1627749|1627751|1629640|1630170|203926,-75.0,99.0,1610612755.0,22100704
2,PT02M48.00S,02:48,Q2 02:48,25.2,262,3pt,D. Vassell 25' 3PT  (5 PTS) (D. Murray 7 AST),[],Vassell,39,45,Made,True,True,1630170,1627749.0,2pt made,2pt made,,,,1627749|1627751|1627788|1629640|1629718|1630170|1630178|202699|203926|203954,1627749|1627751|1629640|1630170|203926,1627788|1629718|1630178|202699|203954,-1.0,258.0,1610612759.0,22100704
2,PT02M34.00S,02:34,Q2 02:34,25.433333333333334,264,2pt,J. Embiid 8' fadeaway Jump Shot (14 PTS),['pointsinthepaint'],Embiid,39,47,Made,True,False,203954,,3pt made,turnover,,,,1627749|1627751|1627788|1629640|1629718|1630170|1630178|202699|203926|203954,1627788|1629718|1630178|202699|203954,1627749|1627751|1629640|1630170|203926,33.0,73.0,1610612755.0,22100704
2,PT02M18.00S,02:18,Q2 02:18,25.7,266,turnover,D. Murray bad pass TURNOVER (2 TO),[],Murray,39,47,,False,False,1627749,,2pt made,steal,,1630178.0,,1627749|1627751|1627788|1629640|1629718|1630170|1630178|202699|203926|203954,1627749|1627751|1629640|1630170|203926,1627788|1629718|1630178|202699|203954,,,1610612759.0,22100704
2,PT02M18.00S,02:18,Q2 02:18,25.7,267,steal,T. Maxey STEAL (1 STL),[],Maxey,39,47,,False,False,1630178,,turnover,2pt missed,,,,1627749|1627751|1627788|1629640|1629718|1630170|1630178|202699|203926|203954,1627788|1629718|1630178|202699|203954,1627749|1627751|1629640|1630170|203926,,,1610612755.0,22100704
2,PT02M11.00S,02:11,Q2 02:11,25.816666666666666,268,2pt,MISS T. Harris 7' driving floating Shot,"['pointsinthepaint', 'fromturnover']",Harris,39,47,Missed,True,False,202699,,steal,rebound,,,,1627749|1627751|1627788|1629640|1629718|1630170|1630178|202699|203926|203954,1627788|1629718|1630178|202699|203954,1627749|1627751|1629640|1630170|203926,27.0,73.0,1610612755.0,22100704
2,PT02M11.00S,02:11,Q2 02:11,25.816666666666666,269,rebound,T. Harris REBOUND (Off:2 Def:6),[],Harris,39,47,,False,False,202699,,2pt missed,foul,,,,1627749|1627751|1627788|1629640|1629718|1630170|1630178|202699|203926|203954,1627788|1629718|1630178|202699|203954,1627749|1627751|1629640|1630170|203926,,,1610612755.0,22100704
2,PT02M11.00S,02:11,Q2 02:11,25.816666666666666,270,foul,D. Vassell shooting personal FOUL (2 PF) (Harris 2 FT),['2freethrow'],Vassell,39,47,,False,False,1630170,,rebound,freethrow,202699.0,,,1627749|1627751|1627788|1629640|1629718|1630170|1630178|202699|203926|203954,1627749|1627751|1629640|1630170|203926,1627788|1629718|1630178|202699|203954,,,1610612759.0,22100704
2,PT02M11.00S,02:11,Q2 02:11,25.816666666666666,272,freethrow,T. Harris Free Throw 1 of 2 (9 PTS),"['fromturnover', '2ndchance']",Harris,39,48,Made,False,False,202699,,foul,freethrow,,,,1627749|1627751|1627788|1629640|1629718|1630170|1630178|202699|203926|203954,1627788|1629718|1630178|202699|203954,1627749|1627751|1629640|1630170|203926,,,1610612755.0,22100704
2,PT02M11.00S,02:11,Q2 02:11,25.816666666666666,273,freethrow,T. Harris Free Throw 2 of 2 (10 PTS),"['fromturnover', '2ndchance']",Harris,39,49,Made,False,False,202699,,freethrow,2pt missed,,,,1627749|1627751|1627788|1629640|1629718|1630170|1630178|202699|203926|203954,1627788|1629718|1630178|202699|203954,1627749|1627751|1629640|1630170|203926,,,1610612755.0,22100704
2,PT01M52.00S,01:52,Q2 01:52,24.133333333333333,274,2pt,MISS J. Poeltl 6' Hook,['pointsinthepaint'],Poeltl,39,49,Missed,True,False,1627751,,freethrow,rebound,,,,1627749|1627751|1627788|1629640|1629718|1630170|1630178|202699|203926|203954,1627749|1627751|1629640|1630170|203926,1627788|1629718|1630178|202699|203954,-11.0,62.0,1610612759.0,22100704
2,PT01M50.00S,01:50,Q2 01:50,24.166666666666668,275,rebound,J. Embiid REBOUND (Off:1 Def:4),[],Embiid,39,49,,False,False,203954,,2pt missed,3pt missed,,,,1627749|1627751|1627788|1629640|1629718|1630170|1630178|202699|203926|203954,1627788|1629718|1630178|202699|203954,1627749|1627751|1629640|1630170|203926,,,1610612755.0,22100704
2,PT01M43.00S,01:43,Q2 01:43,24.283333333333335,276,3pt,MISS T. Harris 25' 3PT,[],Harris,39,49,Missed,True,False,202699,,rebound,rebound,,,,1627749|1627751|1627788|1629640|1629718|1630170|1630178|202699|203926|203954,1627788|1629718|1630178|202699|203954,1627749|1627751|1629640|1630170|203926,-96.0,236.0,1610612755.0,22100704
2,PT01M37.00S,01:37,Q2 01:37,24.383333333333333,277,rebound,J. Embiid REBOUND (Off:2 Def:4),[],Embiid,39,49,,False,False,203954,,3pt missed,2pt made,,,,1627749|1627751|1627788|1629640|1629718|1630170|1630178|202699|203926|203954,1627788|1629718|1630178|202699|203954,1627749|1627751|1629640|1630170|203926,,,1610612755.0,22100704
2,PT01M37.00S,01:37,Q2 01:37,24.383333333333333,278,2pt,J. Embiid putback Layup (16 PTS),"['pointsinthepaint', '2ndchance']",Embiid,39,51,Made,True,False,203954,,rebound,2pt made,,,,1627749|1627751|1627788|1629640|1629718|1630170|1630178|202699|203926|203954,1627788|1629718|1630178|202699|203954,1627749|1627751|1629640|1630170|203926,0.0,0.0,1610612755.0,22100704
2,PT01M27.00S,01:27,Q2 01:27,24.55,279,2pt,D. Murray driving finger roll Layup (5 PTS),['pointsinthepaint'],Murray,41,51,Made,True,False,1627749,,2pt made,2pt made,,,,1627749|1627751|1627788|1629640|1629718|1630170|1630178|202699|203926|203954,1627749|1627751|1629640|1630170|203926,1627788|1629718|1630178|202699|203954,-6.0,4.0,1610612759.0,22100704
2,PT01M23.00S,01:23,Q2 01:23,24.616666666666667,280,2pt,T. Maxey running Layup (4 PTS),"['fastbreak', 'pointsinthepaint']",Maxey,41,53,Made,True,False,1630178,,2pt made,foul,,,,1627749|1627751|1627788|1629640|1629718|1630170|1630178|202699|203926|203954,1627788|1629718|1630178|202699|203954,1627749|1627751|1629640|1630170|203926,5.0,14.0,1610612755.0,22100704
2,PT01M23.00S,01:23,Q2 01:23,24.616666666666667,281,foul,D. Vassell shooting personal FOUL (3 PF) (Maxey 1 FT),['1freethrow'],Vassell,41,53,,False,False,1630170,,2pt made,freethrow,1630178.0,,,1627749|1627751|1627788|1629640|1629718|1630170|1630178|202699|203926|203954,1627749|1627751|1629640|1630170|203926,1627788|1629718|1630178|202699|203954,,,1610612759.0,22100704
2,PT01M23.00S,01:23,Q2 01:23,24.616666666666667,287,freethrow,T. Maxey Free Throw 1 of 1 (5 PTS),['fastbreak'],Maxey,41,54,Made,False,False,1630178,,foul,substitution,,,,1627749|1627751|1627788|1629640|1629718|1630170|1630178|202699|203926|203954,1627788|1629718|1630178|202699|203954,1627749|1627751|1629640|1630170|203926,,,1610612755.0,22100704
2,PT01M23.00S,01:23,Q2 01:23,24.616666666666667,283,substitution,SUB out: D. Vassell,[],Vassell,41,53,,False,False,1630170,,freethrow,substitution,,,,1627749|1627751|1627788|1629640|1629718|1630178|202699|203926|203954,1627749|1627751|1629640|203926,1627788|1629718|1630178|202699|203954,,,1610612759.0,22100704
2,PT01M23.00S,01:23,Q2 01:23,24.616666666666667,284,substitution,SUB out: T. Harris,[],Harris,41,53,,False,False,202699,,substitution,substitution,,,,1627749|1627751|1627788|1629640|1629718|1630178|203926|203954,1627788|1629718|1630178|203954,1627749|1627751|1629640|203926,,,1610612755.0,22100704
2,PT01M23.00S,01:23,Q2 01:23,24.616666666666667,285,substitution,SUB in: D. White,[],White,41,53,,False,False,1628401,,substitution,substitution,,,,1627749|1627751|1627788|1628401|1629640|1629718|1630178|203926|203954,1627749|1627751|1628401|1629640|203926,1627788|1629718|1630178|203954,,,1610612759.0,22100704
2,PT01M23.00S,01:23,Q2 01:23,24.616666666666667,286,substitution,SUB in: G. Niang,[],Niang,41,53,,False,False,1627777,,substitution,3pt made,,,,1627749|1627751|1627777|1627788|1628401|1629640|1629718|1630178|203926|203954,1627777|1627788|1629718|1630178|203954,1627749|1627751|1628401|1629640|203926,,,1610612755.0,22100704
2,PT01M12.00S,01:12,Q2 01:12,24.8,288,3pt,D. McDermott 24' 3PT pullup (7 PTS) (J. Poeltl 1 AST),[],McDermott,44,54,Made,True,True,203926,1627751.0,substitution,2pt missed,,,,1627749|1627751|1627777|1627788|1628401|1629640|1629718|1630178|203926|203954,1627749|1627751|1628401|1629640|203926,1627777|1627788|1629718|1630178|203954,56.0,243.0,1610612759.0,22100704
2,PT00M55.90S,00:55,Q2 00:55,23.083333333333332,290,2pt,MISS J. Embiid cutting Layup,['pointsinthepaint'],Embiid,44,54,Missed,True,False,203954,,3pt made,rebound,,,,1627749|1627751|1627777|1627788|1628401|1629640|1629718|1630178|203926|203954,1627777|1627788|1629718|1630178|203954,1627749|1627751|1628401|1629640|203926,-1.0,26.0,1610612755.0,22100704
2,PT00M53.80S,00:53,Q2 00:53,23.116666666666667,291,rebound,D. Murray REBOUND (Off:2 Def:4),[],Murray,44,54,,False,False,1627749,,2pt missed,3pt missed,,,,1627749|1627751|1627777|1627788|1628401|1629640|1629718|1630178|203926|203954,1627749|1627751|1628401|1629640|203926,1627777|1627788|1629718|1630178|203954,,,1610612759.0,22100704
2,PT00M51.70S,00:51,Q2 00:51,23.15,292,3pt,MISS D. McDermott running 3PT,['fastbreak'],McDermott,44,54,Missed,True,False,203926,,rebound,rebound,,,,1627749|1627751|1627777|1627788|1628401|1629640|1629718|1630178|203926|203954,1627749|1627751|1628401|1629640|203926,1627777|1627788|1629718|1630178|203954,228.0,5.0,1610612759.0,22100704
2,PT00M48.20S,00:48,Q2 00:48,23.2,293,rebound,G. Niang REBOUND (Off:0 Def:2),[],Niang,44,54,,False,False,1627777,,3pt missed,foul,,,,1627749|1627751|1627777|1627788|1628401|1629640|1629718|1630178|203926|203954,1627777|1627788|1629718|1630178|203954,1627749|1627751|1628401|1629640|203926,,,1610612755.0,22100704
2,PT00M40.50S,00:40,Q2 00:40,23.333333333333332,294,foul,T. Maxey charge offensive FOUL (1 PF),['inpenalty'],Maxey,44,54,,False,False,1630178,,rebound,turnover,1628401.0,,,1627749|1627751|1627777|1627788|1628401|1629640|1629718|1630178|203926|203954,1627777|1627788|1629718|1630178|203954,1627749|1627751|1628401|1629640|203926,,,1610612755.0,22100704
2,PT00M40.50S,00:40,Q2 00:40,23.333333333333332,296,turnover,T. Maxey offensive foul TURNOVER (1 TO),[],Maxey,44,54,,False,False,1630178,,foul,3pt made,,,,1627749|1627751|1627777|1627788|1628401|1629640|1629718|1630178|203926|203954,1627777|1627788|1629718|1630178|203954,1627749|1627751|1628401|1629640|203926,,,1610612755.0,22100704
2,PT00M34.50S,00:34,Q2 00:34,23.433333333333334,297,3pt,D. White 25' 3PT pullup (5 PTS),['fromturnover'],White,47,54,Made,True,False,1628401,,turnover,3pt made,,,,1627749|1627751|1627777|1627788|1628401|1629640|1629718|1630178|203926|203954,1627749|1627751|1628401|1629640|203926,1627777|1627788|1629718|1630178|203954,-16.0,253.0,1610612759.0,22100704
2,PT00M11.90S,00:11,Q2 00:11,23.816666666666666,298,3pt,F. Korkmaz 3PT  (7 PTS) (J. Embiid 3 AST),[],Korkmaz,47,57,Made,True,True,1627788,203954.0,3pt made,turnover,,,,1627749|1627751|1627777|1627788|1628401|1629640|1629718|1630178|203926|203954,1627777|1627788|1629718|1630178|203954,1627749|1627751|1628401|1629640|203926,-222.0,-13.0,1610612755.0,22100704
2,PT00M01.90S,00:01,Q2 00:01,23.983333333333334,300,turnover,D. White bad pass TURNOVER (1 TO),[],White,47,57,,False,False,1628401,,3pt made,steal,,1629718.0,,1627749|1627751|1627777|1627788|1628401|1629640|1629718|1630178|203926|203954,1627749|1627751|1628401|1629640|203926,1627777|1627788|1629718|1630178|203954,,,1610612759.0,22100704
2,PT00M01.90S,00:01,Q2 00:01,23.983333333333334,301,steal,C. Brown Jr. STEAL (2 STL),[],Brown Jr.,47,57,,False,False,1629718,,turnover,2pt made,,,,1627749|1627751|1627777|1627788|1628401|1629640|1629718|1630178|203926|203954,1627777|1627788|1629718|1630178|203954,1627749|1627751|1628401|1629640|203926,,,1610612755.0,22100704
2,PT00M00.00S,00:00,Q2 00:00,24.0,302,2pt,C. Brown Jr. running DUNK (7 PTS),"['pointsinthepaint', 'fromturnover', 'fastbreak']",Brown Jr.,47,59,Made,True,False,1629718,,steal,substitution,,,,1627749|1627751|1627777|1627788|1628401|1629640|1629718|1630178|203926|203954,1627777|1627788|1629718|1630178|203954,1627749|1627751|1628401|1629640|203926,1.0,17.0,1610612755.0,22100704
3,PT12M00.00S,12:00,Q3 12:00,24.0,305,substitution,SUB out: G. Niang,['startperiod'],Niang,47,59,,False,False,1627777,,2pt made,substitution,,,,1627749|1627751|1627788|1628401|1629640|1629718|1630178|203926|203954,1627788|1629718|1630178|203954,1627749|1627751|1628401|1629640|203926,,,1610612755.0,22100704
3,PT12M00.00S,12:00,Q3 12:00,24.0,306,substitution,SUB in: T. Harris,['startperiod'],Harris,47,59,,False,False,202699,,substitution,2pt missed,,,,1627749|1627751|1627788|1628401|1629640|1629718|1630178|202699|203926|203954,1627788|1629718|1630178|202699|203954,1627749|1627751|1628401|1629640|203926,,,1610612755.0,22100704
3,PT11M44.00S,11:44,Q3 11:44,22.266666666666666,308,2pt,MISS J. Embiid 14' pullup Shot,[],Embiid,47,59,Missed,True,False,203954,,substitution,rebound,,,,1627749|1627751|1627788|1628401|1629640|1629718|1630178|202699|203926|203954,1627788|1629718|1630178|202699|203954,1627749|1627751|1628401|1629640|203926,-132.0,47.0,1610612755.0,22100704
3,PT11M43.00S,11:43,Q3 11:43,22.283333333333335,309,rebound,TEAM offensive REBOUND,['team'],,47,59,,False,False,0,,2pt missed,foul,,,,1627749|1627751|1627788|1628401|1629640|1629718|1630178|202699|203926|203954,1627788|1629718|1630178|202699|203954,1627749|1627751|1628401|1629640|203926,,,1610612755.0,22100704
3,PT11M43.00S,11:43,Q3 11:43,22.283333333333335,310,foul,D. Murray loose ball personal FOUL (1 PF),[],Murray,47,59,,False,False,1627749,,rebound,3pt missed,1629718.0,,,1627749|1627751|1627788|1628401|1629640|1629718|1630178|202699|203926|203954,1627749|1627751|1628401|1629640|203926,1627788|1629718|1630178|202699|203954,,,1610612759.0,22100704
3,PT11M30.00S,11:30,Q3 11:30,22.5,312,3pt,MISS T. Maxey 26' 3PT,['2ndchance'],Maxey,47,59,Missed,True,False,1630178,,foul,rebound,,,,1627749|1627751|1627788|1628401|1629640|1629718|1630178|202699|203926|203954,1627788|1629718|1630178|202699|203954,1627749|1627751|1628401|1629640|203926,150.0,214.0,1610612755.0,22100704
3,PT11M26.00S,11:26,Q3 11:26,22.566666666666666,313,rebound,D. Murray REBOUND (Off:2 Def:5),[],Murray,47,59,,False,False,1627749,,3pt missed,2pt made,,,,1627749|1627751|1627788|1628401|1629640|1629718|1630178|202699|203926|203954,1627749|1627751|1628401|1629640|203926,1627788|1629718|1630178|202699|203954,,,1610612759.0,22100704
3,PT11M11.00S,11:11,Q3 11:11,22.816666666666666,314,2pt,J. Poeltl floating Jump Shot (15 PTS) (K. Johnson 2 AST),['pointsinthepaint'],Poeltl,49,59,Made,True,True,1627751,1629640.0,rebound,2pt missed,,,,1627749|1627751|1627788|1628401|1629640|1629718|1630178|202699|203926|203954,1627749|1627751|1628401|1629640|203926,1627788|1629718|1630178|202699|203954,-7.0,46.0,1610612759.0,22100704
3,PT10M57.00S,10:57,Q3 10:57,21.05,316,2pt,MISS C. Brown Jr. Layup,['pointsinthepaint'],Brown Jr.,49,59,Missed,True,False,1629718,,2pt made,rebound,,,,1627749|1627751|1627788|1628401|1629640|1629718|1630178|202699|203926|203954,1627788|1629718|1630178|202699|203954,1627749|1627751|1628401|1629640|203926,-9.0,20.0,1610612755.0,22100704
3,PT10M55.00S,10:55,Q3 10:55,21.083333333333332,317,rebound,D. White REBOUND (Off:1 Def:3),[],White,49,59,,False,False,1628401,,2pt missed,2pt made,,,,1627749|1627751|1627788|1628401|1629640|1629718|1630178|202699|203926|203954,1627749|1627751|1628401|1629640|203926,1627788|1629718|1630178|202699|203954,,,1610612759.0,22100704
3,PT10M50.00S,10:50,Q3 10:50,21.166666666666668,318,2pt,D. Murray running Layup (7 PTS) (D. White 4 AST),"['fastbreak', 'pointsinthepaint']",Murray,51,59,Made,True,True,1627749,1628401.0,rebound,2pt made,,,,1627749|1627751|1627788|1628401|1629640|1629718|1630178|202699|203926|203954,1627749|1627751|1628401|1629640|203926,1627788|1629718|1630178|202699|203954,-1.0,11.0,1610612759.0,22100704
3,PT10M30.00S,10:30,Q3 10:30,21.5,320,2pt,J. Embiid 16' Jump Shot (18 PTS) (T. Harris 3 AST),[],Embiid,51,61,Made,True,True,203954,202699.0,2pt made,foul,,,,1627749|1627751|1627788|1628401|1629640|1629718|1630178|202699|203926|203954,1627788|1629718|1630178|202699|203954,1627749|1627751|1628401|1629640|203926,-5.0,160.0,1610612755.0,22100704
3,PT10M14.00S,10:14,Q3 10:14,21.766666666666666,323,foul,C. Brown Jr. personal FOUL (1 PF),[],Brown Jr.,51,61,,False,False,1629718,,2pt made,2pt missed,1627751.0,,,1627749|1627751|1627788|1628401|1629640|1629718|1630178|202699|203926|203954,1627788|1629718|1630178|202699|203954,1627749|1627751|1628401|1629640|203926,,,1610612755.0,22100704
3,PT10M05.00S,10:05,Q3 10:05,21.916666666666668,325,2pt,MISS D. White 12' pullup Shot,[],White,51,61,Missed,True,False,1628401,,foul,rebound,,,,1627749|1627751|1627788|1628401|1629640|1629718|1630178|202699|203926|203954,1627749|1627751|1628401|1629640|203926,1627788|1629718|1630178|202699|203954,-114.0,56.0,1610612759.0,22100704
3,PT10M03.00S,10:03,Q3 10:03,21.95,326,rebound,T. Harris REBOUND (Off:2 Def:7),[],Harris,51,61,,False,False,202699,,2pt missed,turnover,,,,1627749|1627751|1627788|1628401|1629640|1629718|1630178|202699|203926|203954,1627788|1629718|1630178|202699|203954,1627749|1627751|1628401|1629640|203926,,,1610612755.0,22100704
3,PT09M47.00S,09:47,Q3 09:47,20.216666666666665,327,turnover,J. Embiid bad pass TURNOVER (1 TO),[],Embiid,51,61,,False,False,203954,,rebound,steal,,203926.0,,1627749|1627751|1627788|1628401|1629640|1629718|1630178|202699|203926|203954,1627788|1629718|1630178|202699|203954,1627749|1627751|1628401|1629640|203926,,,1610612755.0,22100704
3,PT09M47.00S,09:47,Q3 09:47,20.216666666666665,328,steal,D. McDermott STEAL (1 STL),[],McDermott,51,61,,False,False,203926,,turnover,2pt made,,,,1627749|1627751|1627788|1628401|1629640|1629718|1630178|202699|203926|203954,1627749|1627751|1628401|1629640|203926,1627788|1629718|1630178|202699|203954,,,1610612759.0,22100704
3,PT09M43.00S,09:43,Q3 09:43,20.283333333333335,329,2pt,K. Johnson running Layup (10 PTS),"['fastbreak', 'pointsinthepaint', 'fromturnover']",Johnson,53,61,Made,True,False,1629640,,steal,2pt made,,,,1627749|1627751|1627788|1628401|1629640|1629718|1630178|202699|203926|203954,1627749|1627751|1628401|1629640|203926,1627788|1629718|1630178|202699|203954,7.0,5.0,1610612759.0,22100704
3,PT09M28.00S,09:28,Q3 09:28,20.533333333333335,330,2pt,T. Maxey driving finger roll Layup (7 PTS) (J. Embiid 4 AST),['pointsinthepaint'],Maxey,53,63,Made,True,True,1630178,203954.0,2pt made,2pt made,,,,1627749|1627751|1627788|1628401|1629640|1629718|1630178|202699|203926|203954,1627788|1629718|1630178|202699|203954,1627749|1627751|1628401|1629640|203926,-2.0,13.0,1610612755.0,22100704
3,PT09M18.00S,09:18,Q3 09:18,20.7,332,2pt,J. Poeltl cutting Layup (17 PTS) (D. White 5 AST),['pointsinthepaint'],Poeltl,55,63,Made,True,True,1627751,1628401.0,2pt made,3pt made,,,,1627749|1627751|1627788|1628401|1629640|1629718|1630178|202699|203926|203954,1627749|1627751|1628401|1629640|203926,1627788|1629718|1630178|202699|203954,1.0,14.0,1610612759.0,22100704
3,PT09M04.00S,09:04,Q3 09:04,20.933333333333334,334,3pt,J. Embiid 25' 3PT  (21 PTS) (F. Korkmaz 3 AST),[],Embiid,55,66,Made,True,True,203954,1627788.0,2pt made,2pt made,,,,1627749|1627751|1627788|1628401|1629640|1629718|1630178|202699|203926|203954,1627788|1629718|1630178|202699|203954,1627749|1627751|1628401|1629640|203926,-112.0,227.0,1610612755.0,22100704
3,PT08M50.00S,08:50,Q3 08:50,19.166666666666668,336,2pt,D. White 12' pullup Jump Shot (7 PTS),['pointsinthepaint'],White,57,66,Made,True,False,1628401,,3pt made,turnover,,,,1627749|1627751|1627788|1628401|1629640|1629718|1630178|202699|203926|203954,1627749|1627751|1628401|1629640|203926,1627788|1629718|1630178|202699|203954,67.0,108.0,1610612759.0,22100704
3,PT08M34.00S,08:34,Q3 08:34,19.433333333333334,337,turnover,T. Maxey bad pass TURNOVER (2 TO),[],Maxey,57,66,,False,False,1630178,,2pt made,steal,,203926.0,,1627749|1627751|1627788|1628401|1629640|1629718|1630178|202699|203926|203954,1627788|1629718|1630178|202699|203954,1627749|1627751|1628401|1629640|203926,,,1610612755.0,22100704
3,PT08M34.00S,08:34,Q3 08:34,19.433333333333334,338,steal,D. McDermott STEAL (2 STL),[],McDermott,57,66,,False,False,203926,,turnover,3pt made,,,,1627749|1627751|1627788|1628401|1629640|1629718|1630178|202699|203926|203954,1627749|1627751|1628401|1629640|203926,1627788|1629718|1630178|202699|203954,,,1610612759.0,22100704
3,PT08M28.00S,08:28,Q3 08:28,19.533333333333335,339,3pt,K. Johnson 3PT running (13 PTS) (D. Murray 8 AST),"['fromturnover', 'fastbreak']",Johnson,60,66,Made,True,True,1629640,1627749.0,steal,timeout,,,,1627749|1627751|1627788|1628401|1629640|1629718|1630178|202699|203926|203954,1627749|1627751|1628401|1629640|203926,1627788|1629718|1630178|202699|203954,237.0,-1.0,1610612759.0,22100704
3,PT08M27.00S,08:27,Q3 08:27,19.55,341,timeout,PHI Timeout,"['team', 'mandatory']",,60,66,,False,False,0,,3pt made,substitution,,,,1627749|1627751|1627788|1628401|1629640|1629718|1630178|202699|203926|203954,1627788|1629718|1630178|202699|203954,1627749|1627751|1628401|1629640|203926,,,1610612755.0,22100704
3,PT08M27.00S,08:27,Q3 08:27,19.55,342,substitution,SUB out: C. Brown Jr.,[],Brown Jr.,60,66,,False,False,1629718,,timeout,substitution,,,,1627749|1627751|1627788|1628401|1629640|1630178|202699|203926|203954,1627788|1630178|202699|203954,1627749|1627751|1628401|1629640|203926,,,1610612755.0,22100704
3,PT08M27.00S,08:27,Q3 08:27,19.55,343,substitution,SUB in: I. Joe,[],Joe,60,66,,False,False,1630198,,substitution,foul,,,,1627749|1627751|1627788|1628401|1629640|1630178|1630198|202699|203926|203954,1627788|1630178|1630198|202699|203954,1627749|1627751|1628401|1629640|203926,,,1610612755.0,22100704
3,PT08M02.00S,08:02,Q3 08:02,19.966666666666665,344,foul,D. White shooting personal FOUL (1 PF) (Joe 3 FT),['3freethrow'],White,60,66,,False,False,1628401,,substitution,freethrow,1630198.0,,,1627749|1627751|1627788|1628401|1629640|1630178|1630198|202699|203926|203954,1627749|1627751|1628401|1629640|203926,1627788|1630178|1630198|202699|203954,,,1610612759.0,22100704
3,PT08M02.00S,08:02,Q3 08:02,19.966666666666665,346,freethrow,I. Joe Free Throw 1 of 3 (6 PTS),[],Joe,60,67,Made,False,False,1630198,,foul,freethrow,,,,1627749|1627751|1627788|1628401|1629640|1630178|1630198|202699|203926|203954,1627788|1630178|1630198|202699|203954,1627749|1627751|1628401|1629640|203926,,,1610612755.0,22100704
3,PT08M02.00S,08:02,Q3 08:02,19.966666666666665,347,freethrow,I. Joe Free Throw 2 of 3 (7 PTS),[],Joe,60,68,Made,False,False,1630198,,freethrow,freethrow,,,,1627749|1627751|1627788|1628401|1629640|1630178|1630198|202699|203926|203954,1627788|1630178|1630198|202699|203954,1627749|1627751|1628401|1629640|203926,,,1610612755.0,22100704
3,PT08M02.00S,08:02,Q3 08:02,19.966666666666665,348,freethrow,I. Joe Free Throw 3 of 3 (8 PTS),[],Joe,60,69,Made,False,False,1630198,,freethrow,2pt made,,,,1627749|1627751|1627788|1628401|1629640|1630178|1630198|202699|203926|203954,1627788|1630178|1630198|202699|203954,1627749|1627751|1628401|1629640|203926,,,1610612755.0,22100704
3,PT07M52.00S,07:52,Q3 07:52,18.133333333333333,349,2pt,D. McDermott cutting DUNK (9 PTS) (J. Poeltl 2 AST),['pointsinthepaint'],McDermott,62,69,Made,True,True,203926,1627751.0,freethrow,2pt made,,,,1627749|1627751|1627788|1628401|1629640|1630178|1630198|202699|203926|203954,1627749|1627751|1628401|1629640|203926,1627788|1630178|1630198|202699|203954,-10.0,5.0,1610612759.0,22100704
3,PT07M37.00S,07:37,Q3 07:37,18.383333333333333,351,2pt,T. Maxey 9' pullup Jump Shot (9 PTS) (J. Embiid 5 AST),[],Maxey,62,71,Made,True,True,1630178,203954.0,2pt made,foul,,,,1627749|1627751|1627788|1628401|1629640|1630178|1630198|202699|203926|203954,1627788|1630178|1630198|202699|203954,1627749|1627751|1628401|1629640|203926,97.0,18.0,1610612755.0,22100704
3,PT07M22.00S,07:22,Q3 07:22,18.633333333333333,353,foul,I. Joe shooting personal FOUL (3 PF) (Murray 2 FT),['2freethrow'],Joe,62,71,,False,False,1630198,,2pt made,freethrow,1627749.0,,,1627749|1627751|1627788|1628401|1629640|1630178|1630198|202699|203926|203954,1627788|1630178|1630198|202699|203954,1627749|1627751|1628401|1629640|203926,,,1610612755.0,22100704
3,PT07M22.00S,07:22,Q3 07:22,18.633333333333333,355,freethrow,D. Murray Free Throw 1 of 2 (8 PTS),[],Murray,63,71,Made,False,False,1627749,,foul,freethrow,,,,1627749|1627751|1627788|1628401|1629640|1630178|1630198|202699|203926|203954,1627749|1627751|1628401|1629640|203926,1627788|1630178|1630198|202699|203954,,,1610612759.0,22100704
3,PT07M22.00S,07:22,Q3 07:22,18.633333333333333,356,freethrow,D. Murray Free Throw 2 of 2 (9 PTS),[],Murray,64,71,Made,False,False,1627749,,freethrow,3pt made,,,,1627749|1627751|1627788|1628401|1629640|1630178|1630198|202699|203926|203954,1627749|1627751|1628401|1629640|203926,1627788|1630178|1630198|202699|203954,,,1610612759.0,22100704
3,PT07M09.00S,07:09,Q3 07:09,18.85,357,3pt,F. Korkmaz 24' 3PT pullup (10 PTS) (T. Maxey 2 AST),[],Korkmaz,64,74,Made,True,True,1627788,1630178.0,freethrow,2pt missed,,,,1627749|1627751|1627788|1628401|1629640|1630178|1630198|202699|203926|203954,1627788|1630178|1630198|202699|203954,1627749|1627751|1628401|1629640|203926,98.0,227.0,1610612755.0,22100704
3,PT06M49.00S,06:49,Q3 06:49,17.183333333333334,359,2pt,MISS D. McDermott 11' pullup Shot,[],McDermott,64,74,Missed,True,False,203926,,3pt made,rebound,,,,1627749|1627751|1627788|1628401|1629640|1630178|1630198|202699|203926|203954,1627749|1627751|1628401|1629640|203926,1627788|1630178|1630198|202699|203954,-93.0,75.0,1610612759.0,22100704
3,PT06M47.00S,06:47,Q3 06:47,17.216666666666665,360,rebound,T. Maxey REBOUND (Off:1 Def:2),[],Maxey,64,74,,False,False,1630178,,2pt missed,foul,,,,1627749|1627751|1627788|1628401|1629640|1630178|1630198|202699|203926|203954,1627788|1630178|1630198|202699|203954,1627749|1627751|1628401|1629640|203926,,,1610612755.0,22100704
3,PT06M44.00S,06:44,Q3 06:44,17.266666666666666,361,foul,J. Poeltl shooting personal FOUL (3 PF) (Embiid 2 FT),['2freethrow'],Poeltl,64,74,,False,False,1627751,,rebound,freethrow,203954.0,,,1627749|1627751|1627788|1628401|1629640|1630178|1630198|202699|203926|203954,1627749|1627751|1628401|1629640|203926,1627788|1630178|1630198|202699|203954,,,1610612759.0,22100704
3,PT06M44.00S,06:44,Q3 06:44,17.266666666666666,363,freethrow,J. Embiid Free Throw 1 of 2 (22 PTS),['fastbreak'],Embiid,64,75,Made,False,False,203954,,foul,freethrow,,,,1627749|1627751|1627788|1628401|1629640|1630178|1630198|202699|203926|203954,1627788|1630178|1630198|202699|203954,1627749|1627751|1628401|1629640|203926,,,1610612755.0,22100704
3,PT06M44.00S,06:44,Q3 06:44,17.266666666666666,364,freethrow,MISS J. Embiid Free Throw 2 of 2,['fastbreak'],Embiid,64,75,Missed,False,False,203954,,freethrow,rebound,,,,1627749|1627751|1627788|1628401|1629640|1630178|1630198|202699|203926|203954,1627788|1630178|1630198|202699|203954,1627749|1627751|1628401|1629640|203926,,,1610612755.0,22100704
3,PT06M41.00S,06:41,Q3 06:41,17.316666666666666,365,rebound,K. Johnson REBOUND (Off:0 Def:3),[],Johnson,64,75,,False,False,1629640,,freethrow,2pt made,,,,1627749|1627751|1627788|1628401|1629640|1630178|1630198|202699|203926|203954,1627749|1627751|1628401|1629640|203926,1627788|1630178|1630198|202699|203954,,,1610612759.0,22100704
3,PT06M34.00S,06:34,Q3 06:34,17.433333333333334,366,2pt,K. Johnson driving Layup (15 PTS) (D. Murray 9 AST),['pointsinthepaint'],Johnson,66,75,Made,True,True,1629640,1627749.0,rebound,2pt missed,,,,1627749|1627751|1627788|1628401|1629640|1630178|1630198|202699|203926|203954,1627749|1627751|1628401|1629640|203926,1627788|1630178|1630198|202699|203954,1.0,8.0,1610612759.0,22100704
3,PT06M23.00S,06:23,Q3 06:23,17.616666666666667,368,2pt,MISS T. Maxey driving floating Shot,['pointsinthepaint'],Maxey,66,75,Missed,True,False,1630178,,2pt made,rebound,,,,1627749|1627751|1627788|1628401|1629640|1630178|1630198|202699|203926|203954,1627788|1630178|1630198|202699|203954,1627749|1627751|1628401|1629640|203926,23.0,48.0,1610612755.0,22100704
3,PT06M21.00S,06:21,Q3 06:21,17.65,369,rebound,J. Poeltl REBOUND (Off:2 Def:4),[],Poeltl,66,75,,False,False,1627751,,2pt missed,2pt missed,,,,1627749|1627751|1627788|1628401|1629640|1630178|1630198|202699|203926|203954,1627749|1627751|1628401|1629640|203926,1627788|1630178|1630198|202699|203954,,,1610612759.0,22100704
3,PT06M11.00S,06:11,Q3 06:11,17.816666666666666,370,2pt,MISS D. Murray 15' pullup Shot,[],Murray,66,75,Missed,True,False,1627749,,rebound,rebound,,,,1627749|1627751|1627788|1628401|1629640|1630178|1630198|202699|203926|203954,1627749|1627751|1628401|1629640|203926,1627788|1630178|1630198|202699|203954,141.0,74.0,1610612759.0,22100704
3,PT06M08.00S,06:08,Q3 06:08,17.866666666666667,371,rebound,J. Poeltl REBOUND (Off:3 Def:4),[],Poeltl,66,75,,False,False,1627751,,2pt missed,3pt missed,,,,1627749|1627751|1627788|1628401|1629640|1630178|1630198|202699|203926|203954,1627749|1627751|1628401|1629640|203926,1627788|1630178|1630198|202699|203954,,,1610612759.0,22100704
3,PT06M05.00S,06:05,Q3 06:05,17.916666666666668,372,3pt,MISS D. Murray 25' 3PT,['2ndchance'],Murray,66,75,Missed,True,False,1627749,,rebound,rebound,,,,1627749|1627751|1627788|1628401|1629640|1630178|1630198|202699|203926|203954,1627749|1627751|1628401|1629640|203926,1627788|1630178|1630198|202699|203954,143.0,210.0,1610612759.0,22100704
3,PT06M02.00S,06:02,Q3 06:02,17.966666666666665,373,rebound,J. Embiid REBOUND (Off:2 Def:5),[],Embiid,66,75,,False,False,203954,,3pt missed,foul,,,,1627749|1627751|1627788|1628401|1629640|1630178|1630198|202699|203926|203954,1627788|1630178|1630198|202699|203954,1627749|1627751|1628401|1629640|203926,,,1610612755.0,22100704
3,PT05M47.00S,05:47,Q3 05:47,16.216666666666665,374,foul,D. Murray personal FOUL (2 PF),[],Murray,66,75,,False,False,1627749,,rebound,substitution,203954.0,,,1627749|1627751|1627788|1628401|1629640|1630178|1630198|202699|203926|203954,1627749|1627751|1628401|1629640|203926,1627788|1630178|1630198|202699|203954,,,1610612759.0,22100704
3,PT05M47.00S,05:47,Q3 05:47,16.216666666666665,376,substitution,SUB out: D. McDermott,[],McDermott,66,75,,False,False,203926,,foul,substitution,,,,1627749|1627751|1627788|1628401|1629640|1630178|1630198|202699|203954,1627749|1627751|1628401|1629640,1627788|1630178|1630198|202699|203954,,,1610612759.0,22100704
3,PT05M47.00S,05:47,Q3 05:47,16.216666666666665,377,substitution,SUB out: T. Harris,[],Harris,66,75,,False,False,202699,,substitution,substitution,,,,1627749|1627751|1627788|1628401|1629640|1630178|1630198|203954,1627788|1630178|1630198|203954,1627749|1627751|1628401|1629640,,,1610612755.0,22100704
3,PT05M47.00S,05:47,Q3 05:47,16.216666666666665,378,substitution,SUB in: D. Vassell,[],Vassell,66,75,,False,False,1630170,,substitution,substitution,,,,1627749|1627751|1627788|1628401|1629640|1630170|1630178|1630198|203954,1627749|1627751|1628401|1629640|1630170,1627788|1630178|1630198|203954,,,1610612759.0,22100704
3,PT05M47.00S,05:47,Q3 05:47,16.216666666666665,379,substitution,SUB in: G. Niang,[],Niang,66,75,,False,False,1627777,,substitution,3pt missed,,,,1627749|1627751|1627777|1627788|1628401|1629640|1630170|1630178|1630198|203954,1627777|1627788|1630178|1630198|203954,1627749|1627751|1628401|1629640|1630170,,,1610612755.0,22100704
3,PT05M33.00S,05:33,Q3 05:33,16.45,380,3pt,MISS I. Joe 25' 3PT,[],Joe,66,75,Missed,True,False,1630198,,substitution,rebound,,,,1627749|1627751|1627777|1627788|1628401|1629640|1630170|1630178|1630198|203954,1627777|1627788|1630178|1630198|203954,1627749|1627751|1628401|1629640|1630170,169.0,186.0,1610612755.0,22100704
3,PT05M31.00S,05:31,Q3 05:31,16.483333333333334,381,rebound,J. Poeltl REBOUND (Off:3 Def:5),[],Poeltl,66,75,,False,False,1627751,,3pt missed,2pt missed,,,,1627749|1627751|1627777|1627788|1628401|1629640|1630170|1630178|1630198|203954,1627749|1627751|1628401|1629640|1630170,1627777|1627788|1630178|1630198|203954,,,1610612759.0,22100704
3,PT05M26.00S,05:26,Q3 05:26,16.566666666666666,382,2pt,MISS D. White driving Layup,"['pointsinthepaint', 'fastbreak']",White,66,75,Missed,True,False,1628401,,rebound,rebound,,,,1627749|1627751|1627777|1627788|1628401|1629640|1630170|1630178|1630198|203954,1627749|1627751|1628401|1629640|1630170,1627777|1627788|1630178|1630198|203954,9.0,5.0,1610612759.0,22100704
3,PT05M23.00S,05:23,Q3 05:23,16.616666666666667,383,rebound,J. Embiid REBOUND (Off:2 Def:6),[],Embiid,66,75,,False,False,203954,,2pt missed,2pt missed,,,,1627749|1627751|1627777|1627788|1628401|1629640|1630170|1630178|1630198|203954,1627777|1627788|1630178|1630198|203954,1627749|1627751|1628401|1629640|1630170,,,1610612755.0,22100704
3,PT05M17.00S,05:17,Q3 05:17,16.716666666666665,384,2pt,MISS J. Embiid 8' turnaround fadeaway Shot,[],Embiid,66,75,Missed,True,False,203954,,rebound,rebound,,,,1627749|1627751|1627777|1627788|1628401|1629640|1630170|1630178|1630198|203954,1627777|1627788|1630178|1630198|203954,1627749|1627751|1628401|1629640|1630170,80.0,11.0,1610612755.0,22100704
3,PT05M14.00S,05:14,Q3 05:14,16.766666666666666,385,rebound,D. Murray REBOUND (Off:2 Def:6),[],Murray,66,75,,False,False,1627749,,2pt missed,3pt missed,,,,1627749|1627751|1627777|1627788|1628401|1629640|1630170|1630178|1630198|203954,1627749|1627751|1628401|1629640|1630170,1627777|1627788|1630178|1630198|203954,,,1610612759.0,22100704
3,PT05M06.00S,05:06,Q3 05:06,16.9,386,3pt,MISS D. Vassell 24' 3PT,[],Vassell,66,75,Missed,True,False,1630170,,rebound,rebound,,,,1627749|1627751|1627777|1627788|1628401|1629640|1630170|1630178|1630198|203954,1627749|1627751|1628401|1629640|1630170,1627777|1627788|1630178|1630198|203954,108.0,225.0,1610612759.0,22100704
3,PT05M03.00S,05:03,Q3 05:03,16.95,387,rebound,J. Embiid REBOUND (Off:2 Def:7),[],Embiid,66,75,,False,False,203954,,3pt missed,2pt made,,,,1627749|1627751|1627777|1627788|1628401|1629640|1630170|1630178|1630198|203954,1627777|1627788|1630178|1630198|203954,1627749|1627751|1628401|1629640|1630170,,,1610612755.0,22100704
3,PT04M47.00S,04:47,Q3 04:47,15.216666666666667,388,2pt,J. Embiid 11' pullup Jump Shot (24 PTS) (T. Maxey 3 AST),['pointsinthepaint'],Embiid,66,77,Made,True,True,203954,1630178.0,rebound,2pt missed,,,,1627749|1627751|1627777|1627788|1628401|1629640|1630170|1630178|1630198|203954,1627777|1627788|1630178|1630198|203954,1627749|1627751|1628401|1629640|1630170,-69.0,88.0,1610612755.0,22100704
3,PT04M31.00S,04:31,Q3 04:31,15.483333333333333,390,2pt,MISS D. Vassell 11' floating Shot,['pointsinthepaint'],Vassell,66,77,Missed,True,False,1630170,,2pt made,rebound,,,,1627749|1627751|1627777|1627788|1628401|1629640|1630170|1630178|1630198|203954,1627749|1627751|1628401|1629640|1630170,1627777|1627788|1630178|1630198|203954,55.0,105.0,1610612759.0,22100704
3,PT04M28.00S,04:28,Q3 04:28,15.533333333333333,391,rebound,D. Vassell REBOUND (Off:1 Def:2),[],Vassell,66,77,,False,False,1630170,,2pt missed,2pt made,,,,1627749|1627751|1627777|1627788|1628401|1629640|1630170|1630178|1630198|203954,1627749|1627751|1628401|1629640|1630170,1627777|1627788|1630178|1630198|203954,,,1610612759.0,22100704
3,PT04M28.00S,04:28,Q3 04:28,15.533333333333333,392,2pt,D. Vassell tip Layup (7 PTS),"['pointsinthepaint', '2ndchance']",Vassell,68,77,Made,True,False,1630170,,rebound,3pt made,,,,1627749|1627751|1627777|1627788|1628401|1629640|1630170|1630178|1630198|203954,1627749|1627751|1628401|1629640|1630170,1627777|1627788|1630178|1630198|203954,0.0,0.0,1610612759.0,22100704
3,PT04M15.00S,04:15,Q3 04:15,15.75,393,3pt,F. Korkmaz 3PT  (13 PTS) (T. Maxey 4 AST),[],Korkmaz,68,80,Made,True,True,1627788,1630178.0,2pt made,turnover,,,,1627749|1627751|1627777|1627788|1628401|1629640|1630170|1630178|1630198|203954,1627777|1627788|1630178|1630198|203954,1627749|1627751|1628401|1629640|1630170,223.0,26.0,1610612755.0,22100704
3,PT04M01.00S,04:01,Q3 04:01,15.983333333333333,396,turnover,J. Poeltl offensive goaltending TURNOVER (1 TO),[],Poeltl,68,80,,False,False,1627751,,3pt made,substitution,,,,1627749|1627751|1627777|1627788|1628401|1629640|1630170|1630178|1630198|203954,1627749|1627751|1628401|1629640|1630170,1627777|1627788|1630178|1630198|203954,,,1610612759.0,22100704
3,PT04M01.00S,04:01,Q3 04:01,15.983333333333333,397,substitution,SUB out: D. Murray,[],Murray,68,80,,False,False,1627749,,turnover,substitution,,,,1627751|1627777|1627788|1628401|1629640|1630170|1630178|1630198|203954,1627751|1628401|1629640|1630170,1627777|1627788|1630178|1630198|203954,,,1610612759.0,22100704
3,PT04M01.00S,04:01,Q3 04:01,15.983333333333333,398,substitution,SUB out: J. Poeltl,[],Poeltl,68,80,,False,False,1627751,,substitution,substitution,,,,1627777|1627788|1628401|1629640|1630170|1630178|1630198|203954,1628401|1629640|1630170,1627777|1627788|1630178|1630198|203954,,,1610612759.0,22100704
3,PT04M01.00S,04:01,Q3 04:01,15.983333333333333,399,substitution,SUB in: L. Walker IV,[],Walker IV,68,80,,False,False,1629022,,substitution,substitution,,,,1627777|1627788|1628401|1629022|1629640|1630170|1630178|1630198|203954,1628401|1629022|1629640|1630170,1627777|1627788|1630178|1630198|203954,,,1610612759.0,22100704
3,PT04M01.00S,04:01,Q3 04:01,15.983333333333333,400,substitution,SUB in: J. Landale,[],Landale,68,80,,False,False,1629111,,substitution,2pt made,,,,1627777|1627788|1628401|1629022|1629111|1629640|1630170|1630178|1630198|203954,1628401|1629022|1629111|1629640|1630170,1627777|1627788|1630178|1630198|203954,,,1610612759.0,22100704
3,PT03M50.00S,03:50,Q3 03:50,14.166666666666666,401,2pt,J. Embiid 16' step back Jump Shot (26 PTS) (T. Maxey 5 AST),['fromturnover'],Embiid,68,82,Made,True,True,203954,1630178.0,substitution,timeout,,,,1627777|1627788|1628401|1629022|1629111|1629640|1630170|1630178|1630198|203954,1627777|1627788|1630178|1630198|203954,1628401|1629022|1629111|1629640|1630170,-83.0,146.0,1610612755.0,22100704
3,PT03M49.00S,03:49,Q3 03:49,14.183333333333334,402,timeout,SAS Timeout,['team'],,68,82,,False,False,0,,2pt made,substitution,,,,1627777|1627788|1628401|1629022|1629111|1629640|1630170|1630178|1630198|203954,1628401|1629022|1629111|1629640|1630170,1627777|1627788|1630178|1630198|203954,,,1610612759.0,22100704
3,PT03M49.00S,03:49,Q3 03:49,14.183333333333334,404,substitution,SUB out: T. Maxey,[],Maxey,68,82,,False,False,1630178,,timeout,substitution,,,,1627777|1627788|1628401|1629022|1629111|1629640|1630170|1630198|203954,1627777|1627788|1630198|203954,1628401|1629022|1629111|1629640|1630170,,,1610612755.0,22100704
3,PT03M49.00S,03:49,Q3 03:49,14.183333333333334,405,substitution,SUB in: C. Brown Jr.,[],Brown Jr.,68,82,,False,False,1629718,,substitution,3pt missed,,,,1627777|1627788|1628401|1629022|1629111|1629640|1629718|1630170|1630198|203954,1627777|1627788|1629718|1630198|203954,1628401|1629022|1629111|1629640|1630170,,,1610612755.0,22100704
3,PT03M34.00S,03:34,Q3 03:34,14.433333333333334,406,3pt,MISS D. Vassell 25' 3PT,[],Vassell,68,82,Missed,True,False,1630170,,substitution,rebound,,,,1627777|1627788|1628401|1629022|1629111|1629640|1629718|1630170|1630198|203954,1628401|1629022|1629111|1629640|1630170,1627777|1627788|1629718|1630198|203954,21.0,250.0,1610612759.0,22100704
3,PT03M32.00S,03:32,Q3 03:32,14.466666666666667,407,rebound,J. Embiid REBOUND (Off:2 Def:8),[],Embiid,68,82,,False,False,203954,,3pt missed,2pt missed,,,,1627777|1627788|1628401|1629022|1629111|1629640|1629718|1630170|1630198|203954,1627777|1627788|1629718|1630198|203954,1628401|1629022|1629111|1629640|1630170,,,1610612755.0,22100704
3,PT03M15.00S,03:15,Q3 03:15,14.75,408,2pt,MISS J. Embiid 17' pullup Shot,[],Embiid,68,82,Missed,True,False,203954,,rebound,rebound,,,,1627777|1627788|1628401|1629022|1629111|1629640|1629718|1630170|1630198|203954,1627777|1627788|1629718|1630198|203954,1628401|1629022|1629111|1629640|1630170,-87.0,149.0,1610612755.0,22100704
3,PT03M12.00S,03:12,Q3 03:12,14.8,409,rebound,L. Walker IV REBOUND (Off:0 Def:1),[],Walker IV,68,82,,False,False,1629022,,2pt missed,3pt made,,,,1627777|1627788|1628401|1629022|1629111|1629640|1629718|1630170|1630198|203954,1628401|1629022|1629111|1629640|1630170,1627777|1627788|1629718|1630198|203954,,,1610612759.0,22100704
3,PT03M01.00S,03:01,Q3 03:01,14.983333333333333,410,3pt,D. White 25' 3PT  (10 PTS) (D. Vassell 1 AST),[],White,71,82,Made,True,True,1628401,1630170.0,rebound,2pt made,,,,1627777|1627788|1628401|1629022|1629111|1629640|1629718|1630170|1630198|203954,1628401|1629022|1629111|1629640|1630170,1627777|1627788|1629718|1630198|203954,150.0,201.0,1610612759.0,22100704
3,PT02M37.00S,02:37,Q3 02:37,13.383333333333333,412,2pt,J. Embiid driving DUNK (28 PTS) (G. Niang 1 AST),['pointsinthepaint'],Embiid,71,84,Made,True,True,203954,1627777.0,3pt made,foul,,,,1627777|1627788|1628401|1629022|1629111|1629640|1629718|1630170|1630198|203954,1627777|1627788|1629718|1630198|203954,1628401|1629022|1629111|1629640|1630170,-2.0,6.0,1610612755.0,22100704
3,PT02M28.00S,02:28,Q3 02:28,13.533333333333333,414,foul,I. Joe personal FOUL (4 PF),[],Joe,71,84,,False,False,1630198,,2pt made,substitution,1628401.0,,,1627777|1627788|1628401|1629022|1629111|1629640|1629718|1630170|1630198|203954,1627777|1627788|1629718|1630198|203954,1628401|1629022|1629111|1629640|1630170,,,1610612755.0,22100704
3,PT02M28.00S,02:28,Q3 02:28,13.533333333333333,416,substitution,SUB out: J. Embiid,[],Embiid,71,84,,False,False,203954,,foul,substitution,,,,1627777|1627788|1628401|1629022|1629111|1629640|1629718|1630170|1630198,1627777|1627788|1629718|1630198,1628401|1629022|1629111|1629640|1630170,,,1610612755.0,22100704
3,PT02M28.00S,02:28,Q3 02:28,13.533333333333333,417,substitution,SUB in: A. Drummond,[],Drummond,71,84,,False,False,203083,,substitution,2pt missed,,,,1627777|1627788|1628401|1629022|1629111|1629640|1629718|1630170|1630198|203083,1627777|1627788|1629718|1630198|203083,1628401|1629022|1629111|1629640|1630170,,,1610612755.0,22100704
3,PT02M12.00S,02:12,Q3 02:12,13.8,418,2pt,MISS D. Vassell 7' turnaround fadeaway Shot,['pointsinthepaint'],Vassell,71,84,Missed,True,False,1630170,,substitution,rebound,,,,1627777|1627788|1628401|1629022|1629111|1629640|1629718|1630170|1630198|203083,1628401|1629022|1629111|1629640|1630170,1627777|1627788|1629718|1630198|203083,-5.0,77.0,1610612759.0,22100704
3,PT02M08.00S,02:08,Q3 02:08,13.866666666666667,419,rebound,D. White REBOUND (Off:2 Def:3),[],White,71,84,,False,False,1628401,,2pt missed,3pt missed,,,,1627777|1627788|1628401|1629022|1629111|1629640|1629718|1630170|1630198|203083,1628401|1629022|1629111|1629640|1630170,1627777|1627788|1629718|1630198|203083,,,1610612759.0,22100704
3,PT02M05.00S,02:05,Q3 02:05,13.916666666666666,420,3pt,MISS J. Landale 24' 3PT,['2ndchance'],Landale,71,84,Missed,True,False,1629111,,rebound,rebound,,,,1627777|1627788|1628401|1629022|1629111|1629640|1629718|1630170|1630198|203083,1628401|1629022|1629111|1629640|1630170,1627777|1627788|1629718|1630198|203083,161.0,185.0,1610612759.0,22100704
3,PT02M01.00S,02:01,Q3 02:01,13.983333333333333,421,rebound,C. Brown Jr. REBOUND (Off:1 Def:1),[],Brown Jr.,71,84,,False,False,1629718,,3pt missed,2pt made,,,,1627777|1627788|1628401|1629022|1629111|1629640|1629718|1630170|1630198|203083,1627777|1627788|1629718|1630198|203083,1628401|1629022|1629111|1629640|1630170,,,1610612755.0,22100704
3,PT01M52.00S,01:52,Q3 01:52,12.133333333333333,422,2pt,F. Korkmaz driving Layup (15 PTS),['pointsinthepaint'],Korkmaz,71,86,Made,True,False,1627788,,rebound,foul,,,,1627777|1627788|1628401|1629022|1629111|1629640|1629718|1630170|1630198|203083,1627777|1627788|1629718|1630198|203083,1628401|1629022|1629111|1629640|1630170,-15.0,10.0,1610612755.0,22100704
3,PT01M41.00S,01:41,Q3 01:41,12.316666666666666,423,foul,C. Brown Jr. shooting personal FOUL (2 PF) (Johnson 2 FT),['2freethrow'],Brown Jr.,71,86,,False,False,1629718,,2pt made,freethrow,1629640.0,,,1627777|1627788|1628401|1629022|1629111|1629640|1629718|1630170|1630198|203083,1627777|1627788|1629718|1630198|203083,1628401|1629022|1629111|1629640|1630170,,,1610612755.0,22100704
3,PT01M41.00S,01:41,Q3 01:41,12.316666666666666,425,freethrow,MISS K. Johnson Free Throw 1 of 2,[],Johnson,71,86,Missed,False,False,1629640,,foul,rebound,,,,1627777|1627788|1628401|1629022|1629111|1629640|1629718|1630170|1630198|203083,1628401|1629022|1629111|1629640|1630170,1627777|1627788|1629718|1630198|203083,,,1610612759.0,22100704
3,PT01M41.00S,01:41,Q3 01:41,12.316666666666666,426,rebound,TEAM offensive REBOUND,"['deadball', 'team']",,71,86,,False,False,0,,freethrow,freethrow,,,,1627777|1627788|1628401|1629022|1629111|1629640|1629718|1630170|1630198|203083,1628401|1629022|1629111|1629640|1630170,1627777|1627788|1629718|1630198|203083,,,1610612759.0,22100704
3,PT01M41.00S,01:41,Q3 01:41,12.316666666666666,427,freethrow,K. Johnson Free Throw 2 of 2 (16 PTS),[],Johnson,72,86,Made,False,False,1629640,,rebound,2pt missed,,,,1627777|1627788|1628401|1629022|1629111|1629640|1629718|1630170|1630198|203083,1628401|1629022|1629111|1629640|1630170,1627777|1627788|1629718|1630198|203083,,,1610612759.0,22100704
3,PT01M32.00S,01:32,Q3 01:32,12.466666666666667,428,2pt,MISS F. Korkmaz driving Layup - blocked,['pointsinthepaint'],Korkmaz,72,86,Missed,True,False,1627788,,freethrow,block,,,1629640.0,1627777|1627788|1628401|1629022|1629111|1629640|1629718|1630170|1630198|203083,1627777|1627788|1629718|1630198|203083,1628401|1629022|1629111|1629640|1630170,38.0,37.0,1610612755.0,22100704
3,PT01M32.00S,01:32,Q3 01:32,12.466666666666667,429,block,K. Johnson BLOCK (1 BLK),[],Johnson,72,86,,False,False,1629640,,2pt missed,rebound,,,,1627777|1627788|1628401|1629022|1629111|1629640|1629718|1630170|1630198|203083,1628401|1629022|1629111|1629640|1630170,1627777|1627788|1629718|1630198|203083,,,1610612759.0,22100704
3,PT01M32.00S,01:32,Q3 01:32,12.466666666666667,430,rebound,TEAM offensive REBOUND,['team'],,72,86,,False,False,0,,block,substitution,,,,1627777|1627788|1628401|1629022|1629111|1629640|1629718|1630170|1630198|203083,1627777|1627788|1629718|1630198|203083,1628401|1629022|1629111|1629640|1630170,,,1610612755.0,22100704
3,PT01M32.00S,01:32,Q3 01:32,12.466666666666667,432,substitution,SUB out: K. Johnson,[],Johnson,72,86,,False,False,1629640,,rebound,substitution,,,,1627777|1627788|1628401|1629022|1629111|1629718|1630170|1630198|203083,1628401|1629022|1629111|1630170,1627777|1627788|1629718|1630198|203083,,,1610612759.0,22100704
3,PT01M32.00S,01:32,Q3 01:32,12.466666666666667,433,substitution,SUB in: K. Bates-Diop,[],Bates-Diop,72,86,,False,False,1628966,,substitution,foul,,,,1627777|1627788|1628401|1628966|1629022|1629111|1629718|1630170|1630198|203083,1628401|1628966|1629022|1629111|1630170,1627777|1627788|1629718|1630198|203083,,,1610612759.0,22100704
3,PT01M25.00S,01:25,Q3 01:25,12.583333333333334,434,foul,A. Drummond offensive FOUL (2 PF),[],Drummond,72,86,,False,False,203083,,substitution,turnover,1628401.0,,,1627777|1627788|1628401|1628966|1629022|1629111|1629718|1630170|1630198|203083,1627777|1627788|1629718|1630198|203083,1628401|1628966|1629022|1629111|1630170,,,1610612755.0,22100704
3,PT01M25.00S,01:25,Q3 01:25,12.583333333333334,436,turnover,A. Drummond offensive foul TURNOVER (2 TO),[],Drummond,72,86,,False,False,203083,,foul,3pt made,,,,1627777|1627788|1628401|1628966|1629022|1629111|1629718|1630170|1630198|203083,1627777|1627788|1629718|1630198|203083,1628401|1628966|1629022|1629111|1630170,,,1610612755.0,22100704
3,PT01M08.00S,01:08,Q3 01:08,12.866666666666667,437,3pt,D. Vassell 26' 3PT  (10 PTS) (L. Walker IV 1 AST),['fromturnover'],Vassell,75,86,Made,True,True,1630170,1629022.0,turnover,3pt missed,,,,1627777|1627788|1628401|1628966|1629022|1629111|1629718|1630170|1630198|203083,1628401|1628966|1629022|1629111|1630170,1627777|1627788|1629718|1630198|203083,206.0,162.0,1610612759.0,22100704
3,PT00M53.30S,00:53,Q3 00:53,11.116666666666667,439,3pt,MISS F. Korkmaz 26' 3PT,[],Korkmaz,75,86,Missed,True,False,1627788,,3pt made,rebound,,,,1627777|1627788|1628401|1628966|1629022|1629111|1629718|1630170|1630198|203083,1627777|1627788|1629718|1630198|203083,1628401|1628966|1629022|1629111|1630170,-219.0,155.0,1610612755.0,22100704
3,PT00M51.50S,00:51,Q3 00:51,11.15,440,rebound,J. Landale REBOUND (Off:0 Def:1),[],Landale,75,86,,False,False,1629111,,3pt missed,3pt missed,,,,1627777|1627788|1628401|1628966|1629022|1629111|1629718|1630170|1630198|203083,1628401|1628966|1629022|1629111|1630170,1627777|1627788|1629718|1630198|203083,,,1610612759.0,22100704
3,PT00M42.70S,00:42,Q3 00:42,11.3,441,3pt,MISS J. Landale 26' 3PT,[],Landale,75,86,Missed,True,False,1629111,,rebound,rebound,,,,1627777|1627788|1628401|1628966|1629022|1629111|1629718|1630170|1630198|203083,1628401|1628966|1629022|1629111|1630170,1627777|1627788|1629718|1630198|203083,113.0,240.0,1610612759.0,22100704
3,PT00M39.80S,00:39,Q3 00:39,11.35,442,rebound,A. Drummond REBOUND (Off:1 Def:3),[],Drummond,75,86,,False,False,203083,,3pt missed,2pt missed,,,,1627777|1627788|1628401|1628966|1629022|1629111|1629718|1630170|1630198|203083,1627777|1627788|1629718|1630198|203083,1628401|1628966|1629022|1629111|1630170,,,1610612755.0,22100704
3,PT00M31.10S,00:31,Q3 00:31,11.483333333333333,443,2pt,MISS F. Korkmaz driving Layup,['pointsinthepaint'],Korkmaz,75,86,Missed,True,False,1627788,,rebound,rebound,,,,1627777|1627788|1628401|1628966|1629022|1629111|1629718|1630170|1630198|203083,1627777|1627788|1629718|1630198|203083,1628401|1628966|1629022|1629111|1630170,-5.0,8.0,1610612755.0,22100704
3,PT00M28.90S,00:28,Q3 00:28,11.533333333333333,444,rebound,D. Vassell REBOUND (Off:1 Def:3),[],Vassell,75,86,,False,False,1630170,,2pt missed,2pt made,,,,1627777|1627788|1628401|1628966|1629022|1629111|1629718|1630170|1630198|203083,1628401|1628966|1629022|1629111|1630170,1627777|1627788|1629718|1630198|203083,,,1610612759.0,22100704
3,PT00M07.60S,00:07,Q3 00:07,11.883333333333333,445,2pt,D. Vassell 12' pullup Jump Shot (12 PTS) (D. White 6 AST),['pointsinthepaint'],Vassell,77,86,Made,True,True,1630170,1628401.0,rebound,2pt missed,,,,1627777|1627788|1628401|1628966|1629022|1629111|1629718|1630170|1630198|203083,1628401|1628966|1629022|1629111|1630170,1627777|1627788|1629718|1630198|203083,17.0,129.0,1610612759.0,22100704
3,PT00M00.60S,00:00,Q3 00:00,12.0,446,2pt,MISS F. Korkmaz 9' driving floating bank Shot,['pointsinthepaint'],Korkmaz,77,86,Missed,True,False,1627788,,2pt made,rebound,,,,1627777|1627788|1628401|1628966|1629022|1629111|1629718|1630170|1630198|203083,1627777|1627788|1629718|1630198|203083,1628401|1628966|1629022|1629111|1630170,-67.0,62.0,1610612755.0,22100704
3,PT00M00.60S,00:00,Q3 00:00,12.0,447,rebound,A. Drummond REBOUND (Off:2 Def:3),[],Drummond,77,86,,False,False,203083,,2pt missed,2pt missed,,,,1627777|1627788|1628401|1628966|1629022|1629111|1629718|1630170|1630198|203083,1627777|1627788|1629718|1630198|203083,1628401|1628966|1629022|1629111|1630170,,,1610612755.0,22100704
3,PT00M00.00S,00:00,Q3 00:00,12.0,448,2pt,MISS A. Drummond tip Layup,"['2ndchance', 'pointsinthepaint']",Drummond,77,86,Missed,True,False,203083,,rebound,rebound,,,,1627777|1627788|1628401|1628966|1629022|1629111|1629718|1630170|1630198|203083,1627777|1627788|1629718|1630198|203083,1628401|1628966|1629022|1629111|1630170,0.0,0.0,1610612755.0,22100704
3,PT00M00.00S,00:00,Q3 00:00,12.0,449,rebound,TEAM offensive REBOUND,['team'],,77,86,,False,False,0,,2pt missed,substitution,,,,1627777|1627788|1628401|1628966|1629022|1629111|1629718|1630170|1630198|203083,1627777|1627788|1629718|1630198|203083,1628401|1628966|1629022|1629111|1630170,,,1610612755.0,22100704
4,PT12M00.00S,12:00,Q4 12:00,12.0,452,substitution,SUB out: D. White,['startperiod'],White,77,86,,False,False,1628401,,rebound,substitution,,,,1627777|1627788|1628966|1629022|1629111|1629718|1630170|1630198|203083,1628966|1629022|1629111|1630170,1627777|1627788|1629718|1630198|203083,,,1610612759.0,22100704
4,PT12M00.00S,12:00,Q4 12:00,12.0,453,substitution,SUB out: J. Landale,['startperiod'],Landale,77,86,,False,False,1629111,,substitution,substitution,,,,1627777|1627788|1628966|1629022|1629718|1630170|1630198|203083,1628966|1629022|1630170,1627777|1627788|1629718|1630198|203083,,,1610612759.0,22100704
4,PT12M00.00S,12:00,Q4 12:00,12.0,454,substitution,SUB out: C. Brown Jr.,['startperiod'],Brown Jr.,77,86,,False,False,1629718,,substitution,substitution,,,,1627777|1627788|1628966|1629022|1630170|1630198|203083,1627777|1627788|1630198|203083,1628966|1629022|1630170,,,1610612755.0,22100704
4,PT12M00.00S,12:00,Q4 12:00,12.0,455,substitution,SUB out: F. Korkmaz,['startperiod'],Korkmaz,77,86,,False,False,1627788,,substitution,substitution,,,,1627777|1628966|1629022|1630170|1630198|203083,1627777|1630198|203083,1628966|1629022|1630170,,,1610612755.0,22100704
4,PT12M00.00S,12:00,Q4 12:00,12.0,457,substitution,SUB in: J. Poeltl,['startperiod'],Poeltl,77,86,,False,False,1627751,,substitution,substitution,,,,1627751|1627777|1628966|1629022|1630170|1630198|203083,1627751|1628966|1629022|1630170,1627777|1630198|203083,,,1610612759.0,22100704
4,PT12M00.00S,12:00,Q4 12:00,12.0,458,substitution,SUB in: T. Harris,['startperiod'],Harris,77,86,,False,False,202699,,substitution,substitution,,,,1627751|1627777|1628966|1629022|1630170|1630198|202699|203083,1627777|1630198|202699|203083,1627751|1628966|1629022|1630170,,,1610612755.0,22100704
4,PT12M00.00S,12:00,Q4 12:00,12.0,459,substitution,SUB in: T. Maxey,['startperiod'],Maxey,77,86,,False,False,1630178,,substitution,substitution,,,,1627751|1627777|1628966|1629022|1630170|1630178|1630198|202699|203083,1627777|1630178|1630198|202699|203083,1627751|1628966|1629022|1630170,,,1610612755.0,22100704
4,PT12M00.00S,12:00,Q4 12:00,12.0,465,substitution,SUB in: D. Murray,['startperiod'],Murray,77,86,,False,False,1627749,,substitution,foul,,,,1627749|1627751|1627777|1628966|1629022|1630170|1630178|1630198|202699|203083,1627749|1627751|1628966|1629022|1630170,1627777|1630178|1630198|202699|203083,,,1610612759.0,22100704
4,PT11M42.00S,11:42,Q4 11:42,10.3,461,foul,I. Joe shooting personal FOUL (5 PF) (Murray 2 FT),['2freethrow'],Joe,77,86,,False,False,1630198,,substitution,freethrow,1627749.0,,,1627749|1627751|1627777|1628966|1629022|1630170|1630178|1630198|202699|203083,1627777|1630178|1630198|202699|203083,1627749|1627751|1628966|1629022|1630170,,,1610612755.0,22100704
4,PT11M42.00S,11:42,Q4 11:42,10.3,463,freethrow,MISS D. Murray Free Throw 1 of 2,[],Murray,77,86,Missed,False,False,1627749,,foul,rebound,,,,1627749|1627751|1627777|1628966|1629022|1630170|1630178|1630198|202699|203083,1627749|1627751|1628966|1629022|1630170,1627777|1630178|1630198|202699|203083,,,1610612759.0,22100704
4,PT11M42.00S,11:42,Q4 11:42,10.3,464,rebound,TEAM offensive REBOUND,"['team', 'deadball']",,77,86,,False,False,0,,freethrow,freethrow,,,,1627749|1627751|1627777|1628966|1629022|1630170|1630178|1630198|202699|203083,1627749|1627751|1628966|1629022|1630170,1627777|1630178|1630198|202699|203083,,,1610612759.0,22100704
4,PT11M42.00S,11:42,Q4 11:42,10.3,466,freethrow,D. Murray Free Throw 2 of 2 (10 PTS),[],Murray,78,86,Made,False,False,1627749,,rebound,2pt made,,,,1627749|1627751|1627777|1628966|1629022|1630170|1630178|1630198|202699|203083,1627749|1627751|1628966|1629022|1630170,1627777|1630178|1630198|202699|203083,,,1610612759.0,22100704
4,PT11M19.00S,11:19,Q4 11:19,10.683333333333334,467,2pt,T. Harris driving Layup (12 PTS),['pointsinthepaint'],Harris,78,88,Made,True,False,202699,,freethrow,foul,,,,1627749|1627751|1627777|1628966|1629022|1630170|1630178|1630198|202699|203083,1627777|1630178|1630198|202699|203083,1627749|1627751|1628966|1629022|1630170,0.0,12.0,1610612755.0,22100704
4,PT11M03.00S,11:03,Q4 11:03,10.95,469,foul,T. Harris shooting personal FOUL (3 PF) (Poeltl 2 FT),['2freethrow'],Harris,78,88,,False,False,202699,,2pt made,freethrow,1627751.0,,,1627749|1627751|1627777|1628966|1629022|1630170|1630178|1630198|202699|203083,1627777|1630178|1630198|202699|203083,1627749|1627751|1628966|1629022|1630170,,,1610612755.0,22100704
4,PT11M03.00S,11:03,Q4 11:03,10.95,471,freethrow,J. Poeltl Free Throw 1 of 2 (18 PTS),[],Poeltl,79,88,Made,False,False,1627751,,foul,freethrow,,,,1627749|1627751|1627777|1628966|1629022|1630170|1630178|1630198|202699|203083,1627749|1627751|1628966|1629022|1630170,1627777|1630178|1630198|202699|203083,,,1610612759.0,22100704
4,PT11M03.00S,11:03,Q4 11:03,10.95,472,freethrow,J. Poeltl Free Throw 2 of 2 (19 PTS),[],Poeltl,80,88,Made,False,False,1627751,,freethrow,turnover,,,,1627749|1627751|1627777|1628966|1629022|1630170|1630178|1630198|202699|203083,1627749|1627751|1628966|1629022|1630170,1627777|1630178|1630198|202699|203083,,,1610612759.0,22100704
4,PT10M50.00S,10:50,Q4 10:50,9.166666666666666,473,turnover,T. Harris traveling TURNOVER (1 TO),[],Harris,80,88,,False,False,202699,,freethrow,2pt made,,,,1627749|1627751|1627777|1628966|1629022|1630170|1630178|1630198|202699|203083,1627777|1630178|1630198|202699|203083,1627749|1627751|1628966|1629022|1630170,,,1610612755.0,22100704
4,PT10M37.00S,10:37,Q4 10:37,9.383333333333333,474,2pt,D. Murray 13' pullup Jump Shot (12 PTS),"['pointsinthepaint', 'fromturnover']",Murray,82,88,Made,True,False,1627749,,turnover,2pt made,,,,1627749|1627751|1627777|1628966|1629022|1630170|1630178|1630198|202699|203083,1627749|1627751|1628966|1629022|1630170,1627777|1630178|1630198|202699|203083,-78.0,115.0,1610612759.0,22100704
4,PT10M25.00S,10:25,Q4 10:25,9.583333333333334,475,2pt,T. Maxey driving Layup (11 PTS),['pointsinthepaint'],Maxey,82,90,Made,True,False,1630178,,2pt made,3pt missed,,,,1627749|1627751|1627777|1628966|1629022|1630170|1630178|1630198|202699|203083,1627777|1630178|1630198|202699|203083,1627749|1627751|1628966|1629022|1630170,0.0,2.0,1610612755.0,22100704
4,PT10M14.00S,10:14,Q4 10:14,9.766666666666667,476,3pt,MISS L. Walker IV 25' 3PT,[],Walker IV,82,90,Missed,True,False,1629022,,2pt made,rebound,,,,1627749|1627751|1627777|1628966|1629022|1630170|1630178|1630198|202699|203083,1627749|1627751|1628966|1629022|1630170,1627777|1630178|1630198|202699|203083,69.0,245.0,1610612759.0,22100704
4,PT10M11.00S,10:11,Q4 10:11,9.816666666666666,477,rebound,G. Niang REBOUND (Off:0 Def:3),[],Niang,82,90,,False,False,1627777,,3pt missed,2pt made,,,,1627749|1627751|1627777|1628966|1629022|1630170|1630178|1630198|202699|203083,1627777|1630178|1630198|202699|203083,1627749|1627751|1628966|1629022|1630170,,,1610612755.0,22100704
4,PT10M01.00S,10:01,Q4 10:01,9.983333333333333,478,2pt,T. Harris 7' turnaround Jump Shot (14 PTS),['pointsinthepaint'],Harris,82,92,Made,True,False,202699,,rebound,3pt made,,,,1627749|1627751|1627777|1628966|1629022|1630170|1630178|1630198|202699|203083,1627777|1630178|1630198|202699|203083,1627749|1627751|1628966|1629022|1630170,-1.0,79.0,1610612755.0,22100704
4,PT09M40.00S,09:40,Q4 09:40,8.333333333333334,479,3pt,D. Vassell 25' 3PT  (15 PTS) (L. Walker IV 2 AST),[],Vassell,85,92,Made,True,True,1630170,1629022.0,2pt made,2pt made,,,,1627749|1627751|1627777|1628966|1629022|1630170|1630178|1630198|202699|203083,1627749|1627751|1628966|1629022|1630170,1627777|1630178|1630198|202699|203083,-82.0,241.0,1610612759.0,22100704
4,PT09M14.00S,09:14,Q4 09:14,8.766666666666667,481,2pt,T. Harris 12' pullup Jump Shot (16 PTS),['pointsinthepaint'],Harris,85,94,Made,True,False,202699,,3pt made,2pt made,,,,1627749|1627751|1627777|1628966|1629022|1630170|1630178|1630198|202699|203083,1627777|1630178|1630198|202699|203083,1627749|1627751|1628966|1629022|1630170,-66.0,110.0,1610612755.0,22100704
4,PT08M58.00S,08:58,Q4 08:58,7.033333333333333,482,2pt,D. Murray 14' pullup Jump Shot (14 PTS),['pointsinthepaint'],Murray,87,94,Made,True,False,1627749,,2pt made,turnover,,,,1627749|1627751|1627777|1628966|1629022|1630170|1630178|1630198|202699|203083,1627749|1627751|1628966|1629022|1630170,1627777|1630178|1630198|202699|203083,-50.0,135.0,1610612759.0,22100704
4,PT08M46.00S,08:46,Q4 08:46,7.233333333333333,483,turnover,T. Maxey bad pass TURNOVER (3 TO),[],Maxey,87,94,,False,False,1630178,,2pt made,steal,,1627749.0,,1627749|1627751|1627777|1628966|1629022|1630170|1630178|1630198|202699|203083,1627777|1630178|1630198|202699|203083,1627749|1627751|1628966|1629022|1630170,,,1610612755.0,22100704
4,PT08M46.00S,08:46,Q4 08:46,7.233333333333333,484,steal,D. Murray STEAL (1 STL),[],Murray,87,94,,False,False,1627749,,turnover,foul,,,,1627749|1627751|1627777|1628966|1629022|1630170|1630178|1630198|202699|203083,1627749|1627751|1628966|1629022|1630170,1627777|1630178|1630198|202699|203083,,,1610612759.0,22100704
4,PT08M46.00S,08:46,Q4 08:46,7.233333333333333,485,foul,T. Maxey shooting personal FOUL (2 PF) (Murray 2 FT),['2freethrow'],Maxey,87,94,,False,False,1630178,,steal,freethrow,1627749.0,,,1627749|1627751|1627777|1628966|1629022|1630170|1630178|1630198|202699|203083,1627777|1630178|1630198|202699|203083,1627749|1627751|1628966|1629022|1630170,,,1610612755.0,22100704
4,PT08M46.00S,08:46,Q4 08:46,7.233333333333333,487,freethrow,D. Murray Free Throw 1 of 2 (15 PTS),"['fromturnover', 'fastbreak']",Murray,88,94,Made,False,False,1627749,,foul,freethrow,,,,1627749|1627751|1627777|1628966|1629022|1630170|1630178|1630198|202699|203083,1627749|1627751|1628966|1629022|1630170,1627777|1630178|1630198|202699|203083,,,1610612759.0,22100704
4,PT08M46.00S,08:46,Q4 08:46,7.233333333333333,492,freethrow,MISS D. Murray Free Throw 2 of 2,"['fastbreak', 'fromturnover']",Murray,88,94,Missed,False,False,1627749,,freethrow,substitution,,,,1627749|1627751|1627777|1628966|1629022|1630170|1630178|1630198|202699|203083,1627749|1627751|1628966|1629022|1630170,1627777|1630178|1630198|202699|203083,,,1610612759.0,22100704
4,PT08M46.00S,08:46,Q4 08:46,7.233333333333333,488,substitution,SUB out: D. Vassell,[],Vassell,88,94,,False,False,1630170,,freethrow,substitution,,,,1627749|1627751|1627777|1628966|1629022|1630178|1630198|202699|203083,1627749|1627751|1628966|1629022,1627777|1630178|1630198|202699|203083,,,1610612759.0,22100704
4,PT08M46.00S,08:46,Q4 08:46,7.233333333333333,489,substitution,SUB out: I. Joe,[],Joe,88,94,,False,False,1630198,,substitution,substitution,,,,1627749|1627751|1627777|1628966|1629022|1630178|202699|203083,1627777|1630178|202699|203083,1627749|1627751|1628966|1629022,,,1610612755.0,22100704
4,PT08M46.00S,08:46,Q4 08:46,7.233333333333333,490,substitution,SUB in: D. McDermott,[],McDermott,88,94,,False,False,203926,,substitution,substitution,,,,1627749|1627751|1627777|1628966|1629022|1630178|202699|203083|203926,1627749|1627751|1628966|1629022|203926,1627777|1630178|202699|203083,,,1610612759.0,22100704
4,PT08M46.00S,08:46,Q4 08:46,7.233333333333333,491,substitution,SUB in: C. Brown Jr.,[],Brown Jr.,88,94,,False,False,1629718,,substitution,rebound,,,,1627749|1627751|1627777|1628966|1629022|1629718|1630178|202699|203083|203926,1627777|1629718|1630178|202699|203083,1627749|1627751|1628966|1629022|203926,,,1610612755.0,22100704
4,PT08M42.00S,08:42,Q4 08:42,7.3,493,rebound,A. Drummond REBOUND (Off:2 Def:4),[],Drummond,88,94,,False,False,203083,,substitution,2pt missed,,,,1627749|1627751|1627777|1628966|1629022|1629718|1630178|202699|203083|203926,1627777|1629718|1630178|202699|203083,1627749|1627751|1628966|1629022|203926,,,1610612755.0,22100704
4,PT08M29.00S,08:29,Q4 08:29,7.516666666666667,494,2pt,MISS T. Maxey 9' driving floating Shot,['pointsinthepaint'],Maxey,88,94,Missed,True,False,1630178,,rebound,rebound,,,,1627749|1627751|1627777|1628966|1629022|1629718|1630178|202699|203083|203926,1627777|1629718|1630178|202699|203083,1627749|1627751|1628966|1629022|203926,17.0,91.0,1610612755.0,22100704
4,PT08M27.00S,08:27,Q4 08:27,7.55,495,rebound,A. Drummond REBOUND (Off:3 Def:4),[],Drummond,88,94,,False,False,203083,,2pt missed,3pt missed,,,,1627749|1627751|1627777|1628966|1629022|1629718|1630178|202699|203083|203926,1627777|1629718|1630178|202699|203083,1627749|1627751|1628966|1629022|203926,,,1610612755.0,22100704
4,PT08M27.00S,08:27,Q4 08:27,7.55,496,3pt,MISS G. Niang 24' 3PT,['2ndchance'],Niang,88,94,Missed,True,False,1627777,,rebound,rebound,,,,1627749|1627751|1627777|1628966|1629022|1629718|1630178|202699|203083|203926,1627777|1629718|1630178|202699|203083,1627749|1627751|1628966|1629022|203926,-161.0,191.0,1610612755.0,22100704
4,PT08M26.00S,08:26,Q4 08:26,7.566666666666666,497,rebound,C. Brown Jr. REBOUND (Off:2 Def:1),[],Brown Jr.,88,94,,False,False,1629718,,3pt missed,2pt missed,,,,1627749|1627751|1627777|1628966|1629022|1629718|1630178|202699|203083|203926,1627777|1629718|1630178|202699|203083,1627749|1627751|1628966|1629022|203926,,,1610612755.0,22100704
4,PT08M26.00S,08:26,Q4 08:26,7.566666666666666,498,2pt,MISS C. Brown Jr. tip DUNK,"['2ndchance', 'pointsinthepaint']",Brown Jr.,88,94,Missed,True,False,1629718,,rebound,rebound,,,,1627749|1627751|1627777|1628966|1629022|1629718|1630178|202699|203083|203926,1627777|1629718|1630178|202699|203083,1627749|1627751|1628966|1629022|203926,0.0,0.0,1610612755.0,22100704
4,PT08M25.00S,08:25,Q4 08:25,7.583333333333333,499,rebound,C. Brown Jr. REBOUND (Off:3 Def:1),[],Brown Jr.,88,94,,False,False,1629718,,2pt missed,2pt missed,,,,1627749|1627751|1627777|1628966|1629022|1629718|1630178|202699|203083|203926,1627777|1629718|1630178|202699|203083,1627749|1627751|1628966|1629022|203926,,,1610612755.0,22100704
4,PT08M24.00S,08:24,Q4 08:24,7.6,544,2pt,MISS C. Brown Jr. putback Layup - blocked,"['pointsinthepaint', '2ndchance']",Brown Jr.,88,94,Missed,True,False,1629718,,rebound,block,,,1627751.0,1627749|1627751|1627777|1628966|1629022|1629718|1630178|202699|203083|203926,1627777|1629718|1630178|202699|203083,1627749|1627751|1628966|1629022|203926,-11.0,19.0,1610612755.0,22100704
4,PT08M24.00S,08:24,Q4 08:24,7.6,545,block,J. Poeltl BLOCK (2 BLK),[],Poeltl,88,94,,False,False,1627751,,2pt missed,rebound,,,,1627749|1627751|1627777|1628966|1629022|1629718|1630178|202699|203083|203926,1627749|1627751|1628966|1629022|203926,1627777|1629718|1630178|202699|203083,,,1610612759.0,22100704
4,PT08M24.00S,08:24,Q4 08:24,7.6,546,rebound,TEAM offensive REBOUND,['team'],,88,94,,False,False,0,,block,timeout,,,,1627749|1627751|1627777|1628966|1629022|1629718|1630178|202699|203083|203926,1627777|1629718|1630178|202699|203083,1627749|1627751|1628966|1629022|203926,,,1610612755.0,22100704
4,PT08M23.00S,08:23,Q4 08:23,7.616666666666666,502,timeout,SAS Timeout,"['team', 'mandatory']",,88,94,,False,False,0,,rebound,3pt made,,,,1627749|1627751|1627777|1628966|1629022|1629718|1630178|202699|203083|203926,1627749|1627751|1628966|1629022|203926,1627777|1629718|1630178|202699|203083,,,1610612759.0,22100704
4,PT08M04.00S,08:04,Q4 08:04,7.933333333333334,507,3pt,T. Maxey 26' 3PT pullup (14 PTS) (C. Brown Jr. 1 AST),['2ndchance'],Maxey,88,97,Made,True,True,1630178,1629718.0,timeout,foul,,,,1627749|1627751|1627777|1628966|1629022|1629718|1630178|202699|203083|203926,1627777|1629718|1630178|202699|203083,1627749|1627751|1628966|1629022|203926,-38.0,259.0,1610612755.0,22100704
4,PT07M54.00S,07:54,Q4 07:54,6.1,509,foul,A. Drummond shooting personal FOUL (3 PF) (Murray 2 FT),['2freethrow'],Drummond,88,97,,False,False,203083,,3pt made,freethrow,1627749.0,,,1627749|1627751|1627777|1628966|1629022|1629718|1630178|202699|203083|203926,1627777|1629718|1630178|202699|203083,1627749|1627751|1628966|1629022|203926,,,1610612755.0,22100704
4,PT07M54.00S,07:54,Q4 07:54,6.1,511,freethrow,D. Murray Free Throw 1 of 2 (16 PTS),[],Murray,89,97,Made,False,False,1627749,,foul,freethrow,,,,1627749|1627751|1627777|1628966|1629022|1629718|1630178|202699|203083|203926,1627749|1627751|1628966|1629022|203926,1627777|1629718|1630178|202699|203083,,,1610612759.0,22100704
4,PT07M54.00S,07:54,Q4 07:54,6.1,512,freethrow,D. Murray Free Throw 2 of 2 (17 PTS),[],Murray,90,97,Made,False,False,1627749,,freethrow,2pt made,,,,1627749|1627751|1627777|1628966|1629022|1629718|1630178|202699|203083|203926,1627749|1627751|1628966|1629022|203926,1627777|1629718|1630178|202699|203083,,,1610612759.0,22100704
4,PT07M38.00S,07:38,Q4 07:38,6.366666666666667,513,2pt,T. Maxey driving finger roll Layup (16 PTS),['pointsinthepaint'],Maxey,90,99,Made,True,False,1630178,,freethrow,turnover,,,,1627749|1627751|1627777|1628966|1629022|1629718|1630178|202699|203083|203926,1627777|1629718|1630178|202699|203083,1627749|1627751|1628966|1629022|203926,-2.0,12.0,1610612755.0,22100704
4,PT07M28.00S,07:28,Q4 07:28,6.533333333333333,514,turnover,D. Murray backcourt TURNOVER (3 TO),[],Murray,90,99,,False,False,1627749,,2pt made,substitution,,,,1627749|1627751|1627777|1628966|1629022|1629718|1630178|202699|203083|203926,1627749|1627751|1628966|1629022|203926,1627777|1629718|1630178|202699|203083,,,1610612759.0,22100704
4,PT07M28.00S,07:28,Q4 07:28,6.533333333333333,515,substitution,SUB out: K. Bates-Diop,[],Bates-Diop,90,99,,False,False,1628966,,turnover,substitution,,,,1627749|1627751|1627777|1629022|1629718|1630178|202699|203083|203926,1627749|1627751|1629022|203926,1627777|1629718|1630178|202699|203083,,,1610612759.0,22100704
4,PT07M28.00S,07:28,Q4 07:28,6.533333333333333,516,substitution,SUB in: K. Johnson,[],Johnson,90,99,,False,False,1629640,,substitution,2pt missed,,,,1627749|1627751|1627777|1629022|1629640|1629718|1630178|202699|203083|203926,1627749|1627751|1629022|1629640|203926,1627777|1629718|1630178|202699|203083,,,1610612759.0,22100704
4,PT07M15.00S,07:15,Q4 07:15,6.75,517,2pt,MISS G. Niang driving Layup,"['pointsinthepaint', 'fromturnover']",Niang,90,99,Missed,True,False,1627777,,substitution,rebound,,,,1627749|1627751|1627777|1629022|1629640|1629718|1630178|202699|203083|203926,1627777|1629718|1630178|202699|203083,1627749|1627751|1629022|1629640|203926,-15.0,17.0,1610612755.0,22100704
4,PT07M09.00S,07:09,Q4 07:09,6.85,518,rebound,G. Niang REBOUND (Off:1 Def:3),[],Niang,90,99,,False,False,1627777,,2pt missed,2pt missed,,,,1627749|1627751|1627777|1629022|1629640|1629718|1630178|202699|203083|203926,1627777|1629718|1630178|202699|203083,1627749|1627751|1629022|1629640|203926,,,1610612755.0,22100704
4,PT07M09.00S,07:09,Q4 07:09,6.85,519,2pt,MISS G. Niang putback Layup,"['pointsinthepaint', 'fromturnover', '2ndchance']",Niang,90,99,Missed,True,False,1627777,,rebound,rebound,,,,1627749|1627751|1627777|1629022|1629640|1629718|1630178|202699|203083|203926,1627777|1629718|1630178|202699|203083,1627749|1627751|1629022|1629640|203926,0.0,0.0,1610612755.0,22100704
4,PT07M08.00S,07:08,Q4 07:08,6.866666666666666,520,rebound,J. Poeltl REBOUND (Off:3 Def:6),[],Poeltl,90,99,,False,False,1627751,,2pt missed,2pt made,,,,1627749|1627751|1627777|1629022|1629640|1629718|1630178|202699|203083|203926,1627749|1627751|1629022|1629640|203926,1627777|1629718|1630178|202699|203083,,,1610612759.0,22100704
4,PT07M07.00S,07:07,Q4 07:07,6.883333333333334,521,2pt,L. Walker IV running finger roll Layup (6 PTS) (D. Murray 10 AST),"['fastbreak', 'pointsinthepaint']",Walker IV,92,99,Made,True,True,1629022,1627749.0,rebound,2pt missed,,,,1627749|1627751|1627777|1629022|1629640|1629718|1630178|202699|203083|203926,1627749|1627751|1629022|1629640|203926,1627777|1629718|1630178|202699|203083,-4.0,15.0,1610612759.0,22100704
4,PT06M49.00S,06:49,Q4 06:49,5.183333333333334,523,2pt,MISS T. Harris driving Layup - blocked,['pointsinthepaint'],Harris,92,99,Missed,True,False,202699,,2pt made,block,,,1627751.0,1627749|1627751|1627777|1629022|1629640|1629718|1630178|202699|203083|203926,1627777|1629718|1630178|202699|203083,1627749|1627751|1629022|1629640|203926,-5.0,10.0,1610612755.0,22100704
4,PT06M49.00S,06:49,Q4 06:49,5.183333333333334,524,block,J. Poeltl BLOCK (3 BLK),[],Poeltl,92,99,,False,False,1627751,,2pt missed,rebound,,,,1627749|1627751|1627777|1629022|1629640|1629718|1630178|202699|203083|203926,1627749|1627751|1629022|1629640|203926,1627777|1629718|1630178|202699|203083,,,1610612759.0,22100704
4,PT06M46.00S,06:46,Q4 06:46,5.233333333333333,525,rebound,L. Walker IV REBOUND (Off:0 Def:2),[],Walker IV,92,99,,False,False,1629022,,block,2pt made,,,,1627749|1627751|1627777|1629022|1629640|1629718|1630178|202699|203083|203926,1627749|1627751|1629022|1629640|203926,1627777|1629718|1630178|202699|203083,,,1610612759.0,22100704
4,PT06M39.00S,06:39,Q4 06:39,5.35,526,2pt,J. Poeltl cutting Layup (21 PTS) (K. Johnson 3 AST),['pointsinthepaint'],Poeltl,94,99,Made,True,True,1627751,1629640.0,rebound,timeout,,,,1627749|1627751|1627777|1629022|1629640|1629718|1630178|202699|203083|203926,1627749|1627751|1629022|1629640|203926,1627777|1629718|1630178|202699|203083,2.0,11.0,1610612759.0,22100704
4,PT06M39.00S,06:39,Q4 06:39,5.35,528,timeout,PHI Timeout,"['team', 'mandatory']",,94,99,,False,False,0,,2pt made,substitution,,,,1627749|1627751|1627777|1629022|1629640|1629718|1630178|202699|203083|203926,1627777|1629718|1630178|202699|203083,1627749|1627751|1629022|1629640|203926,,,1610612755.0,22100704
4,PT06M39.00S,06:39,Q4 06:39,5.35,529,substitution,SUB out: A. Drummond,[],Drummond,94,99,,False,False,203083,,timeout,substitution,,,,1627749|1627751|1627777|1629022|1629640|1629718|1630178|202699|203926,1627777|1629718|1630178|202699,1627749|1627751|1629022|1629640|203926,,,1610612755.0,22100704
4,PT06M39.00S,06:39,Q4 06:39,5.35,530,substitution,SUB out: C. Brown Jr.,[],Brown Jr.,94,99,,False,False,1629718,,substitution,substitution,,,,1627749|1627751|1627777|1629022|1629640|1630178|202699|203926,1627777|1630178|202699,1627749|1627751|1629022|1629640|203926,,,1610612755.0,22100704
4,PT06M39.00S,06:39,Q4 06:39,5.35,531,substitution,SUB out: G. Niang,[],Niang,94,99,,False,False,1627777,,substitution,substitution,,,,1627749|1627751|1629022|1629640|1630178|202699|203926,1630178|202699,1627749|1627751|1629022|1629640|203926,,,1610612755.0,22100704
4,PT06M39.00S,06:39,Q4 06:39,5.35,532,substitution,SUB in: I. Joe,[],Joe,94,99,,False,False,1630198,,substitution,substitution,,,,1627749|1627751|1629022|1629640|1630178|1630198|202699|203926,1630178|1630198|202699,1627749|1627751|1629022|1629640|203926,,,1610612755.0,22100704
4,PT06M39.00S,06:39,Q4 06:39,5.35,533,substitution,SUB in: J. Embiid,[],Embiid,94,99,,False,False,203954,,substitution,substitution,,,,1627749|1627751|1629022|1629640|1630178|1630198|202699|203926|203954,1630178|1630198|202699|203954,1627749|1627751|1629022|1629640|203926,,,1610612755.0,22100704
4,PT06M39.00S,06:39,Q4 06:39,5.35,534,substitution,SUB in: F. Korkmaz,[],Korkmaz,94,99,,False,False,1627788,,substitution,2pt missed,,,,1627749|1627751|1627788|1629022|1629640|1630178|1630198|202699|203926|203954,1627788|1630178|1630198|202699|203954,1627749|1627751|1629022|1629640|203926,,,1610612755.0,22100704
4,PT06M22.00S,06:22,Q4 06:22,5.633333333333334,535,2pt,MISS J. Embiid 6' Layup - blocked,['pointsinthepaint'],Embiid,94,99,Missed,True,False,203954,,substitution,block,,,1627751.0,1627749|1627751|1627788|1629022|1629640|1630178|1630198|202699|203926|203954,1627788|1630178|1630198|202699|203954,1627749|1627751|1629022|1629640|203926,-50.0,44.0,1610612755.0,22100704
4,PT06M22.00S,06:22,Q4 06:22,5.633333333333334,536,block,J. Poeltl BLOCK (4 BLK),[],Poeltl,94,99,,False,False,1627751,,2pt missed,rebound,,,,1627749|1627751|1627788|1629022|1629640|1630178|1630198|202699|203926|203954,1627749|1627751|1629022|1629640|203926,1627788|1630178|1630198|202699|203954,,,1610612759.0,22100704
4,PT06M19.00S,06:19,Q4 06:19,5.683333333333334,537,rebound,D. McDermott REBOUND (Off:0 Def:1),[],McDermott,94,99,,False,False,203926,,block,turnover,,,,1627749|1627751|1627788|1629022|1629640|1630178|1630198|202699|203926|203954,1627749|1627751|1629022|1629640|203926,1627788|1630178|1630198|202699|203954,,,1610612759.0,22100704
4,PT06M13.00S,06:13,Q4 06:13,5.783333333333333,538,turnover,D. Murray bad pass TURNOVER (4 TO),[],Murray,94,99,,False,False,1627749,,rebound,steal,,202699.0,,1627749|1627751|1627788|1629022|1629640|1630178|1630198|202699|203926|203954,1627749|1627751|1629022|1629640|203926,1627788|1630178|1630198|202699|203954,,,1610612759.0,22100704
4,PT06M13.00S,06:13,Q4 06:13,5.783333333333333,539,steal,T. Harris STEAL (1 STL),[],Harris,94,99,,False,False,202699,,turnover,foul,,,,1627749|1627751|1627788|1629022|1629640|1630178|1630198|202699|203926|203954,1627788|1630178|1630198|202699|203954,1627749|1627751|1629022|1629640|203926,,,1610612755.0,22100704
4,PT06M11.00S,06:11,Q4 06:11,5.816666666666666,540,foul,D. McDermott shooting personal FOUL (2 PF) (Harris 2 FT),['2freethrow'],McDermott,94,99,,False,False,203926,,steal,freethrow,202699.0,,,1627749|1627751|1627788|1629022|1629640|1630178|1630198|202699|203926|203954,1627749|1627751|1629022|1629640|203926,1627788|1630178|1630198|202699|203954,,,1610612759.0,22100704
4,PT06M11.00S,06:11,Q4 06:11,5.816666666666666,542,freethrow,T. Harris Free Throw 1 of 2 (17 PTS),"['fromturnover', 'fastbreak']",Harris,94,100,Made,False,False,202699,,foul,freethrow,,,,1627749|1627751|1627788|1629022|1629640|1630178|1630198|202699|203926|203954,1627788|1630178|1630198|202699|203954,1627749|1627751|1629022|1629640|203926,,,1610612755.0,22100704
4,PT06M11.00S,06:11,Q4 06:11,5.816666666666666,543,freethrow,T. Harris Free Throw 2 of 2 (18 PTS),"['fastbreak', 'fromturnover']",Harris,94,101,Made,False,False,202699,,freethrow,2pt missed,,,,1627749|1627751|1627788|1629022|1629640|1630178|1630198|202699|203926|203954,1627788|1630178|1630198|202699|203954,1627749|1627751|1629022|1629640|203926,,,1610612755.0,22100704
4,PT05M48.00S,05:48,Q4 05:48,4.2,547,2pt,MISS L. Walker IV 13' pullup Shot,[],Walker IV,94,101,Missed,True,False,1629022,,freethrow,rebound,,,,1627749|1627751|1627788|1629022|1629640|1630178|1630198|202699|203926|203954,1627749|1627751|1629022|1629640|203926,1627788|1630178|1630198|202699|203954,-89.0,104.0,1610612759.0,22100704
4,PT05M45.00S,05:45,Q4 05:45,4.25,548,rebound,T. Harris REBOUND (Off:2 Def:8),[],Harris,94,101,,False,False,202699,,2pt missed,2pt made,,,,1627749|1627751|1627788|1629022|1629640|1630178|1630198|202699|203926|203954,1627788|1630178|1630198|202699|203954,1627749|1627751|1629022|1629640|203926,,,1610612755.0,22100704
4,PT05M30.00S,05:30,Q4 05:30,4.5,549,2pt,J. Embiid 16' Jump Shot (30 PTS) (T. Harris 4 AST),[],Embiid,94,103,Made,True,True,203954,202699.0,rebound,3pt missed,,,,1627749|1627751|1627788|1629022|1629640|1630178|1630198|202699|203926|203954,1627788|1630178|1630198|202699|203954,1627749|1627751|1629022|1629640|203926,-2.0,169.0,1610612755.0,22100704
4,PT05M11.00S,05:11,Q4 05:11,4.816666666666666,551,3pt,MISS D. McDermott 25' 3PT,[],McDermott,94,103,Missed,True,False,203926,,2pt made,rebound,,,,1627749|1627751|1627788|1629022|1629640|1630178|1630198|202699|203926|203954,1627749|1627751|1629022|1629640|203926,1627788|1630178|1630198|202699|203954,214.0,140.0,1610612759.0,22100704
4,PT05M09.00S,05:09,Q4 05:09,4.85,552,rebound,J. Poeltl REBOUND (Off:4 Def:6),[],Poeltl,94,103,,False,False,1627751,,3pt missed,2pt made,,,,1627749|1627751|1627788|1629022|1629640|1630178|1630198|202699|203926|203954,1627749|1627751|1629022|1629640|203926,1627788|1630178|1630198|202699|203954,,,1610612759.0,22100704
4,PT05M06.00S,05:06,Q4 05:06,4.9,553,2pt,J. Poeltl cutting DUNK (23 PTS) (D. Murray 11 AST),"['pointsinthepaint', '2ndchance']",Poeltl,96,103,Made,True,True,1627751,1627749.0,rebound,2pt made,,,,1627749|1627751|1627788|1629022|1629640|1630178|1630198|202699|203926|203954,1627749|1627751|1629022|1629640|203926,1627788|1630178|1630198|202699|203954,-2.0,8.0,1610612759.0,22100704
4,PT04M41.00S,04:41,Q4 04:41,3.3166666666666664,555,2pt,J. Embiid driving finger roll Layup (32 PTS) (T. Harris 5 AST),['pointsinthepaint'],Embiid,96,105,Made,True,True,203954,202699.0,2pt made,3pt made,,,,1627749|1627751|1627788|1629022|1629640|1630178|1630198|202699|203926|203954,1627788|1630178|1630198|202699|203954,1627749|1627751|1629022|1629640|203926,-2.0,15.0,1610612755.0,22100704
4,PT04M27.00S,04:27,Q4 04:27,3.55,556,3pt,L. Walker IV 3PT  (9 PTS) (D. Murray 12 AST),[],Walker IV,99,105,Made,True,True,1629022,1627749.0,2pt made,2pt made,,,,1627749|1627751|1627788|1629022|1629640|1630178|1630198|202699|203926|203954,1627749|1627751|1629022|1629640|203926,1627788|1630178|1630198|202699|203954,237.0,40.0,1610612759.0,22100704
4,PT04M05.00S,04:05,Q4 04:05,3.9166666666666665,558,2pt,J. Embiid cutting DUNK (34 PTS) (T. Maxey 6 AST),['pointsinthepaint'],Embiid,99,107,Made,True,True,203954,1630178.0,3pt made,2pt made,,,,1627749|1627751|1627788|1629022|1629640|1630178|1630198|202699|203926|203954,1627788|1630178|1630198|202699|203954,1627749|1627751|1629022|1629640|203926,-6.0,5.0,1610612755.0,22100704
4,PT03M42.00S,03:42,Q4 03:42,2.3,560,2pt,J. Poeltl 6' Hook (25 PTS),['pointsinthepaint'],Poeltl,101,107,Made,True,False,1627751,,2pt made,timeout,,,,1627749|1627751|1627788|1629022|1629640|1630178|1630198|202699|203926|203954,1627749|1627751|1629022|1629640|203926,1627788|1630178|1630198|202699|203954,12.0,67.0,1610612759.0,22100704
4,PT03M33.00S,03:33,Q4 03:33,2.45,561,timeout,PHI Timeout,['team'],,101,107,,False,False,0,,2pt made,substitution,,,,1627749|1627751|1627788|1629022|1629640|1630178|1630198|202699|203926|203954,1627788|1630178|1630198|202699|203954,1627749|1627751|1629022|1629640|203926,,,1610612755.0,22100704
4,PT03M33.00S,03:33,Q4 03:33,2.45,562,substitution,SUB out: D. McDermott,[],McDermott,101,107,,False,False,203926,,timeout,substitution,,,,1627749|1627751|1627788|1629022|1629640|1630178|1630198|202699|203954,1627749|1627751|1629022|1629640,1627788|1630178|1630198|202699|203954,,,1610612759.0,22100704
4,PT03M33.00S,03:33,Q4 03:33,2.45,563,substitution,SUB in: D. White,[],White,101,107,,False,False,1628401,,substitution,2pt made,,,,1627749|1627751|1627788|1628401|1629022|1629640|1630178|1630198|202699|203954,1627749|1627751|1628401|1629022|1629640,1627788|1630178|1630198|202699|203954,,,1610612759.0,22100704
4,PT03M17.00S,03:17,Q4 03:17,2.716666666666667,564,2pt,J. Embiid 16' Jump Shot (36 PTS),[],Embiid,101,109,Made,True,False,203954,,substitution,2pt missed,,,,1627749|1627751|1627788|1628401|1629022|1629640|1630178|1630198|202699|203954,1627788|1630178|1630198|202699|203954,1627749|1627751|1628401|1629022|1629640,15.0,164.0,1610612755.0,22100704
4,PT02M57.00S,02:57,Q4 02:57,1.05,565,2pt,MISS J. Poeltl 7' Hook,['pointsinthepaint'],Poeltl,101,109,Missed,True,False,1627751,,2pt made,rebound,,,,1627749|1627751|1627788|1628401|1629022|1629640|1630178|1630198|202699|203954,1627749|1627751|1628401|1629022|1629640,1627788|1630178|1630198|202699|203954,69.0,30.0,1610612759.0,22100704
4,PT02M54.00S,02:54,Q4 02:54,1.1,566,rebound,T. Harris REBOUND (Off:2 Def:9),[],Harris,101,109,,False,False,202699,,2pt missed,3pt missed,,,,1627749|1627751|1627788|1628401|1629022|1629640|1630178|1630198|202699|203954,1627788|1630178|1630198|202699|203954,1627749|1627751|1628401|1629022|1629640,,,1610612755.0,22100704
4,PT02M38.00S,02:38,Q4 02:38,1.3666666666666667,567,3pt,MISS J. Embiid 25' step back 3PT,[],Embiid,101,109,Missed,True,False,203954,,rebound,rebound,,,,1627749|1627751|1627788|1628401|1629022|1629640|1630178|1630198|202699|203954,1627788|1630178|1630198|202699|203954,1627749|1627751|1628401|1629022|1629640,-71.0,248.0,1610612755.0,22100704
4,PT02M36.00S,02:36,Q4 02:36,1.4,568,rebound,D. Murray REBOUND (Off:2 Def:7),[],Murray,101,109,,False,False,1627749,,3pt missed,3pt made,,,,1627749|1627751|1627788|1628401|1629022|1629640|1630178|1630198|202699|203954,1627749|1627751|1628401|1629022|1629640,1627788|1630178|1630198|202699|203954,,,1610612759.0,22100704
4,PT02M25.00S,02:25,Q4 02:25,1.5833333333333333,569,3pt,L. Walker IV 3PT  (12 PTS) (D. White 7 AST),[],Walker IV,104,109,Made,True,True,1629022,1628401.0,rebound,2pt made,,,,1627749|1627751|1627788|1628401|1629022|1629640|1630178|1630198|202699|203954,1627749|1627751|1628401|1629022|1629640,1627788|1630178|1630198|202699|203954,-230.0,21.0,1610612759.0,22100704
4,PT01M58.00S,01:58,Q4 01:58,0.033333333333333326,571,2pt,F. Korkmaz cutting Layup (17 PTS) (J. Embiid 6 AST),['pointsinthepaint'],Korkmaz,104,111,Made,True,True,1627788,203954.0,3pt made,3pt missed,,,,1627749|1627751|1627788|1628401|1629022|1629640|1630178|1630198|202699|203954,1627788|1630178|1630198|202699|203954,1627749|1627751|1628401|1629022|1629640,1.0,10.0,1610612755.0,22100704
4,PT01M45.00S,01:45,Q4 01:45,0.25,573,3pt,MISS D. White 25' 3PT,[],White,104,111,Missed,True,False,1628401,,2pt made,rebound,,,,1627749|1627751|1627788|1628401|1629022|1629640|1630178|1630198|202699|203954,1627749|1627751|1628401|1629022|1629640,1627788|1630178|1630198|202699|203954,230.0,116.0,1610612759.0,22100704
4,PT01M43.00S,01:43,Q4 01:43,0.2833333333333333,574,rebound,I. Joe REBOUND (Off:0 Def:1),[],Joe,104,111,,False,False,1630198,,3pt missed,2pt missed,,,,1627749|1627751|1627788|1628401|1629022|1629640|1630178|1630198|202699|203954,1627788|1630178|1630198|202699|203954,1627749|1627751|1628401|1629022|1629640,,,1610612755.0,22100704
4,PT01M25.00S,01:25,Q4 01:25,0.5833333333333333,575,2pt,MISS J. Embiid 15' step back Shot,[],Embiid,104,111,Missed,True,False,203954,,rebound,rebound,,,,1627749|1627751|1627788|1628401|1629022|1629640|1630178|1630198|202699|203954,1627788|1630178|1630198|202699|203954,1627749|1627751|1628401|1629022|1629640,-154.0,31.0,1610612755.0,22100704
4,PT01M23.00S,01:23,Q4 01:23,0.6166666666666667,576,rebound,D. White REBOUND (Off:2 Def:4),[],White,104,111,,False,False,1628401,,2pt missed,foul,,,,1627749|1627751|1627788|1628401|1629022|1629640|1630178|1630198|202699|203954,1627749|1627751|1628401|1629022|1629640,1627788|1630178|1630198|202699|203954,,,1610612759.0,22100704
4,PT01M11.00S,01:11,Q4 01:11,0.8166666666666667,577,foul,F. Korkmaz shooting personal FOUL (2 PF) (Johnson 2 FT),"['inpenalty', '2freethrow']",Korkmaz,104,111,,False,False,1627788,,rebound,freethrow,1629640.0,,,1627749|1627751|1627788|1628401|1629022|1629640|1630178|1630198|202699|203954,1627788|1630178|1630198|202699|203954,1627749|1627751|1628401|1629022|1629640,,,1610612755.0,22100704
4,PT01M11.00S,01:11,Q4 01:11,0.8166666666666667,580,freethrow,K. Johnson Free Throw 1 of 2 (17 PTS),[],Johnson,105,111,Made,False,False,1629640,,foul,freethrow,,,,1627749|1627751|1627788|1628401|1629022|1629640|1630178|1630198|202699|203954,1627749|1627751|1628401|1629022|1629640,1627788|1630178|1630198|202699|203954,,,1610612759.0,22100704
4,PT01M11.00S,01:11,Q4 01:11,0.8166666666666667,581,freethrow,MISS K. Johnson Free Throw 2 of 2,[],Johnson,105,111,Missed,False,False,1629640,,freethrow,rebound,,,,1627749|1627751|1627788|1628401|1629022|1629640|1630178|1630198|202699|203954,1627749|1627751|1628401|1629022|1629640,1627788|1630178|1630198|202699|203954,,,1610612759.0,22100704
4,PT01M08.00S,01:08,Q4 01:08,0.8666666666666667,582,rebound,J. Embiid REBOUND (Off:2 Def:9),[],Embiid,105,111,,False,False,203954,,freethrow,2pt missed,,,,1627749|1627751|1627788|1628401|1629022|1629640|1630178|1630198|202699|203954,1627788|1630178|1630198|202699|203954,1627749|1627751|1628401|1629022|1629640,,,1610612755.0,22100704
4,PT00M51.90S,00:51,Q4 00:51,-0.85,583,2pt,MISS T. Maxey 13' pullup Shot,[],Maxey,105,111,Missed,True,False,1630178,,rebound,rebound,,,,1627749|1627751|1627788|1628401|1629022|1629640|1630178|1630198|202699|203954,1627788|1630178|1630198|202699|203954,1627749|1627751|1628401|1629022|1629640,110.0,80.0,1610612755.0,22100704
4,PT00M47.90S,00:47,Q4 00:47,-0.7833333333333333,584,rebound,J. Embiid REBOUND (Off:3 Def:9),[],Embiid,105,111,,False,False,203954,,2pt missed,2pt missed,,,,1627749|1627751|1627788|1628401|1629022|1629640|1630178|1630198|202699|203954,1627788|1630178|1630198|202699|203954,1627749|1627751|1628401|1629022|1629640,,,1610612755.0,22100704
4,PT00M47.90S,00:47,Q4 00:47,-0.7833333333333333,585,2pt,MISS J. Embiid tip Layup,"['pointsinthepaint', '2ndchance']",Embiid,105,111,Missed,True,False,203954,,rebound,rebound,,,,1627749|1627751|1627788|1628401|1629022|1629640|1630178|1630198|202699|203954,1627788|1630178|1630198|202699|203954,1627749|1627751|1628401|1629022|1629640,0.0,0.0,1610612755.0,22100704
4,PT00M46.00S,00:46,Q4 00:46,-0.7666666666666667,586,rebound,D. White REBOUND (Off:2 Def:5),[],White,105,111,,False,False,1628401,,2pt missed,2pt made,,,,1627749|1627751|1627788|1628401|1629022|1629640|1630178|1630198|202699|203954,1627749|1627751|1628401|1629022|1629640,1627788|1630178|1630198|202699|203954,,,1610612759.0,22100704
4,PT00M38.80S,00:38,Q4 00:38,-0.6333333333333333,587,2pt,L. Walker IV 7' floating Jump Shot (14 PTS) (D. White 8 AST),['pointsinthepaint'],Walker IV,107,111,Made,True,True,1629022,1628401.0,rebound,timeout,,,,1627749|1627751|1627788|1628401|1629022|1629640|1630178|1630198|202699|203954,1627749|1627751|1628401|1629022|1629640,1627788|1630178|1630198|202699|203954,59.0,43.0,1610612759.0,22100704
4,PT00M38.80S,00:38,Q4 00:38,-0.6333333333333333,589,timeout,PHI Timeout,['team'],,107,111,,False,False,0,,2pt made,turnover,,,,1627749|1627751|1627788|1628401|1629022|1629640|1630178|1630198|202699|203954,1627788|1630178|1630198|202699|203954,1627749|1627751|1628401|1629022|1629640,,,1610612755.0,22100704
4,PT00M35.40S,00:35,Q4 00:35,-0.5833333333333334,590,turnover,T. Maxey lost ball TURNOVER (4 TO),[],Maxey,107,111,,False,False,1630178,,timeout,steal,,1628401.0,,1627749|1627751|1627788|1628401|1629022|1629640|1630178|1630198|202699|203954,1627788|1630178|1630198|202699|203954,1627749|1627751|1628401|1629022|1629640,,,1610612755.0,22100704
4,PT00M35.40S,00:35,Q4 00:35,-0.5833333333333334,591,steal,D. White STEAL (1 STL),[],White,107,111,,False,False,1628401,,turnover,2pt made,,,,1627749|1627751|1627788|1628401|1629022|1629640|1630178|1630198|202699|203954,1627749|1627751|1628401|1629022|1629640,1627788|1630178|1630198|202699|203954,,,1610612759.0,22100704
4,PT00M33.20S,00:33,Q4 00:33,-0.55,592,2pt,D. Murray running finger roll Layup (19 PTS) (D. White 9 AST),"['fastbreak', 'pointsinthepaint', 'fromturnover']",Murray,109,111,Made,True,True,1627749,1628401.0,steal,foul,,,,1627749|1627751|1627788|1628401|1629022|1629640|1630178|1630198|202699|203954,1627749|1627751|1628401|1629022|1629640,1627788|1630178|1630198|202699|203954,4.0,21.0,1610612759.0,22100704
4,PT00M14.90S,00:14,Q4 00:14,-0.23333333333333334,594,foul,L. Walker IV shooting personal FOUL (1 PF) (Embiid 2 FT),['2freethrow'],Walker IV,109,111,,False,False,1629022,,2pt made,freethrow,203954.0,,,1627749|1627751|1627788|1628401|1629022|1629640|1630178|1630198|202699|203954,1627749|1627751|1628401|1629022|1629640,1627788|1630178|1630198|202699|203954,,,1610612759.0,22100704
4,PT00M14.90S,00:14,Q4 00:14,-0.23333333333333334,596,freethrow,J. Embiid Free Throw 1 of 2 (37 PTS),[],Embiid,109,112,Made,False,False,203954,,foul,freethrow,,,,1627749|1627751|1627788|1628401|1629022|1629640|1630178|1630198|202699|203954,1627788|1630178|1630198|202699|203954,1627749|1627751|1628401|1629022|1629640,,,1610612755.0,22100704
4,PT00M14.90S,00:14,Q4 00:14,-0.23333333333333334,599,freethrow,J. Embiid Free Throw 2 of 2 (38 PTS),[],Embiid,109,113,Made,False,False,203954,,freethrow,timeout,,,,1627749|1627751|1627788|1628401|1629022|1629640|1630178|1630198|202699|203954,1627788|1630178|1630198|202699|203954,1627749|1627751|1628401|1629022|1629640,,,1610612755.0,22100704
4,PT00M14.90S,00:14,Q4 00:14,-0.23333333333333334,600,timeout,SAS Timeout,['team'],,109,113,,False,False,0,,freethrow,timeout,,,,1627749|1627751|1627788|1628401|1629022|1629640|1630178|1630198|202699|203954,1627749|1627751|1628401|1629022|1629640,1627788|1630178|1630198|202699|203954,,,1610612759.0,22100704
4,PT00M14.90S,00:14,Q4 00:14,-0.23333333333333334,601,timeout,SAS Timeout,['team'],,109,113,,False,False,0,,timeout,substitution,,,,1627749|1627751|1627788|1628401|1629022|1629640|1630178|1630198|202699|203954,1627749|1627751|1628401|1629022|1629640,1627788|1630178|1630198|202699|203954,,,1610612759.0,22100704
4,PT00M14.90S,00:14,Q4 00:14,-0.23333333333333334,597,substitution,SUB out: I. Joe,[],Joe,109,112,,False,False,1630198,,timeout,substitution,,,,1627749|1627751|1627788|1628401|1629022|1629640|1630178|202699|203954,1627788|1630178|202699|203954,1627749|1627751|1628401|1629022|1629640,,,1610612755.0,22100704
4,PT00M14.90S,00:14,Q4 00:14,-0.23333333333333334,598,substitution,SUB in: C. Brown Jr.,[],Brown Jr.,109,112,,False,False,1629718,,substitution,3pt missed,,,,1627749|1627751|1627788|1628401|1629022|1629640|1629718|1630178|202699|203954,1627788|1629718|1630178|202699|203954,1627749|1627751|1628401|1629022|1629640,,,1610612755.0,22100704
4,PT00M06.10S,00:06,Q4 00:06,-0.1,602,3pt,MISS D. White 27' 3PT,[],White,109,113,Missed,True,False,1628401,,substitution,rebound,,,,1627749|1627751|1627788|1628401|1629022|1629640|1629718|1630178|202699|203954,1627749|1627751|1628401|1629022|1629640,1627788|1629718|1630178|202699|203954,217.0,166.0,1610612759.0,22100704
4,PT00M05.60S,00:05,Q4 00:05,-0.08333333333333333,603,rebound,T. Maxey REBOUND (Off:1 Def:3),[],Maxey,109,113,,False,False,1630178,,3pt missed,foul,,,,1627749|1627751|1627788|1628401|1629022|1629640|1629718|1630178|202699|203954,1627788|1629718|1630178|202699|203954,1627749|1627751|1628401|1629022|1629640,,,1610612755.0,22100704
4,PT00M05.60S,00:05,Q4 00:05,-0.08333333333333333,604,foul,J. Poeltl take personal FOUL (4 PF) (Maxey 2 FT),"['inpenalty', '2freethrow']",Poeltl,109,113,,False,False,1627751,,rebound,freethrow,1630178.0,,,1627749|1627751|1627788|1628401|1629022|1629640|1629718|1630178|202699|203954,1627749|1627751|1628401|1629022|1629640,1627788|1629718|1630178|202699|203954,,,1610612759.0,22100704
4,PT00M05.60S,00:05,Q4 00:05,-0.08333333333333333,606,freethrow,T. Maxey Free Throw 1 of 2 (17 PTS),[],Maxey,109,114,Made,False,False,1630178,,foul,freethrow,,,,1627749|1627751|1627788|1628401|1629022|1629640|1629718|1630178|202699|203954,1627788|1629718|1630178|202699|203954,1627749|1627751|1628401|1629022|1629640,,,1610612755.0,22100704
4,PT00M05.60S,00:05,Q4 00:05,-0.08333333333333333,607,freethrow,T. Maxey Free Throw 2 of 2 (18 PTS),[],Maxey,109,115,Made,False,False,1630178,,freethrow,3pt missed,,,,1627749|1627751|1627788|1628401|1629022|1629640|1629718|1630178|202699|203954,1627788|1629718|1630178|202699|203954,1627749|1627751|1628401|1629022|1629640,,,1610612755.0,22100704
4,PT00M00.00S,00:00,Q4 00:00,0.0,608,3pt,MISS D. Murray 25' running pullup 3PT,[],Murray,109,115,Missed,True,False,1627749,,freethrow,rebound,,,,1627749|1627751|1627788|1628401|1629022|1629640|1629718|1630178|202699|203954,1627749|1627751|1628401|1629022|1629640,1627788|1629718|1630178|202699|203954,13.0,250.0,1610612759.0,22100704
4,PT00M00.00S,00:00,Q4 00:00,0.0,609,rebound,TEAM offensive REBOUND,['team'],,109,115,,False,False,0,,3pt missed,,,,,1627749|1627751|1627788|1628401|1629022|1629640|1629718|1630178|202699|203954,1627749|1627751|1628401|1629022|1629640,1627788|1629718|1630178|202699|203954,,,1610612759.0,22100704
