period,clock,clock_display,game_clock,minutes_left_in_game,actionNumber,actionType,description,qualifier,playerName,scoreHome,scoreAway,shotResult,isFieldGoal,assisted,person_id,assister_id,previous_action,next_action,foulDrawnPersonId,stealPersonId,blockPersonId,players_on,off_players_on,def_players_on,xLegacy,yLegacy,teamId,game_id
1,PT11M39.00S,11:39,Q1 11:39,46.35,7,2pt,MISS L. Markkanen 10' turnaround Shot,['pointsinthepaint'],Markkanen,0,0,Missed,True,False,1628374,,,rebound,,,,1627759|1628369|1628374|1629057|1629605|1629636|1629641|1629731|201937|203935,1628374|1629605|1629636|1629731|201937,1627759|1628369|1629057|1629641|203935,23.0,106.0,1610612739.0,22100471
1,PT11M37.00S,11:37,Q1 11:37,46.38333333333333,8,rebound,R. Williams III REBOUND (Off:0 Def:1),[],Williams III,0,0,,False,False,1629057,,2pt missed,3pt made,,,,1627759|1628369|1628374|1629057|1629605|1629636|1629641|1629731|201937|203935,1627759|1628369|1629057|1629641|203935,1628374|1629605|1629636|1629731|201937,,,1610612738.0,22100471
1,PT11M29.00S,11:29,Q1 11:29,46.516666666666666,9,3pt,J. Brown 27' 3PT pullup (3 PTS) (M. Smart 1 AST),[],Brown,3,0,Made,True,True,1627759,203935.0,rebound,2pt made,,,,1627759|1628369|1628374|1629057|1629605|1629636|1629641|1629731|201937|203935,1627759|1628369|1629057|1629641|203935,1628374|1629605|1629636|1629731|201937,-100.0,257.0,1610612738.0,22100471
1,PT11M12.00S,11:12,Q1 11:12,46.8,11,2pt,D. Garland 9' driving floating Jump Shot (2 PTS),['pointsinthepaint'],Garland,3,2,Made,True,False,1629636,,3pt made,2pt missed,,,,1627759|1628369|1628374|1629057|1629605|1629636|1629641|1629731|201937|203935,1628374|1629605|1629636|1629731|201937,1627759|1628369|1629057|1629641|203935,-40.0,89.0,1610612739.0,22100471
1,PT10M53.00S,10:53,Q1 10:53,45.11666666666667,13,2pt,MISS M. Smart 15' fadeaway Shot,[],Smart,3,2,Missed,True,False,203935,,2pt made,rebound,,,,1627759|1628369|1628374|1629057|1629605|1629636|1629641|1629731|201937|203935,1627759|1628369|1629057|1629641|203935,1628374|1629605|1629636|1629731|201937,5.0,155.0,1610612738.0,22100471
1,PT10M47.00S,10:47,Q1 10:47,45.21666666666667,14,rebound,R. Rubio REBOUND (Off:0 Def:1),[],Rubio,3,2,,False,False,201937,,2pt missed,turnover,,,,1627759|1628369|1628374|1629057|1629605|1629636|1629641|1629731|201937|203935,1628374|1629605|1629636|1629731|201937,1627759|1628369|1629057|1629641|203935,,,1610612739.0,22100471
1,PT10M42.00S,10:42,Q1 10:42,45.3,17,turnover,D. Garland bad pass out-of-bounds TURNOVER (1 TO),[],Garland,3,2,,False,False,1629636,,rebound,3pt made,,,,1627759|1628369|1628374|1629057|1629605|1629636|1629641|1629731|201937|203935,1628374|1629605|1629636|1629731|201937,1627759|1628369|1629057|1629641|203935,,,1610612739.0,22100471
1,PT10M31.00S,10:31,Q1 10:31,45.483333333333334,18,3pt,M. Smart 3PT  (3 PTS) (R. Williams III 1 AST),['fromturnover'],Smart,6,2,Made,True,True,203935,1629057.0,turnover,2pt missed,,,,1627759|1628369|1628374|1629057|1629605|1629636|1629641|1629731|201937|203935,1627759|1628369|1629057|1629641|203935,1628374|1629605|1629636|1629731|201937,-229.0,62.0,1610612738.0,22100471
1,PT10M11.00S,10:11,Q1 10:11,45.81666666666667,20,2pt,MISS D. Garland 8' driving floating Shot,[],Garland,6,2,Missed,True,False,1629636,,3pt made,rebound,,,,1627759|1628369|1628374|1629057|1629605|1629636|1629641|1629731|201937|203935,1628374|1629605|1629636|1629731|201937,1627759|1628369|1629057|1629641|203935,-81.0,22.0,1610612739.0,22100471
1,PT10M08.00S,10:08,Q1 10:08,45.86666666666667,21,rebound,R. Rubio REBOUND (Off:1 Def:1),[],Rubio,6,2,,False,False,201937,,2pt missed,3pt missed,,,,1627759|1628369|1628374|1629057|1629605|1629636|1629641|1629731|201937|203935,1628374|1629605|1629636|1629731|201937,1627759|1628369|1629057|1629641|203935,,,1610612739.0,22100471
1,PT10M07.00S,10:07,Q1 10:07,45.88333333333333,22,3pt,MISS R. Rubio 25' step back 3PT,['2ndchance'],Rubio,6,2,Missed,True,False,201937,,rebound,rebound,,,,1627759|1628369|1628374|1629057|1629605|1629636|1629641|1629731|201937|203935,1628374|1629605|1629636|1629731|201937,1627759|1628369|1629057|1629641|203935,-121.0,219.0,1610612739.0,22100471
1,PT10M06.00S,10:06,Q1 10:06,45.9,26,rebound,TEAM offensive REBOUND,['team'],,6,2,,False,False,0,,3pt missed,foul,,,,1627759|1628369|1628374|1629057|1629605|1629636|1629641|1629731|201937|203935,1628374|1629605|1629636|1629731|201937,1627759|1628369|1629057|1629641|203935,,,1610612739.0,22100471
1,PT10M01.00S,10:01,Q1 10:01,45.983333333333334,27,foul,R. Langford personal FOUL (1 PF),[],Langford,6,2,,False,False,1629641,,rebound,3pt missed,1629605.0,,,1627759|1628369|1628374|1629057|1629605|1629636|1629641|1629731|201937|203935,1627759|1628369|1629057|1629641|203935,1628374|1629605|1629636|1629731|201937,,,1610612738.0,22100471
1,PT09M47.00S,09:47,Q1 09:47,44.21666666666667,29,3pt,MISS D. Wade 24' 3PT,['2ndchance'],Wade,6,2,Missed,True,False,1629731,,foul,rebound,,,,1627759|1628369|1628374|1629057|1629605|1629636|1629641|1629731|201937|203935,1628374|1629605|1629636|1629731|201937,1627759|1628369|1629057|1629641|203935,-151.0,194.0,1610612739.0,22100471
1,PT09M44.00S,09:44,Q1 09:44,44.266666666666666,30,rebound,R. Langford REBOUND (Off:0 Def:1),[],Langford,6,2,,False,False,1629641,,3pt missed,2pt made,,,,1627759|1628369|1628374|1629057|1629605|1629636|1629641|1629731|201937|203935,1627759|1628369|1629057|1629641|203935,1628374|1629605|1629636|1629731|201937,,,1610612738.0,22100471
1,PT09M31.00S,09:31,Q1 09:31,44.483333333333334,31,2pt,J. Brown 16' step back Jump Shot (5 PTS),[],Brown,8,2,Made,True,False,1627759,,rebound,2pt missed,,,,1627759|1628369|1628374|1629057|1629605|1629636|1629641|1629731|201937|203935,1627759|1628369|1629057|1629641|203935,1628374|1629605|1629636|1629731|201937,66.0,155.0,1610612738.0,22100471
1,PT09M21.00S,09:21,Q1 09:21,44.65,32,2pt,MISS R. Rubio fadeaway Shot,['pointsinthepaint'],Rubio,8,2,Missed,True,False,201937,,2pt made,rebound,,,,1627759|1628369|1628374|1629057|1629605|1629636|1629641|1629731|201937|203935,1628374|1629605|1629636|1629731|201937,1627759|1628369|1629057|1629641|203935,-59.0,-8.0,1610612739.0,22100471
1,PT09M20.00S,09:20,Q1 09:20,44.666666666666664,33,rebound,T. Fall REBOUND (Off:1 Def:0),[],Fall,8,2,,False,False,1629605,,2pt missed,2pt missed,,,,1627759|1628369|1628374|1629057|1629605|1629636|1629641|1629731|201937|203935,1628374|1629605|1629636|1629731|201937,1627759|1628369|1629057|1629641|203935,,,1610612739.0,22100471
1,PT09M20.00S,09:20,Q1 09:20,44.666666666666664,34,2pt,MISS T. Fall tip Layup,"['2ndchance', 'pointsinthepaint']",Fall,8,2,Missed,True,False,1629605,,rebound,rebound,,,,1627759|1628369|1628374|1629057|1629605|1629636|1629641|1629731|201937|203935,1628374|1629605|1629636|1629731|201937,1627759|1628369|1629057|1629641|203935,0.0,0.0,1610612739.0,22100471
1,PT09M18.00S,09:18,Q1 09:18,44.7,35,rebound,T. Fall REBOUND (Off:2 Def:0),[],Fall,8,2,,False,False,1629605,,2pt missed,2pt made,,,,1627759|1628369|1628374|1629057|1629605|1629636|1629641|1629731|201937|203935,1628374|1629605|1629636|1629731|201937,1627759|1628369|1629057|1629641|203935,,,1610612739.0,22100471
1,PT09M17.00S,09:17,Q1 09:17,44.71666666666667,36,2pt,T. Fall putback Layup (2 PTS),"['2ndchance', 'pointsinthepaint']",Fall,8,4,Made,True,False,1629605,,rebound,turnover,,,,1627759|1628369|1628374|1629057|1629605|1629636|1629641|1629731|201937|203935,1628374|1629605|1629636|1629731|201937,1627759|1628369|1629057|1629641|203935,0.0,0.0,1610612739.0,22100471
1,PT09M13.00S,09:13,Q1 09:13,44.78333333333333,37,turnover,R. Williams III bad pass TURNOVER (1 TO),[],Williams III,8,4,,False,False,1629057,,2pt made,steal,,201937.0,,1627759|1628369|1628374|1629057|1629605|1629636|1629641|1629731|201937|203935,1627759|1628369|1629057|1629641|203935,1628374|1629605|1629636|1629731|201937,,,1610612738.0,22100471
1,PT09M13.00S,09:13,Q1 09:13,44.78333333333333,38,steal,R. Rubio STEAL (1 STL),[],Rubio,8,4,,False,False,201937,,turnover,2pt made,,,,1627759|1628369|1628374|1629057|1629605|1629636|1629641|1629731|201937|203935,1628374|1629605|1629636|1629731|201937,1627759|1628369|1629057|1629641|203935,,,1610612739.0,22100471
1,PT09M12.00S,09:12,Q1 09:12,44.8,39,2pt,L. Markkanen cutting Layup (2 PTS) (R. Rubio 1 AST),"['pointsinthepaint', 'fromturnover']",Markkanen,8,6,Made,True,True,1628374,201937.0,steal,foul,,,,1627759|1628369|1628374|1629057|1629605|1629636|1629641|1629731|201937|203935,1628374|1629605|1629636|1629731|201937,1627759|1628369|1629057|1629641|203935,-7.0,21.0,1610612739.0,22100471
1,PT09M12.00S,09:12,Q1 09:12,44.8,41,foul,R. Williams III shooting personal FOUL (1 PF) (Markkanen 1 FT),['1freethrow'],Williams III,8,6,,False,False,1629057,,2pt made,freethrow,1628374.0,,,1627759|1628369|1628374|1629057|1629605|1629636|1629641|1629731|201937|203935,1627759|1628369|1629057|1629641|203935,1628374|1629605|1629636|1629731|201937,,,1610612738.0,22100471
1,PT09M12.00S,09:12,Q1 09:12,44.8,43,freethrow,L. Markkanen Free Throw 1 of 1 (3 PTS),['fromturnover'],Markkanen,8,7,Made,False,False,1628374,,foul,3pt missed,,,,1627759|1628369|1628374|1629057|1629605|1629636|1629641|1629731|201937|203935,1628374|1629605|1629636|1629731|201937,1627759|1628369|1629057|1629641|203935,,,1610612739.0,22100471
1,PT08M57.00S,08:57,Q1 08:57,43.05,44,3pt,MISS J. Tatum 26' pullup 3PT,[],Tatum,8,7,Missed,True,False,1628369,,freethrow,rebound,,,,1627759|1628369|1628374|1629057|1629605|1629636|1629641|1629731|201937|203935,1627759|1628369|1629057|1629641|203935,1628374|1629605|1629636|1629731|201937,17.0,269.0,1610612738.0,22100471
1,PT08M55.00S,08:55,Q1 08:55,43.083333333333336,45,rebound,T. Fall REBOUND (Off:2 Def:1),[],Fall,8,7,,False,False,1629605,,3pt missed,2pt missed,,,,1627759|1628369|1628374|1629057|1629605|1629636|1629641|1629731|201937|203935,1628374|1629605|1629636|1629731|201937,1627759|1628369|1629057|1629641|203935,,,1610612739.0,22100471
1,PT08M46.00S,08:46,Q1 08:46,43.233333333333334,46,2pt,MISS T. Fall alley-oop Layup,['pointsinthepaint'],Fall,8,7,Missed,True,False,1629605,,rebound,rebound,,,,1627759|1628369|1628374|1629057|1629605|1629636|1629641|1629731|201937|203935,1628374|1629605|1629636|1629731|201937,1627759|1628369|1629057|1629641|203935,-16.0,22.0,1610612739.0,22100471
1,PT08M45.00S,08:45,Q1 08:45,43.25,47,rebound,R. Langford REBOUND (Off:0 Def:2),[],Langford,8,7,,False,False,1629641,,2pt missed,3pt missed,,,,1627759|1628369|1628374|1629057|1629605|1629636|1629641|1629731|201937|203935,1627759|1628369|1629057|1629641|203935,1628374|1629605|1629636|1629731|201937,,,1610612738.0,22100471
1,PT08M39.00S,08:39,Q1 08:39,43.35,48,3pt,MISS J. Brown 27' step back 3PT,['fastbreak'],Brown,8,7,Missed,True,False,1627759,,rebound,rebound,,,,1627759|1628369|1628374|1629057|1629605|1629636|1629641|1629731|201937|203935,1627759|1628369|1629057|1629641|203935,1628374|1629605|1629636|1629731|201937,154.0,231.0,1610612738.0,22100471
1,PT08M37.00S,08:37,Q1 08:37,43.38333333333333,49,rebound,T. Fall REBOUND (Off:2 Def:2),[],Fall,8,7,,False,False,1629605,,3pt missed,3pt missed,,,,1627759|1628369|1628374|1629057|1629605|1629636|1629641|1629731|201937|203935,1628374|1629605|1629636|1629731|201937,1627759|1628369|1629057|1629641|203935,,,1610612739.0,22100471
1,PT08M24.00S,08:24,Q1 08:24,43.6,50,3pt,MISS L. Markkanen 3PT,[],Markkanen,8,7,Missed,True,False,1628374,,rebound,rebound,,,,1627759|1628369|1628374|1629057|1629605|1629636|1629641|1629731|201937|203935,1628374|1629605|1629636|1629731|201937,1627759|1628369|1629057|1629641|203935,-228.0,-12.0,1610612739.0,22100471
1,PT08M21.00S,08:21,Q1 08:21,43.65,51,rebound,TEAM offensive REBOUND,['team'],,8,7,,False,False,0,,3pt missed,turnover,,,,1627759|1628369|1628374|1629057|1629605|1629636|1629641|1629731|201937|203935,1628374|1629605|1629636|1629731|201937,1627759|1628369|1629057|1629641|203935,,,1610612739.0,22100471
1,PT08M18.00S,08:18,Q1 08:18,43.7,53,turnover,D. Wade bad pass TURNOVER (1 TO),[],Wade,8,7,,False,False,1629731,,rebound,steal,,203935.0,,1627759|1628369|1628374|1629057|1629605|1629636|1629641|1629731|201937|203935,1628374|1629605|1629636|1629731|201937,1627759|1628369|1629057|1629641|203935,,,1610612739.0,22100471
1,PT08M18.00S,08:18,Q1 08:18,43.7,54,steal,M. Smart STEAL (1 STL),[],Smart,8,7,,False,False,203935,,turnover,turnover,,,,1627759|1628369|1628374|1629057|1629605|1629636|1629641|1629731|201937|203935,1627759|1628369|1629057|1629641|203935,1628374|1629605|1629636|1629731|201937,,,1610612738.0,22100471
1,PT08M14.00S,08:14,Q1 08:14,43.766666666666666,55,turnover,R. Williams III lost ball TURNOVER (2 TO),[],Williams III,8,7,,False,False,1629057,,steal,steal,,201937.0,,1627759|1628369|1628374|1629057|1629605|1629636|1629641|1629731|201937|203935,1627759|1628369|1629057|1629641|203935,1628374|1629605|1629636|1629731|201937,,,1610612738.0,22100471
1,PT08M14.00S,08:14,Q1 08:14,43.766666666666666,56,steal,R. Rubio STEAL (2 STL),[],Rubio,8,7,,False,False,201937,,turnover,foul,,,,1627759|1628369|1628374|1629057|1629605|1629636|1629641|1629731|201937|203935,1628374|1629605|1629636|1629731|201937,1627759|1628369|1629057|1629641|203935,,,1610612739.0,22100471
1,PT08M11.00S,08:11,Q1 08:11,43.81666666666667,57,foul,R. Langford shooting personal FOUL (2 PF) (Rubio 2 FT),['2freethrow'],Langford,8,7,,False,False,1629641,,steal,freethrow,201937.0,,,1627759|1628369|1628374|1629057|1629605|1629636|1629641|1629731|201937|203935,1627759|1628369|1629057|1629641|203935,1628374|1629605|1629636|1629731|201937,,,1610612738.0,22100471
1,PT08M11.00S,08:11,Q1 08:11,43.81666666666667,59,freethrow,R. Rubio Free Throw 1 of 2 (1 PTS),"['fromturnover', 'fastbreak']",Rubio,8,8,Made,False,False,201937,,foul,freethrow,,,,1627759|1628369|1628374|1629057|1629605|1629636|1629641|1629731|201937|203935,1628374|1629605|1629636|1629731|201937,1627759|1628369|1629057|1629641|203935,,,1610612739.0,22100471
1,PT08M11.00S,08:11,Q1 08:11,43.81666666666667,62,freethrow,R. Rubio Free Throw 2 of 2 (2 PTS),"['fastbreak', 'fromturnover']",Rubio,8,9,Made,False,False,201937,,freethrow,substitution,,,,1627759|1628369|1628374|1629057|1629605|1629636|1629641|1629731|201937|203935,1628374|1629605|1629636|1629731|201937,1627759|1628369|1629057|1629641|203935,,,1610612739.0,22100471
1,PT08M11.00S,08:11,Q1 08:11,43.81666666666667,60,substitution,SUB out: R. Langford,[],Langford,8,8,,False,False,1629641,,freethrow,substitution,,,,1627759|1628369|1628374|1629057|1629605|1629636|1629731|201937|203935,1627759|1628369|1629057|203935,1628374|1629605|1629636|1629731|201937,,,1610612738.0,22100471
1,PT08M11.00S,08:11,Q1 08:11,43.81666666666667,61,substitution,SUB in: A. Nesmith,[],Nesmith,8,8,,False,False,1630174,,substitution,foul,,,,1627759|1628369|1628374|1629057|1629605|1629636|1629731|1630174|201937|203935,1627759|1628369|1629057|1630174|203935,1628374|1629605|1629636|1629731|201937,,,1610612738.0,22100471
1,PT08M00.00S,08:00,Q1 08:00,44.0,63,foul,T. Fall shooting personal FOUL (1 PF) (Williams III 2 FT),['2freethrow'],Fall,8,9,,False,False,1629605,,substitution,freethrow,1629057.0,,,1627759|1628369|1628374|1629057|1629605|1629636|1629731|1630174|201937|203935,1628374|1629605|1629636|1629731|201937,1627759|1628369|1629057|1630174|203935,,,1610612739.0,22100471
1,PT08M00.00S,08:00,Q1 08:00,44.0,65,freethrow,R. Williams III Free Throw 1 of 2 (1 PTS),[],Williams III,9,9,Made,False,False,1629057,,foul,freethrow,,,,1627759|1628369|1628374|1629057|1629605|1629636|1629731|1630174|201937|203935,1627759|1628369|1629057|1630174|203935,1628374|1629605|1629636|1629731|201937,,,1610612738.0,22100471
1,PT08M00.00S,08:00,Q1 08:00,44.0,66,freethrow,MISS R. Williams III Free Throw 2 of 2,[],Williams III,9,9,Missed,False,False,1629057,,freethrow,rebound,,,,1627759|1628369|1628374|1629057|1629605|1629636|1629731|1630174|201937|203935,1627759|1628369|1629057|1630174|203935,1628374|1629605|1629636|1629731|201937,,,1610612738.0,22100471
1,PT08M00.00S,08:00,Q1 08:00,44.0,67,rebound,T. Fall REBOUND (Off:2 Def:3),[],Fall,9,9,,False,False,1629605,,freethrow,2pt missed,,,,1627759|1628369|1628374|1629057|1629605|1629636|1629731|1630174|201937|203935,1628374|1629605|1629636|1629731|201937,1627759|1628369|1629057|1630174|203935,,,1610612739.0,22100471
1,PT07M47.00S,07:47,Q1 07:47,42.21666666666667,68,2pt,MISS D. Garland driving floating bank Shot,['pointsinthepaint'],Garland,9,9,Missed,True,False,1629636,,rebound,rebound,,,,1627759|1628369|1628374|1629057|1629605|1629636|1629731|1630174|201937|203935,1628374|1629605|1629636|1629731|201937,1627759|1628369|1629057|1630174|203935,20.0,12.0,1610612739.0,22100471
1,PT07M46.00S,07:46,Q1 07:46,42.233333333333334,69,rebound,J. Brown REBOUND (Off:0 Def:1),[],Brown,9,9,,False,False,1627759,,2pt missed,3pt made,,,,1627759|1628369|1628374|1629057|1629605|1629636|1629731|1630174|201937|203935,1627759|1628369|1629057|1630174|203935,1628374|1629605|1629636|1629731|201937,,,1610612738.0,22100471
1,PT07M26.00S,07:26,Q1 07:26,42.56666666666667,70,3pt,J. Brown 3PT  (8 PTS) (M. Smart 2 AST),[],Brown,12,9,Made,True,True,1627759,203935.0,rebound,substitution,,,,1627759|1628369|1628374|1629057|1629605|1629636|1629731|1630174|201937|203935,1627759|1628369|1629057|1630174|203935,1628374|1629605|1629636|1629731|201937,234.0,1.0,1610612738.0,22100471
1,PT07M17.00S,07:17,Q1 07:17,42.71666666666667,73,substitution,SUB out: R. Rubio,[],Rubio,12,9,,False,False,201937,,3pt made,substitution,,,,1627759|1628369|1628374|1629057|1629605|1629636|1629731|1630174|203935,1628374|1629605|1629636|1629731,1627759|1628369|1629057|1630174|203935,,,1610612739.0,22100471
1,PT07M17.00S,07:17,Q1 07:17,42.71666666666667,74,substitution,SUB out: T. Fall,[],Fall,12,9,,False,False,1629605,,substitution,substitution,,,,1627759|1628369|1628374|1629057|1629636|1629731|1630174|203935,1628374|1629636|1629731,1627759|1628369|1629057|1630174|203935,,,1610612739.0,22100471
1,PT07M17.00S,07:17,Q1 07:17,42.71666666666667,75,substitution,SUB in: K. Love,[],Love,12,9,,False,False,201567,,substitution,substitution,,,,1627759|1628369|1628374|1629057|1629636|1629731|1630174|201567|203935,1628374|1629636|1629731|201567,1627759|1628369|1629057|1630174|203935,,,1610612739.0,22100471
1,PT07M17.00S,07:17,Q1 07:17,42.71666666666667,76,substitution,SUB in: C. Osman,[],Osman,12,9,,False,False,1626224,,substitution,foul,,,,1626224|1627759|1628369|1628374|1629057|1629636|1629731|1630174|201567|203935,1626224|1628374|1629636|1629731|201567,1627759|1628369|1629057|1630174|203935,,,1610612739.0,22100471
1,PT07M16.00S,07:16,Q1 07:16,42.733333333333334,77,foul,J. Brown away-from-play personal FOUL (1 PF) (Osman 1 FT),['1freethrow'],Brown,12,9,,False,False,1627759,,substitution,freethrow,1626224.0,,,1626224|1627759|1628369|1628374|1629057|1629636|1629731|1630174|201567|203935,1627759|1628369|1629057|1630174|203935,1626224|1628374|1629636|1629731|201567,,,1610612738.0,22100471
1,PT07M16.00S,07:16,Q1 07:16,42.733333333333334,80,freethrow,D. Garland away-from-play Free Throw 1 of 1 (3 PTS),[],Garland,12,10,Made,False,False,1629636,,foul,3pt missed,,,,1626224|1627759|1628369|1628374|1629057|1629636|1629731|1630174|201567|203935,1626224|1628374|1629636|1629731|201567,1627759|1628369|1629057|1630174|203935,,,1610612739.0,22100471
1,PT07M09.00S,07:09,Q1 07:09,42.85,81,3pt,MISS D. Garland 28' 3PT,[],Garland,12,10,Missed,True,False,1629636,,freethrow,rebound,,,,1626224|1627759|1628369|1628374|1629057|1629636|1629731|1630174|201567|203935,1626224|1628374|1629636|1629731|201567,1627759|1628369|1629057|1630174|203935,-11.0,281.0,1610612739.0,22100471
1,PT07M05.00S,07:05,Q1 07:05,42.916666666666664,82,rebound,M. Smart REBOUND (Off:0 Def:1),[],Smart,12,10,,False,False,203935,,3pt missed,timeout,,,,1626224|1627759|1628369|1628374|1629057|1629636|1629731|1630174|201567|203935,1627759|1628369|1629057|1630174|203935,1626224|1628374|1629636|1629731|201567,,,1610612738.0,22100471
1,PT06M56.00S,06:56,Q1 06:56,41.06666666666667,84,timeout,BOS Timeout,"['team', 'mandatory']",,12,10,,False,False,0,,rebound,3pt missed,,,,1626224|1627759|1628369|1628374|1629057|1629636|1629731|1630174|201567|203935,1627759|1628369|1629057|1630174|203935,1626224|1628374|1629636|1629731|201567,,,1610612738.0,22100471
1,PT06M51.00S,06:51,Q1 06:51,41.15,85,3pt,MISS J. Tatum 26' pullup 3PT,[],Tatum,12,10,Missed,True,False,1628369,,timeout,rebound,,,,1626224|1627759|1628369|1628374|1629057|1629636|1629731|1630174|201567|203935,1627759|1628369|1629057|1630174|203935,1626224|1628374|1629636|1629731|201567,134.0,235.0,1610612738.0,22100471
1,PT06M48.00S,06:48,Q1 06:48,41.2,86,rebound,L. Markkanen REBOUND (Off:0 Def:1),[],Markkanen,12,10,,False,False,1628374,,3pt missed,3pt missed,,,,1626224|1627759|1628369|1628374|1629057|1629636|1629731|1630174|201567|203935,1626224|1628374|1629636|1629731|201567,1627759|1628369|1629057|1630174|203935,,,1610612739.0,22100471
1,PT06M31.00S,06:31,Q1 06:31,41.483333333333334,87,3pt,MISS K. Love 25' 3PT,[],Love,12,10,Missed,True,False,201567,,rebound,rebound,,,,1626224|1627759|1628369|1628374|1629057|1629636|1629731|1630174|201567|203935,1626224|1628374|1629636|1629731|201567,1627759|1628369|1629057|1630174|203935,7.0,257.0,1610612739.0,22100471
1,PT06M28.00S,06:28,Q1 06:28,41.53333333333333,88,rebound,J. Brown REBOUND (Off:0 Def:2),[],Brown,12,10,,False,False,1627759,,3pt missed,2pt made,,,,1626224|1627759|1628369|1628374|1629057|1629636|1629731|1630174|201567|203935,1627759|1628369|1629057|1630174|203935,1626224|1628374|1629636|1629731|201567,,,1610612738.0,22100471
1,PT06M19.00S,06:19,Q1 06:19,41.68333333333333,89,2pt,R. Williams III alley-oop Layup (3 PTS) (J. Brown 1 AST),['pointsinthepaint'],Williams III,14,10,Made,True,True,1629057,1627759.0,rebound,2pt missed,,,,1626224|1627759|1628369|1628374|1629057|1629636|1629731|1630174|201567|203935,1627759|1628369|1629057|1630174|203935,1626224|1628374|1629636|1629731|201567,5.0,25.0,1610612738.0,22100471
1,PT06M09.00S,06:09,Q1 06:09,41.85,91,2pt,MISS L. Markkanen 7' turnaround Hook,['pointsinthepaint'],Markkanen,14,10,Missed,True,False,1628374,,2pt made,rebound,,,,1626224|1627759|1628369|1628374|1629057|1629636|1629731|1630174|201567|203935,1626224|1628374|1629636|1629731|201567,1627759|1628369|1629057|1630174|203935,17.0,72.0,1610612739.0,22100471
1,PT06M07.00S,06:07,Q1 06:07,41.88333333333333,92,rebound,J. Tatum REBOUND (Off:0 Def:1),[],Tatum,14,10,,False,False,1628369,,2pt missed,2pt missed,,,,1626224|1627759|1628369|1628374|1629057|1629636|1629731|1630174|201567|203935,1627759|1628369|1629057|1630174|203935,1626224|1628374|1629636|1629731|201567,,,1610612738.0,22100471
1,PT06M00.00S,06:00,Q1 06:00,42.0,93,2pt,MISS J. Tatum driving Layup,['pointsinthepaint'],Tatum,14,10,Missed,True,False,1628369,,rebound,rebound,,,,1626224|1627759|1628369|1628374|1629057|1629636|1629731|1630174|201567|203935,1627759|1628369|1629057|1630174|203935,1626224|1628374|1629636|1629731|201567,-47.0,5.0,1610612738.0,22100471
1,PT05M58.00S,05:58,Q1 05:58,40.03333333333333,94,rebound,L. Markkanen REBOUND (Off:0 Def:2),[],Markkanen,14,10,,False,False,1628374,,2pt missed,2pt made,,,,1626224|1627759|1628369|1628374|1629057|1629636|1629731|1630174|201567|203935,1626224|1628374|1629636|1629731|201567,1627759|1628369|1629057|1630174|203935,,,1610612739.0,22100471
1,PT05M38.00S,05:38,Q1 05:38,40.36666666666667,95,2pt,D. Wade driving Layup (2 PTS) (K. Love 1 AST),['pointsinthepaint'],Wade,14,12,Made,True,True,1629731,201567.0,rebound,2pt made,,,,1626224|1627759|1628369|1628374|1629057|1629636|1629731|1630174|201567|203935,1626224|1628374|1629636|1629731|201567,1627759|1628369|1629057|1630174|203935,-42.0,5.0,1610612739.0,22100471
1,PT05M31.00S,05:31,Q1 05:31,40.483333333333334,97,2pt,J. Brown driving Layup (10 PTS) (J. Tatum 1 AST),['pointsinthepaint'],Brown,16,12,Made,True,True,1627759,1628369.0,2pt made,3pt missed,,,,1626224|1627759|1628369|1628374|1629057|1629636|1629731|1630174|201567|203935,1627759|1628369|1629057|1630174|203935,1626224|1628374|1629636|1629731|201567,23.0,10.0,1610612738.0,22100471
1,PT05M05.00S,05:05,Q1 05:05,40.916666666666664,98,3pt,MISS D. Garland 3PT,[],Garland,16,12,Missed,True,False,1629636,,2pt made,rebound,,,,1626224|1627759|1628369|1628374|1629057|1629636|1629731|1630174|201567|203935,1626224|1628374|1629636|1629731|201567,1627759|1628369|1629057|1630174|203935,-233.0,-6.0,1610612739.0,22100471
1,PT05M03.00S,05:03,Q1 05:03,40.95,99,rebound,J. Tatum REBOUND (Off:0 Def:2),[],Tatum,16,12,,False,False,1628369,,3pt missed,3pt missed,,,,1626224|1627759|1628369|1628374|1629057|1629636|1629731|1630174|201567|203935,1627759|1628369|1629057|1630174|203935,1626224|1628374|1629636|1629731|201567,,,1610612738.0,22100471
1,PT04M58.00S,04:58,Q1 04:58,39.03333333333333,100,3pt,MISS M. Smart 3PT,['fastbreak'],Smart,16,12,Missed,True,False,203935,,rebound,rebound,,,,1626224|1627759|1628369|1628374|1629057|1629636|1629731|1630174|201567|203935,1627759|1628369|1629057|1630174|203935,1626224|1628374|1629636|1629731|201567,225.0,-6.0,1610612738.0,22100471
1,PT04M56.00S,04:56,Q1 04:56,39.06666666666667,101,rebound,K. Love REBOUND (Off:0 Def:1),[],Love,16,12,,False,False,201567,,3pt missed,3pt made,,,,1626224|1627759|1628369|1628374|1629057|1629636|1629731|1630174|201567|203935,1626224|1628374|1629636|1629731|201567,1627759|1628369|1629057|1630174|203935,,,1610612739.0,22100471
1,PT04M50.00S,04:50,Q1 04:50,39.166666666666664,102,3pt,C. Osman 26' 3PT running (3 PTS) (D. Garland 1 AST),['fastbreak'],Osman,16,15,Made,True,True,1626224,1629636.0,rebound,2pt missed,,,,1626224|1627759|1628369|1628374|1629057|1629636|1629731|1630174|201567|203935,1626224|1628374|1629636|1629731|201567,1627759|1628369|1629057|1630174|203935,186.0,183.0,1610612739.0,22100471
1,PT04M30.00S,04:30,Q1 04:30,39.5,105,2pt,MISS R. Williams III 9' Hook,['pointsinthepaint'],Williams III,16,15,Missed,True,False,1629057,,3pt made,rebound,,,,1626224|1627759|1628369|1628374|1629057|1629636|1629731|1630174|201567|203935,1627759|1628369|1629057|1630174|203935,1626224|1628374|1629636|1629731|201567,-77.0,59.0,1610612738.0,22100471
1,PT04M26.00S,04:26,Q1 04:26,39.56666666666667,106,rebound,R. Williams III REBOUND (Off:1 Def:1),[],Williams III,16,15,,False,False,1629057,,2pt missed,2pt made,,,,1626224|1627759|1628369|1628374|1629057|1629636|1629731|1630174|201567|203935,1627759|1628369|1629057|1630174|203935,1626224|1628374|1629636|1629731|201567,,,1610612738.0,22100471
1,PT04M25.00S,04:25,Q1 04:25,39.583333333333336,107,2pt,R. Williams III putback Layup (5 PTS),"['pointsinthepaint', '2ndchance']",Williams III,18,15,Made,True,False,1629057,,rebound,2pt missed,,,,1626224|1627759|1628369|1628374|1629057|1629636|1629731|1630174|201567|203935,1627759|1628369|1629057|1630174|203935,1626224|1628374|1629636|1629731|201567,32.0,42.0,1610612738.0,22100471
1,PT04M10.00S,04:10,Q1 04:10,39.833333333333336,108,2pt,MISS L. Markkanen Layup,['pointsinthepaint'],Markkanen,18,15,Missed,True,False,1628374,,2pt made,rebound,,,,1626224|1627759|1628369|1628374|1629057|1629636|1629731|1630174|201567|203935,1626224|1628374|1629636|1629731|201567,1627759|1628369|1629057|1630174|203935,25.0,24.0,1610612739.0,22100471
1,PT04M08.00S,04:08,Q1 04:08,39.86666666666667,109,rebound,D. Wade REBOUND (Off:1 Def:0),[],Wade,18,15,,False,False,1629731,,2pt missed,2pt made,,,,1626224|1627759|1628369|1628374|1629057|1629636|1629731|1630174|201567|203935,1626224|1628374|1629636|1629731|201567,1627759|1628369|1629057|1630174|203935,,,1610612739.0,22100471
1,PT04M08.00S,04:08,Q1 04:08,39.86666666666667,110,2pt,D. Wade tip Layup (4 PTS),"['2ndchance', 'pointsinthepaint']",Wade,18,17,Made,True,False,1629731,,rebound,3pt made,,,,1626224|1627759|1628369|1628374|1629057|1629636|1629731|1630174|201567|203935,1626224|1628374|1629636|1629731|201567,1627759|1628369|1629057|1630174|203935,0.0,0.0,1610612739.0,22100471
1,PT03M52.00S,03:52,Q1 03:52,38.13333333333333,111,3pt,A. Nesmith 3PT  (3 PTS) (M. Smart 3 AST),[],Nesmith,21,17,Made,True,True,1630174,203935.0,2pt made,foul,,,,1626224|1627759|1628369|1628374|1629057|1629636|1629731|1630174|201567|203935,1627759|1628369|1629057|1630174|203935,1626224|1628374|1629636|1629731|201567,228.0,36.0,1610612738.0,22100471
1,PT03M41.00S,03:41,Q1 03:41,38.31666666666667,113,foul,A. Nesmith shooting personal FOUL (1 PF) (Markkanen 2 FT),"['inpenalty', '2freethrow']",Nesmith,21,17,,False,False,1630174,,3pt made,freethrow,1628374.0,,,1626224|1627759|1628369|1628374|1629057|1629636|1629731|1630174|201567|203935,1627759|1628369|1629057|1630174|203935,1626224|1628374|1629636|1629731|201567,,,1610612738.0,22100471
1,PT03M41.00S,03:41,Q1 03:41,38.31666666666667,116,freethrow,L. Markkanen Free Throw 1 of 2 (4 PTS),[],Markkanen,21,18,Made,False,False,1628374,,foul,freethrow,,,,1626224|1627759|1628369|1628374|1629057|1629636|1629731|1630174|201567|203935,1626224|1628374|1629636|1629731|201567,1627759|1628369|1629057|1630174|203935,,,1610612739.0,22100471
1,PT03M41.00S,03:41,Q1 03:41,38.31666666666667,125,freethrow,L. Markkanen Free Throw 2 of 2 (5 PTS),[],Markkanen,21,19,Made,False,False,1628374,,freethrow,substitution,,,,1626224|1627759|1628369|1628374|1629057|1629636|1629731|1630174|201567|203935,1626224|1628374|1629636|1629731|201567,1627759|1628369|1629057|1630174|203935,,,1610612739.0,22100471
1,PT03M41.00S,03:41,Q1 03:41,38.31666666666667,117,substitution,SUB out: J. Tatum,[],Tatum,21,19,,False,False,1628369,,freethrow,substitution,,,,1626224|1627759|1628374|1629057|1629636|1629731|1630174|201567|203935,1627759|1629057|1630174|203935,1626224|1628374|1629636|1629731|201567,,,1610612738.0,22100471
1,PT03M41.00S,03:41,Q1 03:41,38.31666666666667,118,substitution,SUB out: R. Williams III,[],Williams III,21,19,,False,False,1629057,,substitution,substitution,,,,1626224|1627759|1628374|1629636|1629731|1630174|201567|203935,1627759|1630174|203935,1626224|1628374|1629636|1629731|201567,,,1610612738.0,22100471
1,PT03M41.00S,03:41,Q1 03:41,38.31666666666667,119,substitution,SUB out: D. Garland,[],Garland,21,19,,False,False,1629636,,substitution,substitution,,,,1626224|1627759|1628374|1629731|1630174|201567|203935,1626224|1628374|1629731|201567,1627759|1630174|203935,,,1610612739.0,22100471
1,PT03M41.00S,03:41,Q1 03:41,38.31666666666667,120,substitution,SUB out: D. Wade,[],Wade,21,19,,False,False,1629731,,substitution,substitution,,,,1626224|1627759|1628374|1630174|201567|203935,1626224|1628374|201567,1627759|1630174|203935,,,1610612739.0,22100471
1,PT03M41.00S,03:41,Q1 03:41,38.31666666666667,121,substitution,SUB in: D. Schroder,[],Schroder,21,19,,False,False,203471,,substitution,substitution,,,,1626224|1627759|1628374|1630174|201567|203471|203935,1627759|1630174|203471|203935,1626224|1628374|201567,,,1610612738.0,22100471
1,PT03M41.00S,03:41,Q1 03:41,38.31666666666667,122,substitution,SUB in: E. Freedom,[],Freedom,21,19,,False,False,202683,,substitution,substitution,,,,1626224|1627759|1628374|1630174|201567|202683|203471|203935,1627759|1630174|202683|203471|203935,1626224|1628374|201567,,,1610612738.0,22100471
1,PT03M41.00S,03:41,Q1 03:41,38.31666666666667,123,substitution,SUB in: R. Rubio,[],Rubio,21,19,,False,False,201937,,substitution,substitution,,,,1626224|1627759|1628374|1630174|201567|201937|202683|203471|203935,1626224|1628374|201567|201937,1627759|1630174|202683|203471|203935,,,1610612739.0,22100471
1,PT03M41.00S,03:41,Q1 03:41,38.31666666666667,124,substitution,SUB in: D. Valentine,[],Valentine,21,19,,False,False,1627756,,substitution,2pt made,,,,1626224|1627756|1627759|1628374|1630174|201567|201937|202683|203471|203935,1626224|1627756|1628374|201567|201937,1627759|1630174|202683|203471|203935,,,1610612739.0,22100471
1,PT03M28.00S,03:28,Q1 03:28,38.53333333333333,127,2pt,J. Brown 20' pullup Jump Shot (12 PTS),[],Brown,23,19,Made,True,False,1627759,,substitution,turnover,,,,1626224|1627756|1627759|1628374|1630174|201567|201937|202683|203471|203935,1627759|1630174|202683|203471|203935,1626224|1627756|1628374|201567|201937,-136.0,154.0,1610612738.0,22100471
1,PT03M18.00S,03:18,Q1 03:18,38.7,142,turnover,D. Valentine bad pass TURNOVER (1 TO),[],Valentine,23,19,,False,False,1627756,,2pt made,steal,,203935.0,,1626224|1627756|1627759|1628374|1630174|201567|201937|202683|203471|203935,1626224|1627756|1628374|201567|201937,1627759|1630174|202683|203471|203935,,,1610612739.0,22100471
1,PT03M18.00S,03:18,Q1 03:18,38.7,143,steal,M. Smart STEAL (2 STL),[],Smart,23,19,,False,False,203935,,turnover,turnover,,,,1626224|1627756|1627759|1628374|1630174|201567|201937|202683|203471|203935,1627759|1630174|202683|203471|203935,1626224|1627756|1628374|201567|201937,,,1610612738.0,22100471
1,PT03M13.00S,03:13,Q1 03:13,38.78333333333333,130,turnover,A. Nesmith lost ball out-of-bounds TURNOVER (1 TO),[],Nesmith,23,19,,False,False,1630174,,steal,substitution,,,,1626224|1627756|1627759|1628374|1630174|201567|201937|202683|203471|203935,1627759|1630174|202683|203471|203935,1626224|1627756|1628374|201567|201937,,,1610612738.0,22100471
1,PT03M13.00S,03:13,Q1 03:13,38.78333333333333,140,substitution,SUB out: L. Markkanen,[],Markkanen,23,19,,False,False,1628374,,turnover,substitution,,,,1626224|1627756|1627759|1630174|201567|201937|202683|203471|203935,1626224|1627756|201567|201937,1627759|1630174|202683|203471|203935,,,1610612739.0,22100471
1,PT03M13.00S,03:13,Q1 03:13,38.78333333333333,141,substitution,SUB in: T. Fall,[],Fall,23,19,,False,False,1629605,,substitution,2pt missed,,,,1626224|1627756|1627759|1629605|1630174|201567|201937|202683|203471|203935,1626224|1627756|1629605|201567|201937,1627759|1630174|202683|203471|203935,,,1610612739.0,22100471
1,PT03M03.00S,03:03,Q1 03:03,38.95,132,2pt,MISS R. Rubio 9' driving Layup - blocked,"['pointsinthepaint', 'fromturnover']",Rubio,23,19,Missed,True,False,201937,,substitution,block,,,1627759.0,1626224|1627756|1627759|1629605|1630174|201567|201937|202683|203471|203935,1626224|1627756|1629605|201567|201937,1627759|1630174|202683|203471|203935,27.0,94.0,1610612739.0,22100471
1,PT03M03.00S,03:03,Q1 03:03,38.95,133,block,J. Brown BLOCK (1 BLK),[],Brown,23,19,,False,False,1627759,,2pt missed,rebound,,,,1626224|1627756|1627759|1629605|1630174|201567|201937|202683|203471|203935,1627759|1630174|202683|203471|203935,1626224|1627756|1629605|201567|201937,,,1610612738.0,22100471
1,PT02M59.00S,02:59,Q1 02:59,37.016666666666666,134,rebound,E. Freedom REBOUND (Off:0 Def:1),[],Freedom,23,19,,False,False,202683,,block,2pt missed,,,,1626224|1627756|1627759|1629605|1630174|201567|201937|202683|203471|203935,1627759|1630174|202683|203471|203935,1626224|1627756|1629605|201567|201937,,,1610612738.0,22100471
1,PT02M56.00S,02:56,Q1 02:56,37.06666666666667,135,2pt,MISS D. Schroder running Layup - blocked,['pointsinthepaint'],Schroder,23,19,Missed,True,False,203471,,rebound,block,,,1629605.0,1626224|1627756|1627759|1629605|1630174|201567|201937|202683|203471|203935,1627759|1630174|202683|203471|203935,1626224|1627756|1629605|201567|201937,40.0,21.0,1610612738.0,22100471
1,PT02M56.00S,02:56,Q1 02:56,37.06666666666667,136,block,T. Fall BLOCK (1 BLK),[],Fall,23,19,,False,False,1629605,,2pt missed,rebound,,,,1626224|1627756|1627759|1629605|1630174|201567|201937|202683|203471|203935,1626224|1627756|1629605|201567|201937,1627759|1630174|202683|203471|203935,,,1610612739.0,22100471
1,PT02M56.00S,02:56,Q1 02:56,37.06666666666667,137,rebound,TEAM offensive REBOUND,['team'],,23,19,,False,False,0,,block,timeout,,,,1626224|1627756|1627759|1629605|1630174|201567|201937|202683|203471|203935,1627759|1630174|202683|203471|203935,1626224|1627756|1629605|201567|201937,,,1610612738.0,22100471
1,PT02M56.00S,02:56,Q1 02:56,37.06666666666667,139,timeout,CLE Timeout,"['team', 'mandatory']",,23,19,,False,False,0,,rebound,foul,,,,1626224|1627756|1627759|1629605|1630174|201567|201937|202683|203471|203935,1626224|1627756|1629605|201567|201937,1627759|1630174|202683|203471|203935,,,1610612739.0,22100471
1,PT02M50.00S,02:50,Q1 02:50,37.166666666666664,144,foul,D. Valentine shooting personal FOUL (1 PF) (Brown 2 FT),['2freethrow'],Valentine,23,19,,False,False,1627756,,timeout,freethrow,1627759.0,,,1626224|1627756|1627759|1629605|1630174|201567|201937|202683|203471|203935,1626224|1627756|1629605|201567|201937,1627759|1630174|202683|203471|203935,,,1610612739.0,22100471
1,PT02M50.00S,02:50,Q1 02:50,37.166666666666664,146,freethrow,J. Brown Free Throw 1 of 2 (13 PTS),['2ndchance'],Brown,24,19,Made,False,False,1627759,,foul,freethrow,,,,1626224|1627756|1627759|1629605|1630174|201567|201937|202683|203471|203935,1627759|1630174|202683|203471|203935,1626224|1627756|1629605|201567|201937,,,1610612738.0,22100471
1,PT02M50.00S,02:50,Q1 02:50,37.166666666666664,147,freethrow,J. Brown Free Throw 2 of 2 (14 PTS),['2ndchance'],Brown,25,19,Made,False,False,1627759,,freethrow,3pt missed,,,,1626224|1627756|1627759|1629605|1630174|201567|201937|202683|203471|203935,1627759|1630174|202683|203471|203935,1626224|1627756|1629605|201567|201937,,,1610612738.0,22100471
1,PT02M35.00S,02:35,Q1 02:35,37.416666666666664,148,3pt,MISS R. Rubio step back 3PT,[],Rubio,25,19,Missed,True,False,201937,,freethrow,rebound,,,,1626224|1627756|1627759|1629605|1630174|201567|201937|202683|203471|203935,1626224|1627756|1629605|201567|201937,1627759|1630174|202683|203471|203935,-229.0,-10.0,1610612739.0,22100471
1,PT02M33.00S,02:33,Q1 02:33,37.45,149,rebound,K. Love REBOUND (Off:1 Def:1),[],Love,25,19,,False,False,201567,,3pt missed,2pt made,,,,1626224|1627756|1627759|1629605|1630174|201567|201937|202683|203471|203935,1626224|1627756|1629605|201567|201937,1627759|1630174|202683|203471|203935,,,1610612739.0,22100471
1,PT02M32.00S,02:32,Q1 02:32,37.46666666666667,150,2pt,K. Love putback Layup (2 PTS),"['pointsinthepaint', '2ndchance']",Love,25,21,Made,True,False,201567,,rebound,2pt missed,,,,1626224|1627756|1627759|1629605|1630174|201567|201937|202683|203471|203935,1626224|1627756|1629605|201567|201937,1627759|1630174|202683|203471|203935,4.0,-5.0,1610612739.0,22100471
1,PT02M23.00S,02:23,Q1 02:23,37.61666666666667,151,2pt,MISS D. Schroder 15' pullup Shot,[],Schroder,25,21,Missed,True,False,203471,,2pt made,rebound,,,,1626224|1627756|1627759|1629605|1630174|201567|201937|202683|203471|203935,1627759|1630174|202683|203471|203935,1626224|1627756|1629605|201567|201937,-38.0,152.0,1610612738.0,22100471
1,PT02M22.00S,02:22,Q1 02:22,37.63333333333333,152,rebound,T. Fall REBOUND (Off:2 Def:4),[],Fall,25,21,,False,False,1629605,,2pt missed,2pt made,,,,1626224|1627756|1627759|1629605|1630174|201567|201937|202683|203471|203935,1626224|1627756|1629605|201567|201937,1627759|1630174|202683|203471|203935,,,1610612739.0,22100471
1,PT02M06.00S,02:06,Q1 02:06,37.9,153,2pt,T. Fall alley-oop DUNK (4 PTS) (R. Rubio 2 AST),['pointsinthepaint'],Fall,25,23,Made,True,True,1629605,201937.0,rebound,2pt made,,,,1626224|1627756|1627759|1629605|1630174|201567|201937|202683|203471|203935,1626224|1627756|1629605|201567|201937,1627759|1630174|202683|203471|203935,-11.0,9.0,1610612739.0,22100471
1,PT01M52.00S,01:52,Q1 01:52,36.13333333333333,155,2pt,A. Nesmith 18' pullup Jump Shot (5 PTS) (D. Schroder 1 AST),[],Nesmith,27,23,Made,True,True,1630174,203471.0,2pt made,2pt missed,,,,1626224|1627756|1627759|1629605|1630174|201567|201937|202683|203471|203935,1627759|1630174|202683|203471|203935,1626224|1627756|1629605|201567|201937,-74.0,173.0,1610612738.0,22100471
1,PT01M28.00S,01:28,Q1 01:28,36.53333333333333,157,2pt,MISS K. Love 12' step back Shot,[],Love,27,23,Missed,True,False,201567,,2pt made,rebound,,,,1626224|1627756|1627759|1629605|1630174|201567|201937|202683|203471|203935,1626224|1627756|1629605|201567|201937,1627759|1630174|202683|203471|203935,-125.0,-7.0,1610612739.0,22100471
1,PT01M26.00S,01:26,Q1 01:26,36.56666666666667,158,rebound,E. Freedom REBOUND (Off:0 Def:2),[],Freedom,27,23,,False,False,202683,,2pt missed,turnover,,,,1626224|1627756|1627759|1629605|1630174|201567|201937|202683|203471|203935,1627759|1630174|202683|203471|203935,1626224|1627756|1629605|201567|201937,,,1610612738.0,22100471
1,PT01M21.00S,01:21,Q1 01:21,36.65,159,turnover,D. Schroder bad pass TURNOVER (1 TO),[],Schroder,27,23,,False,False,203471,,rebound,steal,,201937.0,,1626224|1627756|1627759|1629605|1630174|201567|201937|202683|203471|203935,1627759|1630174|202683|203471|203935,1626224|1627756|1629605|201567|201937,,,1610612738.0,22100471
1,PT01M21.00S,01:21,Q1 01:21,36.65,160,steal,R. Rubio STEAL (3 STL),[],Rubio,27,23,,False,False,201937,,turnover,foul,,,,1626224|1627756|1627759|1629605|1630174|201567|201937|202683|203471|203935,1626224|1627756|1629605|201567|201937,1627759|1630174|202683|203471|203935,,,1610612739.0,22100471
1,PT01M19.00S,01:19,Q1 01:19,36.68333333333333,161,foul,D. Schroder take personal FOUL (1 PF) (Rubio 2 FT),"['inpenalty', '2freethrow']",Schroder,27,23,,False,False,203471,,steal,freethrow,201937.0,,,1626224|1627756|1627759|1629605|1630174|201567|201937|202683|203471|203935,1627759|1630174|202683|203471|203935,1626224|1627756|1629605|201567|201937,,,1610612738.0,22100471
1,PT01M19.00S,01:19,Q1 01:19,36.68333333333333,163,freethrow,MISS R. Rubio Free Throw 1 of 2,['fromturnover'],Rubio,27,23,Missed,False,False,201937,,foul,rebound,,,,1626224|1627756|1627759|1629605|1630174|201567|201937|202683|203471|203935,1626224|1627756|1629605|201567|201937,1627759|1630174|202683|203471|203935,,,1610612739.0,22100471
1,PT01M19.00S,01:19,Q1 01:19,36.68333333333333,164,rebound,TEAM offensive REBOUND,"['deadball', 'team']",,27,23,,False,False,0,,freethrow,freethrow,,,,1626224|1627756|1627759|1629605|1630174|201567|201937|202683|203471|203935,1626224|1627756|1629605|201567|201937,1627759|1630174|202683|203471|203935,,,1610612739.0,22100471
1,PT01M19.00S,01:19,Q1 01:19,36.68333333333333,167,freethrow,R. Rubio Free Throw 2 of 2 (3 PTS),['fromturnover'],Rubio,27,24,Made,False,False,201937,,rebound,substitution,,,,1626224|1627756|1627759|1629605|1630174|201567|201937|202683|203471|203935,1626224|1627756|1629605|201567|201937,1627759|1630174|202683|203471|203935,,,1610612739.0,22100471
1,PT01M19.00S,01:19,Q1 01:19,36.68333333333333,165,substitution,SUB out: M. Smart,[],Smart,27,23,,False,False,203935,,freethrow,substitution,,,,1626224|1627756|1627759|1629605|1630174|201567|201937|202683|203471,1627759|1630174|202683|203471,1626224|1627756|1629605|201567|201937,,,1610612738.0,22100471
1,PT01M19.00S,01:19,Q1 01:19,36.68333333333333,166,substitution,SUB in: P. Pritchard,[],Pritchard,27,23,,False,False,1630202,,substitution,2pt made,,,,1626224|1627756|1627759|1629605|1630174|1630202|201567|201937|202683|203471,1627759|1630174|1630202|202683|203471,1626224|1627756|1629605|201567|201937,,,1610612738.0,22100471
1,PT01M09.00S,01:09,Q1 01:09,36.85,168,2pt,J. Brown 18' driving floating Jump Shot (16 PTS) (D. Schroder 2 AST),[],Brown,29,24,Made,True,True,1627759,203471.0,substitution,2pt missed,,,,1626224|1627756|1627759|1629605|1630174|1630202|201567|201937|202683|203471,1627759|1630174|1630202|202683|203471,1626224|1627756|1629605|201567|201937,-59.0,175.0,1610612738.0,22100471
1,PT00M57.10S,00:57,Q1 00:57,35.05,170,2pt,MISS C. Osman cutting Layup,['pointsinthepaint'],Osman,29,24,Missed,True,False,1626224,,2pt made,rebound,,,,1626224|1627756|1627759|1629605|1630174|1630202|201567|201937|202683|203471,1626224|1627756|1629605|201567|201937,1627759|1630174|1630202|202683|203471,-39.0,21.0,1610612739.0,22100471
1,PT00M55.00S,00:55,Q1 00:55,35.083333333333336,171,rebound,K. Love REBOUND (Off:2 Def:1),[],Love,29,24,,False,False,201567,,2pt missed,2pt made,,,,1626224|1627756|1627759|1629605|1630174|1630202|201567|201937|202683|203471,1626224|1627756|1629605|201567|201937,1627759|1630174|1630202|202683|203471,,,1610612739.0,22100471
1,PT00M54.10S,00:54,Q1 00:54,35.1,172,2pt,K. Love 16' step back Jump Shot (4 PTS),['2ndchance'],Love,29,26,Made,True,False,201567,,rebound,turnover,,,,1626224|1627756|1627759|1629605|1630174|1630202|201567|201937|202683|203471,1626224|1627756|1629605|201567|201937,1627759|1630174|1630202|202683|203471,-163.0,21.0,1610612739.0,22100471
1,PT00M42.40S,00:42,Q1 00:42,35.3,174,turnover,J. Brown bad pass out-of-bounds TURNOVER (1 TO),[],Brown,29,26,,False,False,1627759,,2pt made,3pt missed,,,,1626224|1627756|1627759|1629605|1630174|1630202|201567|201937|202683|203471,1627759|1630174|1630202|202683|203471,1626224|1627756|1629605|201567|201937,,,1610612738.0,22100471
1,PT00M36.80S,00:36,Q1 00:36,35.4,175,3pt,MISS K. Love 29' 3PT,['fromturnover'],Love,29,26,Missed,True,False,201567,,turnover,rebound,,,,1626224|1627756|1627759|1629605|1630174|1630202|201567|201937|202683|203471,1626224|1627756|1629605|201567|201937,1627759|1630174|1630202|202683|203471,74.0,289.0,1610612739.0,22100471
1,PT00M35.30S,00:35,Q1 00:35,35.416666666666664,176,rebound,TEAM defensive REBOUND,['team'],,29,26,,False,False,0,,3pt missed,substitution,,,,1626224|1627756|1627759|1629605|1630174|1630202|201567|201937|202683|203471,1627759|1630174|1630202|202683|203471,1626224|1627756|1629605|201567|201937,,,1610612738.0,22100471
1,PT00M35.30S,00:35,Q1 00:35,35.416666666666664,178,substitution,SUB out: K. Love,[],Love,29,26,,False,False,201567,,rebound,substitution,,,,1626224|1627756|1627759|1629605|1630174|1630202|201937|202683|203471,1626224|1627756|1629605|201937,1627759|1630174|1630202|202683|203471,,,1610612739.0,22100471
1,PT00M35.30S,00:35,Q1 00:35,35.416666666666664,179,substitution,SUB in: D. Wade,[],Wade,29,26,,False,False,1629731,,substitution,2pt missed,,,,1626224|1627756|1627759|1629605|1629731|1630174|1630202|201937|202683|203471,1626224|1627756|1629605|1629731|201937,1627759|1630174|1630202|202683|203471,,,1610612739.0,22100471
1,PT00M29.60S,00:29,Q1 00:29,35.516666666666666,180,2pt,MISS D. Schroder 12' driving floating Shot,['pointsinthepaint'],Schroder,29,26,Missed,True,False,203471,,substitution,rebound,,,,1626224|1627756|1627759|1629605|1629731|1630174|1630202|201937|202683|203471,1627759|1630174|1630202|202683|203471,1626224|1627756|1629605|1629731|201937,-37.0,120.0,1610612738.0,22100471
1,PT00M28.20S,00:28,Q1 00:28,35.53333333333333,181,rebound,E. Freedom REBOUND (Off:1 Def:2),[],Freedom,29,26,,False,False,202683,,2pt missed,2pt made,,,,1626224|1627756|1627759|1629605|1629731|1630174|1630202|201937|202683|203471,1627759|1630174|1630202|202683|203471,1626224|1627756|1629605|1629731|201937,,,1610612738.0,22100471
1,PT00M16.40S,00:16,Q1 00:16,35.733333333333334,182,2pt,E. Freedom 8' turnaround Hook (2 PTS) (D. Schroder 3 AST),"['pointsinthepaint', '2ndchance']",Freedom,31,26,Made,True,True,202683,203471.0,rebound,2pt missed,,,,1626224|1627756|1627759|1629605|1629731|1630174|1630202|201937|202683|203471,1627759|1630174|1630202|202683|203471,1626224|1627756|1629605|1629731|201937,-28.0,80.0,1610612738.0,22100471
1,PT00M02.40S,00:02,Q1 00:02,35.96666666666667,184,2pt,MISS D. Wade 13' turnaround fadeaway Shot,['pointsinthepaint'],Wade,31,26,Missed,True,False,1629731,,2pt made,rebound,,,,1626224|1627756|1627759|1629605|1629731|1630174|1630202|201937|202683|203471,1626224|1627756|1629605|1629731|201937,1627759|1630174|1630202|202683|203471,-56.0,117.0,1610612739.0,22100471
1,PT00M00.10S,00:00,Q1 00:00,36.0,185,rebound,TEAM offensive REBOUND,['team'],,31,26,,False,False,0,,2pt missed,substitution,,,,1626224|1627756|1627759|1629605|1629731|1630174|1630202|201937|202683|203471,1626224|1627756|1629605|1629731|201937,1627759|1630174|1630202|202683|203471,,,1610612739.0,22100471
2,PT12M00.00S,12:00,Q2 12:00,36.0,189,substitution,SUB out: J. Brown,['startperiod'],Brown,31,26,,False,False,1627759,,rebound,substitution,,,,1626224|1627756|1629605|1629731|1630174|1630202|201937|202683|203471,1630174|1630202|202683|203471,1626224|1627756|1629605|1629731|201937,,,1610612738.0,22100471
2,PT12M00.00S,12:00,Q2 12:00,36.0,190,substitution,SUB out: A. Nesmith,['startperiod'],Nesmith,31,26,,False,False,1630174,,substitution,substitution,,,,1626224|1627756|1629605|1629731|1630202|201937|202683|203471,1630202|202683|203471,1626224|1627756|1629605|1629731|201937,,,1610612738.0,22100471
2,PT12M00.00S,12:00,Q2 12:00,36.0,191,substitution,SUB out: T. Fall,['startperiod'],Fall,31,26,,False,False,1629605,,substitution,substitution,,,,1626224|1627756|1629731|1630202|201937|202683|203471,1626224|1627756|1629731|201937,1630202|202683|203471,,,1610612739.0,22100471
2,PT12M00.00S,12:00,Q2 12:00,36.0,192,substitution,SUB out: D. Wade,['startperiod'],Wade,31,26,,False,False,1629731,,substitution,substitution,,,,1626224|1627756|1630202|201937|202683|203471,1626224|1627756|201937,1630202|202683|203471,,,1610612739.0,22100471
2,PT12M00.00S,12:00,Q2 12:00,36.0,193,substitution,SUB in: R. Langford,['startperiod'],Langford,31,26,,False,False,1629641,,substitution,substitution,,,,1626224|1627756|1629641|1630202|201937|202683|203471,1629641|1630202|202683|203471,1626224|1627756|201937,,,1610612738.0,22100471
2,PT12M00.00S,12:00,Q2 12:00,36.0,194,substitution,SUB in: J. Tatum,['startperiod'],Tatum,31,26,,False,False,1628369,,substitution,substitution,,,,1626224|1627756|1628369|1629641|1630202|201937|202683|203471,1628369|1629641|1630202|202683|203471,1626224|1627756|201937,,,1610612738.0,22100471
2,PT12M00.00S,12:00,Q2 12:00,36.0,195,substitution,SUB in: K. Love,['startperiod'],Love,31,26,,False,False,201567,,substitution,substitution,,,,1626224|1627756|1628369|1629641|1630202|201567|201937|202683|203471,1626224|1627756|201567|201937,1628369|1629641|1630202|202683|203471,,,1610612739.0,22100471
2,PT12M00.00S,12:00,Q2 12:00,36.0,196,substitution,SUB in: L. Markkanen,['startperiod'],Markkanen,31,26,,False,False,1628374,,substitution,3pt made,,,,1626224|1627756|1628369|1628374|1629641|1630202|201567|201937|202683|203471,1626224|1627756|1628374|201567|201937,1628369|1629641|1630202|202683|203471,,,1610612739.0,22100471
2,PT11M47.00S,11:47,Q2 11:47,34.21666666666667,198,3pt,P. Pritchard 3PT  (3 PTS) (D. Schroder 4 AST),[],Pritchard,34,26,Made,True,True,1630202,203471.0,substitution,2pt missed,,,,1626224|1627756|1628369|1628374|1629641|1630202|201567|201937|202683|203471,1628369|1629641|1630202|202683|203471,1626224|1627756|1628374|201567|201937,-224.0,27.0,1610612738.0,22100471
2,PT11M31.00S,11:31,Q2 11:31,34.483333333333334,200,2pt,MISS K. Love 13' turnaround Shot,['pointsinthepaint'],Love,34,26,Missed,True,False,201567,,3pt made,rebound,,,,1626224|1627756|1628369|1628374|1629641|1630202|201567|201937|202683|203471,1626224|1627756|1628374|201567|201937,1628369|1629641|1630202|202683|203471,-18.0,135.0,1610612739.0,22100471
2,PT11M28.00S,11:28,Q2 11:28,34.53333333333333,201,rebound,P. Pritchard REBOUND (Off:0 Def:1),[],Pritchard,34,26,,False,False,1630202,,2pt missed,foul,,,,1626224|1627756|1628369|1628374|1629641|1630202|201567|201937|202683|203471,1628369|1629641|1630202|202683|203471,1626224|1627756|1628374|201567|201937,,,1610612738.0,22100471
2,PT11M24.00S,11:24,Q2 11:24,34.6,203,foul,R. Rubio shooting personal FOUL (1 PF) (Schroder 2 FT),['2freethrow'],Rubio,34,26,,False,False,201937,,rebound,freethrow,203471.0,,,1626224|1627756|1628369|1628374|1629641|1630202|201567|201937|202683|203471,1626224|1627756|1628374|201567|201937,1628369|1629641|1630202|202683|203471,,,1610612739.0,22100471
2,PT11M24.00S,11:24,Q2 11:24,34.6,205,freethrow,D. Schroder Free Throw 1 of 2 (1 PTS),[],Schroder,35,26,Made,False,False,203471,,foul,freethrow,,,,1626224|1627756|1628369|1628374|1629641|1630202|201567|201937|202683|203471,1628369|1629641|1630202|202683|203471,1626224|1627756|1628374|201567|201937,,,1610612738.0,22100471
2,PT11M24.00S,11:24,Q2 11:24,34.6,208,freethrow,MISS D. Schroder Free Throw 2 of 2,[],Schroder,35,26,Missed,False,False,203471,,freethrow,rebound,,,,1626224|1627756|1628369|1628374|1629641|1630202|201567|201937|202683|203471,1628369|1629641|1630202|202683|203471,1626224|1627756|1628374|201567|201937,,,1610612738.0,22100471
2,PT11M24.00S,11:24,Q2 11:24,34.6,209,rebound,L. Markkanen REBOUND (Off:0 Def:3),[],Markkanen,35,26,,False,False,1628374,,freethrow,substitution,,,,1626224|1627756|1628369|1628374|1629641|1630202|201567|201937|202683|203471,1626224|1627756|1628374|201567|201937,1628369|1629641|1630202|202683|203471,,,1610612739.0,22100471
2,PT11M24.00S,11:24,Q2 11:24,34.6,206,substitution,SUB out: E. Freedom,[],Freedom,35,26,,False,False,202683,,rebound,substitution,,,,1626224|1627756|1628369|1628374|1629641|1630202|201567|201937|203471,1628369|1629641|1630202|203471,1626224|1627756|1628374|201567|201937,,,1610612738.0,22100471
2,PT11M24.00S,11:24,Q2 11:24,34.6,207,substitution,SUB in: R. Williams III,[],Williams III,35,26,,False,False,1629057,,substitution,turnover,,,,1626224|1627756|1628369|1628374|1629057|1629641|1630202|201567|201937|203471,1628369|1629057|1629641|1630202|203471,1626224|1627756|1628374|201567|201937,,,1610612738.0,22100471
2,PT11M04.00S,11:04,Q2 11:04,34.93333333333333,210,turnover,R. Rubio bad pass TURNOVER (1 TO),[],Rubio,35,26,,False,False,201937,,substitution,steal,,1629641.0,,1626224|1627756|1628369|1628374|1629057|1629641|1630202|201567|201937|203471,1626224|1627756|1628374|201567|201937,1628369|1629057|1629641|1630202|203471,,,1610612739.0,22100471
2,PT11M04.00S,11:04,Q2 11:04,34.93333333333333,211,steal,R. Langford STEAL (1 STL),[],Langford,35,26,,False,False,1629641,,turnover,3pt missed,,,,1626224|1627756|1628369|1628374|1629057|1629641|1630202|201567|201937|203471,1628369|1629057|1629641|1630202|203471,1626224|1627756|1628374|201567|201937,,,1610612738.0,22100471
2,PT10M59.00S,10:59,Q2 10:59,33.016666666666666,212,3pt,MISS D. Schroder 25' 3PT,"['fromturnover', 'fastbreak']",Schroder,35,26,Missed,True,False,203471,,steal,rebound,,,,1626224|1627756|1628369|1628374|1629057|1629641|1630202|201567|201937|203471,1628369|1629057|1629641|1630202|203471,1626224|1627756|1628374|201567|201937,156.0,206.0,1610612738.0,22100471
2,PT10M55.00S,10:55,Q2 10:55,33.083333333333336,213,rebound,R. Rubio REBOUND (Off:1 Def:2),[],Rubio,35,26,,False,False,201937,,3pt missed,turnover,,,,1626224|1627756|1628369|1628374|1629057|1629641|1630202|201567|201937|203471,1626224|1627756|1628374|201567|201937,1628369|1629057|1629641|1630202|203471,,,1610612739.0,22100471
2,PT10M50.00S,10:50,Q2 10:50,33.166666666666664,214,turnover,R. Rubio bad pass TURNOVER (2 TO),[],Rubio,35,26,,False,False,201937,,rebound,steal,,1629057.0,,1626224|1627756|1628369|1628374|1629057|1629641|1630202|201567|201937|203471,1626224|1627756|1628374|201567|201937,1628369|1629057|1629641|1630202|203471,,,1610612739.0,22100471
2,PT10M50.00S,10:50,Q2 10:50,33.166666666666664,215,steal,R. Williams III STEAL (1 STL),[],Williams III,35,26,,False,False,1629057,,turnover,foul,,,,1626224|1627756|1628369|1628374|1629057|1629641|1630202|201567|201937|203471,1628369|1629057|1629641|1630202|203471,1626224|1627756|1628374|201567|201937,,,1610612738.0,22100471
2,PT10M50.00S,10:50,Q2 10:50,33.166666666666664,216,foul,K. Love take personal FOUL (1 PF),[],Love,35,26,,False,False,201567,,steal,substitution,203471.0,,,1626224|1627756|1628369|1628374|1629057|1629641|1630202|201567|201937|203471,1626224|1627756|1628374|201567|201937,1628369|1629057|1629641|1630202|203471,,,1610612739.0,22100471
2,PT10M50.00S,10:50,Q2 10:50,33.166666666666664,218,substitution,SUB out: K. Love,[],Love,35,26,,False,False,201567,,foul,substitution,,,,1626224|1627756|1628369|1628374|1629057|1629641|1630202|201937|203471,1626224|1627756|1628374|201937,1628369|1629057|1629641|1630202|203471,,,1610612739.0,22100471
2,PT10M50.00S,10:50,Q2 10:50,33.166666666666664,219,substitution,SUB in: D. Garland,[],Garland,35,26,,False,False,1629636,,substitution,2pt made,,,,1626224|1627756|1628369|1628374|1629057|1629636|1629641|1630202|201937|203471,1626224|1627756|1628374|1629636|201937,1628369|1629057|1629641|1630202|203471,,,1610612739.0,22100471
2,PT10M41.00S,10:41,Q2 10:41,33.31666666666667,222,2pt,R. Williams III Layup (7 PTS),"['pointsinthepaint', 'fromturnover']",Williams III,37,26,Made,True,False,1629057,,substitution,2pt missed,,,,1626224|1627756|1628369|1628374|1629057|1629636|1629641|1630202|201937|203471,1628369|1629057|1629641|1630202|203471,1626224|1627756|1628374|1629636|201937,0.0,0.0,1610612738.0,22100471
2,PT10M26.00S,10:26,Q2 10:26,33.56666666666667,223,2pt,MISS L. Markkanen 10' turnaround Shot,['pointsinthepaint'],Markkanen,37,26,Missed,True,False,1628374,,2pt made,rebound,,,,1626224|1627756|1628369|1628374|1629057|1629636|1629641|1630202|201937|203471,1626224|1627756|1628374|1629636|201937,1628369|1629057|1629641|1630202|203471,23.0,103.0,1610612739.0,22100471
2,PT10M23.00S,10:23,Q2 10:23,33.61666666666667,224,rebound,P. Pritchard REBOUND (Off:0 Def:2),[],Pritchard,37,26,,False,False,1630202,,2pt missed,2pt made,,,,1626224|1627756|1628369|1628374|1629057|1629636|1629641|1630202|201937|203471,1628369|1629057|1629641|1630202|203471,1626224|1627756|1628374|1629636|201937,,,1610612738.0,22100471
2,PT10M18.00S,10:18,Q2 10:18,33.7,225,2pt,P. Pritchard running finger roll Layup (5 PTS),"['fastbreak', 'pointsinthepaint']",Pritchard,39,26,Made,True,False,1630202,,rebound,timeout,,,,1626224|1627756|1628369|1628374|1629057|1629636|1629641|1630202|201937|203471,1628369|1629057|1629641|1630202|203471,1626224|1627756|1628374|1629636|201937,16.0,17.0,1610612738.0,22100471
2,PT10M18.00S,10:18,Q2 10:18,33.7,226,timeout,CLE Timeout,"['team', 'mandatory']",,39,26,,False,False,0,,2pt made,turnover,,,,1626224|1627756|1628369|1628374|1629057|1629636|1629641|1630202|201937|203471,1626224|1627756|1628374|1629636|201937,1628369|1629057|1629641|1630202|203471,,,1610612739.0,22100471
2,PT10M04.00S,10:04,Q2 10:04,33.93333333333333,228,turnover,L. Markkanen bad pass TURNOVER (1 TO),[],Markkanen,39,26,,False,False,1628374,,timeout,steal,,203471.0,,1626224|1627756|1628369|1628374|1629057|1629636|1629641|1630202|201937|203471,1626224|1627756|1628374|1629636|201937,1628369|1629057|1629641|1630202|203471,,,1610612739.0,22100471
2,PT10M04.00S,10:04,Q2 10:04,33.93333333333333,229,steal,D. Schroder STEAL (1 STL),[],Schroder,39,26,,False,False,203471,,turnover,3pt missed,,,,1626224|1627756|1628369|1628374|1629057|1629636|1629641|1630202|201937|203471,1628369|1629057|1629641|1630202|203471,1626224|1627756|1628374|1629636|201937,,,1610612738.0,22100471
2,PT10M00.00S,10:00,Q2 10:00,34.0,230,3pt,MISS P. Pritchard 26' running 3PT,"['fromturnover', 'fastbreak']",Pritchard,39,26,Missed,True,False,1630202,,steal,rebound,,,,1626224|1627756|1628369|1628374|1629057|1629636|1629641|1630202|201937|203471,1628369|1629057|1629641|1630202|203471,1626224|1627756|1628374|1629636|201937,-200.0,173.0,1610612738.0,22100471
2,PT09M58.00S,09:58,Q2 09:58,32.03333333333333,231,rebound,J. Tatum REBOUND (Off:1 Def:2),[],Tatum,39,26,,False,False,1628369,,3pt missed,2pt missed,,,,1626224|1627756|1628369|1628374|1629057|1629636|1629641|1630202|201937|203471,1628369|1629057|1629641|1630202|203471,1626224|1627756|1628374|1629636|201937,,,1610612738.0,22100471
2,PT09M57.00S,09:57,Q2 09:57,32.05,232,2pt,MISS J. Tatum 7' Layup - blocked,"['pointsinthepaint', 'fromturnover', '2ndchance']",Tatum,39,26,Missed,True,False,1628369,,rebound,block,,,1628374.0,1626224|1627756|1628369|1628374|1629057|1629636|1629641|1630202|201937|203471,1628369|1629057|1629641|1630202|203471,1626224|1627756|1628374|1629636|201937,-13.0,75.0,1610612738.0,22100471
2,PT09M57.00S,09:57,Q2 09:57,32.05,236,block,L. Markkanen BLOCK (1 BLK),[],Markkanen,39,26,,False,False,1628374,,2pt missed,rebound,,,,1626224|1627756|1628369|1628374|1629057|1629636|1629641|1630202|201937|203471,1626224|1627756|1628374|1629636|201937,1628369|1629057|1629641|1630202|203471,,,1610612739.0,22100471
2,PT09M55.00S,09:55,Q2 09:55,32.083333333333336,233,rebound,R. Williams III REBOUND (Off:2 Def:1),[],Williams III,39,26,,False,False,1629057,,block,2pt made,,,,1626224|1627756|1628369|1628374|1629057|1629636|1629641|1630202|201937|203471,1628369|1629057|1629641|1630202|203471,1626224|1627756|1628374|1629636|201937,,,1610612738.0,22100471
2,PT09M53.00S,09:53,Q2 09:53,32.11666666666667,234,2pt,R. Williams III putback Layup (9 PTS),"['2ndchance', 'pointsinthepaint', 'fromturnover']",Williams III,41,26,Made,True,False,1629057,,rebound,2pt made,,,,1626224|1627756|1628369|1628374|1629057|1629636|1629641|1630202|201937|203471,1628369|1629057|1629641|1630202|203471,1626224|1627756|1628374|1629636|201937,0.0,0.0,1610612738.0,22100471
2,PT09M45.00S,09:45,Q2 09:45,32.25,235,2pt,D. Garland driving finger roll Layup (5 PTS),['pointsinthepaint'],Garland,41,28,Made,True,False,1629636,,2pt made,2pt missed,,,,1626224|1627756|1628369|1628374|1629057|1629636|1629641|1630202|201937|203471,1626224|1627756|1628374|1629636|201937,1628369|1629057|1629641|1630202|203471,20.0,22.0,1610612739.0,22100471
2,PT09M28.00S,09:28,Q2 09:28,32.53333333333333,237,2pt,MISS R. Langford 11' driving Layup,['pointsinthepaint'],Langford,41,28,Missed,True,False,1629641,,2pt made,rebound,,,,1626224|1627756|1628369|1628374|1629057|1629636|1629641|1630202|201937|203471,1628369|1629057|1629641|1630202|203471,1626224|1627756|1628374|1629636|201937,-60.0,101.0,1610612738.0,22100471
2,PT09M28.00S,09:28,Q2 09:28,32.53333333333333,238,rebound,L. Markkanen REBOUND (Off:0 Def:4),[],Markkanen,41,28,,False,False,1628374,,2pt missed,2pt made,,,,1626224|1627756|1628369|1628374|1629057|1629636|1629641|1630202|201937|203471,1626224|1627756|1628374|1629636|201937,1628369|1629057|1629641|1630202|203471,,,1610612739.0,22100471
2,PT09M23.00S,09:23,Q2 09:23,32.61666666666667,239,2pt,D. Valentine running Layup (2 PTS) (D. Garland 2 AST),"['fastbreak', 'pointsinthepaint']",Valentine,41,30,Made,True,True,1627756,1629636.0,rebound,timeout,,,,1626224|1627756|1628369|1628374|1629057|1629636|1629641|1630202|201937|203471,1626224|1627756|1628374|1629636|201937,1628369|1629057|1629641|1630202|203471,44.0,26.0,1610612739.0,22100471
2,PT09M22.00S,09:22,Q2 09:22,32.63333333333333,241,timeout,BOS Timeout,"['team', 'mandatory']",,41,30,,False,False,0,,2pt made,substitution,,,,1626224|1627756|1628369|1628374|1629057|1629636|1629641|1630202|201937|203471,1628369|1629057|1629641|1630202|203471,1626224|1627756|1628374|1629636|201937,,,1610612738.0,22100471
2,PT09M22.00S,09:22,Q2 09:22,32.63333333333333,242,substitution,SUB out: R. Rubio,[],Rubio,41,30,,False,False,201937,,timeout,substitution,,,,1626224|1627756|1628369|1628374|1629057|1629636|1629641|1630202|203471,1626224|1627756|1628374|1629636,1628369|1629057|1629641|1630202|203471,,,1610612739.0,22100471
2,PT09M22.00S,09:22,Q2 09:22,32.63333333333333,243,substitution,SUB in: T. Fall,[],Fall,41,30,,False,False,1629605,,substitution,3pt missed,,,,1626224|1627756|1628369|1628374|1629057|1629605|1629636|1629641|1630202|203471,1626224|1627756|1628374|1629605|1629636,1628369|1629057|1629641|1630202|203471,,,1610612739.0,22100471
2,PT09M07.00S,09:07,Q2 09:07,32.88333333333333,244,3pt,MISS P. Pritchard 26' 3PT,[],Pritchard,41,30,Missed,True,False,1630202,,substitution,rebound,,,,1626224|1627756|1628369|1628374|1629057|1629605|1629636|1629641|1630202|203471,1628369|1629057|1629641|1630202|203471,1626224|1627756|1628374|1629605|1629636,202.0,175.0,1610612738.0,22100471
2,PT09M05.00S,09:05,Q2 09:05,32.916666666666664,245,rebound,D. Valentine REBOUND (Off:0 Def:1),[],Valentine,41,30,,False,False,1627756,,3pt missed,3pt missed,,,,1626224|1627756|1628369|1628374|1629057|1629605|1629636|1629641|1630202|203471,1626224|1627756|1628374|1629605|1629636,1628369|1629057|1629641|1630202|203471,,,1610612739.0,22100471
2,PT08M59.00S,08:59,Q2 08:59,31.016666666666666,246,3pt,MISS C. Osman 25' 3PT,['fastbreak'],Osman,41,30,Missed,True,False,1626224,,rebound,rebound,,,,1626224|1627756|1628369|1628374|1629057|1629605|1629636|1629641|1630202|203471,1626224|1627756|1628374|1629605|1629636,1628369|1629057|1629641|1630202|203471,-196.0,158.0,1610612739.0,22100471
2,PT08M57.00S,08:57,Q2 08:57,31.05,247,rebound,R. Langford REBOUND (Off:0 Def:3),[],Langford,41,30,,False,False,1629641,,3pt missed,turnover,,,,1626224|1627756|1628369|1628374|1629057|1629605|1629636|1629641|1630202|203471,1628369|1629057|1629641|1630202|203471,1626224|1627756|1628374|1629605|1629636,,,1610612738.0,22100471
2,PT08M44.00S,08:44,Q2 08:44,31.266666666666666,248,turnover,P. Pritchard bad pass TURNOVER (1 TO),[],Pritchard,41,30,,False,False,1630202,,rebound,steal,,1629636.0,,1626224|1627756|1628369|1628374|1629057|1629605|1629636|1629641|1630202|203471,1628369|1629057|1629641|1630202|203471,1626224|1627756|1628374|1629605|1629636,,,1610612738.0,22100471
2,PT08M44.00S,08:44,Q2 08:44,31.266666666666666,249,steal,D. Garland STEAL (1 STL),[],Garland,41,30,,False,False,1629636,,turnover,3pt made,,,,1626224|1627756|1628369|1628374|1629057|1629605|1629636|1629641|1630202|203471,1626224|1627756|1628374|1629605|1629636,1628369|1629057|1629641|1630202|203471,,,1610612739.0,22100471
2,PT08M38.00S,08:38,Q2 08:38,31.366666666666667,250,3pt,D. Valentine 3PT  (5 PTS) (D. Garland 3 AST),"['fromturnover', 'fastbreak']",Valentine,41,33,Made,True,True,1627756,1629636.0,steal,2pt missed,,,,1626224|1627756|1628369|1628374|1629057|1629605|1629636|1629641|1630202|203471,1626224|1627756|1628374|1629605|1629636,1628369|1629057|1629641|1630202|203471,-233.0,14.0,1610612739.0,22100471
2,PT08M16.00S,08:16,Q2 08:16,31.733333333333334,252,2pt,MISS J. Tatum 7' driving floating Shot - blocked,['pointsinthepaint'],Tatum,41,33,Missed,True,False,1628369,,3pt made,block,,,1629605.0,1626224|1627756|1628369|1628374|1629057|1629605|1629636|1629641|1630202|203471,1628369|1629057|1629641|1630202|203471,1626224|1627756|1628374|1629605|1629636,-74.0,28.0,1610612738.0,22100471
2,PT08M16.00S,08:16,Q2 08:16,31.733333333333334,253,block,T. Fall BLOCK (2 BLK),[],Fall,41,33,,False,False,1629605,,2pt missed,rebound,,,,1626224|1627756|1628369|1628374|1629057|1629605|1629636|1629641|1630202|203471,1626224|1627756|1628374|1629605|1629636,1628369|1629057|1629641|1630202|203471,,,1610612739.0,22100471
2,PT08M14.00S,08:14,Q2 08:14,31.766666666666666,254,rebound,C. Osman REBOUND (Off:0 Def:1),[],Osman,41,33,,False,False,1626224,,block,turnover,,,,1626224|1627756|1628369|1628374|1629057|1629605|1629636|1629641|1630202|203471,1626224|1627756|1628374|1629605|1629636,1628369|1629057|1629641|1630202|203471,,,1610612739.0,22100471
2,PT08M09.00S,08:09,Q2 08:09,31.85,255,turnover,C. Osman bad pass TURNOVER (1 TO),[],Osman,41,33,,False,False,1626224,,rebound,foul,,,,1626224|1627756|1628369|1628374|1629057|1629605|1629636|1629641|1630202|203471,1626224|1627756|1628374|1629605|1629636,1628369|1629057|1629641|1630202|203471,,,1610612739.0,22100471
2,PT08M09.00S,08:09,Q2 08:09,31.85,257,foul,D. Valentine loose ball personal FOUL (2 PF),[],Valentine,41,33,,False,False,1627756,,turnover,3pt missed,1628369.0,,,1626224|1627756|1628369|1628374|1629057|1629605|1629636|1629641|1630202|203471,1626224|1627756|1628374|1629605|1629636,1628369|1629057|1629641|1630202|203471,,,1610612739.0,22100471
2,PT07M55.00S,07:55,Q2 07:55,30.083333333333332,259,3pt,MISS J. Tatum 26' 3PT,['fromturnover'],Tatum,41,33,Missed,True,False,1628369,,foul,rebound,,,,1626224|1627756|1628369|1628374|1629057|1629605|1629636|1629641|1630202|203471,1628369|1629057|1629641|1630202|203471,1626224|1627756|1628374|1629605|1629636,154.0,216.0,1610612738.0,22100471
2,PT07M53.00S,07:53,Q2 07:53,30.116666666666667,260,rebound,T. Fall REBOUND (Off:2 Def:5),[],Fall,41,33,,False,False,1629605,,3pt missed,foul,,,,1626224|1627756|1628369|1628374|1629057|1629605|1629636|1629641|1630202|203471,1626224|1627756|1628374|1629605|1629636,1628369|1629057|1629641|1630202|203471,,,1610612739.0,22100471
2,PT07M47.00S,07:47,Q2 07:47,30.216666666666665,261,foul,J. Tatum personal FOUL (1 PF),[],Tatum,41,33,,False,False,1628369,,rebound,2pt made,1629636.0,,,1626224|1627756|1628369|1628374|1629057|1629605|1629636|1629641|1630202|203471,1628369|1629057|1629641|1630202|203471,1626224|1627756|1628374|1629605|1629636,,,1610612738.0,22100471
2,PT07M41.00S,07:41,Q2 07:41,30.316666666666666,263,2pt,D. Garland driving floating Jump Shot (7 PTS),['pointsinthepaint'],Garland,41,35,Made,True,False,1629636,,foul,2pt made,,,,1626224|1627756|1628369|1628374|1629057|1629605|1629636|1629641|1630202|203471,1626224|1627756|1628374|1629605|1629636,1628369|1629057|1629641|1630202|203471,-36.0,38.0,1610612739.0,22100471
2,PT07M22.00S,07:22,Q2 07:22,30.633333333333333,264,2pt,J. Tatum 16' pullup Jump Shot (2 PTS) (R. Williams III 2 AST),[],Tatum,43,35,Made,True,True,1628369,1629057.0,2pt made,2pt missed,,,,1626224|1627756|1628369|1628374|1629057|1629605|1629636|1629641|1630202|203471,1628369|1629057|1629641|1630202|203471,1626224|1627756|1628374|1629605|1629636,-161.0,46.0,1610612738.0,22100471
2,PT06M59.00S,06:59,Q2 06:59,29.016666666666666,265,2pt,MISS D. Garland 15' pullup Shot,[],Garland,43,35,Missed,True,False,1629636,,2pt made,rebound,,,,1626224|1627756|1628369|1628374|1629057|1629605|1629636|1629641|1630202|203471,1626224|1627756|1628374|1629605|1629636,1628369|1629057|1629641|1630202|203471,-88.0,122.0,1610612739.0,22100471
2,PT06M58.00S,06:58,Q2 06:58,29.033333333333335,266,rebound,R. Langford REBOUND (Off:0 Def:4),[],Langford,43,35,,False,False,1629641,,2pt missed,2pt missed,,,,1626224|1627756|1628369|1628374|1629057|1629605|1629636|1629641|1630202|203471,1628369|1629057|1629641|1630202|203471,1626224|1627756|1628374|1629605|1629636,,,1610612738.0,22100471
2,PT06M42.00S,06:42,Q2 06:42,29.3,267,2pt,MISS D. Schroder 22' Jump Shot,[],Schroder,43,35,Missed,True,False,203471,,rebound,rebound,,,,1626224|1627756|1628369|1628374|1629057|1629605|1629636|1629641|1630202|203471,1628369|1629057|1629641|1630202|203471,1626224|1627756|1628374|1629605|1629636,191.0,122.0,1610612738.0,22100471
2,PT06M39.00S,06:39,Q2 06:39,29.35,268,rebound,P. Pritchard REBOUND (Off:1 Def:2),[],Pritchard,43,35,,False,False,1630202,,2pt missed,2pt made,,,,1626224|1627756|1628369|1628374|1629057|1629605|1629636|1629641|1630202|203471,1628369|1629057|1629641|1630202|203471,1626224|1627756|1628374|1629605|1629636,,,1610612738.0,22100471
2,PT06M35.00S,06:35,Q2 06:35,29.416666666666668,269,2pt,P. Pritchard 15' pullup Jump Shot (7 PTS),['2ndchance'],Pritchard,45,35,Made,True,False,1630202,,rebound,foul,,,,1626224|1627756|1628369|1628374|1629057|1629605|1629636|1629641|1630202|203471,1628369|1629057|1629641|1630202|203471,1626224|1627756|1628374|1629605|1629636,-55.0,144.0,1610612738.0,22100471
2,PT06M20.00S,06:20,Q2 06:20,29.666666666666668,270,foul,D. Schroder shooting personal FOUL (2 PF) (Osman 2 FT),['2freethrow'],Schroder,45,35,,False,False,203471,,2pt made,freethrow,1626224.0,,,1626224|1627756|1628369|1628374|1629057|1629605|1629636|1629641|1630202|203471,1628369|1629057|1629641|1630202|203471,1626224|1627756|1628374|1629605|1629636,,,1610612738.0,22100471
2,PT06M20.00S,06:20,Q2 06:20,29.666666666666668,272,freethrow,C. Osman Free Throw 1 of 2 (4 PTS),[],Osman,45,36,Made,False,False,1626224,,foul,freethrow,,,,1626224|1627756|1628369|1628374|1629057|1629605|1629636|1629641|1630202|203471,1626224|1627756|1628374|1629605|1629636,1628369|1629057|1629641|1630202|203471,,,1610612739.0,22100471
2,PT06M20.00S,06:20,Q2 06:20,29.666666666666668,277,freethrow,C. Osman Free Throw 2 of 2 (5 PTS),[],Osman,45,37,Made,False,False,1626224,,freethrow,substitution,,,,1626224|1627756|1628369|1628374|1629057|1629605|1629636|1629641|1630202|203471,1626224|1627756|1628374|1629605|1629636,1628369|1629057|1629641|1630202|203471,,,1610612739.0,22100471
2,PT06M20.00S,06:20,Q2 06:20,29.666666666666668,273,substitution,SUB out: D. Schroder,[],Schroder,45,36,,False,False,203471,,freethrow,substitution,,,,1626224|1627756|1628369|1628374|1629057|1629605|1629636|1629641|1630202,1628369|1629057|1629641|1630202,1626224|1627756|1628374|1629605|1629636,,,1610612738.0,22100471
2,PT06M20.00S,06:20,Q2 06:20,29.666666666666668,274,substitution,SUB out: L. Markkanen,[],Markkanen,45,36,,False,False,1628374,,substitution,substitution,,,,1626224|1627756|1628369|1629057|1629605|1629636|1629641|1630202,1626224|1627756|1629605|1629636,1628369|1629057|1629641|1630202,,,1610612739.0,22100471
2,PT06M20.00S,06:20,Q2 06:20,29.666666666666668,275,substitution,SUB in: J. Brown,[],Brown,45,36,,False,False,1627759,,substitution,substitution,,,,1626224|1627756|1627759|1628369|1629057|1629605|1629636|1629641|1630202,1627759|1628369|1629057|1629641|1630202,1626224|1627756|1629605|1629636,,,1610612738.0,22100471
2,PT06M20.00S,06:20,Q2 06:20,29.666666666666668,276,substitution,SUB in: D. Wade,[],Wade,45,36,,False,False,1629731,,substitution,foul,,,,1626224|1627756|1627759|1628369|1629057|1629605|1629636|1629641|1629731|1630202,1626224|1627756|1629605|1629636|1629731,1627759|1628369|1629057|1629641|1630202,,,1610612739.0,22100471
2,PT06M06.00S,06:06,Q2 06:06,29.9,280,foul,T. Fall defensive-3-second technical FOUL (1 Tech),['1freethrow'],Fall,45,37,,False,False,1629605,,substitution,freethrow,,,,1626224|1627756|1627759|1628369|1629057|1629605|1629636|1629641|1629731|1630202,1626224|1627756|1629605|1629636|1629731,1627759|1628369|1629057|1629641|1630202,,,1610612739.0,22100471
2,PT06M06.00S,06:06,Q2 06:06,29.9,281,freethrow,J. Tatum technical Free Throw 1 of 1 (3 PTS),[],Tatum,46,37,Made,False,False,1628369,,foul,3pt made,,,,1626224|1627756|1627759|1628369|1629057|1629605|1629636|1629641|1629731|1630202,1627759|1628369|1629057|1629641|1630202,1626224|1627756|1629605|1629636|1629731,,,1610612738.0,22100471
2,PT06M01.00S,06:01,Q2 06:01,29.983333333333334,283,3pt,J. Tatum 26' 3PT pullup (6 PTS),[],Tatum,49,37,Made,True,False,1628369,,freethrow,2pt made,,,,1626224|1627756|1627759|1628369|1629057|1629605|1629636|1629641|1629731|1630202,1627759|1628369|1629057|1629641|1630202,1626224|1627756|1629605|1629636|1629731,147.0,226.0,1610612738.0,22100471
2,PT05M42.00S,05:42,Q2 05:42,28.3,284,2pt,D. Garland 11' pullup Jump Shot (9 PTS),['pointsinthepaint'],Garland,49,39,Made,True,False,1629636,,3pt made,3pt made,,,,1626224|1627756|1627759|1628369|1629057|1629605|1629636|1629641|1629731|1630202,1626224|1627756|1629605|1629636|1629731,1627759|1628369|1629057|1629641|1630202,-20.0,114.0,1610612739.0,22100471
2,PT05M29.00S,05:29,Q2 05:29,28.516666666666666,285,3pt,J. Tatum 27' 3PT pullup (9 PTS) (R. Williams III 3 AST),[],Tatum,52,39,Made,True,True,1628369,1629057.0,2pt made,3pt missed,,,,1626224|1627756|1627759|1628369|1629057|1629605|1629636|1629641|1629731|1630202,1627759|1628369|1629057|1629641|1630202,1626224|1627756|1629605|1629636|1629731,85.0,265.0,1610612738.0,22100471
2,PT05M05.00S,05:05,Q2 05:05,28.916666666666668,286,3pt,MISS C. Osman 28' 3PT,[],Osman,52,39,Missed,True,False,1626224,,3pt made,rebound,,,,1626224|1627756|1627759|1628369|1629057|1629605|1629636|1629641|1629731|1630202,1626224|1627756|1629605|1629636|1629731,1627759|1628369|1629057|1629641|1630202,199.0,209.0,1610612739.0,22100471
2,PT05M05.00S,05:05,Q2 05:05,28.916666666666668,287,rebound,J. Tatum REBOUND (Off:1 Def:3),[],Tatum,52,39,,False,False,1628369,,3pt missed,3pt missed,,,,1626224|1627756|1627759|1628369|1629057|1629605|1629636|1629641|1629731|1630202,1627759|1628369|1629057|1629641|1630202,1626224|1627756|1629605|1629636|1629731,,,1610612738.0,22100471
2,PT04M53.00S,04:53,Q2 04:53,27.116666666666667,288,3pt,MISS J. Tatum 26' pullup 3PT,[],Tatum,52,39,Missed,True,False,1628369,,rebound,rebound,,,,1626224|1627756|1627759|1628369|1629057|1629605|1629636|1629641|1629731|1630202,1627759|1628369|1629057|1629641|1630202,1626224|1627756|1629605|1629636|1629731,-199.0,169.0,1610612738.0,22100471
2,PT04M50.00S,04:50,Q2 04:50,27.166666666666668,289,rebound,R. Langford REBOUND (Off:1 Def:4),[],Langford,52,39,,False,False,1629641,,3pt missed,2pt made,,,,1626224|1627756|1627759|1628369|1629057|1629605|1629636|1629641|1629731|1630202,1627759|1628369|1629057|1629641|1630202,1626224|1627756|1629605|1629636|1629731,,,1610612738.0,22100471
2,PT04M38.00S,04:38,Q2 04:38,27.366666666666667,291,2pt,J. Brown 17' pullup Jump Shot (18 PTS),['2ndchance'],Brown,54,39,Made,True,False,1627759,,rebound,2pt made,,,,1626224|1627756|1627759|1628369|1629057|1629605|1629636|1629641|1629731|1630202,1627759|1628369|1629057|1629641|1630202,1626224|1627756|1629605|1629636|1629731,74.0,155.0,1610612738.0,22100471
2,PT04M25.00S,04:25,Q2 04:25,27.583333333333332,292,2pt,D. Garland driving floating Jump Shot (11 PTS),['pointsinthepaint'],Garland,54,41,Made,True,False,1629636,,2pt made,3pt missed,,,,1626224|1627756|1627759|1628369|1629057|1629605|1629636|1629641|1629731|1630202,1626224|1627756|1629605|1629636|1629731,1627759|1628369|1629057|1629641|1630202,12.0,47.0,1610612739.0,22100471
2,PT04M17.00S,04:17,Q2 04:17,27.716666666666665,293,3pt,MISS J. Brown 25' pullup 3PT,[],Brown,54,41,Missed,True,False,1627759,,2pt made,rebound,,,,1626224|1627756|1627759|1628369|1629057|1629605|1629636|1629641|1629731|1630202,1627759|1628369|1629057|1629641|1630202,1626224|1627756|1629605|1629636|1629731,206.0,153.0,1610612738.0,22100471
2,PT04M15.00S,04:15,Q2 04:15,27.75,294,rebound,T. Fall REBOUND (Off:2 Def:6),[],Fall,54,41,,False,False,1629605,,3pt missed,3pt missed,,,,1626224|1627756|1627759|1628369|1629057|1629605|1629636|1629641|1629731|1630202,1626224|1627756|1629605|1629636|1629731,1627759|1628369|1629057|1629641|1630202,,,1610612739.0,22100471
2,PT04M05.00S,04:05,Q2 04:05,27.916666666666668,295,3pt,MISS D. Valentine 26' 3PT,[],Valentine,54,41,Missed,True,False,1627756,,rebound,rebound,,,,1626224|1627756|1627759|1628369|1629057|1629605|1629636|1629641|1629731|1630202,1626224|1627756|1629605|1629636|1629731,1627759|1628369|1629057|1629641|1630202,232.0,126.0,1610612739.0,22100471
2,PT04M02.00S,04:02,Q2 04:02,27.966666666666665,296,rebound,P. Pritchard REBOUND (Off:1 Def:3),[],Pritchard,54,41,,False,False,1630202,,3pt missed,2pt missed,,,,1626224|1627756|1627759|1628369|1629057|1629605|1629636|1629641|1629731|1630202,1627759|1628369|1629057|1629641|1630202,1626224|1627756|1629605|1629636|1629731,,,1610612738.0,22100471
2,PT03M46.00S,03:46,Q2 03:46,26.233333333333334,297,2pt,MISS R. Williams III 17' Jump Shot,[],Williams III,54,41,Missed,True,False,1629057,,rebound,rebound,,,,1626224|1627756|1627759|1628369|1629057|1629605|1629636|1629641|1629731|1630202,1627759|1628369|1629057|1629641|1630202,1626224|1627756|1629605|1629636|1629731,-59.0,167.0,1610612738.0,22100471
2,PT03M43.00S,03:43,Q2 03:43,26.283333333333335,298,rebound,C. Osman REBOUND (Off:0 Def:2),[],Osman,54,41,,False,False,1626224,,2pt missed,2pt missed,,,,1626224|1627756|1627759|1628369|1629057|1629605|1629636|1629641|1629731|1630202,1626224|1627756|1629605|1629636|1629731,1627759|1628369|1629057|1629641|1630202,,,1610612739.0,22100471
2,PT03M34.00S,03:34,Q2 03:34,26.433333333333334,299,2pt,MISS T. Fall 6' Hook,['pointsinthepaint'],Fall,54,41,Missed,True,False,1629605,,rebound,rebound,,,,1626224|1627756|1627759|1628369|1629057|1629605|1629636|1629641|1629731|1630202,1626224|1627756|1629605|1629636|1629731,1627759|1628369|1629057|1629641|1630202,48.0,42.0,1610612739.0,22100471
2,PT03M33.00S,03:33,Q2 03:33,26.45,300,rebound,T. Fall REBOUND (Off:3 Def:6),[],Fall,54,41,,False,False,1629605,,2pt missed,foul,,,,1626224|1627756|1627759|1628369|1629057|1629605|1629636|1629641|1629731|1630202,1626224|1627756|1629605|1629636|1629731,1627759|1628369|1629057|1629641|1630202,,,1610612739.0,22100471
2,PT03M32.00S,03:32,Q2 03:32,26.466666666666665,301,foul,J. Brown shooting personal FOUL (2 PF),[],Brown,54,41,,False,False,1627759,,rebound,substitution,1629605.0,,,1626224|1627756|1627759|1628369|1629057|1629605|1629636|1629641|1629731|1630202,1627759|1628369|1629057|1629641|1630202,1626224|1627756|1629605|1629636|1629731,,,1610612738.0,22100471
2,PT03M32.00S,03:32,Q2 03:32,26.466666666666665,303,substitution,SUB out: P. Pritchard,[],Pritchard,54,41,,False,False,1630202,,foul,substitution,,,,1626224|1627756|1627759|1628369|1629057|1629605|1629636|1629641|1629731,1627759|1628369|1629057|1629641,1626224|1627756|1629605|1629636|1629731,,,1610612738.0,22100471
2,PT03M32.00S,03:32,Q2 03:32,26.466666666666665,304,substitution,SUB out: D. Garland,[],Garland,54,41,,False,False,1629636,,substitution,substitution,,,,1626224|1627756|1627759|1628369|1629057|1629605|1629641|1629731,1626224|1627756|1629605|1629731,1627759|1628369|1629057|1629641,,,1610612739.0,22100471
2,PT03M32.00S,03:32,Q2 03:32,26.466666666666665,305,substitution,SUB out: D. Valentine,[],Valentine,54,41,,False,False,1627756,,substitution,substitution,,,,1626224|1627759|1628369|1629057|1629605|1629641|1629731,1626224|1629605|1629731,1627759|1628369|1629057|1629641,,,1610612739.0,22100471
2,PT03M32.00S,03:32,Q2 03:32,26.466666666666665,306,substitution,SUB out: T. Fall,[],Fall,54,41,,False,False,1629605,,substitution,substitution,,,,1626224|1627759|1628369|1629057|1629641|1629731,1626224|1629731,1627759|1628369|1629057|1629641,,,1610612739.0,22100471
2,PT03M32.00S,03:32,Q2 03:32,26.466666666666665,307,substitution,SUB in: M. Smart,[],Smart,54,41,,False,False,203935,,substitution,substitution,,,,1626224|1627759|1628369|1629057|1629641|1629731|203935,1627759|1628369|1629057|1629641|203935,1626224|1629731,,,1610612738.0,22100471
2,PT03M32.00S,03:32,Q2 03:32,26.466666666666665,308,substitution,SUB in: K. Love,[],Love,54,41,,False,False,201567,,substitution,substitution,,,,1626224|1627759|1628369|1629057|1629641|1629731|201567|203935,1626224|1629731|201567,1627759|1628369|1629057|1629641|203935,,,1610612739.0,22100471
2,PT03M32.00S,03:32,Q2 03:32,26.466666666666665,309,substitution,SUB in: R. Rubio,[],Rubio,54,41,,False,False,201937,,substitution,substitution,,,,1626224|1627759|1628369|1629057|1629641|1629731|201567|201937|203935,1626224|1629731|201567|201937,1627759|1628369|1629057|1629641|203935,,,1610612739.0,22100471
2,PT03M32.00S,03:32,Q2 03:32,26.466666666666665,310,substitution,SUB in: L. Markkanen,[],Markkanen,54,41,,False,False,1628374,,substitution,turnover,,,,1626224|1627759|1628369|1628374|1629057|1629641|1629731|201567|201937|203935,1626224|1628374|1629731|201567|201937,1627759|1628369|1629057|1629641|203935,,,1610612739.0,22100471
2,PT03M18.00S,03:18,Q2 03:18,26.7,311,turnover,CLE shot clock Team TURNOVER,['team'],,54,41,,False,False,0,,substitution,2pt missed,,,,1626224|1627759|1628369|1628374|1629057|1629641|1629731|201567|201937|203935,1626224|1628374|1629731|201567|201937,1627759|1628369|1629057|1629641|203935,,,1610612739.0,22100471
2,PT03M12.00S,03:12,Q2 03:12,26.8,312,2pt,MISS M. Smart 8' driving floating bank Shot,"['pointsinthepaint', 'fromturnover']",Smart,54,41,Missed,True,False,203935,,turnover,rebound,,,,1626224|1627759|1628369|1628374|1629057|1629641|1629731|201567|201937|203935,1627759|1628369|1629057|1629641|203935,1626224|1628374|1629731|201567|201937,-36.0,76.0,1610612738.0,22100471
2,PT03M10.00S,03:10,Q2 03:10,26.833333333333332,313,rebound,K. Love REBOUND (Off:2 Def:2),[],Love,54,41,,False,False,201567,,2pt missed,foul,,,,1626224|1627759|1628369|1628374|1629057|1629641|1629731|201567|201937|203935,1626224|1628374|1629731|201567|201937,1627759|1628369|1629057|1629641|203935,,,1610612739.0,22100471
2,PT03M10.00S,03:10,Q2 03:10,26.833333333333332,314,foul,J. Tatum clear-path personal FOUL (2 PF) (Wade 2 FT),['2freethrow'],Tatum,54,41,,False,False,1628369,,rebound,freethrow,1629731.0,,,1626224|1627759|1628369|1628374|1629057|1629641|1629731|201567|201937|203935,1627759|1628369|1629057|1629641|203935,1626224|1628374|1629731|201567|201937,,,1610612738.0,22100471
2,PT03M10.00S,03:10,Q2 03:10,26.833333333333332,318,freethrow,D. Wade clear-path Free Throw 1 of 2 (5 PTS),[],Wade,54,42,Made,False,False,1629731,,foul,freethrow,,,,1626224|1627759|1628369|1628374|1629057|1629641|1629731|201567|201937|203935,1626224|1628374|1629731|201567|201937,1627759|1628369|1629057|1629641|203935,,,1610612739.0,22100471
2,PT03M10.00S,03:10,Q2 03:10,26.833333333333332,319,freethrow,D. Wade clear-path Free Throw 2 of 2 (6 PTS),[],Wade,54,43,Made,False,False,1629731,,freethrow,substitution,,,,1626224|1627759|1628369|1628374|1629057|1629641|1629731|201567|201937|203935,1626224|1628374|1629731|201567|201937,1627759|1628369|1629057|1629641|203935,,,1610612739.0,22100471
2,PT03M10.00S,03:10,Q2 03:10,26.833333333333332,320,substitution,SUB out: R. Williams III,[],Williams III,54,43,,False,False,1629057,,freethrow,substitution,,,,1626224|1627759|1628369|1628374|1629641|1629731|201567|201937|203935,1627759|1628369|1629641|203935,1626224|1628374|1629731|201567|201937,,,1610612738.0,22100471
2,PT03M10.00S,03:10,Q2 03:10,26.833333333333332,321,substitution,SUB in: E. Freedom,[],Freedom,54,43,,False,False,202683,,substitution,turnover,,,,1626224|1627759|1628369|1628374|1629641|1629731|201567|201937|202683|203935,1627759|1628369|1629641|202683|203935,1626224|1628374|1629731|201567|201937,,,1610612738.0,22100471
2,PT02M59.00S,02:59,Q2 02:59,25.016666666666666,322,turnover,D. Wade bad pass TURNOVER (2 TO),[],Wade,54,43,,False,False,1629731,,substitution,steal,,1628369.0,,1626224|1627759|1628369|1628374|1629641|1629731|201567|201937|202683|203935,1626224|1628374|1629731|201567|201937,1627759|1628369|1629641|202683|203935,,,1610612739.0,22100471
2,PT02M59.00S,02:59,Q2 02:59,25.016666666666666,323,steal,J. Tatum STEAL (1 STL),[],Tatum,54,43,,False,False,1628369,,turnover,2pt made,,,,1626224|1627759|1628369|1628374|1629641|1629731|201567|201937|202683|203935,1627759|1628369|1629641|202683|203935,1626224|1628374|1629731|201567|201937,,,1610612738.0,22100471
2,PT02M56.00S,02:56,Q2 02:56,25.066666666666666,324,2pt,E. Freedom running DUNK (4 PTS) (J. Tatum 2 AST),"['fastbreak', 'pointsinthepaint', 'fromturnover']",Freedom,56,43,Made,True,True,202683,1628369.0,steal,3pt missed,,,,1626224|1627759|1628369|1628374|1629641|1629731|201567|201937|202683|203935,1627759|1628369|1629641|202683|203935,1626224|1628374|1629731|201567|201937,-12.0,1.0,1610612738.0,22100471
2,PT02M49.00S,02:49,Q2 02:49,25.183333333333334,326,3pt,MISS L. Markkanen 26' 3PT,[],Markkanen,56,43,Missed,True,False,1628374,,2pt made,rebound,,,,1626224|1627759|1628369|1628374|1629641|1629731|201567|201937|202683|203935,1626224|1628374|1629731|201567|201937,1627759|1628369|1629641|202683|203935,194.0,182.0,1610612739.0,22100471
2,PT02M46.00S,02:46,Q2 02:46,25.233333333333334,327,rebound,R. Langford REBOUND (Off:1 Def:5),[],Langford,56,43,,False,False,1629641,,3pt missed,foul,,,,1626224|1627759|1628369|1628374|1629641|1629731|201567|201937|202683|203935,1627759|1628369|1629641|202683|203935,1626224|1628374|1629731|201567|201937,,,1610612738.0,22100471
2,PT02M33.00S,02:33,Q2 02:33,25.45,328,foul,C. Osman shooting personal FOUL (1 PF) (Brown 2 FT),['2freethrow'],Osman,56,43,,False,False,1626224,,rebound,freethrow,1627759.0,,,1626224|1627759|1628369|1628374|1629641|1629731|201567|201937|202683|203935,1626224|1628374|1629731|201567|201937,1627759|1628369|1629641|202683|203935,,,1610612739.0,22100471
2,PT02M33.00S,02:33,Q2 02:33,25.45,330,freethrow,J. Brown Free Throw 1 of 2 (19 PTS),[],Brown,57,43,Made,False,False,1627759,,foul,freethrow,,,,1626224|1627759|1628369|1628374|1629641|1629731|201567|201937|202683|203935,1627759|1628369|1629641|202683|203935,1626224|1628374|1629731|201567|201937,,,1610612738.0,22100471
2,PT02M33.00S,02:33,Q2 02:33,25.45,335,freethrow,J. Brown Free Throw 2 of 2 (20 PTS),[],Brown,58,43,Made,False,False,1627759,,freethrow,substitution,,,,1626224|1627759|1628369|1628374|1629641|1629731|201567|201937|202683|203935,1627759|1628369|1629641|202683|203935,1626224|1628374|1629731|201567|201937,,,1610612738.0,22100471
2,PT02M33.00S,02:33,Q2 02:33,25.45,331,substitution,SUB out: C. Osman,[],Osman,57,43,,False,False,1626224,,freethrow,substitution,,,,1627759|1628369|1628374|1629641|1629731|201567|201937|202683|203935,1628374|1629731|201567|201937,1627759|1628369|1629641|202683|203935,,,1610612739.0,22100471
2,PT02M33.00S,02:33,Q2 02:33,25.45,332,substitution,SUB in: D. Garland,[],Garland,57,43,,False,False,1629636,,substitution,substitution,,,,1627759|1628369|1628374|1629636|1629641|1629731|201567|201937|202683|203935,1628374|1629636|1629731|201567|201937,1627759|1628369|1629641|202683|203935,,,1610612739.0,22100471
2,PT02M33.00S,02:33,Q2 02:33,25.45,333,substitution,SUB out: R. Langford,[],Langford,57,43,,False,False,1629641,,substitution,substitution,,,,1627759|1628369|1628374|1629636|1629731|201567|201937|202683|203935,1627759|1628369|202683|203935,1628374|1629636|1629731|201567|201937,,,1610612738.0,22100471
2,PT02M33.00S,02:33,Q2 02:33,25.45,334,substitution,SUB in: D. Schroder,[],Schroder,57,43,,False,False,203471,,substitution,turnover,,,,1627759|1628369|1628374|1629636|1629731|201567|201937|202683|203471|203935,1627759|1628369|202683|203471|203935,1628374|1629636|1629731|201567|201937,,,1610612738.0,22100471
2,PT02M14.00S,02:14,Q2 02:14,25.766666666666666,336,turnover,R. Rubio bad pass TURNOVER (3 TO),[],Rubio,58,43,,False,False,201937,,substitution,steal,,203935.0,,1627759|1628369|1628374|1629636|1629731|201567|201937|202683|203471|203935,1628374|1629636|1629731|201567|201937,1627759|1628369|202683|203471|203935,,,1610612739.0,22100471
2,PT02M14.00S,02:14,Q2 02:14,25.766666666666666,337,steal,M. Smart STEAL (3 STL),[],Smart,58,43,,False,False,203935,,turnover,2pt made,,,,1627759|1628369|1628374|1629636|1629731|201567|201937|202683|203471|203935,1627759|1628369|202683|203471|203935,1628374|1629636|1629731|201567|201937,,,1610612738.0,22100471
2,PT01M56.00S,01:56,Q2 01:56,24.066666666666666,338,2pt,J. Tatum 20' fadeaway Jump Shot (11 PTS),['fromturnover'],Tatum,60,43,Made,True,False,1628369,,steal,2pt missed,,,,1627759|1628369|1628374|1629636|1629731|201567|201937|202683|203471|203935,1627759|1628369|202683|203471|203935,1628374|1629636|1629731|201567|201937,-87.0,184.0,1610612738.0,22100471
2,PT01M35.00S,01:35,Q2 01:35,24.416666666666668,339,2pt,MISS R. Rubio cutting Layup,['pointsinthepaint'],Rubio,60,43,Missed,True,False,201937,,2pt made,rebound,,,,1627759|1628369|1628374|1629636|1629731|201567|201937|202683|203471|203935,1628374|1629636|1629731|201567|201937,1627759|1628369|202683|203471|203935,-20.0,32.0,1610612739.0,22100471
2,PT01M34.00S,01:34,Q2 01:34,24.433333333333334,340,rebound,K. Love REBOUND (Off:3 Def:2),[],Love,60,43,,False,False,201567,,2pt missed,2pt made,,,,1627759|1628369|1628374|1629636|1629731|201567|201937|202683|203471|203935,1628374|1629636|1629731|201567|201937,1627759|1628369|202683|203471|203935,,,1610612739.0,22100471
2,PT01M34.00S,01:34,Q2 01:34,24.433333333333334,341,2pt,K. Love putback Layup (6 PTS),"['2ndchance', 'pointsinthepaint']",Love,60,45,Made,True,False,201567,,rebound,foul,,,,1627759|1628369|1628374|1629636|1629731|201567|201937|202683|203471|203935,1628374|1629636|1629731|201567|201937,1627759|1628369|202683|203471|203935,0.0,0.0,1610612739.0,22100471
2,PT01M34.00S,01:34,Q2 01:34,24.433333333333334,343,foul,J. Brown shooting personal FOUL (3 PF) (Love 1 FT),"['inpenalty', '1freethrow']",Brown,60,45,,False,False,1627759,,2pt made,freethrow,201567.0,,,1627759|1628369|1628374|1629636|1629731|201567|201937|202683|203471|203935,1627759|1628369|202683|203471|203935,1628374|1629636|1629731|201567|201937,,,1610612738.0,22100471
2,PT01M34.00S,01:34,Q2 01:34,24.433333333333334,347,freethrow,K. Love Free Throw 1 of 1 (7 PTS),['2ndchance'],Love,60,46,Made,False,False,201567,,foul,substitution,,,,1627759|1628369|1628374|1629636|1629731|201567|201937|202683|203471|203935,1628374|1629636|1629731|201567|201937,1627759|1628369|202683|203471|203935,,,1610612739.0,22100471
2,PT01M34.00S,01:34,Q2 01:34,24.433333333333334,345,substitution,SUB out: J. Brown,[],Brown,60,45,,False,False,1627759,,freethrow,substitution,,,,1628369|1628374|1629636|1629731|201567|201937|202683|203471|203935,1628369|202683|203471|203935,1628374|1629636|1629731|201567|201937,,,1610612738.0,22100471
2,PT01M34.00S,01:34,Q2 01:34,24.433333333333334,346,substitution,SUB in: R. Langford,[],Langford,60,45,,False,False,1629641,,substitution,3pt missed,,,,1628369|1628374|1629636|1629641|1629731|201567|201937|202683|203471|203935,1628369|1629641|202683|203471|203935,1628374|1629636|1629731|201567|201937,,,1610612738.0,22100471
2,PT01M18.00S,01:18,Q2 01:18,24.7,348,3pt,MISS J. Tatum 27' pullup 3PT,[],Tatum,60,46,Missed,True,False,1628369,,substitution,rebound,,,,1628369|1628374|1629636|1629641|1629731|201567|201937|202683|203471|203935,1628369|1629641|202683|203471|203935,1628374|1629636|1629731|201567|201937,189.0,194.0,1610612738.0,22100471
2,PT01M15.00S,01:15,Q2 01:15,24.75,349,rebound,E. Freedom REBOUND (Off:2 Def:2),[],Freedom,60,46,,False,False,202683,,3pt missed,3pt made,,,,1628369|1628374|1629636|1629641|1629731|201567|201937|202683|203471|203935,1628369|1629641|202683|203471|203935,1628374|1629636|1629731|201567|201937,,,1610612738.0,22100471
2,PT01M05.00S,01:05,Q2 01:05,24.916666666666668,351,3pt,R. Langford 27' 3PT  (3 PTS) (J. Tatum 3 AST),['2ndchance'],Langford,63,46,Made,True,True,1629641,1628369.0,rebound,3pt missed,,,,1628369|1628374|1629636|1629641|1629731|201567|201937|202683|203471|203935,1628369|1629641|202683|203471|203935,1628374|1629636|1629731|201567|201937,201.0,184.0,1610612738.0,22100471
2,PT00M36.80S,00:36,Q2 00:36,23.4,353,3pt,MISS L. Markkanen 3PT - blocked,[],Markkanen,63,46,Missed,True,False,1628374,,3pt made,block,,,1628369.0,1628369|1628374|1629636|1629641|1629731|201567|201937|202683|203471|203935,1628374|1629636|1629731|201567|201937,1628369|1629641|202683|203471|203935,235.0,11.0,1610612739.0,22100471
2,PT00M36.80S,00:36,Q2 00:36,23.4,354,block,J. Tatum BLOCK (1 BLK),[],Tatum,63,46,,False,False,1628369,,3pt missed,rebound,,,,1628369|1628374|1629636|1629641|1629731|201567|201937|202683|203471|203935,1628369|1629641|202683|203471|203935,1628374|1629636|1629731|201567|201937,,,1610612738.0,22100471
2,PT00M34.80S,00:34,Q2 00:34,23.433333333333334,355,rebound,D. Schroder REBOUND (Off:0 Def:1),[],Schroder,63,46,,False,False,203471,,block,3pt missed,,,,1628369|1628374|1629636|1629641|1629731|201567|201937|202683|203471|203935,1628369|1629641|202683|203471|203935,1628374|1629636|1629731|201567|201937,,,1610612738.0,22100471
2,PT00M31.00S,00:31,Q2 00:31,23.483333333333334,356,3pt,MISS M. Smart 26' running 3PT,['fastbreak'],Smart,63,46,Missed,True,False,203935,,rebound,rebound,,,,1628369|1628374|1629636|1629641|1629731|201567|201937|202683|203471|203935,1628369|1629641|202683|203471|203935,1628374|1629636|1629731|201567|201937,129.0,232.0,1610612738.0,22100471
2,PT00M28.60S,00:28,Q2 00:28,23.533333333333335,357,rebound,R. Langford REBOUND (Off:2 Def:5),[],Langford,63,46,,False,False,1629641,,3pt missed,3pt missed,,,,1628369|1628374|1629636|1629641|1629731|201567|201937|202683|203471|203935,1628369|1629641|202683|203471|203935,1628374|1629636|1629731|201567|201937,,,1610612738.0,22100471
2,PT00M13.70S,00:13,Q2 00:13,23.783333333333335,358,3pt,MISS R. Langford 24' 3PT,['2ndchance'],Langford,63,46,Missed,True,False,1629641,,rebound,rebound,,,,1628369|1628374|1629636|1629641|1629731|201567|201937|202683|203471|203935,1628369|1629641|202683|203471|203935,1628374|1629636|1629731|201567|201937,-241.0,21.0,1610612738.0,22100471
2,PT00M10.50S,00:10,Q2 00:10,23.833333333333332,359,rebound,K. Love REBOUND (Off:3 Def:3),[],Love,63,46,,False,False,201567,,3pt missed,2pt made,,,,1628369|1628374|1629636|1629641|1629731|201567|201937|202683|203471|203935,1628374|1629636|1629731|201567|201937,1628369|1629641|202683|203471|203935,,,1610612739.0,22100471
2,PT00M07.80S,00:07,Q2 00:07,23.883333333333333,360,2pt,D. Garland running Layup (13 PTS) (K. Love 2 AST),"['pointsinthepaint', 'fastbreak']",Garland,63,48,Made,True,True,1629636,201567.0,rebound,2pt missed,,,,1628369|1628374|1629636|1629641|1629731|201567|201937|202683|203471|203935,1628374|1629636|1629731|201567|201937,1628369|1629641|202683|203471|203935,27.0,-7.0,1610612739.0,22100471
2,PT00M00.00S,00:00,Q2 00:00,24.0,361,2pt,MISS D. Schroder 6' driving Layup,['pointsinthepaint'],Schroder,63,48,Missed,True,False,203471,,2pt made,rebound,,,,1628369|1628374|1629636|1629641|1629731|201567|201937|202683|203471|203935,1628369|1629641|202683|203471|203935,1628374|1629636|1629731|201567|201937,-48.0,46.0,1610612738.0,22100471
2,PT00M00.00S,00:00,Q2 00:00,24.0,362,rebound,TEAM offensive REBOUND,['team'],,63,48,,False,False,0,,2pt missed,substitution,,,,1628369|1628374|1629636|1629641|1629731|201567|201937|202683|203471|203935,1628369|1629641|202683|203471|203935,1628374|1629636|1629731|201567|201937,,,1610612738.0,22100471
3,PT12M00.00S,12:00,Q3 12:00,24.0,365,substitution,SUB out: E. Freedom,['startperiod'],Freedom,63,48,,False,False,202683,,rebound,substitution,,,,1628369|1628374|1629636|1629641|1629731|201567|201937|203471|203935,1628369|1629641|203471|203935,1628374|1629636|1629731|201567|201937,,,1610612738.0,22100471
3,PT12M00.00S,12:00,Q3 12:00,24.0,366,substitution,SUB out: D. Schroder,['startperiod'],Schroder,63,48,,False,False,203471,,substitution,substitution,,,,1628369|1628374|1629636|1629641|1629731|201567|201937|203935,1628369|1629641|203935,1628374|1629636|1629731|201567|201937,,,1610612738.0,22100471
3,PT12M00.00S,12:00,Q3 12:00,24.0,367,substitution,SUB out: K. Love,['startperiod'],Love,63,48,,False,False,201567,,substitution,substitution,,,,1628369|1628374|1629636|1629641|1629731|201937|203935,1628374|1629636|1629731|201937,1628369|1629641|203935,,,1610612739.0,22100471
3,PT12M00.00S,12:00,Q3 12:00,24.0,368,substitution,SUB in: R. Williams III,['startperiod'],Williams III,63,48,,False,False,1629057,,substitution,substitution,,,,1628369|1628374|1629057|1629636|1629641|1629731|201937|203935,1628369|1629057|1629641|203935,1628374|1629636|1629731|201937,,,1610612738.0,22100471
3,PT12M00.00S,12:00,Q3 12:00,24.0,369,substitution,SUB in: J. Brown,['startperiod'],Brown,63,48,,False,False,1627759,,substitution,substitution,,,,1627759|1628369|1628374|1629057|1629636|1629641|1629731|201937|203935,1627759|1628369|1629057|1629641|203935,1628374|1629636|1629731|201937,,,1610612738.0,22100471
3,PT12M00.00S,12:00,Q3 12:00,24.0,370,substitution,SUB in: T. Fall,['startperiod'],Fall,63,48,,False,False,1629605,,substitution,2pt made,,,,1627759|1628369|1628374|1629057|1629605|1629636|1629641|1629731|201937|203935,1628374|1629605|1629636|1629731|201937,1627759|1628369|1629057|1629641|203935,,,1610612739.0,22100471
3,PT11M44.00S,11:44,Q3 11:44,22.266666666666666,372,2pt,R. Williams III cutting Layup (11 PTS) (J. Tatum 4 AST),['pointsinthepaint'],Williams III,65,48,Made,True,True,1629057,1628369.0,substitution,2pt made,,,,1627759|1628369|1628374|1629057|1629605|1629636|1629641|1629731|201937|203935,1627759|1628369|1629057|1629641|203935,1628374|1629605|1629636|1629731|201937,-16.0,-8.0,1610612738.0,22100471
3,PT11M21.00S,11:21,Q3 11:21,22.65,374,2pt,D. Garland 16' pullup Jump Shot (15 PTS),[],Garland,65,50,Made,True,False,1629636,,2pt made,3pt made,,,,1627759|1628369|1628374|1629057|1629605|1629636|1629641|1629731|201937|203935,1628374|1629605|1629636|1629731|201937,1627759|1628369|1629057|1629641|203935,72.0,146.0,1610612739.0,22100471
3,PT11M03.00S,11:03,Q3 11:03,22.95,375,3pt,J. Brown 25' 3PT pullup (23 PTS) (R. Williams III 4 AST),[],Brown,68,50,Made,True,True,1627759,1629057.0,2pt made,3pt missed,,,,1627759|1628369|1628374|1629057|1629605|1629636|1629641|1629731|201937|203935,1627759|1628369|1629057|1629641|203935,1628374|1629605|1629636|1629731|201937,-228.0,108.0,1610612738.0,22100471
3,PT10M37.00S,10:37,Q3 10:37,21.383333333333333,377,3pt,MISS D. Garland 32' 3PT,[],Garland,68,50,Missed,True,False,1629636,,3pt made,rebound,,,,1627759|1628369|1628374|1629057|1629605|1629636|1629641|1629731|201937|203935,1628374|1629605|1629636|1629731|201937,1627759|1628369|1629057|1629641|203935,-146.0,291.0,1610612739.0,22100471
3,PT10M34.00S,10:34,Q3 10:34,21.433333333333334,378,rebound,R. Williams III REBOUND (Off:2 Def:2),[],Williams III,68,50,,False,False,1629057,,3pt missed,foul,,,,1627759|1628369|1628374|1629057|1629605|1629636|1629641|1629731|201937|203935,1627759|1628369|1629057|1629641|203935,1628374|1629605|1629636|1629731|201937,,,1610612738.0,22100471
3,PT10M24.00S,10:24,Q3 10:24,21.6,379,foul,D. Wade personal FOUL (1 PF),[],Wade,68,50,,False,False,1629731,,rebound,2pt made,1628369.0,,,1627759|1628369|1628374|1629057|1629605|1629636|1629641|1629731|201937|203935,1628374|1629605|1629636|1629731|201937,1627759|1628369|1629057|1629641|203935,,,1610612739.0,22100471
3,PT10M14.00S,10:14,Q3 10:14,21.766666666666666,382,2pt,R. Williams III cutting DUNK (13 PTS) (J. Tatum 5 AST),['pointsinthepaint'],Williams III,70,50,Made,True,True,1629057,1628369.0,foul,3pt missed,,,,1627759|1628369|1628374|1629057|1629605|1629636|1629641|1629731|201937|203935,1627759|1628369|1629057|1629641|203935,1628374|1629605|1629636|1629731|201937,-6.0,5.0,1610612738.0,22100471
3,PT09M59.00S,09:59,Q3 09:59,20.016666666666666,384,3pt,MISS D. Garland 28' 3PT,[],Garland,70,50,Missed,True,False,1629636,,2pt made,rebound,,,,1627759|1628369|1628374|1629057|1629605|1629636|1629641|1629731|201937|203935,1628374|1629605|1629636|1629731|201937,1627759|1628369|1629057|1629641|203935,112.0,264.0,1610612739.0,22100471
3,PT09M56.00S,09:56,Q3 09:56,20.066666666666666,385,rebound,R. Williams III REBOUND (Off:2 Def:3),[],Williams III,70,50,,False,False,1629057,,3pt missed,2pt made,,,,1627759|1628369|1628374|1629057|1629605|1629636|1629641|1629731|201937|203935,1627759|1628369|1629057|1629641|203935,1628374|1629605|1629636|1629731|201937,,,1610612738.0,22100471
3,PT09M48.00S,09:48,Q3 09:48,20.2,386,2pt,J. Brown driving floating Jump Shot (25 PTS),['pointsinthepaint'],Brown,72,50,Made,True,False,1627759,,rebound,turnover,,,,1627759|1628369|1628374|1629057|1629605|1629636|1629641|1629731|201937|203935,1627759|1628369|1629057|1629641|203935,1628374|1629605|1629636|1629731|201937,-10.0,26.0,1610612738.0,22100471
3,PT09M30.00S,09:30,Q3 09:30,20.5,387,turnover,T. Fall lost ball TURNOVER (1 TO),[],Fall,72,50,,False,False,1629605,,2pt made,steal,,1629641.0,,1627759|1628369|1628374|1629057|1629605|1629636|1629641|1629731|201937|203935,1628374|1629605|1629636|1629731|201937,1627759|1628369|1629057|1629641|203935,,,1610612739.0,22100471
3,PT09M30.00S,09:30,Q3 09:30,20.5,388,steal,R. Langford STEAL (2 STL),[],Langford,72,50,,False,False,1629641,,turnover,3pt missed,,,,1627759|1628369|1628374|1629057|1629605|1629636|1629641|1629731|201937|203935,1627759|1628369|1629057|1629641|203935,1628374|1629605|1629636|1629731|201937,,,1610612738.0,22100471
3,PT09M24.00S,09:24,Q3 09:24,20.6,389,3pt,MISS J. Tatum 3PT,"['fromturnover', 'fastbreak']",Tatum,72,50,Missed,True,False,1628369,,steal,rebound,,,,1627759|1628369|1628374|1629057|1629605|1629636|1629641|1629731|201937|203935,1627759|1628369|1629057|1629641|203935,1628374|1629605|1629636|1629731|201937,-224.0,3.0,1610612738.0,22100471
3,PT09M23.00S,09:23,Q3 09:23,20.616666666666667,390,rebound,D. Garland REBOUND (Off:0 Def:1),[],Garland,72,50,,False,False,1629636,,3pt missed,3pt missed,,,,1627759|1628369|1628374|1629057|1629605|1629636|1629641|1629731|201937|203935,1628374|1629605|1629636|1629731|201937,1627759|1628369|1629057|1629641|203935,,,1610612739.0,22100471
3,PT09M14.00S,09:14,Q3 09:14,20.766666666666666,391,3pt,MISS L. Markkanen 27' 3PT - blocked,[],Markkanen,72,50,Missed,True,False,1628374,,rebound,block,,,1629057.0,1627759|1628369|1628374|1629057|1629605|1629636|1629641|1629731|201937|203935,1628374|1629605|1629636|1629731|201937,1627759|1628369|1629057|1629641|203935,-164.0,223.0,1610612739.0,22100471
3,PT09M14.00S,09:14,Q3 09:14,20.766666666666666,392,block,R. Williams III BLOCK (1 BLK),[],Williams III,72,50,,False,False,1629057,,3pt missed,rebound,,,,1627759|1628369|1628374|1629057|1629605|1629636|1629641|1629731|201937|203935,1627759|1628369|1629057|1629641|203935,1628374|1629605|1629636|1629731|201937,,,1610612738.0,22100471
3,PT09M10.00S,09:10,Q3 09:10,20.833333333333332,393,rebound,J. Tatum REBOUND (Off:1 Def:4),[],Tatum,72,50,,False,False,1628369,,block,3pt missed,,,,1627759|1628369|1628374|1629057|1629605|1629636|1629641|1629731|201937|203935,1627759|1628369|1629057|1629641|203935,1628374|1629605|1629636|1629731|201937,,,1610612738.0,22100471
3,PT09M06.00S,09:06,Q3 09:06,20.9,394,3pt,MISS J. Brown 25' step back 3PT,['fastbreak'],Brown,72,50,Missed,True,False,1627759,,rebound,rebound,,,,1627759|1628369|1628374|1629057|1629605|1629636|1629641|1629731|201937|203935,1627759|1628369|1629057|1629641|203935,1628374|1629605|1629636|1629731|201937,-167.0,192.0,1610612738.0,22100471
3,PT09M03.00S,09:03,Q3 09:03,20.95,395,rebound,R. Rubio REBOUND (Off:1 Def:3),[],Rubio,72,50,,False,False,201937,,3pt missed,3pt missed,,,,1627759|1628369|1628374|1629057|1629605|1629636|1629641|1629731|201937|203935,1628374|1629605|1629636|1629731|201937,1627759|1628369|1629057|1629641|203935,,,1610612739.0,22100471
3,PT08M51.00S,08:51,Q3 08:51,19.15,396,3pt,MISS D. Wade 26' 3PT,[],Wade,72,50,Missed,True,False,1629731,,rebound,rebound,,,,1627759|1628369|1628374|1629057|1629605|1629636|1629641|1629731|201937|203935,1628374|1629605|1629636|1629731|201937,1627759|1628369|1629057|1629641|203935,140.0,227.0,1610612739.0,22100471
3,PT08M49.00S,08:49,Q3 08:49,19.183333333333334,397,rebound,R. Williams III REBOUND (Off:2 Def:4),[],Williams III,72,50,,False,False,1629057,,3pt missed,2pt missed,,,,1627759|1628369|1628374|1629057|1629605|1629636|1629641|1629731|201937|203935,1627759|1628369|1629057|1629641|203935,1628374|1629605|1629636|1629731|201937,,,1610612738.0,22100471
3,PT08M40.00S,08:40,Q3 08:40,19.333333333333332,398,2pt,MISS J. Tatum driving finger roll Layup,['pointsinthepaint'],Tatum,72,50,Missed,True,False,1628369,,rebound,rebound,,,,1627759|1628369|1628374|1629057|1629605|1629636|1629641|1629731|201937|203935,1627759|1628369|1629057|1629641|203935,1628374|1629605|1629636|1629731|201937,-2.0,21.0,1610612738.0,22100471
3,PT08M40.00S,08:40,Q3 08:40,19.333333333333332,399,rebound,L. Markkanen REBOUND (Off:0 Def:5),[],Markkanen,72,50,,False,False,1628374,,2pt missed,foul,,,,1627759|1628369|1628374|1629057|1629605|1629636|1629641|1629731|201937|203935,1628374|1629605|1629636|1629731|201937,1627759|1628369|1629057|1629641|203935,,,1610612739.0,22100471
3,PT08M36.00S,08:36,Q3 08:36,19.4,400,foul,M. Smart personal FOUL (1 PF),[],Smart,72,50,,False,False,203935,,rebound,substitution,201937.0,,,1627759|1628369|1628374|1629057|1629605|1629636|1629641|1629731|201937|203935,1627759|1628369|1629057|1629641|203935,1628374|1629605|1629636|1629731|201937,,,1610612738.0,22100471
3,PT08M36.00S,08:36,Q3 08:36,19.4,402,substitution,SUB out: T. Fall,[],Fall,72,50,,False,False,1629605,,foul,substitution,,,,1627759|1628369|1628374|1629057|1629636|1629641|1629731|201937|203935,1628374|1629636|1629731|201937,1627759|1628369|1629057|1629641|203935,,,1610612739.0,22100471
3,PT08M36.00S,08:36,Q3 08:36,19.4,403,substitution,SUB in: K. Love,[],Love,72,50,,False,False,201567,,substitution,3pt missed,,,,1627759|1628369|1628374|1629057|1629636|1629641|1629731|201567|201937|203935,1628374|1629636|1629731|201567|201937,1627759|1628369|1629057|1629641|203935,,,1610612739.0,22100471
3,PT08M29.00S,08:29,Q3 08:29,19.516666666666666,404,3pt,MISS K. Love 26' 3PT,[],Love,72,50,Missed,True,False,201567,,substitution,rebound,,,,1627759|1628369|1628374|1629057|1629636|1629641|1629731|201567|201937|203935,1628374|1629636|1629731|201567|201937,1627759|1628369|1629057|1629641|203935,-178.0,193.0,1610612739.0,22100471
3,PT08M25.00S,08:25,Q3 08:25,19.583333333333332,405,rebound,R. Williams III REBOUND (Off:2 Def:5),[],Williams III,72,50,,False,False,1629057,,3pt missed,3pt missed,,,,1627759|1628369|1628374|1629057|1629636|1629641|1629731|201567|201937|203935,1627759|1628369|1629057|1629641|203935,1628374|1629636|1629731|201567|201937,,,1610612738.0,22100471
3,PT08M15.00S,08:15,Q3 08:15,19.75,406,3pt,MISS M. Smart 24' 3PT,[],Smart,72,50,Missed,True,False,203935,,rebound,rebound,,,,1627759|1628369|1628374|1629057|1629636|1629641|1629731|201567|201937|203935,1627759|1628369|1629057|1629641|203935,1628374|1629636|1629731|201567|201937,-191.0,161.0,1610612738.0,22100471
3,PT08M13.00S,08:13,Q3 08:13,19.783333333333335,407,rebound,D. Wade REBOUND (Off:1 Def:1),[],Wade,72,50,,False,False,1629731,,3pt missed,foul,,,,1627759|1628369|1628374|1629057|1629636|1629641|1629731|201567|201937|203935,1628374|1629636|1629731|201567|201937,1627759|1628369|1629057|1629641|203935,,,1610612739.0,22100471
3,PT08M07.00S,08:07,Q3 08:07,19.883333333333333,408,foul,R. Williams III shooting personal FOUL (2 PF) (Garland 2 FT),['2freethrow'],Williams III,72,50,,False,False,1629057,,rebound,freethrow,1629636.0,,,1627759|1628369|1628374|1629057|1629636|1629641|1629731|201567|201937|203935,1627759|1628369|1629057|1629641|203935,1628374|1629636|1629731|201567|201937,,,1610612738.0,22100471
3,PT08M07.00S,08:07,Q3 08:07,19.883333333333333,410,freethrow,D. Garland Free Throw 1 of 2 (16 PTS),[],Garland,72,51,Made,False,False,1629636,,foul,freethrow,,,,1627759|1628369|1628374|1629057|1629636|1629641|1629731|201567|201937|203935,1628374|1629636|1629731|201567|201937,1627759|1628369|1629057|1629641|203935,,,1610612739.0,22100471
3,PT08M07.00S,08:07,Q3 08:07,19.883333333333333,411,freethrow,D. Garland Free Throw 2 of 2 (17 PTS),[],Garland,72,52,Made,False,False,1629636,,freethrow,2pt missed,,,,1627759|1628369|1628374|1629057|1629636|1629641|1629731|201567|201937|203935,1628374|1629636|1629731|201567|201937,1627759|1628369|1629057|1629641|203935,,,1610612739.0,22100471
3,PT07M56.00S,07:56,Q3 07:56,18.066666666666666,412,2pt,MISS J. Brown driving reverse Layup,['pointsinthepaint'],Brown,72,52,Missed,True,False,1627759,,freethrow,rebound,,,,1627759|1628369|1628374|1629057|1629636|1629641|1629731|201567|201937|203935,1627759|1628369|1629057|1629641|203935,1628374|1629636|1629731|201567|201937,-36.0,1.0,1610612738.0,22100471
3,PT07M54.00S,07:54,Q3 07:54,18.1,413,rebound,K. Love REBOUND (Off:3 Def:4),[],Love,72,52,,False,False,201567,,2pt missed,2pt made,,,,1627759|1628369|1628374|1629057|1629636|1629641|1629731|201567|201937|203935,1628374|1629636|1629731|201567|201937,1627759|1628369|1629057|1629641|203935,,,1610612739.0,22100471
3,PT07M40.00S,07:40,Q3 07:40,18.333333333333332,414,2pt,K. Love turnaround bank Hook (9 PTS) (R. Rubio 3 AST),['pointsinthepaint'],Love,72,54,Made,True,True,201567,201937.0,rebound,turnover,,,,1627759|1628369|1628374|1629057|1629636|1629641|1629731|201567|201937|203935,1628374|1629636|1629731|201567|201937,1627759|1628369|1629057|1629641|203935,39.0,20.0,1610612739.0,22100471
3,PT07M21.00S,07:21,Q3 07:21,18.65,416,turnover,J. Tatum lost ball TURNOVER (1 TO),[],Tatum,72,54,,False,False,1628369,,2pt made,steal,,1629636.0,,1627759|1628369|1628374|1629057|1629636|1629641|1629731|201567|201937|203935,1627759|1628369|1629057|1629641|203935,1628374|1629636|1629731|201567|201937,,,1610612738.0,22100471
3,PT07M21.00S,07:21,Q3 07:21,18.65,417,steal,D. Garland STEAL (2 STL),[],Garland,72,54,,False,False,1629636,,turnover,foul,,,,1627759|1628369|1628374|1629057|1629636|1629641|1629731|201567|201937|203935,1628374|1629636|1629731|201567|201937,1627759|1628369|1629057|1629641|203935,,,1610612739.0,22100471
3,PT07M20.00S,07:20,Q3 07:20,18.666666666666668,419,foul,J. Tatum take personal FOUL (3 PF),[],Tatum,72,54,,False,False,1628369,,steal,foul,201567.0,,,1627759|1628369|1628374|1629057|1629636|1629641|1629731|201567|201937|203935,1627759|1628369|1629057|1629641|203935,1628374|1629636|1629731|201567|201937,,,1610612738.0,22100471
3,PT07M06.00S,07:06,Q3 07:06,18.9,421,foul,M. Smart personal FOUL (2 PF),[],Smart,72,54,,False,False,203935,,foul,2pt missed,1628374.0,,,1627759|1628369|1628374|1629057|1629636|1629641|1629731|201567|201937|203935,1627759|1628369|1629057|1629641|203935,1628374|1629636|1629731|201567|201937,,,1610612738.0,22100471
3,PT06M56.00S,06:56,Q3 06:56,17.066666666666666,423,2pt,MISS R. Rubio driving Layup,"['pointsinthepaint', 'fromturnover']",Rubio,72,54,Missed,True,False,201937,,foul,rebound,,,,1627759|1628369|1628374|1629057|1629636|1629641|1629731|201567|201937|203935,1628374|1629636|1629731|201567|201937,1627759|1628369|1629057|1629641|203935,-21.0,50.0,1610612739.0,22100471
3,PT06M54.00S,06:54,Q3 06:54,17.1,424,rebound,L. Markkanen REBOUND (Off:1 Def:5),[],Markkanen,72,54,,False,False,1628374,,2pt missed,2pt missed,,,,1627759|1628369|1628374|1629057|1629636|1629641|1629731|201567|201937|203935,1628374|1629636|1629731|201567|201937,1627759|1628369|1629057|1629641|203935,,,1610612739.0,22100471
3,PT06M51.00S,06:51,Q3 06:51,17.15,425,2pt,MISS L. Markkanen putback Layup - blocked,"['pointsinthepaint', 'fromturnover', '2ndchance']",Markkanen,72,54,Missed,True,False,1628374,,rebound,block,,,1629057.0,1627759|1628369|1628374|1629057|1629636|1629641|1629731|201567|201937|203935,1628374|1629636|1629731|201567|201937,1627759|1628369|1629057|1629641|203935,-28.0,42.0,1610612739.0,22100471
3,PT06M51.00S,06:51,Q3 06:51,17.15,426,block,R. Williams III BLOCK (2 BLK),[],Williams III,72,54,,False,False,1629057,,2pt missed,rebound,,,,1627759|1628369|1628374|1629057|1629636|1629641|1629731|201567|201937|203935,1627759|1628369|1629057|1629641|203935,1628374|1629636|1629731|201567|201937,,,1610612738.0,22100471
3,PT06M47.00S,06:47,Q3 06:47,17.216666666666665,427,rebound,R. Langford REBOUND (Off:2 Def:6),[],Langford,72,54,,False,False,1629641,,block,turnover,,,,1627759|1628369|1628374|1629057|1629636|1629641|1629731|201567|201937|203935,1627759|1628369|1629057|1629641|203935,1628374|1629636|1629731|201567|201937,,,1610612738.0,22100471
3,PT06M43.00S,06:43,Q3 06:43,17.283333333333335,428,turnover,R. Langford bad pass TURNOVER (1 TO),[],Langford,72,54,,False,False,1629641,,rebound,steal,,1629636.0,,1627759|1628369|1628374|1629057|1629636|1629641|1629731|201567|201937|203935,1627759|1628369|1629057|1629641|203935,1628374|1629636|1629731|201567|201937,,,1610612738.0,22100471
3,PT06M43.00S,06:43,Q3 06:43,17.283333333333335,429,steal,D. Garland STEAL (3 STL),[],Garland,72,54,,False,False,1629636,,turnover,2pt made,,,,1627759|1628369|1628374|1629057|1629636|1629641|1629731|201567|201937|203935,1628374|1629636|1629731|201567|201937,1627759|1628369|1629057|1629641|203935,,,1610612739.0,22100471
3,PT06M39.00S,06:39,Q3 06:39,17.35,430,2pt,R. Rubio running Layup (5 PTS) (D. Garland 4 AST),"['fastbreak', 'pointsinthepaint', 'fromturnover']",Rubio,72,56,Made,True,True,201937,1629636.0,steal,timeout,,,,1627759|1628369|1628374|1629057|1629636|1629641|1629731|201567|201937|203935,1628374|1629636|1629731|201567|201937,1627759|1628369|1629057|1629641|203935,-32.0,25.0,1610612739.0,22100471
3,PT06M39.00S,06:39,Q3 06:39,17.35,432,timeout,BOS Timeout,"['team', 'mandatory']",,72,56,,False,False,0,,2pt made,3pt missed,,,,1627759|1628369|1628374|1629057|1629636|1629641|1629731|201567|201937|203935,1627759|1628369|1629057|1629641|203935,1628374|1629636|1629731|201567|201937,,,1610612738.0,22100471
3,PT06M25.00S,06:25,Q3 06:25,17.583333333333332,433,3pt,MISS J. Brown 24' 3PT,[],Brown,72,56,Missed,True,False,1627759,,timeout,rebound,,,,1627759|1628369|1628374|1629057|1629636|1629641|1629731|201567|201937|203935,1627759|1628369|1629057|1629641|203935,1628374|1629636|1629731|201567|201937,-159.0,188.0,1610612738.0,22100471
3,PT06M22.00S,06:22,Q3 06:22,17.633333333333333,434,rebound,D. Wade REBOUND (Off:1 Def:2),[],Wade,72,56,,False,False,1629731,,3pt missed,2pt missed,,,,1627759|1628369|1628374|1629057|1629636|1629641|1629731|201567|201937|203935,1628374|1629636|1629731|201567|201937,1627759|1628369|1629057|1629641|203935,,,1610612739.0,22100471
3,PT06M03.00S,06:03,Q3 06:03,17.95,435,2pt,MISS K. Love driving Layup,['pointsinthepaint'],Love,72,56,Missed,True,False,201567,,rebound,rebound,,,,1627759|1628369|1628374|1629057|1629636|1629641|1629731|201567|201937|203935,1628374|1629636|1629731|201567|201937,1627759|1628369|1629057|1629641|203935,28.0,15.0,1610612739.0,22100471
3,PT05M57.00S,05:57,Q3 05:57,16.05,436,rebound,K. Love REBOUND (Off:4 Def:4),[],Love,72,56,,False,False,201567,,2pt missed,3pt missed,,,,1627759|1628369|1628374|1629057|1629636|1629641|1629731|201567|201937|203935,1628374|1629636|1629731|201567|201937,1627759|1628369|1629057|1629641|203935,,,1610612739.0,22100471
3,PT05M55.00S,05:55,Q3 05:55,16.083333333333332,437,3pt,MISS D. Garland 30' 3PT,['2ndchance'],Garland,72,56,Missed,True,False,1629636,,rebound,rebound,,,,1627759|1628369|1628374|1629057|1629636|1629641|1629731|201567|201937|203935,1628374|1629636|1629731|201567|201937,1627759|1628369|1629057|1629641|203935,-179.0,251.0,1610612739.0,22100471
3,PT05M52.00S,05:52,Q3 05:52,16.133333333333333,438,rebound,L. Markkanen REBOUND (Off:2 Def:5),[],Markkanen,72,56,,False,False,1628374,,3pt missed,3pt missed,,,,1627759|1628369|1628374|1629057|1629636|1629641|1629731|201567|201937|203935,1628374|1629636|1629731|201567|201937,1627759|1628369|1629057|1629641|203935,,,1610612739.0,22100471
3,PT05M47.00S,05:47,Q3 05:47,16.216666666666665,439,3pt,MISS L. Markkanen 28' 3PT,['2ndchance'],Markkanen,72,56,Missed,True,False,1628374,,rebound,rebound,,,,1627759|1628369|1628374|1629057|1629636|1629641|1629731|201567|201937|203935,1628374|1629636|1629731|201567|201937,1627759|1628369|1629057|1629641|203935,-202.0,195.0,1610612739.0,22100471
3,PT05M44.00S,05:44,Q3 05:44,16.266666666666666,440,rebound,R. Williams III REBOUND (Off:2 Def:6),[],Williams III,72,56,,False,False,1629057,,3pt missed,2pt made,,,,1627759|1628369|1628374|1629057|1629636|1629641|1629731|201567|201937|203935,1627759|1628369|1629057|1629641|203935,1628374|1629636|1629731|201567|201937,,,1610612738.0,22100471
3,PT05M20.00S,05:20,Q3 05:20,16.666666666666668,441,2pt,R. Langford 11' driving floating Jump Shot (5 PTS) (J. Brown 2 AST),['pointsinthepaint'],Langford,74,56,Made,True,True,1629641,1627759.0,rebound,2pt missed,,,,1627759|1628369|1628374|1629057|1629636|1629641|1629731|201567|201937|203935,1627759|1628369|1629057|1629641|203935,1628374|1629636|1629731|201567|201937,27.0,110.0,1610612738.0,22100471
3,PT05M08.00S,05:08,Q3 05:08,16.866666666666667,443,2pt,MISS R. Rubio fadeaway bank Shot,['pointsinthepaint'],Rubio,74,56,Missed,True,False,201937,,2pt made,rebound,,,,1627759|1628369|1628374|1629057|1629636|1629641|1629731|201567|201937|203935,1628374|1629636|1629731|201567|201937,1627759|1628369|1629057|1629641|203935,18.0,36.0,1610612739.0,22100471
3,PT05M06.00S,05:06,Q3 05:06,16.9,444,rebound,M. Smart REBOUND (Off:0 Def:2),[],Smart,74,56,,False,False,203935,,2pt missed,2pt missed,,,,1627759|1628369|1628374|1629057|1629636|1629641|1629731|201567|201937|203935,1627759|1628369|1629057|1629641|203935,1628374|1629636|1629731|201567|201937,,,1610612738.0,22100471
3,PT04M59.00S,04:59,Q3 04:59,15.016666666666667,445,2pt,MISS J. Brown running Layup,"['pointsinthepaint', 'fastbreak']",Brown,74,56,Missed,True,False,1627759,,rebound,rebound,,,,1627759|1628369|1628374|1629057|1629636|1629641|1629731|201567|201937|203935,1627759|1628369|1629057|1629641|203935,1628374|1629636|1629731|201567|201937,-21.0,43.0,1610612738.0,22100471
3,PT04M59.00S,04:59,Q3 04:59,15.016666666666667,446,rebound,J. Brown REBOUND (Off:1 Def:2),[],Brown,74,56,,False,False,1627759,,2pt missed,2pt missed,,,,1627759|1628369|1628374|1629057|1629636|1629641|1629731|201567|201937|203935,1627759|1628369|1629057|1629641|203935,1628374|1629636|1629731|201567|201937,,,1610612738.0,22100471
3,PT04M57.00S,04:57,Q3 04:57,15.05,447,2pt,MISS J. Brown tip Layup,"['2ndchance', 'pointsinthepaint']",Brown,74,56,Missed,True,False,1627759,,rebound,rebound,,,,1627759|1628369|1628374|1629057|1629636|1629641|1629731|201567|201937|203935,1627759|1628369|1629057|1629641|203935,1628374|1629636|1629731|201567|201937,0.0,0.0,1610612738.0,22100471
3,PT04M53.00S,04:53,Q3 04:53,15.116666666666667,448,rebound,J. Brown REBOUND (Off:2 Def:2),[],Brown,74,56,,False,False,1627759,,2pt missed,2pt made,,,,1627759|1628369|1628374|1629057|1629636|1629641|1629731|201567|201937|203935,1627759|1628369|1629057|1629641|203935,1628374|1629636|1629731|201567|201937,,,1610612738.0,22100471
3,PT04M52.00S,04:52,Q3 04:52,15.133333333333333,449,2pt,R. Langford DUNK (7 PTS) (J. Brown 3 AST),"['2ndchance', 'pointsinthepaint']",Langford,76,56,Made,True,True,1629641,1627759.0,rebound,2pt made,,,,1627759|1628369|1628374|1629057|1629636|1629641|1629731|201567|201937|203935,1627759|1628369|1629057|1629641|203935,1628374|1629636|1629731|201567|201937,0.0,0.0,1610612738.0,22100471
3,PT04M36.00S,04:36,Q3 04:36,15.4,450,2pt,K. Love finger roll Layup (11 PTS) (R. Rubio 4 AST),['pointsinthepaint'],Love,76,58,Made,True,True,201567,201937.0,2pt made,2pt made,,,,1627759|1628369|1628374|1629057|1629636|1629641|1629731|201567|201937|203935,1628374|1629636|1629731|201567|201937,1627759|1628369|1629057|1629641|203935,-10.0,49.0,1610612739.0,22100471
3,PT04M20.00S,04:20,Q3 04:20,15.666666666666666,451,2pt,J. Tatum driving finger roll Layup (13 PTS),['pointsinthepaint'],Tatum,78,58,Made,True,False,1628369,,2pt made,turnover,,,,1627759|1628369|1628374|1629057|1629636|1629641|1629731|201567|201937|203935,1627759|1628369|1629057|1629641|203935,1628374|1629636|1629731|201567|201937,-20.0,3.0,1610612738.0,22100471
3,PT04M13.00S,04:13,Q3 04:13,15.783333333333333,452,turnover,R. Rubio bad pass TURNOVER (4 TO),[],Rubio,78,58,,False,False,201937,,2pt made,steal,,1627759.0,,1627759|1628369|1628374|1629057|1629636|1629641|1629731|201567|201937|203935,1628374|1629636|1629731|201567|201937,1627759|1628369|1629057|1629641|203935,,,1610612739.0,22100471
3,PT04M13.00S,04:13,Q3 04:13,15.783333333333333,453,steal,J. Brown STEAL (1 STL),[],Brown,78,58,,False,False,1627759,,turnover,foul,,,,1627759|1628369|1628374|1629057|1629636|1629641|1629731|201567|201937|203935,1627759|1628369|1629057|1629641|203935,1628374|1629636|1629731|201567|201937,,,1610612738.0,22100471
3,PT04M12.00S,04:12,Q3 04:12,15.8,454,foul,K. Love take personal FOUL (2 PF),[],Love,78,58,,False,False,201567,,steal,substitution,1628369.0,,,1627759|1628369|1628374|1629057|1629636|1629641|1629731|201567|201937|203935,1628374|1629636|1629731|201567|201937,1627759|1628369|1629057|1629641|203935,,,1610612739.0,22100471
3,PT04M12.00S,04:12,Q3 04:12,15.8,456,substitution,SUB out: J. Tatum,[],Tatum,78,58,,False,False,1628369,,foul,substitution,,,,1627759|1628374|1629057|1629636|1629641|1629731|201567|201937|203935,1627759|1629057|1629641|203935,1628374|1629636|1629731|201567|201937,,,1610612738.0,22100471
3,PT04M12.00S,04:12,Q3 04:12,15.8,457,substitution,SUB out: R. Langford,[],Langford,78,58,,False,False,1629641,,substitution,substitution,,,,1627759|1628374|1629057|1629636|1629731|201567|201937|203935,1627759|1629057|203935,1628374|1629636|1629731|201567|201937,,,1610612738.0,22100471
3,PT04M12.00S,04:12,Q3 04:12,15.8,458,substitution,SUB out: R. Williams III,[],Williams III,78,58,,False,False,1629057,,substitution,substitution,,,,1627759|1628374|1629636|1629731|201567|201937|203935,1627759|203935,1628374|1629636|1629731|201567|201937,,,1610612738.0,22100471
3,PT04M12.00S,04:12,Q3 04:12,15.8,459,substitution,SUB out: R. Rubio,[],Rubio,78,58,,False,False,201937,,substitution,substitution,,,,1627759|1628374|1629636|1629731|201567|203935,1628374|1629636|1629731|201567,1627759|203935,,,1610612739.0,22100471
3,PT04M12.00S,04:12,Q3 04:12,15.8,460,substitution,SUB out: L. Markkanen,[],Markkanen,78,58,,False,False,1628374,,substitution,substitution,,,,1627759|1629636|1629731|201567|203935,1629636|1629731|201567,1627759|203935,,,1610612739.0,22100471
3,PT04M12.00S,04:12,Q3 04:12,15.8,461,substitution,SUB out: D. Wade,[],Wade,78,58,,False,False,1629731,,substitution,substitution,,,,1627759|1629636|201567|203935,1629636|201567,1627759|203935,,,1610612739.0,22100471
3,PT04M12.00S,04:12,Q3 04:12,15.8,462,substitution,SUB in: A. Nesmith,[],Nesmith,78,58,,False,False,1630174,,substitution,substitution,,,,1627759|1629636|1630174|201567|203935,1627759|1630174|203935,1629636|201567,,,1610612738.0,22100471
3,PT04M12.00S,04:12,Q3 04:12,15.8,463,substitution,SUB in: E. Freedom,[],Freedom,78,58,,False,False,202683,,substitution,substitution,,,,1627759|1629636|1630174|201567|202683|203935,1627759|1630174|202683|203935,1629636|201567,,,1610612738.0,22100471
3,PT04M12.00S,04:12,Q3 04:12,15.8,464,substitution,SUB in: D. Schroder,[],Schroder,78,58,,False,False,203471,,substitution,substitution,,,,1627759|1629636|1630174|201567|202683|203471|203935,1627759|1630174|202683|203471|203935,1629636|201567,,,1610612738.0,22100471
3,PT04M12.00S,04:12,Q3 04:12,15.8,465,substitution,SUB in: K. Pangos,[],Pangos,78,58,,False,False,1630698,,substitution,substitution,,,,1627759|1629636|1630174|1630698|201567|202683|203471|203935,1629636|1630698|201567,1627759|1630174|202683|203471|203935,,,1610612739.0,22100471
3,PT04M12.00S,04:12,Q3 04:12,15.8,466,substitution,SUB in: C. Osman,[],Osman,78,58,,False,False,1626224,,substitution,substitution,,,,1626224|1627759|1629636|1630174|1630698|201567|202683|203471|203935,1626224|1629636|1630698|201567,1627759|1630174|202683|203471|203935,,,1610612739.0,22100471
3,PT04M12.00S,04:12,Q3 04:12,15.8,467,substitution,SUB in: D. Valentine,[],Valentine,78,58,,False,False,1627756,,substitution,2pt made,,,,1626224|1627756|1627759|1629636|1630174|1630698|201567|202683|203471|203935,1626224|1627756|1629636|1630698|201567,1627759|1630174|202683|203471|203935,,,1610612739.0,22100471
3,PT03M59.00S,03:59,Q3 03:59,14.016666666666667,468,2pt,D. Schroder driving finger roll Layup (3 PTS),"['pointsinthepaint', 'fromturnover']",Schroder,80,58,Made,True,False,203471,,substitution,2pt missed,,,,1626224|1627756|1627759|1629636|1630174|1630698|201567|202683|203471|203935,1627759|1630174|202683|203471|203935,1626224|1627756|1629636|1630698|201567,-2.0,36.0,1610612738.0,22100471
3,PT03M37.00S,03:37,Q3 03:37,14.383333333333333,469,2pt,MISS D. Garland driving floating Shot,['pointsinthepaint'],Garland,80,58,Missed,True,False,1629636,,2pt made,rebound,,,,1626224|1627756|1627759|1629636|1630174|1630698|201567|202683|203471|203935,1626224|1627756|1629636|1630698|201567,1627759|1630174|202683|203471|203935,-17.0,54.0,1610612739.0,22100471
3,PT03M34.00S,03:34,Q3 03:34,14.433333333333334,470,rebound,J. Brown REBOUND (Off:2 Def:3),[],Brown,80,58,,False,False,1627759,,2pt missed,foul,,,,1626224|1627756|1627759|1629636|1630174|1630698|201567|202683|203471|203935,1627759|1630174|202683|203471|203935,1626224|1627756|1629636|1630698|201567,,,1610612738.0,22100471
3,PT03M29.00S,03:29,Q3 03:29,14.516666666666667,471,foul,K. Pangos personal FOUL (1 PF),[],Pangos,80,58,,False,False,1630698,,rebound,foul,1627759.0,,,1626224|1627756|1627759|1629636|1630174|1630698|201567|202683|203471|203935,1626224|1627756|1629636|1630698|201567,1627759|1630174|202683|203471|203935,,,1610612739.0,22100471
3,PT03M29.00S,03:29,Q3 03:29,14.516666666666667,473,foul,D. Garland technical FOUL (1 Tech),['1freethrow'],Garland,80,58,,False,False,1629636,,foul,freethrow,,,,1626224|1627756|1627759|1629636|1630174|1630698|201567|202683|203471|203935,1626224|1627756|1629636|1630698|201567,1627759|1630174|202683|203471|203935,,,1610612739.0,22100471
3,PT03M29.00S,03:29,Q3 03:29,14.516666666666667,474,freethrow,J. Brown technical Free Throw 1 of 1 (26 PTS),[],Brown,81,58,Made,False,False,1627759,,foul,2pt missed,,,,1626224|1627756|1627759|1629636|1630174|1630698|201567|202683|203471|203935,1627759|1630174|202683|203471|203935,1626224|1627756|1629636|1630698|201567,,,1610612738.0,22100471
3,PT03M22.00S,03:22,Q3 03:22,14.633333333333333,475,2pt,MISS D. Schroder 13' fadeaway Shot,[],Schroder,81,58,Missed,True,False,203471,,freethrow,rebound,,,,1626224|1627756|1627759|1629636|1630174|1630698|201567|202683|203471|203935,1627759|1630174|202683|203471|203935,1626224|1627756|1629636|1630698|201567,-94.0,93.0,1610612738.0,22100471
3,PT03M20.00S,03:20,Q3 03:20,14.666666666666666,476,rebound,K. Love REBOUND (Off:4 Def:5),[],Love,81,58,,False,False,201567,,2pt missed,3pt made,,,,1626224|1627756|1627759|1629636|1630174|1630698|201567|202683|203471|203935,1626224|1627756|1629636|1630698|201567,1627759|1630174|202683|203471|203935,,,1610612739.0,22100471
3,PT03M13.00S,03:13,Q3 03:13,14.783333333333333,477,3pt,D. Garland 31' 3PT pullup (20 PTS),[],Garland,81,61,Made,True,False,1629636,,rebound,3pt made,,,,1626224|1627756|1627759|1629636|1630174|1630698|201567|202683|203471|203935,1626224|1627756|1629636|1630698|201567,1627759|1630174|202683|203471|203935,-71.0,309.0,1610612739.0,22100471
3,PT02M57.00S,02:57,Q3 02:57,13.05,478,3pt,J. Brown 24' 3PT pullup (29 PTS),[],Brown,84,61,Made,True,False,1627759,,3pt made,timeout,,,,1626224|1627756|1627759|1629636|1630174|1630698|201567|202683|203471|203935,1627759|1630174|202683|203471|203935,1626224|1627756|1629636|1630698|201567,145.0,199.0,1610612738.0,22100471
3,PT02M55.00S,02:55,Q3 02:55,13.083333333333334,479,timeout,CLE Timeout,"['team', 'mandatory']",,84,61,,False,False,0,,3pt made,foul,,,,1626224|1627756|1627759|1629636|1630174|1630698|201567|202683|203471|203935,1626224|1627756|1629636|1630698|201567,1627759|1630174|202683|203471|203935,,,1610612739.0,22100471
3,PT02M44.00S,02:44,Q3 02:44,13.266666666666667,481,foul,D. Schroder personal FOUL (3 PF) (Love 2 FT),"['inpenalty', '2freethrow']",Schroder,84,61,,False,False,203471,,timeout,freethrow,201567.0,,,1626224|1627756|1627759|1629636|1630174|1630698|201567|202683|203471|203935,1627759|1630174|202683|203471|203935,1626224|1627756|1629636|1630698|201567,,,1610612738.0,22100471
3,PT02M44.00S,02:44,Q3 02:44,13.266666666666667,484,freethrow,MISS K. Love Free Throw 1 of 2,[],Love,84,61,Missed,False,False,201567,,foul,rebound,,,,1626224|1627756|1627759|1629636|1630174|1630698|201567|202683|203471|203935,1626224|1627756|1629636|1630698|201567,1627759|1630174|202683|203471|203935,,,1610612739.0,22100471
3,PT02M44.00S,02:44,Q3 02:44,13.266666666666667,485,rebound,TEAM offensive REBOUND,"['deadball', 'team']",,84,61,,False,False,0,,freethrow,freethrow,,,,1626224|1627756|1627759|1629636|1630174|1630698|201567|202683|203471|203935,1626224|1627756|1629636|1630698|201567,1627759|1630174|202683|203471|203935,,,1610612739.0,22100471
3,PT02M44.00S,02:44,Q3 02:44,13.266666666666667,486,freethrow,K. Love Free Throw 2 of 2 (12 PTS),[],Love,84,62,Made,False,False,201567,,rebound,turnover,,,,1626224|1627756|1627759|1629636|1630174|1630698|201567|202683|203471|203935,1626224|1627756|1629636|1630698|201567,1627759|1630174|202683|203471|203935,,,1610612739.0,22100471
3,PT02M20.00S,02:20,Q3 02:20,13.666666666666666,487,turnover,J. Brown lost ball TURNOVER (2 TO),[],Brown,84,62,,False,False,1627759,,freethrow,steal,,1626224.0,,1626224|1627756|1627759|1629636|1630174|1630698|201567|202683|203471|203935,1627759|1630174|202683|203471|203935,1626224|1627756|1629636|1630698|201567,,,1610612738.0,22100471
3,PT02M20.00S,02:20,Q3 02:20,13.666666666666666,488,steal,C. Osman STEAL (1 STL),[],Osman,84,62,,False,False,1626224,,turnover,2pt made,,,,1626224|1627756|1627759|1629636|1630174|1630698|201567|202683|203471|203935,1626224|1627756|1629636|1630698|201567,1627759|1630174|202683|203471|203935,,,1610612739.0,22100471
3,PT02M16.00S,02:16,Q3 02:16,13.733333333333333,489,2pt,C. Osman running Layup (7 PTS),"['pointsinthepaint', 'fromturnover', 'fastbreak']",Osman,84,64,Made,True,False,1626224,,steal,foul,,,,1626224|1627756|1627759|1629636|1630174|1630698|201567|202683|203471|203935,1626224|1627756|1629636|1630698|201567,1627759|1630174|202683|203471|203935,25.0,16.0,1610612739.0,22100471
3,PT02M04.00S,02:04,Q3 02:04,13.933333333333334,490,foul,K. Love shooting personal FOUL (3 PF) (Smart 2 FT),['2freethrow'],Love,84,64,,False,False,201567,,2pt made,freethrow,203935.0,,,1626224|1627756|1627759|1629636|1630174|1630698|201567|202683|203471|203935,1626224|1627756|1629636|1630698|201567,1627759|1630174|202683|203471|203935,,,1610612739.0,22100471
3,PT02M04.00S,02:04,Q3 02:04,13.933333333333334,492,freethrow,MISS M. Smart Free Throw 1 of 2,[],Smart,84,64,Missed,False,False,203935,,foul,rebound,,,,1626224|1627756|1627759|1629636|1630174|1630698|201567|202683|203471|203935,1627759|1630174|202683|203471|203935,1626224|1627756|1629636|1630698|201567,,,1610612738.0,22100471
3,PT02M04.00S,02:04,Q3 02:04,13.933333333333334,493,rebound,TEAM offensive REBOUND,"['deadball', 'team']",,84,64,,False,False,0,,freethrow,freethrow,,,,1626224|1627756|1627759|1629636|1630174|1630698|201567|202683|203471|203935,1627759|1630174|202683|203471|203935,1626224|1627756|1629636|1630698|201567,,,1610612738.0,22100471
3,PT02M04.00S,02:04,Q3 02:04,13.933333333333334,494,freethrow,M. Smart Free Throw 2 of 2 (4 PTS),[],Smart,85,64,Made,False,False,203935,,rebound,foul,,,,1626224|1627756|1627759|1629636|1630174|1630698|201567|202683|203471|203935,1627759|1630174|202683|203471|203935,1626224|1627756|1629636|1630698|201567,,,1610612738.0,22100471
3,PT01M49.00S,01:49,Q3 01:49,12.183333333333334,495,foul,E. Freedom personal FOUL (1 PF) (Love 2 FT),"['inpenalty', '2freethrow']",Freedom,85,64,,False,False,202683,,freethrow,freethrow,201567.0,,,1626224|1627756|1627759|1629636|1630174|1630698|201567|202683|203471|203935,1627759|1630174|202683|203471|203935,1626224|1627756|1629636|1630698|201567,,,1610612738.0,22100471
3,PT01M49.00S,01:49,Q3 01:49,12.183333333333334,497,freethrow,K. Love Free Throw 1 of 2 (13 PTS),[],Love,85,65,Made,False,False,201567,,foul,freethrow,,,,1626224|1627756|1627759|1629636|1630174|1630698|201567|202683|203471|203935,1626224|1627756|1629636|1630698|201567,1627759|1630174|202683|203471|203935,,,1610612739.0,22100471
3,PT01M49.00S,01:49,Q3 01:49,12.183333333333334,498,freethrow,K. Love Free Throw 2 of 2 (14 PTS),[],Love,85,66,Made,False,False,201567,,freethrow,2pt missed,,,,1626224|1627756|1627759|1629636|1630174|1630698|201567|202683|203471|203935,1626224|1627756|1629636|1630698|201567,1627759|1630174|202683|203471|203935,,,1610612739.0,22100471
3,PT01M38.00S,01:38,Q3 01:38,12.366666666666667,499,2pt,MISS D. Schroder 9' driving floating Shot,['pointsinthepaint'],Schroder,85,66,Missed,True,False,203471,,freethrow,rebound,,,,1626224|1627756|1627759|1629636|1630174|1630698|201567|202683|203471|203935,1627759|1630174|202683|203471|203935,1626224|1627756|1629636|1630698|201567,71.0,58.0,1610612738.0,22100471
3,PT01M37.00S,01:37,Q3 01:37,12.383333333333333,500,rebound,K. Love REBOUND (Off:4 Def:6),[],Love,85,66,,False,False,201567,,2pt missed,turnover,,,,1626224|1627756|1627759|1629636|1630174|1630698|201567|202683|203471|203935,1626224|1627756|1629636|1630698|201567,1627759|1630174|202683|203471|203935,,,1610612739.0,22100471
3,PT01M31.00S,01:31,Q3 01:31,12.483333333333333,501,turnover,D. Garland lost ball TURNOVER (2 TO),[],Garland,85,66,,False,False,1629636,,rebound,steal,,202683.0,,1626224|1627756|1627759|1629636|1630174|1630698|201567|202683|203471|203935,1626224|1627756|1629636|1630698|201567,1627759|1630174|202683|203471|203935,,,1610612739.0,22100471
3,PT01M31.00S,01:31,Q3 01:31,12.483333333333333,502,steal,E. Freedom STEAL (1 STL),[],Freedom,85,66,,False,False,202683,,turnover,foul,,,,1626224|1627756|1627759|1629636|1630174|1630698|201567|202683|203471|203935,1627759|1630174|202683|203471|203935,1626224|1627756|1629636|1630698|201567,,,1610612738.0,22100471
3,PT01M27.00S,01:27,Q3 01:27,12.55,503,foul,A. Nesmith charge offensive FOUL (2 PF),['inpenalty'],Nesmith,85,66,,False,False,1630174,,steal,turnover,1630698.0,,,1626224|1627756|1627759|1629636|1630174|1630698|201567|202683|203471|203935,1627759|1630174|202683|203471|203935,1626224|1627756|1629636|1630698|201567,,,1610612738.0,22100471
3,PT01M27.00S,01:27,Q3 01:27,12.55,505,turnover,A. Nesmith offensive foul TURNOVER (2 TO),[],Nesmith,85,66,,False,False,1630174,,foul,substitution,,,,1626224|1627756|1627759|1629636|1630174|1630698|201567|202683|203471|203935,1627759|1630174|202683|203471|203935,1626224|1627756|1629636|1630698|201567,,,1610612738.0,22100471
3,PT01M27.00S,01:27,Q3 01:27,12.55,506,substitution,SUB out: M. Smart,[],Smart,85,66,,False,False,203935,,turnover,substitution,,,,1626224|1627756|1627759|1629636|1630174|1630698|201567|202683|203471,1627759|1630174|202683|203471,1626224|1627756|1629636|1630698|201567,,,1610612738.0,22100471
3,PT01M27.00S,01:27,Q3 01:27,12.55,507,substitution,SUB in: P. Pritchard,[],Pritchard,85,66,,False,False,1630202,,substitution,2pt made,,,,1626224|1627756|1627759|1629636|1630174|1630202|1630698|201567|202683|203471,1627759|1630174|1630202|202683|203471,1626224|1627756|1629636|1630698|201567,,,1610612738.0,22100471
3,PT01M14.00S,01:14,Q3 01:14,12.766666666666667,508,2pt,C. Osman cutting Layup (9 PTS) (D. Garland 5 AST),"['pointsinthepaint', 'fromturnover']",Osman,85,68,Made,True,True,1626224,1629636.0,substitution,2pt missed,,,,1626224|1627756|1627759|1629636|1630174|1630202|1630698|201567|202683|203471,1626224|1627756|1629636|1630698|201567,1627759|1630174|1630202|202683|203471,16.0,41.0,1610612739.0,22100471
3,PT00M56.90S,00:56,Q3 00:56,11.066666666666666,510,2pt,MISS D. Schroder 13' pullup Shot,['pointsinthepaint'],Schroder,85,68,Missed,True,False,203471,,2pt made,rebound,,,,1626224|1627756|1627759|1629636|1630174|1630202|1630698|201567|202683|203471,1627759|1630174|1630202|202683|203471,1626224|1627756|1629636|1630698|201567,-22.0,132.0,1610612738.0,22100471
3,PT00M54.20S,00:54,Q3 00:54,11.1,511,rebound,C. Osman REBOUND (Off:0 Def:3),[],Osman,85,68,,False,False,1626224,,2pt missed,3pt made,,,,1626224|1627756|1627759|1629636|1630174|1630202|1630698|201567|202683|203471,1626224|1627756|1629636|1630698|201567,1627759|1630174|1630202|202683|203471,,,1610612739.0,22100471
3,PT00M47.90S,00:47,Q3 00:47,11.216666666666667,512,3pt,K. Love 29' 3PT  (17 PTS) (C. Osman 1 AST),[],Love,85,71,Made,True,True,201567,1626224.0,rebound,timeout,,,,1626224|1627756|1627759|1629636|1630174|1630202|1630698|201567|202683|203471,1626224|1627756|1629636|1630698|201567,1627759|1630174|1630202|202683|203471,-136.0,262.0,1610612739.0,22100471
3,PT00M46.80S,00:46,Q3 00:46,11.233333333333333,514,timeout,BOS Timeout,['team'],,85,71,,False,False,0,,3pt made,turnover,,,,1626224|1627756|1627759|1629636|1630174|1630202|1630698|201567|202683|203471,1627759|1630174|1630202|202683|203471,1626224|1627756|1629636|1630698|201567,,,1610612738.0,22100471
3,PT00M30.20S,00:30,Q3 00:30,11.5,515,turnover,J. Brown lost ball TURNOVER (3 TO),[],Brown,85,71,,False,False,1627759,,timeout,steal,,201567.0,,1626224|1627756|1627759|1629636|1630174|1630202|1630698|201567|202683|203471,1627759|1630174|1630202|202683|203471,1626224|1627756|1629636|1630698|201567,,,1610612738.0,22100471
3,PT00M30.20S,00:30,Q3 00:30,11.5,516,steal,K. Love STEAL (1 STL),[],Love,85,71,,False,False,201567,,turnover,2pt made,,,,1626224|1627756|1627759|1629636|1630174|1630202|1630698|201567|202683|203471,1626224|1627756|1629636|1630698|201567,1627759|1630174|1630202|202683|203471,,,1610612739.0,22100471
3,PT00M21.00S,00:21,Q3 00:21,11.65,518,2pt,C. Osman cutting Layup (11 PTS) (K. Love 3 AST),"['pointsinthepaint', 'fromturnover']",Osman,85,73,Made,True,True,1626224,201567.0,steal,2pt missed,,,,1626224|1627756|1627759|1629636|1630174|1630202|1630698|201567|202683|203471,1626224|1627756|1629636|1630698|201567,1627759|1630174|1630202|202683|203471,11.0,21.0,1610612739.0,22100471
3,PT00M03.10S,00:03,Q3 00:03,11.95,520,2pt,MISS D. Schroder driving Layup,['pointsinthepaint'],Schroder,85,73,Missed,True,False,203471,,2pt made,rebound,,,,1626224|1627756|1627759|1629636|1630174|1630202|1630698|201567|202683|203471,1627759|1630174|1630202|202683|203471,1626224|1627756|1629636|1630698|201567,-10.0,27.0,1610612738.0,22100471
3,PT00M01.70S,00:01,Q3 00:01,11.983333333333333,521,rebound,K. Love REBOUND (Off:4 Def:7),[],Love,85,73,,False,False,201567,,2pt missed,3pt missed,,,,1626224|1627756|1627759|1629636|1630174|1630202|1630698|201567|202683|203471,1626224|1627756|1629636|1630698|201567,1627759|1630174|1630202|202683|203471,,,1610612739.0,22100471
3,PT00M00.00S,00:00,Q3 00:00,12.0,522,3pt,MISS C. Osman 28' 3PT,[],Osman,85,73,Missed,True,False,1626224,,rebound,rebound,,,,1626224|1627756|1627759|1629636|1630174|1630202|1630698|201567|202683|203471,1626224|1627756|1629636|1630698|201567,1627759|1630174|1630202|202683|203471,125.0,251.0,1610612739.0,22100471
3,PT00M00.00S,00:00,Q3 00:00,12.0,523,rebound,TEAM offensive REBOUND,['team'],,85,73,,False,False,0,,3pt missed,substitution,,,,1626224|1627756|1627759|1629636|1630174|1630202|1630698|201567|202683|203471,1626224|1627756|1629636|1630698|201567,1627759|1630174|1630202|202683|203471,,,1610612739.0,22100471
4,PT12M00.00S,12:00,Q4 12:00,12.0,525,substitution,SUB out: E. Freedom,['startperiod'],Freedom,85,73,,False,False,202683,,rebound,substitution,,,,1626224|1627756|1627759|1629636|1630174|1630202|1630698|201567|203471,1627759|1630174|1630202|203471,1626224|1627756|1629636|1630698|201567,,,1610612738.0,22100471
4,PT12M00.00S,12:00,Q4 12:00,12.0,526,substitution,SUB out: A. Nesmith,['startperiod'],Nesmith,85,73,,False,False,1630174,,substitution,substitution,,,,1626224|1627756|1627759|1629636|1630202|1630698|201567|203471,1627759|1630202|203471,1626224|1627756|1629636|1630698|201567,,,1610612738.0,22100471
4,PT12M00.00S,12:00,Q4 12:00,12.0,527,substitution,SUB out: D. Schroder,['startperiod'],Schroder,85,73,,False,False,203471,,substitution,substitution,,,,1626224|1627756|1627759|1629636|1630202|1630698|201567,1627759|1630202,1626224|1627756|1629636|1630698|201567,,,1610612738.0,22100471
4,PT12M00.00S,12:00,Q4 12:00,12.0,528,substitution,SUB in: R. Langford,['startperiod'],Langford,85,73,,False,False,1629641,,substitution,substitution,,,,1626224|1627756|1627759|1629636|1629641|1630202|1630698|201567,1627759|1629641|1630202,1626224|1627756|1629636|1630698|201567,,,1610612738.0,22100471
4,PT12M00.00S,12:00,Q4 12:00,12.0,529,substitution,SUB in: R. Williams III,['startperiod'],Williams III,85,73,,False,False,1629057,,substitution,substitution,,,,1626224|1627756|1627759|1629057|1629636|1629641|1630202|1630698|201567,1627759|1629057|1629641|1630202,1626224|1627756|1629636|1630698|201567,,,1610612738.0,22100471
4,PT12M00.00S,12:00,Q4 12:00,12.0,530,substitution,SUB in: J. Tatum,['startperiod'],Tatum,85,73,,False,False,1628369,,substitution,3pt missed,,,,1626224|1627756|1627759|1628369|1629057|1629636|1629641|1630202|1630698|201567,1627759|1628369|1629057|1629641|1630202,1626224|1627756|1629636|1630698|201567,,,1610612738.0,22100471
4,PT11M49.00S,11:49,Q4 11:49,10.183333333333334,532,3pt,MISS C. Osman 29' 3PT,[],Osman,85,73,Missed,True,False,1626224,,substitution,rebound,,,,1626224|1627756|1627759|1628369|1629057|1629636|1629641|1630202|1630698|201567,1626224|1627756|1629636|1630698|201567,1627759|1628369|1629057|1629641|1630202,-82.0,286.0,1610612739.0,22100471
4,PT11M46.00S,11:46,Q4 11:46,10.233333333333333,533,rebound,J. Tatum REBOUND (Off:1 Def:5),[],Tatum,85,73,,False,False,1628369,,3pt missed,3pt missed,,,,1626224|1627756|1627759|1628369|1629057|1629636|1629641|1630202|1630698|201567,1627759|1628369|1629057|1629641|1630202,1626224|1627756|1629636|1630698|201567,,,1610612738.0,22100471
4,PT11M32.00S,11:32,Q4 11:32,10.466666666666667,534,3pt,MISS J. Brown 25' 3PT,[],Brown,85,73,Missed,True,False,1627759,,rebound,rebound,,,,1626224|1627756|1627759|1628369|1629057|1629636|1629641|1630202|1630698|201567,1627759|1628369|1629057|1629641|1630202,1626224|1627756|1629636|1630698|201567,-229.0,108.0,1610612738.0,22100471
4,PT11M30.00S,11:30,Q4 11:30,10.5,535,rebound,D. Valentine REBOUND (Off:0 Def:2),[],Valentine,85,73,,False,False,1627756,,3pt missed,2pt made,,,,1626224|1627756|1627759|1628369|1629057|1629636|1629641|1630202|1630698|201567,1626224|1627756|1629636|1630698|201567,1627759|1628369|1629057|1629641|1630202,,,1610612739.0,22100471
4,PT11M20.00S,11:20,Q4 11:20,10.666666666666666,536,2pt,D. Garland 16' pullup Jump Shot (22 PTS),[],Garland,85,75,Made,True,False,1629636,,rebound,2pt missed,,,,1626224|1627756|1627759|1628369|1629057|1629636|1629641|1630202|1630698|201567,1626224|1627756|1629636|1630698|201567,1627759|1628369|1629057|1629641|1630202,-56.0,154.0,1610612739.0,22100471
4,PT11M04.00S,11:04,Q4 11:04,10.933333333333334,537,2pt,MISS P. Pritchard 18' step back Shot,[],Pritchard,85,75,Missed,True,False,1630202,,2pt made,rebound,,,,1626224|1627756|1627759|1628369|1629057|1629636|1629641|1630202|1630698|201567,1627759|1628369|1629057|1629641|1630202,1626224|1627756|1629636|1630698|201567,145.0,120.0,1610612738.0,22100471
4,PT11M02.00S,11:02,Q4 11:02,10.966666666666667,538,rebound,R. Williams III REBOUND (Off:3 Def:6),[],Williams III,85,75,,False,False,1629057,,2pt missed,2pt made,,,,1626224|1627756|1627759|1628369|1629057|1629636|1629641|1630202|1630698|201567,1627759|1628369|1629057|1629641|1630202,1626224|1627756|1629636|1630698|201567,,,1610612738.0,22100471
4,PT11M02.00S,11:02,Q4 11:02,10.966666666666667,539,2pt,R. Williams III tip Layup (15 PTS),"['2ndchance', 'pointsinthepaint']",Williams III,87,75,Made,True,False,1629057,,rebound,3pt missed,,,,1626224|1627756|1627759|1628369|1629057|1629636|1629641|1630202|1630698|201567,1627759|1628369|1629057|1629641|1630202,1626224|1627756|1629636|1630698|201567,0.0,0.0,1610612738.0,22100471
4,PT10M46.00S,10:46,Q4 10:46,9.233333333333333,540,3pt,MISS D. Garland 34' 3PT,[],Garland,87,75,Missed,True,False,1629636,,2pt made,rebound,,,,1626224|1627756|1627759|1628369|1629057|1629636|1629641|1630202|1630698|201567,1626224|1627756|1629636|1630698|201567,1627759|1628369|1629057|1629641|1630202,-134.0,320.0,1610612739.0,22100471
4,PT10M45.00S,10:45,Q4 10:45,9.25,541,rebound,D. Valentine REBOUND (Off:1 Def:2),[],Valentine,87,75,,False,False,1627756,,3pt missed,3pt missed,,,,1626224|1627756|1627759|1628369|1629057|1629636|1629641|1630202|1630698|201567,1626224|1627756|1629636|1630698|201567,1627759|1628369|1629057|1629641|1630202,,,1610612739.0,22100471
4,PT10M41.00S,10:41,Q4 10:41,9.316666666666666,542,3pt,MISS C. Osman 26' 3PT,['2ndchance'],Osman,87,75,Missed,True,False,1626224,,rebound,rebound,,,,1626224|1627756|1627759|1628369|1629057|1629636|1629641|1630202|1630698|201567,1626224|1627756|1629636|1630698|201567,1627759|1628369|1629057|1629641|1630202,-192.0,188.0,1610612739.0,22100471
4,PT10M37.00S,10:37,Q4 10:37,9.383333333333333,543,rebound,K. Love REBOUND (Off:5 Def:7),[],Love,87,75,,False,False,201567,,3pt missed,turnover,,,,1626224|1627756|1627759|1628369|1629057|1629636|1629641|1630202|1630698|201567,1626224|1627756|1629636|1630698|201567,1627759|1628369|1629057|1629641|1630202,,,1610612739.0,22100471
4,PT10M35.00S,10:35,Q4 10:35,9.416666666666666,544,turnover,K. Love bad pass TURNOVER (1 TO),[],Love,87,75,,False,False,201567,,rebound,steal,,1629057.0,,1626224|1627756|1627759|1628369|1629057|1629636|1629641|1630202|1630698|201567,1626224|1627756|1629636|1630698|201567,1627759|1628369|1629057|1629641|1630202,,,1610612739.0,22100471
4,PT10M35.00S,10:35,Q4 10:35,9.416666666666666,545,steal,R. Williams III STEAL (2 STL),[],Williams III,87,75,,False,False,1629057,,turnover,2pt made,,,,1626224|1627756|1627759|1628369|1629057|1629636|1629641|1630202|1630698|201567,1627759|1628369|1629057|1629641|1630202,1626224|1627756|1629636|1630698|201567,,,1610612738.0,22100471
4,PT10M32.00S,10:32,Q4 10:32,9.466666666666667,546,2pt,R. Williams III running DUNK (17 PTS),"['pointsinthepaint', 'fromturnover', 'fastbreak']",Williams III,89,75,Made,True,False,1629057,,steal,2pt missed,,,,1626224|1627756|1627759|1628369|1629057|1629636|1629641|1630202|1630698|201567,1627759|1628369|1629057|1629641|1630202,1626224|1627756|1629636|1630698|201567,-4.0,19.0,1610612738.0,22100471
4,PT10M12.00S,10:12,Q4 10:12,9.8,547,2pt,MISS C. Osman driving Layup,['pointsinthepaint'],Osman,89,75,Missed,True,False,1626224,,2pt made,rebound,,,,1626224|1627756|1627759|1628369|1629057|1629636|1629641|1630202|1630698|201567,1626224|1627756|1629636|1630698|201567,1627759|1628369|1629057|1629641|1630202,39.0,10.0,1610612739.0,22100471
4,PT10M10.00S,10:10,Q4 10:10,9.833333333333334,548,rebound,P. Pritchard REBOUND (Off:1 Def:4),[],Pritchard,89,75,,False,False,1630202,,2pt missed,foul,,,,1626224|1627756|1627759|1628369|1629057|1629636|1629641|1630202|1630698|201567,1627759|1628369|1629057|1629641|1630202,1626224|1627756|1629636|1630698|201567,,,1610612738.0,22100471
4,PT10M08.00S,10:08,Q4 10:08,9.866666666666667,549,foul,K. Pangos take personal FOUL (2 PF),[],Pangos,89,75,,False,False,1630698,,rebound,substitution,1628369.0,,,1626224|1627756|1627759|1628369|1629057|1629636|1629641|1630202|1630698|201567,1626224|1627756|1629636|1630698|201567,1627759|1628369|1629057|1629641|1630202,,,1610612739.0,22100471
4,PT10M08.00S,10:08,Q4 10:08,9.866666666666667,551,substitution,SUB out: K. Pangos,[],Pangos,89,75,,False,False,1630698,,foul,substitution,,,,1626224|1627756|1627759|1628369|1629057|1629636|1629641|1630202|201567,1626224|1627756|1629636|201567,1627759|1628369|1629057|1629641|1630202,,,1610612739.0,22100471
4,PT10M08.00S,10:08,Q4 10:08,9.866666666666667,552,substitution,SUB in: R. Rubio,[],Rubio,89,75,,False,False,201937,,substitution,2pt made,,,,1626224|1627756|1627759|1628369|1629057|1629636|1629641|1630202|201567|201937,1626224|1627756|1629636|201567|201937,1627759|1628369|1629057|1629641|1630202,,,1610612739.0,22100471
4,PT09M58.00S,09:58,Q4 09:58,8.033333333333333,553,2pt,R. Langford cutting Layup (9 PTS) (R. Williams III 5 AST),['pointsinthepaint'],Langford,91,75,Made,True,True,1629641,1629057.0,substitution,3pt missed,,,,1626224|1627756|1627759|1628369|1629057|1629636|1629641|1630202|201567|201937,1627759|1628369|1629057|1629641|1630202,1626224|1627756|1629636|201567|201937,-13.0,25.0,1610612738.0,22100471
4,PT09M45.00S,09:45,Q4 09:45,8.25,555,3pt,MISS K. Love 26' 3PT,[],Love,91,75,Missed,True,False,201567,,2pt made,rebound,,,,1626224|1627756|1627759|1628369|1629057|1629636|1629641|1630202|201567|201937,1626224|1627756|1629636|201567|201937,1627759|1628369|1629057|1629641|1630202,-190.0,183.0,1610612739.0,22100471
4,PT09M42.00S,09:42,Q4 09:42,8.3,556,rebound,D. Valentine REBOUND (Off:2 Def:2),[],Valentine,91,75,,False,False,1627756,,3pt missed,turnover,,,,1626224|1627756|1627759|1628369|1629057|1629636|1629641|1630202|201567|201937,1626224|1627756|1629636|201567|201937,1627759|1628369|1629057|1629641|1630202,,,1610612739.0,22100471
4,PT09M40.00S,09:40,Q4 09:40,8.333333333333334,557,turnover,D. Valentine lost ball TURNOVER (2 TO),[],Valentine,91,75,,False,False,1627756,,rebound,steal,,1628369.0,,1626224|1627756|1627759|1628369|1629057|1629636|1629641|1630202|201567|201937,1626224|1627756|1629636|201567|201937,1627759|1628369|1629057|1629641|1630202,,,1610612739.0,22100471
4,PT09M40.00S,09:40,Q4 09:40,8.333333333333334,558,steal,J. Tatum STEAL (2 STL),[],Tatum,91,75,,False,False,1628369,,turnover,foul,,,,1626224|1627756|1627759|1628369|1629057|1629636|1629641|1630202|201567|201937,1627759|1628369|1629057|1629641|1630202,1626224|1627756|1629636|201567|201937,,,1610612738.0,22100471
4,PT09M36.00S,09:36,Q4 09:36,8.4,559,foul,C. Osman shooting personal FOUL (2 PF) (Tatum 2 FT),['2freethrow'],Osman,91,75,,False,False,1626224,,steal,freethrow,1628369.0,,,1626224|1627756|1627759|1628369|1629057|1629636|1629641|1630202|201567|201937,1626224|1627756|1629636|201567|201937,1627759|1628369|1629057|1629641|1630202,,,1610612739.0,22100471
4,PT09M36.00S,09:36,Q4 09:36,8.4,561,freethrow,J. Tatum Free Throw 1 of 2 (14 PTS),"['fromturnover', 'fastbreak']",Tatum,92,75,Made,False,False,1628369,,foul,freethrow,,,,1626224|1627756|1627759|1628369|1629057|1629636|1629641|1630202|201567|201937,1627759|1628369|1629057|1629641|1630202,1626224|1627756|1629636|201567|201937,,,1610612738.0,22100471
4,PT09M36.00S,09:36,Q4 09:36,8.4,564,freethrow,J. Tatum Free Throw 2 of 2 (15 PTS),"['fastbreak', 'fromturnover']",Tatum,93,75,Made,False,False,1628369,,freethrow,substitution,,,,1626224|1627756|1627759|1628369|1629057|1629636|1629641|1630202|201567|201937,1627759|1628369|1629057|1629641|1630202,1626224|1627756|1629636|201567|201937,,,1610612738.0,22100471
4,PT09M36.00S,09:36,Q4 09:36,8.4,562,substitution,SUB out: K. Love,[],Love,92,75,,False,False,201567,,freethrow,substitution,,,,1626224|1627756|1627759|1628369|1629057|1629636|1629641|1630202|201937,1626224|1627756|1629636|201937,1627759|1628369|1629057|1629641|1630202,,,1610612739.0,22100471
4,PT09M36.00S,09:36,Q4 09:36,8.4,563,substitution,SUB in: L. Markkanen,[],Markkanen,92,75,,False,False,1628374,,substitution,3pt made,,,,1626224|1627756|1627759|1628369|1628374|1629057|1629636|1629641|1630202|201937,1626224|1627756|1628374|1629636|201937,1627759|1628369|1629057|1629641|1630202,,,1610612739.0,22100471
4,PT09M19.00S,09:19,Q4 09:19,8.683333333333334,565,3pt,D. Valentine 25' 3PT  (8 PTS) (R. Rubio 5 AST),[],Valentine,93,78,Made,True,True,1627756,201937.0,substitution,2pt made,,,,1626224|1627756|1627759|1628369|1628374|1629057|1629636|1629641|1630202|201937,1626224|1627756|1628374|1629636|201937,1627759|1628369|1629057|1629641|1630202,-217.0,131.0,1610612739.0,22100471
4,PT08M56.00S,08:56,Q4 08:56,7.066666666666666,567,2pt,J. Tatum driving Layup (17 PTS),['pointsinthepaint'],Tatum,95,78,Made,True,False,1628369,,3pt made,foul,,,,1626224|1627756|1627759|1628369|1628374|1629057|1629636|1629641|1630202|201937,1627759|1628369|1629057|1629641|1630202,1626224|1627756|1628374|1629636|201937,28.0,22.0,1610612738.0,22100471
4,PT08M45.00S,08:45,Q4 08:45,7.25,568,foul,J. Tatum personal FOUL (4 PF),[],Tatum,95,78,,False,False,1628369,,2pt made,substitution,1628374.0,,,1626224|1627756|1627759|1628369|1628374|1629057|1629636|1629641|1630202|201937,1627759|1628369|1629057|1629641|1630202,1626224|1627756|1628374|1629636|201937,,,1610612738.0,22100471
4,PT08M45.00S,08:45,Q4 08:45,7.25,570,substitution,SUB out: J. Brown,[],Brown,95,78,,False,False,1627759,,foul,substitution,,,,1626224|1627756|1628369|1628374|1629057|1629636|1629641|1630202|201937,1628369|1629057|1629641|1630202,1626224|1627756|1628374|1629636|201937,,,1610612738.0,22100471
4,PT08M45.00S,08:45,Q4 08:45,7.25,571,substitution,SUB in: M. Smart,[],Smart,95,78,,False,False,203935,,substitution,2pt missed,,,,1626224|1627756|1628369|1628374|1629057|1629636|1629641|1630202|201937|203935,1628369|1629057|1629641|1630202|203935,1626224|1627756|1628374|1629636|201937,,,1610612738.0,22100471
4,PT08M31.00S,08:31,Q4 08:31,7.483333333333333,572,2pt,MISS C. Osman driving Layup - blocked,['pointsinthepaint'],Osman,95,78,Missed,True,False,1626224,,substitution,block,,,1629641.0,1626224|1627756|1628369|1628374|1629057|1629636|1629641|1630202|201937|203935,1626224|1627756|1628374|1629636|201937,1628369|1629057|1629641|1630202|203935,5.0,36.0,1610612739.0,22100471
4,PT08M31.00S,08:31,Q4 08:31,7.483333333333333,573,block,R. Langford BLOCK (1 BLK),[],Langford,95,78,,False,False,1629641,,2pt missed,rebound,,,,1626224|1627756|1628369|1628374|1629057|1629636|1629641|1630202|201937|203935,1628369|1629057|1629641|1630202|203935,1626224|1627756|1628374|1629636|201937,,,1610612738.0,22100471
4,PT08M28.00S,08:28,Q4 08:28,7.533333333333333,574,rebound,L. Markkanen REBOUND (Off:3 Def:5),[],Markkanen,95,78,,False,False,1628374,,block,2pt made,,,,1626224|1627756|1628369|1628374|1629057|1629636|1629641|1630202|201937|203935,1626224|1627756|1628374|1629636|201937,1628369|1629057|1629641|1630202|203935,,,1610612739.0,22100471
4,PT08M27.00S,08:27,Q4 08:27,7.55,575,2pt,L. Markkanen putback Layup (7 PTS),"['pointsinthepaint', '2ndchance']",Markkanen,95,80,Made,True,False,1628374,,rebound,foul,,,,1626224|1627756|1628369|1628374|1629057|1629636|1629641|1630202|201937|203935,1626224|1627756|1628374|1629636|201937,1628369|1629057|1629641|1630202|203935,9.0,25.0,1610612739.0,22100471
4,PT08M27.00S,08:27,Q4 08:27,7.55,577,foul,C. Osman technical FOUL (1 Tech),['1freethrow'],Osman,95,80,,False,False,1626224,,2pt made,freethrow,,,,1626224|1627756|1628369|1628374|1629057|1629636|1629641|1630202|201937|203935,1626224|1627756|1628374|1629636|201937,1628369|1629057|1629641|1630202|203935,,,1610612739.0,22100471
4,PT08M27.00S,08:27,Q4 08:27,7.55,578,freethrow,J. Tatum technical Free Throw 1 of 1 (18 PTS),[],Tatum,96,80,Made,False,False,1628369,,foul,2pt missed,,,,1626224|1627756|1628369|1628374|1629057|1629636|1629641|1630202|201937|203935,1628369|1629057|1629641|1630202|203935,1626224|1627756|1628374|1629636|201937,,,1610612738.0,22100471
4,PT08M13.00S,08:13,Q4 08:13,7.783333333333333,579,2pt,MISS J. Tatum 7' fadeaway Shot,['pointsinthepaint'],Tatum,96,80,Missed,True,False,1628369,,freethrow,rebound,,,,1626224|1627756|1628369|1628374|1629057|1629636|1629641|1630202|201937|203935,1628369|1629057|1629641|1630202|203935,1626224|1627756|1628374|1629636|201937,-76.0,24.0,1610612738.0,22100471
4,PT08M10.00S,08:10,Q4 08:10,7.833333333333333,580,rebound,D. Valentine REBOUND (Off:2 Def:3),[],Valentine,96,80,,False,False,1627756,,2pt missed,2pt missed,,,,1626224|1627756|1628369|1628374|1629057|1629636|1629641|1630202|201937|203935,1626224|1627756|1628374|1629636|201937,1628369|1629057|1629641|1630202|203935,,,1610612739.0,22100471
4,PT08M04.00S,08:04,Q4 08:04,7.933333333333334,581,2pt,MISS R. Rubio 12' fadeaway Shot,['pointsinthepaint'],Rubio,96,80,Missed,True,False,201937,,rebound,rebound,,,,1626224|1627756|1628369|1628374|1629057|1629636|1629641|1630202|201937|203935,1626224|1627756|1628374|1629636|201937,1628369|1629057|1629641|1630202|203935,-56.0,106.0,1610612739.0,22100471
4,PT08M00.00S,08:00,Q4 08:00,8.0,582,rebound,J. Tatum REBOUND (Off:1 Def:6),[],Tatum,96,80,,False,False,1628369,,2pt missed,3pt missed,,,,1626224|1627756|1628369|1628374|1629057|1629636|1629641|1630202|201937|203935,1628369|1629057|1629641|1630202|203935,1626224|1627756|1628374|1629636|201937,,,1610612738.0,22100471
4,PT07M52.00S,07:52,Q4 07:52,6.133333333333333,583,3pt,MISS R. Langford 3PT,[],Langford,96,80,Missed,True,False,1629641,,rebound,rebound,,,,1626224|1627756|1628369|1628374|1629057|1629636|1629641|1630202|201937|203935,1628369|1629057|1629641|1630202|203935,1626224|1627756|1628374|1629636|201937,-227.0,-23.0,1610612738.0,22100471
4,PT07M50.00S,07:50,Q4 07:50,6.166666666666667,584,rebound,R. Rubio REBOUND (Off:1 Def:4),[],Rubio,96,80,,False,False,201937,,3pt missed,3pt missed,,,,1626224|1627756|1628369|1628374|1629057|1629636|1629641|1630202|201937|203935,1626224|1627756|1628374|1629636|201937,1628369|1629057|1629641|1630202|203935,,,1610612739.0,22100471
4,PT07M46.00S,07:46,Q4 07:46,6.233333333333333,585,3pt,MISS D. Valentine 28' running 3PT,['fastbreak'],Valentine,96,80,Missed,True,False,1627756,,rebound,rebound,,,,1626224|1627756|1628369|1628374|1629057|1629636|1629641|1630202|201937|203935,1626224|1627756|1628374|1629636|201937,1628369|1629057|1629641|1630202|203935,-188.0,214.0,1610612739.0,22100471
4,PT07M43.00S,07:43,Q4 07:43,6.283333333333333,586,rebound,TEAM defensive REBOUND,['team'],,96,80,,False,False,0,,3pt missed,2pt made,,,,1626224|1627756|1628369|1628374|1629057|1629636|1629641|1630202|201937|203935,1628369|1629057|1629641|1630202|203935,1626224|1627756|1628374|1629636|201937,,,1610612738.0,22100471
4,PT07M30.00S,07:30,Q4 07:30,6.5,588,2pt,R. Williams III alley-oop DUNK (19 PTS) (P. Pritchard 1 AST),['pointsinthepaint'],Williams III,98,80,Made,True,True,1629057,1630202.0,rebound,2pt made,,,,1626224|1627756|1628369|1628374|1629057|1629636|1629641|1630202|201937|203935,1628369|1629057|1629641|1630202|203935,1626224|1627756|1628374|1629636|201937,-4.0,10.0,1610612738.0,22100471
4,PT07M18.00S,07:18,Q4 07:18,6.7,591,2pt,D. Garland driving Layup (24 PTS),['pointsinthepaint'],Garland,98,82,Made,True,False,1629636,,2pt made,foul,,,,1626224|1627756|1628369|1628374|1629057|1629636|1629641|1630202|201937|203935,1626224|1627756|1628374|1629636|201937,1628369|1629057|1629641|1630202|203935,-4.0,25.0,1610612739.0,22100471
4,PT07M18.00S,07:18,Q4 07:18,6.7,592,foul,R. Langford shooting personal FOUL (3 PF) (Garland 1 FT),['1freethrow'],Langford,98,82,,False,False,1629641,,2pt made,freethrow,1629636.0,,,1626224|1627756|1628369|1628374|1629057|1629636|1629641|1630202|201937|203935,1628369|1629057|1629641|1630202|203935,1626224|1627756|1628374|1629636|201937,,,1610612738.0,22100471
4,PT07M18.00S,07:18,Q4 07:18,6.7,594,freethrow,D. Garland Free Throw 1 of 1 (25 PTS),[],Garland,98,83,Made,False,False,1629636,,foul,2pt missed,,,,1626224|1627756|1628369|1628374|1629057|1629636|1629641|1630202|201937|203935,1626224|1627756|1628374|1629636|201937,1628369|1629057|1629641|1630202|203935,,,1610612739.0,22100471
4,PT07M05.00S,07:05,Q4 07:05,6.916666666666667,595,2pt,MISS J. Tatum 17' fadeaway Shot,[],Tatum,98,83,Missed,True,False,1628369,,freethrow,rebound,,,,1626224|1627756|1628369|1628374|1629057|1629636|1629641|1630202|201937|203935,1628369|1629057|1629641|1630202|203935,1626224|1627756|1628374|1629636|201937,92.0,152.0,1610612738.0,22100471
4,PT07M01.00S,07:01,Q4 07:01,6.983333333333333,596,rebound,C. Osman REBOUND (Off:0 Def:4),[],Osman,98,83,,False,False,1626224,,2pt missed,3pt missed,,,,1626224|1627756|1628369|1628374|1629057|1629636|1629641|1630202|201937|203935,1626224|1627756|1628374|1629636|201937,1628369|1629057|1629641|1630202|203935,,,1610612739.0,22100471
4,PT06M56.00S,06:56,Q4 06:56,5.066666666666666,597,3pt,MISS C. Osman 27' 3PT,['fastbreak'],Osman,98,83,Missed,True,False,1626224,,rebound,rebound,,,,1626224|1627756|1628369|1628374|1629057|1629636|1629641|1630202|201937|203935,1626224|1627756|1628374|1629636|201937,1628369|1629057|1629641|1630202|203935,-126.0,249.0,1610612739.0,22100471
4,PT06M53.00S,06:53,Q4 06:53,5.116666666666667,598,rebound,J. Tatum REBOUND (Off:1 Def:7),[],Tatum,98,83,,False,False,1628369,,3pt missed,2pt made,,,,1626224|1627756|1628369|1628374|1629057|1629636|1629641|1630202|201937|203935,1628369|1629057|1629641|1630202|203935,1626224|1627756|1628374|1629636|201937,,,1610612738.0,22100471
4,PT06M40.00S,06:40,Q4 06:40,5.333333333333333,599,2pt,R. Langford cutting Layup (11 PTS) (M. Smart 4 AST),['pointsinthepaint'],Langford,100,83,Made,True,True,1629641,203935.0,rebound,foul,,,,1626224|1627756|1628369|1628374|1629057|1629636|1629641|1630202|201937|203935,1628369|1629057|1629641|1630202|203935,1626224|1627756|1628374|1629636|201937,7.0,13.0,1610612738.0,22100471
4,PT06M40.00S,06:40,Q4 06:40,5.333333333333333,601,foul,C. Osman shooting personal FOUL (3 PF) (Langford 1 FT),['1freethrow'],Osman,100,83,,False,False,1626224,,2pt made,timeout,1629641.0,,,1626224|1627756|1628369|1628374|1629057|1629636|1629641|1630202|201937|203935,1626224|1627756|1628374|1629636|201937,1628369|1629057|1629641|1630202|203935,,,1610612739.0,22100471
4,PT06M40.00S,06:40,Q4 06:40,5.333333333333333,603,timeout,BOS Timeout,"['team', 'mandatory']",,100,83,,False,False,0,,foul,freethrow,,,,1626224|1627756|1628369|1628374|1629057|1629636|1629641|1630202|201937|203935,1628369|1629057|1629641|1630202|203935,1626224|1627756|1628374|1629636|201937,,,1610612738.0,22100471
4,PT06M40.00S,06:40,Q4 06:40,5.333333333333333,604,freethrow,MISS R. Langford Free Throw 1 of 1,[],Langford,100,83,Missed,False,False,1629641,,timeout,rebound,,,,1626224|1627756|1628369|1628374|1629057|1629636|1629641|1630202|201937|203935,1628369|1629057|1629641|1630202|203935,1626224|1627756|1628374|1629636|201937,,,1610612738.0,22100471
4,PT06M40.00S,06:40,Q4 06:40,5.333333333333333,605,rebound,C. Osman REBOUND (Off:0 Def:5),[],Osman,100,83,,False,False,1626224,,freethrow,3pt missed,,,,1626224|1627756|1628369|1628374|1629057|1629636|1629641|1630202|201937|203935,1626224|1627756|1628374|1629636|201937,1628369|1629057|1629641|1630202|203935,,,1610612739.0,22100471
4,PT06M19.00S,06:19,Q4 06:19,5.683333333333334,606,3pt,MISS R. Rubio step back 3PT,[],Rubio,100,83,Missed,True,False,201937,,rebound,rebound,,,,1626224|1627756|1628369|1628374|1629057|1629636|1629641|1630202|201937|203935,1626224|1627756|1628374|1629636|201937,1628369|1629057|1629641|1630202|203935,232.0,18.0,1610612739.0,22100471
4,PT06M16.00S,06:16,Q4 06:16,5.733333333333333,607,rebound,J. Tatum REBOUND (Off:1 Def:8),[],Tatum,100,83,,False,False,1628369,,3pt missed,2pt missed,,,,1626224|1627756|1628369|1628374|1629057|1629636|1629641|1630202|201937|203935,1628369|1629057|1629641|1630202|203935,1626224|1627756|1628374|1629636|201937,,,1610612738.0,22100471
4,PT05M54.00S,05:54,Q4 05:54,4.1,608,2pt,MISS P. Pritchard driving reverse Layup,['pointsinthepaint'],Pritchard,100,83,Missed,True,False,1630202,,rebound,rebound,,,,1626224|1627756|1628369|1628374|1629057|1629636|1629641|1630202|201937|203935,1628369|1629057|1629641|1630202|203935,1626224|1627756|1628374|1629636|201937,32.0,14.0,1610612738.0,22100471
4,PT05M51.00S,05:51,Q4 05:51,4.15,610,rebound,C. Osman REBOUND (Off:0 Def:6),[],Osman,100,83,,False,False,1626224,,2pt missed,3pt made,,,,1626224|1627756|1628369|1628374|1629057|1629636|1629641|1630202|201937|203935,1626224|1627756|1628374|1629636|201937,1628369|1629057|1629641|1630202|203935,,,1610612739.0,22100471
4,PT05M46.00S,05:46,Q4 05:46,4.233333333333333,611,3pt,R. Rubio 3PT  (8 PTS) (D. Garland 6 AST),['fastbreak'],Rubio,100,86,Made,True,True,201937,1629636.0,rebound,foul,,,,1626224|1627756|1628369|1628374|1629057|1629636|1629641|1630202|201937|203935,1626224|1627756|1628374|1629636|201937,1628369|1629057|1629641|1630202|203935,-234.0,2.0,1610612739.0,22100471
4,PT05M32.00S,05:32,Q4 05:32,4.466666666666667,613,foul,J. Tatum offensive FOUL (5 PF),[],Tatum,100,86,,False,False,1628369,,3pt made,turnover,1626224.0,,,1626224|1627756|1628369|1628374|1629057|1629636|1629641|1630202|201937|203935,1628369|1629057|1629641|1630202|203935,1626224|1627756|1628374|1629636|201937,,,1610612738.0,22100471
4,PT05M32.00S,05:32,Q4 05:32,4.466666666666667,615,turnover,J. Tatum offensive foul TURNOVER (2 TO),[],Tatum,100,86,,False,False,1628369,,foul,substitution,,,,1626224|1627756|1628369|1628374|1629057|1629636|1629641|1630202|201937|203935,1628369|1629057|1629641|1630202|203935,1626224|1627756|1628374|1629636|201937,,,1610612738.0,22100471
4,PT05M32.00S,05:32,Q4 05:32,4.466666666666667,616,substitution,SUB out: J. Tatum,[],Tatum,100,86,,False,False,1628369,,turnover,substitution,,,,1626224|1627756|1628374|1629057|1629636|1629641|1630202|201937|203935,1629057|1629641|1630202|203935,1626224|1627756|1628374|1629636|201937,,,1610612738.0,22100471
4,PT05M32.00S,05:32,Q4 05:32,4.466666666666667,617,substitution,SUB in: J. Brown,[],Brown,100,86,,False,False,1627759,,substitution,2pt missed,,,,1626224|1627756|1627759|1628374|1629057|1629636|1629641|1630202|201937|203935,1627759|1629057|1629641|1630202|203935,1626224|1627756|1628374|1629636|201937,,,1610612738.0,22100471
4,PT05M15.00S,05:15,Q4 05:15,4.75,618,2pt,MISS D. Garland 10' fadeaway Shot,['fromturnover'],Garland,100,86,Missed,True,False,1629636,,substitution,rebound,,,,1626224|1627756|1627759|1628374|1629057|1629636|1629641|1630202|201937|203935,1626224|1627756|1628374|1629636|201937,1627759|1629057|1629641|1630202|203935,107.0,12.0,1610612739.0,22100471
4,PT05M13.00S,05:13,Q4 05:13,4.783333333333333,619,rebound,R. Langford REBOUND (Off:2 Def:7),[],Langford,100,86,,False,False,1629641,,2pt missed,2pt missed,,,,1626224|1627756|1627759|1628374|1629057|1629636|1629641|1630202|201937|203935,1627759|1629057|1629641|1630202|203935,1626224|1627756|1628374|1629636|201937,,,1610612738.0,22100471
4,PT04M59.00S,04:59,Q4 04:59,3.0166666666666666,620,2pt,MISS J. Brown 9' turnaround fadeaway Shot,[],Brown,100,86,Missed,True,False,1627759,,rebound,rebound,,,,1626224|1627756|1627759|1628374|1629057|1629636|1629641|1630202|201937|203935,1627759|1629057|1629641|1630202|203935,1626224|1627756|1628374|1629636|201937,-94.0,-5.0,1610612738.0,22100471
4,PT04M56.00S,04:56,Q4 04:56,3.0666666666666664,621,rebound,L. Markkanen REBOUND (Off:3 Def:6),[],Markkanen,100,86,,False,False,1628374,,2pt missed,2pt made,,,,1626224|1627756|1627759|1628374|1629057|1629636|1629641|1630202|201937|203935,1626224|1627756|1628374|1629636|201937,1627759|1629057|1629641|1630202|203935,,,1610612739.0,22100471
4,PT04M50.00S,04:50,Q4 04:50,3.1666666666666665,622,2pt,C. Osman cutting Layup (13 PTS) (R. Rubio 6 AST),['pointsinthepaint'],Osman,100,88,Made,True,True,1626224,201937.0,rebound,2pt missed,,,,1626224|1627756|1627759|1628374|1629057|1629636|1629641|1630202|201937|203935,1626224|1627756|1628374|1629636|201937,1627759|1629057|1629641|1630202|203935,39.0,11.0,1610612739.0,22100471
4,PT04M27.00S,04:27,Q4 04:27,3.55,624,2pt,MISS M. Smart 7' driving Layup,['pointsinthepaint'],Smart,100,88,Missed,True,False,203935,,2pt made,rebound,,,,1626224|1627756|1627759|1628374|1629057|1629636|1629641|1630202|201937|203935,1627759|1629057|1629641|1630202|203935,1626224|1627756|1628374|1629636|201937,74.0,5.0,1610612738.0,22100471
4,PT04M22.00S,04:22,Q4 04:22,3.6333333333333333,625,rebound,D. Valentine REBOUND (Off:2 Def:4),[],Valentine,100,88,,False,False,1627756,,2pt missed,3pt missed,,,,1626224|1627756|1627759|1628374|1629057|1629636|1629641|1630202|201937|203935,1626224|1627756|1628374|1629636|201937,1627759|1629057|1629641|1630202|203935,,,1610612739.0,22100471
4,PT04M19.00S,04:19,Q4 04:19,3.6833333333333336,626,3pt,MISS R. Rubio 25' 3PT,['fastbreak'],Rubio,100,88,Missed,True,False,201937,,rebound,rebound,,,,1626224|1627756|1627759|1628374|1629057|1629636|1629641|1630202|201937|203935,1626224|1627756|1628374|1629636|201937,1627759|1629057|1629641|1630202|203935,-232.0,109.0,1610612739.0,22100471
4,PT04M18.00S,04:18,Q4 04:18,3.7,627,rebound,J. Brown REBOUND (Off:2 Def:4),[],Brown,100,88,,False,False,1627759,,3pt missed,foul,,,,1626224|1627756|1627759|1628374|1629057|1629636|1629641|1630202|201937|203935,1627759|1629057|1629641|1630202|203935,1626224|1627756|1628374|1629636|201937,,,1610612738.0,22100471
4,PT04M17.00S,04:17,Q4 04:17,3.716666666666667,628,foul,L. Markkanen personal FOUL (1 PF),[],Markkanen,100,88,,False,False,1628374,,rebound,substitution,1627759.0,,,1626224|1627756|1627759|1628374|1629057|1629636|1629641|1630202|201937|203935,1626224|1627756|1628374|1629636|201937,1627759|1629057|1629641|1630202|203935,,,1610612739.0,22100471
4,PT04M17.00S,04:17,Q4 04:17,3.716666666666667,630,substitution,SUB out: P. Pritchard,[],Pritchard,100,88,,False,False,1630202,,foul,substitution,,,,1626224|1627756|1627759|1628374|1629057|1629636|1629641|201937|203935,1627759|1629057|1629641|203935,1626224|1627756|1628374|1629636|201937,,,1610612738.0,22100471
4,PT04M17.00S,04:17,Q4 04:17,3.716666666666667,631,substitution,SUB in: D. Schroder,[],Schroder,100,88,,False,False,203471,,substitution,3pt made,,,,1626224|1627756|1627759|1628374|1629057|1629636|1629641|201937|203471|203935,1627759|1629057|1629641|203471|203935,1626224|1627756|1628374|1629636|201937,,,1610612738.0,22100471
4,PT04M02.00S,04:02,Q4 04:02,3.966666666666667,632,3pt,J. Brown 25' 3PT  (32 PTS) (R. Williams III 6 AST),[],Brown,103,88,Made,True,True,1627759,1629057.0,substitution,foul,,,,1626224|1627756|1627759|1628374|1629057|1629636|1629641|201937|203471|203935,1627759|1629057|1629641|203471|203935,1626224|1627756|1628374|1629636|201937,65.0,250.0,1610612738.0,22100471
4,PT03M50.00S,03:50,Q4 03:50,2.1666666666666665,634,foul,D. Schroder personal FOUL (4 PF),[],Schroder,103,88,,False,False,203471,,3pt made,substitution,1626224.0,,,1626224|1627756|1627759|1628374|1629057|1629636|1629641|201937|203471|203935,1627759|1629057|1629641|203471|203935,1626224|1627756|1628374|1629636|201937,,,1610612738.0,22100471
4,PT03M50.00S,03:50,Q4 03:50,2.1666666666666665,636,substitution,SUB out: R. Langford,[],Langford,103,88,,False,False,1629641,,foul,substitution,,,,1626224|1627756|1627759|1628374|1629057|1629636|201937|203471|203935,1627759|1629057|203471|203935,1626224|1627756|1628374|1629636|201937,,,1610612738.0,22100471
4,PT03M50.00S,03:50,Q4 03:50,2.1666666666666665,637,substitution,SUB in: J. Tatum,[],Tatum,103,88,,False,False,1628369,,substitution,2pt missed,,,,1626224|1627756|1627759|1628369|1628374|1629057|1629636|201937|203471|203935,1627759|1628369|1629057|203471|203935,1626224|1627756|1628374|1629636|201937,,,1610612738.0,22100471
4,PT03M34.00S,03:34,Q4 03:34,2.4333333333333336,638,2pt,MISS D. Valentine 13' turnaround Shot,['pointsinthepaint'],Valentine,103,88,Missed,True,False,1627756,,substitution,rebound,,,,1626224|1627756|1627759|1628369|1628374|1629057|1629636|201937|203471|203935,1626224|1627756|1628374|1629636|201937,1627759|1628369|1629057|203471|203935,-75.0,110.0,1610612739.0,22100471
4,PT03M33.00S,03:33,Q4 03:33,2.45,639,rebound,R. Williams III REBOUND (Off:3 Def:7),[],Williams III,103,88,,False,False,1629057,,2pt missed,2pt missed,,,,1626224|1627756|1627759|1628369|1628374|1629057|1629636|201937|203471|203935,1627759|1628369|1629057|203471|203935,1626224|1627756|1628374|1629636|201937,,,1610612738.0,22100471
4,PT03M18.00S,03:18,Q4 03:18,2.7,641,2pt,MISS J. Brown 19' pullup Shot,[],Brown,103,88,Missed,True,False,1627759,,rebound,rebound,,,,1626224|1627756|1627759|1628369|1628374|1629057|1629636|201937|203471|203935,1627759|1628369|1629057|203471|203935,1626224|1627756|1628374|1629636|201937,23.0,198.0,1610612738.0,22100471
4,PT03M15.00S,03:15,Q4 03:15,2.75,642,rebound,D. Garland REBOUND (Off:0 Def:2),[],Garland,103,88,,False,False,1629636,,2pt missed,3pt made,,,,1626224|1627756|1627759|1628369|1628374|1629057|1629636|201937|203471|203935,1626224|1627756|1628374|1629636|201937,1627759|1628369|1629057|203471|203935,,,1610612739.0,22100471
4,PT03M07.00S,03:07,Q4 03:07,2.8833333333333333,643,3pt,D. Garland 32' 3PT pullup (28 PTS),[],Garland,103,91,Made,True,False,1629636,,rebound,2pt made,,,,1626224|1627756|1627759|1628369|1628374|1629057|1629636|201937|203471|203935,1626224|1627756|1628374|1629636|201937,1627759|1628369|1629057|203471|203935,-189.0,265.0,1610612739.0,22100471
4,PT02M46.00S,02:46,Q4 02:46,1.2333333333333334,644,2pt,J. Brown driving reverse Layup (34 PTS) (R. Williams III 7 AST),['pointsinthepaint'],Brown,105,91,Made,True,True,1627759,1629057.0,3pt made,turnover,,,,1626224|1627756|1627759|1628369|1628374|1629057|1629636|201937|203471|203935,1627759|1628369|1629057|203471|203935,1626224|1627756|1628374|1629636|201937,34.0,8.0,1610612738.0,22100471
4,PT02M26.00S,02:26,Q4 02:26,1.5666666666666667,650,turnover,D. Garland bad pass out-of-bounds TURNOVER (3 TO),[],Garland,105,91,,False,False,1629636,,2pt made,timeout,,,,1626224|1627756|1627759|1628369|1628374|1629057|1629636|201937|203471|203935,1626224|1627756|1628374|1629636|201937,1627759|1628369|1629057|203471|203935,,,1610612739.0,22100471
4,PT02M26.00S,02:26,Q4 02:26,1.5666666666666667,647,timeout,CLE Timeout,"['team', 'mandatory']",,105,91,,False,False,0,,turnover,substitution,,,,1626224|1627756|1627759|1628369|1628374|1629057|1629636|201937|203471|203935,1626224|1627756|1628374|1629636|201937,1627759|1628369|1629057|203471|203935,,,1610612739.0,22100471
4,PT02M26.00S,02:26,Q4 02:26,1.5666666666666667,651,substitution,SUB out: L. Markkanen,[],Markkanen,105,91,,False,False,1628374,,timeout,substitution,,,,1626224|1627756|1627759|1628369|1629057|1629636|201937|203471|203935,1626224|1627756|1629636|201937,1627759|1628369|1629057|203471|203935,,,1610612739.0,22100471
4,PT02M26.00S,02:26,Q4 02:26,1.5666666666666667,652,substitution,SUB in: K. Love,[],Love,105,91,,False,False,201567,,substitution,2pt missed,,,,1626224|1627756|1627759|1628369|1629057|1629636|201567|201937|203471|203935,1626224|1627756|1629636|201567|201937,1627759|1628369|1629057|203471|203935,,,1610612739.0,22100471
4,PT02M10.00S,02:10,Q4 02:10,1.8333333333333333,655,2pt,MISS J. Tatum driving Layup,"['pointsinthepaint', 'fromturnover']",Tatum,105,91,Missed,True,False,1628369,,substitution,rebound,,,,1626224|1627756|1627759|1628369|1629057|1629636|201567|201937|203471|203935,1627759|1628369|1629057|203471|203935,1626224|1627756|1629636|201567|201937,-6.0,29.0,1610612738.0,22100471
4,PT02M09.00S,02:09,Q4 02:09,1.85,656,rebound,R. Williams III REBOUND (Off:4 Def:7),[],Williams III,105,91,,False,False,1629057,,2pt missed,2pt made,,,,1626224|1627756|1627759|1628369|1629057|1629636|201567|201937|203471|203935,1627759|1628369|1629057|203471|203935,1626224|1627756|1629636|201567|201937,,,1610612738.0,22100471
4,PT02M09.00S,02:09,Q4 02:09,1.85,657,2pt,R. Williams III tip Layup (21 PTS),"['2ndchance', 'pointsinthepaint', 'fromturnover']",Williams III,107,91,Made,True,False,1629057,,rebound,foul,,,,1626224|1627756|1627759|1628369|1629057|1629636|201567|201937|203471|203935,1627759|1628369|1629057|203471|203935,1626224|1627756|1629636|201567|201937,0.0,0.0,1610612738.0,22100471
4,PT01M57.00S,01:57,Q4 01:57,0.050000000000000044,658,foul,D. Schroder shooting personal FOUL (5 PF) (Love 2 FT),['2freethrow'],Schroder,107,91,,False,False,203471,,2pt made,freethrow,201567.0,,,1626224|1627756|1627759|1628369|1629057|1629636|201567|201937|203471|203935,1627759|1628369|1629057|203471|203935,1626224|1627756|1629636|201567|201937,,,1610612738.0,22100471
4,PT01M57.00S,01:57,Q4 01:57,0.050000000000000044,660,freethrow,K. Love Free Throw 1 of 2 (18 PTS),[],Love,107,92,Made,False,False,201567,,foul,freethrow,,,,1626224|1627756|1627759|1628369|1629057|1629636|201567|201937|203471|203935,1626224|1627756|1629636|201567|201937,1627759|1628369|1629057|203471|203935,,,1610612739.0,22100471
4,PT01M57.00S,01:57,Q4 01:57,0.050000000000000044,679,freethrow,MISS K. Love Free Throw 2 of 2,[],Love,107,92,Missed,False,False,201567,,freethrow,substitution,,,,1626224|1627756|1627759|1628369|1629057|1629636|201567|201937|203471|203935,1626224|1627756|1629636|201567|201937,1627759|1628369|1629057|203471|203935,,,1610612739.0,22100471
4,PT01M57.00S,01:57,Q4 01:57,0.050000000000000044,661,substitution,SUB out: J. Tatum,[],Tatum,107,92,,False,False,1628369,,freethrow,substitution,,,,1626224|1627756|1627759|1629057|1629636|201567|201937|203471|203935,1627759|1629057|203471|203935,1626224|1627756|1629636|201567|201937,,,1610612738.0,22100471
4,PT01M57.00S,01:57,Q4 01:57,0.050000000000000044,662,substitution,SUB out: J. Brown,[],Brown,107,92,,False,False,1627759,,substitution,substitution,,,,1626224|1627756|1629057|1629636|201567|201937|203471|203935,1629057|203471|203935,1626224|1627756|1629636|201567|201937,,,1610612738.0,22100471
4,PT01M57.00S,01:57,Q4 01:57,0.050000000000000044,663,substitution,SUB out: M. Smart,[],Smart,107,92,,False,False,203935,,substitution,substitution,,,,1626224|1627756|1629057|1629636|201567|201937|203471,1629057|203471,1626224|1627756|1629636|201567|201937,,,1610612738.0,22100471
4,PT01M57.00S,01:57,Q4 01:57,0.050000000000000044,664,substitution,SUB out: R. Williams III,[],Williams III,107,92,,False,False,1629057,,substitution,substitution,,,,1626224|1627756|1629636|201567|201937|203471,203471,1626224|1627756|1629636|201567|201937,,,1610612738.0,22100471
4,PT01M57.00S,01:57,Q4 01:57,0.050000000000000044,665,substitution,SUB out: D. Schroder,[],Schroder,107,92,,False,False,203471,,substitution,substitution,,,,1626224|1627756|1629636|201567|201937,,1626224|1627756|1629636|201567|201937,,,1610612738.0,22100471
4,PT01M57.00S,01:57,Q4 01:57,0.050000000000000044,666,substitution,SUB out: R. Rubio,[],Rubio,107,92,,False,False,201937,,substitution,substitution,,,,1626224|1627756|1629636|201567,1626224|1627756|1629636|201567,,,,1610612739.0,22100471
4,PT01M57.00S,01:57,Q4 01:57,0.050000000000000044,667,substitution,SUB out: D. Garland,[],Garland,107,92,,False,False,1629636,,substitution,substitution,,,,1626224|1627756|201567,1626224|1627756|201567,,,,1610612739.0,22100471
4,PT01M57.00S,01:57,Q4 01:57,0.050000000000000044,668,substitution,SUB out: C. Osman,[],Osman,107,92,,False,False,1626224,,substitution,substitution,,,,1627756|201567,1627756|201567,,,,1610612739.0,22100471
4,PT01M57.00S,01:57,Q4 01:57,0.050000000000000044,669,substitution,SUB out: D. Valentine,[],Valentine,107,92,,False,False,1627756,,substitution,substitution,,,,201567,201567,,,,1610612739.0,22100471
4,PT01M57.00S,01:57,Q4 01:57,0.050000000000000044,670,substitution,SUB in: C. Miles,[],Miles,107,92,,False,False,101139,,substitution,substitution,,,,101139|201567,101139,201567,,,1610612738.0,22100471
4,PT01M57.00S,01:57,Q4 01:57,0.050000000000000044,671,substitution,SUB in: P. Pritchard,[],Pritchard,107,92,,False,False,1630202,,substitution,substitution,,,,101139|1630202|201567,101139|1630202,201567,,,1610612738.0,22100471
4,PT01M57.00S,01:57,Q4 01:57,0.050000000000000044,672,substitution,SUB in: B. Fernando,[],Fernando,107,92,,False,False,1628981,,substitution,substitution,,,,101139|1628981|1630202|201567,101139|1628981|1630202,201567,,,1610612738.0,22100471
4,PT01M57.00S,01:57,Q4 01:57,0.050000000000000044,673,substitution,SUB in: J. Johnson,[],Johnson,107,92,,False,False,2207,,substitution,substitution,,,,101139|1628981|1630202|201567|2207,101139|1628981|1630202|2207,201567,,,1610612738.0,22100471
4,PT01M57.00S,01:57,Q4 01:57,0.050000000000000044,674,substitution,SUB in: J. Jackson,[],Jackson,107,92,,False,False,1628382,,substitution,substitution,,,,101139|1628382|1628981|1630202|201567|2207,101139|1628382|1628981|1630202|2207,201567,,,1610612738.0,22100471
4,PT01M57.00S,01:57,Q4 01:57,0.050000000000000044,675,substitution,SUB in: J. Anderson,[],Anderson,107,92,,False,False,1626147,,substitution,substitution,,,,101139|1626147|1628382|1628981|1630202|201567|2207,1626147|201567,101139|1628382|1628981|1630202|2207,,,1610612739.0,22100471
4,PT01M57.00S,01:57,Q4 01:57,0.050000000000000044,676,substitution,SUB in: L. Kornet,[],Kornet,107,92,,False,False,1628436,,substitution,substitution,,,,101139|1626147|1628382|1628436|1628981|1630202|201567|2207,1626147|1628436|201567,101139|1628382|1628981|1630202|2207,,,1610612739.0,22100471
4,PT01M57.00S,01:57,Q4 01:57,0.050000000000000044,677,substitution,SUB in: T. Scott,[],Scott,107,92,,False,False,1630286,,substitution,substitution,,,,101139|1626147|1628382|1628436|1628981|1630202|1630286|201567|2207,1626147|1628436|1630286|201567,101139|1628382|1628981|1630202|2207,,,1610612739.0,22100471
4,PT01M57.00S,01:57,Q4 01:57,0.050000000000000044,678,substitution,SUB in: K. Pangos,[],Pangos,107,92,,False,False,1630698,,substitution,rebound,,,,101139|1626147|1628382|1628436|1628981|1630202|1630286|1630698|201567|2207,1626147|1628436|1630286|1630698|201567,101139|1628382|1628981|1630202|2207,,,1610612739.0,22100471
4,PT01M56.00S,01:56,Q4 01:56,0.06666666666666665,680,rebound,B. Fernando REBOUND (Off:0 Def:1),[],Fernando,107,92,,False,False,1628981,,substitution,foul,,,,101139|1626147|1628382|1628436|1628981|1630202|1630286|1630698|201567|2207,101139|1628382|1628981|1630202|2207,1626147|1628436|1630286|1630698|201567,,,1610612738.0,22100471
4,PT01M54.00S,01:54,Q4 01:54,0.09999999999999998,681,foul,K. Love take personal FOUL (4 PF) (Jackson 2 FT),"['inpenalty', '2freethrow']",Love,107,92,,False,False,201567,,rebound,freethrow,1628382.0,,,101139|1626147|1628382|1628436|1628981|1630202|1630286|1630698|201567|2207,1626147|1628436|1630286|1630698|201567,101139|1628382|1628981|1630202|2207,,,1610612739.0,22100471
4,PT01M54.00S,01:54,Q4 01:54,0.09999999999999998,683,freethrow,J. Jackson Free Throw 1 of 2 (1 PTS),[],Jackson,108,92,Made,False,False,1628382,,foul,freethrow,,,,101139|1626147|1628382|1628436|1628981|1630202|1630286|1630698|201567|2207,101139|1628382|1628981|1630202|2207,1626147|1628436|1630286|1630698|201567,,,1610612738.0,22100471
4,PT01M54.00S,01:54,Q4 01:54,0.09999999999999998,686,freethrow,J. Jackson Free Throw 2 of 2 (2 PTS),[],Jackson,109,92,Made,False,False,1628382,,freethrow,substitution,,,,101139|1626147|1628382|1628436|1628981|1630202|1630286|1630698|201567|2207,101139|1628382|1628981|1630202|2207,1626147|1628436|1630286|1630698|201567,,,1610612738.0,22100471
4,PT01M54.00S,01:54,Q4 01:54,0.09999999999999998,684,substitution,SUB out: K. Love,[],Love,108,92,,False,False,201567,,freethrow,substitution,,,,101139|1626147|1628382|1628436|1628981|1630202|1630286|1630698|2207,1626147|1628436|1630286|1630698,101139|1628382|1628981|1630202|2207,,,1610612739.0,22100471
4,PT01M54.00S,01:54,Q4 01:54,0.09999999999999998,685,substitution,SUB in: T. Fall,[],Fall,108,92,,False,False,1629605,,substitution,3pt made,,,,101139|1626147|1628382|1628436|1628981|1629605|1630202|1630286|1630698|2207,1626147|1628436|1629605|1630286|1630698,101139|1628382|1628981|1630202|2207,,,1610612739.0,22100471
4,PT01M46.00S,01:46,Q4 01:46,0.23333333333333328,687,3pt,K. Pangos 27' 3PT pullup (3 PTS),[],Pangos,109,95,Made,True,False,1630698,,substitution,2pt missed,,,,101139|1626147|1628382|1628436|1628981|1629605|1630202|1630286|1630698|2207,1626147|1628436|1629605|1630286|1630698,101139|1628382|1628981|1630202|2207,119.0,244.0,1610612739.0,22100471
4,PT01M25.00S,01:25,Q4 01:25,0.5833333333333333,688,2pt,MISS J. Jackson 21' pullup Shot,[],Jackson,109,95,Missed,True,False,1628382,,3pt made,rebound,,,,101139|1626147|1628382|1628436|1628981|1629605|1630202|1630286|1630698|2207,101139|1628382|1628981|1630202|2207,1626147|1628436|1629605|1630286|1630698,174.0,117.0,1610612738.0,22100471
4,PT01M22.00S,01:22,Q4 01:22,0.6333333333333333,689,rebound,T. Fall REBOUND (Off:3 Def:7),[],Fall,109,95,,False,False,1629605,,2pt missed,2pt made,,,,101139|1626147|1628382|1628436|1628981|1629605|1630202|1630286|1630698|2207,1626147|1628436|1629605|1630286|1630698,101139|1628382|1628981|1630202|2207,,,1610612739.0,22100471
4,PT01M15.00S,01:15,Q4 01:15,0.75,690,2pt,K. Pangos 9' driving floating Jump Shot (5 PTS),['pointsinthepaint'],Pangos,109,97,Made,True,False,1630698,,rebound,turnover,,,,101139|1626147|1628382|1628436|1628981|1629605|1630202|1630286|1630698|2207,1626147|1628436|1629605|1630286|1630698,101139|1628382|1628981|1630202|2207,28.0,89.0,1610612739.0,22100471
4,PT00M57.90S,00:57,Q4 00:57,-0.95,691,turnover,B. Fernando traveling TURNOVER (1 TO),[],Fernando,109,97,,False,False,1628981,,2pt made,foul,,,,101139|1626147|1628382|1628436|1628981|1629605|1630202|1630286|1630698|2207,101139|1628382|1628981|1630202|2207,1626147|1628436|1629605|1630286|1630698,,,1610612738.0,22100471
4,PT00M39.40S,00:39,Q4 00:39,-0.65,692,foul,C. Miles shooting personal FOUL (1 PF) (Anderson 2 FT),"['inpenalty', '2freethrow']",Miles,109,97,,False,False,101139,,turnover,freethrow,1626147.0,,,101139|1626147|1628382|1628436|1628981|1629605|1630202|1630286|1630698|2207,101139|1628382|1628981|1630202|2207,1626147|1628436|1629605|1630286|1630698,,,1610612738.0,22100471
4,PT00M39.40S,00:39,Q4 00:39,-0.65,694,freethrow,MISS J. Anderson Free Throw 1 of 2,['fromturnover'],Anderson,109,97,Missed,False,False,1626147,,foul,rebound,,,,101139|1626147|1628382|1628436|1628981|1629605|1630202|1630286|1630698|2207,1626147|1628436|1629605|1630286|1630698,101139|1628382|1628981|1630202|2207,,,1610612739.0,22100471
4,PT00M39.40S,00:39,Q4 00:39,-0.65,695,rebound,TEAM offensive REBOUND,"['deadball', 'team']",,109,97,,False,False,0,,freethrow,freethrow,,,,101139|1626147|1628382|1628436|1628981|1629605|1630202|1630286|1630698|2207,1626147|1628436|1629605|1630286|1630698,101139|1628382|1628981|1630202|2207,,,1610612739.0,22100471
4,PT00M39.40S,00:39,Q4 00:39,-0.65,696,freethrow,J. Anderson Free Throw 2 of 2 (1 PTS),['fromturnover'],Anderson,109,98,Made,False,False,1626147,,rebound,2pt made,,,,101139|1626147|1628382|1628436|1628981|1629605|1630202|1630286|1630698|2207,1626147|1628436|1629605|1630286|1630698,101139|1628382|1628981|1630202|2207,,,1610612739.0,22100471
4,PT00M23.20S,00:23,Q4 00:23,-0.38333333333333336,697,2pt,J. Johnson 18' fadeaway Jump Shot (2 PTS),[],Johnson,111,98,Made,True,False,2207,,freethrow,3pt made,,,,101139|1626147|1628382|1628436|1628981|1629605|1630202|1630286|1630698|2207,101139|1628382|1628981|1630202|2207,1626147|1628436|1629605|1630286|1630698,91.0,157.0,1610612738.0,22100471
4,PT00M08.30S,00:08,Q4 00:08,-0.13333333333333333,700,3pt,J. Anderson 29' 3PT  (4 PTS) (L. Kornet 1 AST),[],Anderson,111,101,Made,True,True,1626147,1628436.0,2pt made,,,,,101139|1626147|1628382|1628436|1628981|1629605|1630202|1630286|1630698|2207,1626147|1628436|1629605|1630286|1630698,101139|1628382|1628981|1630202|2207,-71.0,285.0,1610612739.0,22100471
