period,clock,clock_display,game_clock,minutes_left_in_game,actionNumber,actionType,description,qualifier,playerName,scoreHome,scoreAway,shotResult,isFieldGoal,assisted,person_id,assister_id,previous_action,next_action,foulDrawnPersonId,stealPersonId,blockPersonId,players_on,off_players_on,def_players_on,xLegacy,yLegacy,teamId,game_id
1,PT11M36.00S,11:36,Q1 11:36,46.4,7,2pt,R. Gobert DUNK (2 PTS) (D. Mitchell 1 AST),['pointsinthepaint'],Gobert,0,2,Made,True,True,203497,1628378.0,,foul,,,,1626179|1626220|1627823|1628378|1628970|1629023|1630163|201144|203486|203497,1626220|1627823|1628378|201144|203497,1626179|1628970|1629023|1630163|203486,-15.0,15.0,1610612762.0,22101100
1,PT11M21.00S,11:21,Q1 11:21,46.65,9,foul,R. Gobert shooting personal FOUL (1 PF) (Plumlee 2 FT),['2freethrow'],Gobert,0,2,,False,False,203497,,2pt made,freethrow,203486.0,,,1626179|1626220|1627823|1628378|1628970|1629023|1630163|201144|203486|203497,1626220|1627823|1628378|201144|203497,1626179|1628970|1629023|1630163|203486,,,1610612762.0,22101100
1,PT11M21.00S,11:21,Q1 11:21,46.65,11,freethrow,MISS M. Plumlee Free Throw 1 of 2,[],Plumlee,0,2,Missed,False,False,203486,,foul,rebound,,,,1626179|1626220|1627823|1628378|1628970|1629023|1630163|201144|203486|203497,1626179|1628970|1629023|1630163|203486,1626220|1627823|1628378|201144|203497,,,1610612766.0,22101100
1,PT11M21.00S,11:21,Q1 11:21,46.65,12,rebound,TEAM offensive REBOUND,"['deadball', 'team']",,0,2,,False,False,0,,freethrow,freethrow,,,,1626179|1626220|1627823|1628378|1628970|1629023|1630163|201144|203486|203497,1626179|1628970|1629023|1630163|203486,1626220|1627823|1628378|201144|203497,,,1610612766.0,22101100
1,PT11M21.00S,11:21,Q1 11:21,46.65,13,freethrow,M. Plumlee Free Throw 2 of 2 (1 PTS),[],Plumlee,1,2,Made,False,False,203486,,rebound,3pt missed,,,,1626179|1626220|1627823|1628378|1628970|1629023|1630163|201144|203486|203497,1626179|1628970|1629023|1630163|203486,1626220|1627823|1628378|201144|203497,,,1610612766.0,22101100
1,PT11M06.00S,11:06,Q1 11:06,46.9,14,3pt,MISS R. O'Neale 26' 3PT,[],O'Neale,1,2,Missed,True,False,1626220,,freethrow,rebound,,,,1626179|1626220|1627823|1628378|1628970|1629023|1630163|201144|203486|203497,1626220|1627823|1628378|201144|203497,1626179|1628970|1629023|1630163|203486,126.0,232.0,1610612762.0,22101100
1,PT11M02.00S,11:02,Q1 11:02,46.96666666666667,15,rebound,J. Hernangomez REBOUND (Off:1 Def:0),[],Hernangomez,1,2,,False,False,1627823,,3pt missed,3pt made,,,,1626179|1626220|1627823|1628378|1628970|1629023|1630163|201144|203486|203497,1626220|1627823|1628378|201144|203497,1626179|1628970|1629023|1630163|203486,,,1610612762.0,22101100
1,PT10M56.00S,10:56,Q1 10:56,45.06666666666667,16,3pt,D. Mitchell 26' 3PT  (3 PTS) (J. Hernangomez 1 AST),['2ndchance'],Mitchell,1,5,Made,True,True,1628378,1627823.0,rebound,2pt made,,,,1626179|1626220|1627823|1628378|1628970|1629023|1630163|201144|203486|203497,1626220|1627823|1628378|201144|203497,1626179|1628970|1629023|1630163|203486,100.0,242.0,1610612762.0,22101100
1,PT10M29.00S,10:29,Q1 10:29,45.516666666666666,18,2pt,T. Rozier 9' floating Jump Shot (2 PTS) (M. Plumlee 1 AST),['pointsinthepaint'],Rozier,3,5,Made,True,True,1626179,203486.0,3pt made,3pt made,,,,1626179|1626220|1627823|1628378|1628970|1629023|1630163|201144|203486|203497,1626179|1628970|1629023|1630163|203486,1626220|1627823|1628378|201144|203497,-67.0,69.0,1610612766.0,22101100
1,PT10M13.00S,10:13,Q1 10:13,45.78333333333333,20,3pt,D. Mitchell 26' 3PT pullup (6 PTS) (R. Gobert 1 AST),[],Mitchell,3,8,Made,True,True,1628378,203497.0,2pt made,turnover,,,,1626179|1626220|1627823|1628378|1628970|1629023|1630163|201144|203486|203497,1626220|1627823|1628378|201144|203497,1626179|1628970|1629023|1630163|203486,85.0,254.0,1610612762.0,22101100
1,PT09M56.00S,09:56,Q1 09:56,44.06666666666667,22,turnover,P. Washington bad pass out-of-bounds TURNOVER (1 TO),[],Washington,3,8,,False,False,1629023,,3pt made,3pt missed,,,,1626179|1626220|1627823|1628378|1628970|1629023|1630163|201144|203486|203497,1626179|1628970|1629023|1630163|203486,1626220|1627823|1628378|201144|203497,,,1610612766.0,22101100
1,PT09M37.00S,09:37,Q1 09:37,44.38333333333333,24,3pt,MISS M. Conley 3PT,['fromturnover'],Conley,3,8,Missed,True,False,201144,,turnover,rebound,,,,1626179|1626220|1627823|1628378|1628970|1629023|1630163|201144|203486|203497,1626220|1627823|1628378|201144|203497,1626179|1628970|1629023|1630163|203486,232.0,-6.0,1610612762.0,22101100
1,PT09M32.00S,09:32,Q1 09:32,44.46666666666667,25,rebound,J. Hernangomez REBOUND (Off:2 Def:0),[],Hernangomez,3,8,,False,False,1627823,,3pt missed,2pt missed,,,,1626179|1626220|1627823|1628378|1628970|1629023|1630163|201144|203486|203497,1626220|1627823|1628378|201144|203497,1626179|1628970|1629023|1630163|203486,,,1610612762.0,22101100
1,PT09M32.00S,09:32,Q1 09:32,44.46666666666667,26,2pt,MISS J. Hernangomez tip Layup,"['2ndchance', 'pointsinthepaint', 'fromturnover']",Hernangomez,3,8,Missed,True,False,1627823,,rebound,rebound,,,,1626179|1626220|1627823|1628378|1628970|1629023|1630163|201144|203486|203497,1626220|1627823|1628378|201144|203497,1626179|1628970|1629023|1630163|203486,0.0,0.0,1610612762.0,22101100
1,PT09M32.00S,09:32,Q1 09:32,44.46666666666667,27,rebound,J. Hernangomez REBOUND (Off:3 Def:0),[],Hernangomez,3,8,,False,False,1627823,,2pt missed,turnover,,,,1626179|1626220|1627823|1628378|1628970|1629023|1630163|201144|203486|203497,1626220|1627823|1628378|201144|203497,1626179|1628970|1629023|1630163|203486,,,1610612762.0,22101100
1,PT09M30.00S,09:30,Q1 09:30,44.5,28,turnover,J. Hernangomez bad pass TURNOVER (1 TO),[],Hernangomez,3,8,,False,False,1627823,,rebound,steal,,1629023.0,,1626179|1626220|1627823|1628378|1628970|1629023|1630163|201144|203486|203497,1626220|1627823|1628378|201144|203497,1626179|1628970|1629023|1630163|203486,,,1610612762.0,22101100
1,PT09M30.00S,09:30,Q1 09:30,44.5,29,steal,P. Washington STEAL (1 STL),[],Washington,3,8,,False,False,1629023,,turnover,turnover,,,,1626179|1626220|1627823|1628378|1628970|1629023|1630163|201144|203486|203497,1626179|1628970|1629023|1630163|203486,1626220|1627823|1628378|201144|203497,,,1610612766.0,22101100
1,PT09M30.00S,09:30,Q1 09:30,44.5,30,turnover,P. Washington bad pass TURNOVER (2 TO),[],Washington,3,8,,False,False,1629023,,steal,steal,,1626220.0,,1626179|1626220|1627823|1628378|1628970|1629023|1630163|201144|203486|203497,1626179|1628970|1629023|1630163|203486,1626220|1627823|1628378|201144|203497,,,1610612766.0,22101100
1,PT09M30.00S,09:30,Q1 09:30,44.5,31,steal,R. O'Neale STEAL (1 STL),[],O'Neale,3,8,,False,False,1626220,,turnover,3pt made,,,,1626179|1626220|1627823|1628378|1628970|1629023|1630163|201144|203486|203497,1626220|1627823|1628378|201144|203497,1626179|1628970|1629023|1630163|203486,,,1610612762.0,22101100
1,PT09M30.00S,09:30,Q1 09:30,44.5,32,3pt,R. O'Neale 26' 3PT pullup (3 PTS),['fromturnover'],O'Neale,3,11,Made,True,False,1626220,,steal,timeout,,,,1626179|1626220|1627823|1628378|1628970|1629023|1630163|201144|203486|203497,1626220|1627823|1628378|201144|203497,1626179|1628970|1629023|1630163|203486,-126.0,228.0,1610612762.0,22101100
1,PT09M30.00S,09:30,Q1 09:30,44.5,33,timeout,CHA Timeout,"['team', 'mandatory']",,3,11,,False,False,0,,3pt made,2pt missed,,,,1626179|1626220|1627823|1628378|1628970|1629023|1630163|201144|203486|203497,1626179|1628970|1629023|1630163|203486,1626220|1627823|1628378|201144|203497,,,1610612766.0,22101100
1,PT09M05.00S,09:05,Q1 09:05,44.916666666666664,34,2pt,MISS T. Rozier 23' step back Shot,[],Rozier,3,11,Missed,True,False,1626179,,timeout,rebound,,,,1626179|1626220|1627823|1628378|1628970|1629023|1630163|201144|203486|203497,1626179|1628970|1629023|1630163|203486,1626220|1627823|1628378|201144|203497,-110.0,205.0,1610612766.0,22101100
1,PT09M01.00S,09:01,Q1 09:01,44.983333333333334,35,rebound,R. Gobert REBOUND (Off:0 Def:1),[],Gobert,3,11,,False,False,203497,,2pt missed,3pt missed,,,,1626179|1626220|1627823|1628378|1628970|1629023|1630163|201144|203486|203497,1626220|1627823|1628378|201144|203497,1626179|1628970|1629023|1630163|203486,,,1610612762.0,22101100
1,PT08M44.00S,08:44,Q1 08:44,43.266666666666666,36,3pt,MISS D. Mitchell 29' 3PT,[],Mitchell,3,11,Missed,True,False,1628378,,rebound,rebound,,,,1626179|1626220|1627823|1628378|1628970|1629023|1630163|201144|203486|203497,1626220|1627823|1628378|201144|203497,1626179|1628970|1629023|1630163|203486,-99.0,273.0,1610612762.0,22101100
1,PT08M39.00S,08:39,Q1 08:39,43.35,37,rebound,M. Plumlee REBOUND (Off:0 Def:1),[],Plumlee,3,11,,False,False,203486,,3pt missed,2pt missed,,,,1626179|1626220|1627823|1628378|1628970|1629023|1630163|201144|203486|203497,1626179|1628970|1629023|1630163|203486,1626220|1627823|1628378|201144|203497,,,1610612766.0,22101100
1,PT08M31.00S,08:31,Q1 08:31,43.483333333333334,38,2pt,MISS M. Bridges driving Layup,['pointsinthepaint'],Bridges,3,11,Missed,True,False,1628970,,rebound,rebound,,,,1626179|1626220|1627823|1628378|1628970|1629023|1630163|201144|203486|203497,1626179|1628970|1629023|1630163|203486,1626220|1627823|1628378|201144|203497,23.0,15.0,1610612766.0,22101100
1,PT08M29.00S,08:29,Q1 08:29,43.516666666666666,39,rebound,R. Gobert REBOUND (Off:0 Def:2),[],Gobert,3,11,,False,False,203497,,2pt missed,2pt missed,,,,1626179|1626220|1627823|1628378|1628970|1629023|1630163|201144|203486|203497,1626220|1627823|1628378|201144|203497,1626179|1628970|1629023|1630163|203486,,,1610612762.0,22101100
1,PT08M14.00S,08:14,Q1 08:14,43.766666666666666,40,2pt,MISS R. Gobert Layup - blocked,['pointsinthepaint'],Gobert,3,11,Missed,True,False,203497,,rebound,block,,,1629023.0,1626179|1626220|1627823|1628378|1628970|1629023|1630163|201144|203486|203497,1626220|1627823|1628378|201144|203497,1626179|1628970|1629023|1630163|203486,-45.0,32.0,1610612762.0,22101100
1,PT08M14.00S,08:14,Q1 08:14,43.766666666666666,41,block,P. Washington BLOCK (1 BLK),[],Washington,3,11,,False,False,1629023,,2pt missed,rebound,,,,1626179|1626220|1627823|1628378|1628970|1629023|1630163|201144|203486|203497,1626179|1628970|1629023|1630163|203486,1626220|1627823|1628378|201144|203497,,,1610612766.0,22101100
1,PT08M11.00S,08:11,Q1 08:11,43.81666666666667,42,rebound,L. Ball REBOUND (Off:0 Def:1),[],Ball,3,11,,False,False,1630163,,block,3pt made,,,,1626179|1626220|1627823|1628378|1628970|1629023|1630163|201144|203486|203497,1626179|1628970|1629023|1630163|203486,1626220|1627823|1628378|201144|203497,,,1610612766.0,22101100
1,PT08M07.00S,08:07,Q1 08:07,43.88333333333333,43,3pt,T. Rozier 3PT  (5 PTS) (L. Ball 1 AST),['fastbreak'],Rozier,6,11,Made,True,True,1626179,1630163.0,rebound,3pt made,,,,1626179|1626220|1627823|1628378|1628970|1629023|1630163|201144|203486|203497,1626179|1628970|1629023|1630163|203486,1626220|1627823|1628378|201144|203497,-233.0,-2.0,1610612766.0,22101100
1,PT07M42.00S,07:42,Q1 07:42,42.3,45,3pt,J. Hernangomez 25' 3PT  (3 PTS) (M. Conley 1 AST),[],Hernangomez,6,14,Made,True,True,1627823,201144.0,3pt made,2pt missed,,,,1626179|1626220|1627823|1628378|1628970|1629023|1630163|201144|203486|203497,1626220|1627823|1628378|201144|203497,1626179|1628970|1629023|1630163|203486,-196.0,163.0,1610612762.0,22101100
1,PT07M28.00S,07:28,Q1 07:28,42.53333333333333,47,2pt,MISS L. Ball 12' driving floating Shot,[],Ball,6,14,Missed,True,False,1630163,,3pt made,rebound,,,,1626179|1626220|1627823|1628378|1628970|1629023|1630163|201144|203486|203497,1626179|1628970|1629023|1630163|203486,1626220|1627823|1628378|201144|203497,104.0,69.0,1610612766.0,22101100
1,PT07M26.00S,07:26,Q1 07:26,42.56666666666667,48,rebound,R. Gobert REBOUND (Off:0 Def:3),[],Gobert,6,14,,False,False,203497,,2pt missed,turnover,,,,1626179|1626220|1627823|1628378|1628970|1629023|1630163|201144|203486|203497,1626220|1627823|1628378|201144|203497,1626179|1628970|1629023|1630163|203486,,,1610612762.0,22101100
1,PT07M17.00S,07:17,Q1 07:17,42.71666666666667,49,turnover,D. Mitchell bad pass TURNOVER (1 TO),[],Mitchell,6,14,,False,False,1628378,,rebound,steal,,1629023.0,,1626179|1626220|1627823|1628378|1628970|1629023|1630163|201144|203486|203497,1626220|1627823|1628378|201144|203497,1626179|1628970|1629023|1630163|203486,,,1610612762.0,22101100
1,PT07M17.00S,07:17,Q1 07:17,42.71666666666667,50,steal,P. Washington STEAL (2 STL),[],Washington,6,14,,False,False,1629023,,turnover,foul,,,,1626179|1626220|1627823|1628378|1628970|1629023|1630163|201144|203486|203497,1626179|1628970|1629023|1630163|203486,1626220|1627823|1628378|201144|203497,,,1610612766.0,22101100
1,PT07M17.00S,07:17,Q1 07:17,42.71666666666667,51,foul,M. Conley take personal FOUL (1 PF),[],Conley,6,14,,False,False,201144,,steal,substitution,1626179.0,,,1626179|1626220|1627823|1628378|1628970|1629023|1630163|201144|203486|203497,1626220|1627823|1628378|201144|203497,1626179|1628970|1629023|1630163|203486,,,1610612762.0,22101100
1,PT07M17.00S,07:17,Q1 07:17,42.71666666666667,53,substitution,SUB out: M. Conley,[],Conley,6,14,,False,False,201144,,foul,substitution,,,,1626179|1626220|1627823|1628378|1628970|1629023|1630163|203486|203497,1626220|1627823|1628378|203497,1626179|1628970|1629023|1630163|203486,,,1610612762.0,22101100
1,PT07M17.00S,07:17,Q1 07:17,42.71666666666667,62,substitution,SUB in: J. Clarkson,[],Clarkson,6,14,,False,False,203903,,substitution,2pt missed,,,,1626179|1626220|1627823|1628378|1628970|1629023|1630163|203486|203497|203903,1626220|1627823|1628378|203497|203903,1626179|1628970|1629023|1630163|203486,,,1610612762.0,22101100
1,PT07M04.00S,07:04,Q1 07:04,42.93333333333333,55,2pt,MISS M. Plumlee 6' Hook,"['pointsinthepaint', 'fromturnover']",Plumlee,6,14,Missed,True,False,203486,,substitution,rebound,,,,1626179|1626220|1627823|1628378|1628970|1629023|1630163|203486|203497|203903,1626179|1628970|1629023|1630163|203486,1626220|1627823|1628378|203497|203903,5.0,63.0,1610612766.0,22101100
1,PT07M02.00S,07:02,Q1 07:02,42.96666666666667,56,rebound,R. Gobert REBOUND (Off:0 Def:4),[],Gobert,6,14,,False,False,203497,,2pt missed,3pt missed,,,,1626179|1626220|1627823|1628378|1628970|1629023|1630163|203486|203497|203903,1626220|1627823|1628378|203497|203903,1626179|1628970|1629023|1630163|203486,,,1610612762.0,22101100
1,PT06M50.00S,06:50,Q1 06:50,41.166666666666664,57,3pt,MISS D. Mitchell 30' pullup 3PT,[],Mitchell,6,14,Missed,True,False,1628378,,rebound,rebound,,,,1626179|1626220|1627823|1628378|1628970|1629023|1630163|203486|203497|203903,1626220|1627823|1628378|203497|203903,1626179|1628970|1629023|1630163|203486,-158.0,257.0,1610612762.0,22101100
1,PT06M49.00S,06:49,Q1 06:49,41.18333333333333,58,rebound,TEAM defensive REBOUND,['team'],,6,14,,False,False,0,,3pt missed,substitution,,,,1626179|1626220|1627823|1628378|1628970|1629023|1630163|203486|203497|203903,1626179|1628970|1629023|1630163|203486,1626220|1627823|1628378|203497|203903,,,1610612766.0,22101100
1,PT06M49.00S,06:49,Q1 06:49,41.18333333333333,60,substitution,SUB out: P. Washington,[],Washington,6,14,,False,False,1629023,,rebound,substitution,,,,1626179|1626220|1627823|1628378|1628970|1630163|203486|203497|203903,1626179|1628970|1630163|203486,1626220|1627823|1628378|203497|203903,,,1610612766.0,22101100
1,PT06M49.00S,06:49,Q1 06:49,41.18333333333333,61,substitution,SUB in: C. Martin,[],Martin,6,14,,False,False,1628998,,substitution,3pt made,,,,1626179|1626220|1627823|1628378|1628970|1628998|1630163|203486|203497|203903,1626179|1628970|1628998|1630163|203486,1626220|1627823|1628378|203497|203903,,,1610612766.0,22101100
1,PT06M36.00S,06:36,Q1 06:36,41.4,63,3pt,T. Rozier 25' 3PT  (8 PTS) (M. Bridges 1 AST),[],Rozier,9,14,Made,True,True,1626179,1628970.0,substitution,3pt missed,,,,1626179|1626220|1627823|1628378|1628970|1628998|1630163|203486|203497|203903,1626179|1628970|1628998|1630163|203486,1626220|1627823|1628378|203497|203903,-173.0,194.0,1610612766.0,22101100
1,PT06M10.00S,06:10,Q1 06:10,41.833333333333336,65,3pt,MISS J. Hernangomez 26' 3PT,[],Hernangomez,9,14,Missed,True,False,1627823,,3pt made,rebound,,,,1626179|1626220|1627823|1628378|1628970|1628998|1630163|203486|203497|203903,1626220|1627823|1628378|203497|203903,1626179|1628970|1628998|1630163|203486,156.0,211.0,1610612762.0,22101100
1,PT06M08.00S,06:08,Q1 06:08,41.86666666666667,66,rebound,M. Plumlee REBOUND (Off:0 Def:2),[],Plumlee,9,14,,False,False,203486,,3pt missed,3pt missed,,,,1626179|1626220|1627823|1628378|1628970|1628998|1630163|203486|203497|203903,1626179|1628970|1628998|1630163|203486,1626220|1627823|1628378|203497|203903,,,1610612766.0,22101100
1,PT06M01.00S,06:01,Q1 06:01,41.983333333333334,67,3pt,MISS L. Ball 27' step back 3PT,[],Ball,9,14,Missed,True,False,1630163,,rebound,rebound,,,,1626179|1626220|1627823|1628378|1628970|1628998|1630163|203486|203497|203903,1626179|1628970|1628998|1630163|203486,1626220|1627823|1628378|203497|203903,-200.0,185.0,1610612766.0,22101100
1,PT05M59.00S,05:59,Q1 05:59,40.016666666666666,68,rebound,R. Gobert REBOUND (Off:0 Def:5),[],Gobert,9,14,,False,False,203497,,3pt missed,foul,,,,1626179|1626220|1627823|1628378|1628970|1628998|1630163|203486|203497|203903,1626220|1627823|1628378|203497|203903,1626179|1628970|1628998|1630163|203486,,,1610612762.0,22101100
1,PT05M50.00S,05:50,Q1 05:50,40.166666666666664,69,foul,L. Ball personal FOUL (1 PF),[],Ball,9,14,,False,False,1630163,,rebound,substitution,203497.0,,,1626179|1626220|1627823|1628378|1628970|1628998|1630163|203486|203497|203903,1626179|1628970|1628998|1630163|203486,1626220|1627823|1628378|203497|203903,,,1610612766.0,22101100
1,PT05M50.00S,05:50,Q1 05:50,40.166666666666664,71,substitution,SUB out: L. Ball,[],Ball,9,14,,False,False,1630163,,foul,substitution,,,,1626179|1626220|1627823|1628378|1628970|1628998|203486|203497|203903,1626179|1628970|1628998|203486,1626220|1627823|1628378|203497|203903,,,1610612766.0,22101100
1,PT05M50.00S,05:50,Q1 05:50,40.166666666666664,72,substitution,SUB out: M. Plumlee,[],Plumlee,9,14,,False,False,203486,,substitution,substitution,,,,1626179|1626220|1627823|1628378|1628970|1628998|203497|203903,1626179|1628970|1628998,1626220|1627823|1628378|203497|203903,,,1610612766.0,22101100
1,PT05M50.00S,05:50,Q1 05:50,40.166666666666664,74,substitution,SUB in: K. Oubre Jr.,[],Oubre Jr.,9,14,,False,False,1626162,,substitution,substitution,,,,1626162|1626179|1626220|1627823|1628378|1628970|1628998|203497|203903,1626162|1626179|1628970|1628998,1626220|1627823|1628378|203497|203903,,,1610612766.0,22101100
1,PT05M50.00S,05:50,Q1 05:50,40.166666666666664,75,substitution,SUB in: M. Harrell,[],Harrell,9,14,,False,False,1626149,,substitution,substitution,,,,1626149|1626162|1626179|1626220|1627823|1628378|1628970|1628998|203497|203903,1626149|1626162|1626179|1628970|1628998,1626220|1627823|1628378|203497|203903,,,1610612766.0,22101100
1,PT05M50.00S,05:50,Q1 05:50,40.166666666666664,111,substitution,SUB out: R. Gobert,[],Gobert,9,14,,False,False,203497,,substitution,substitution,,,,1626149|1626162|1626179|1626220|1627823|1628378|1628970|1628998|203903,1626220|1627823|1628378|203903,1626149|1626162|1626179|1628970|1628998,,,1610612762.0,22101100
1,PT05M50.00S,05:50,Q1 05:50,40.166666666666664,112,substitution,SUB in: E. Paschall,[],Paschall,9,14,,False,False,1629672,,substitution,3pt missed,,,,1626149|1626162|1626179|1626220|1627823|1628378|1628970|1628998|1629672|203903,1626220|1627823|1628378|1629672|203903,1626149|1626162|1626179|1628970|1628998,,,1610612762.0,22101100
1,PT05M38.00S,05:38,Q1 05:38,40.36666666666667,77,3pt,MISS J. Clarkson 25' pullup 3PT,[],Clarkson,9,14,Missed,True,False,203903,,substitution,rebound,,,,1626149|1626162|1626179|1626220|1627823|1628378|1628970|1628998|1629672|203903,1626220|1627823|1628378|1629672|203903,1626149|1626162|1626179|1628970|1628998,97.0,232.0,1610612762.0,22101100
1,PT05M34.00S,05:34,Q1 05:34,40.43333333333333,78,rebound,C. Martin REBOUND (Off:0 Def:1),[],Martin,9,14,,False,False,1628998,,3pt missed,2pt missed,,,,1626149|1626162|1626179|1626220|1627823|1628378|1628970|1628998|1629672|203903,1626149|1626162|1626179|1628970|1628998,1626220|1627823|1628378|1629672|203903,,,1610612766.0,22101100
1,PT05M29.00S,05:29,Q1 05:29,40.516666666666666,79,2pt,MISS T. Rozier Layup - blocked,['pointsinthepaint'],Rozier,9,14,Missed,True,False,1626179,,rebound,block,,,203903.0,1626149|1626162|1626179|1626220|1627823|1628378|1628970|1628998|1629672|203903,1626149|1626162|1626179|1628970|1628998,1626220|1627823|1628378|1629672|203903,29.0,46.0,1610612766.0,22101100
1,PT05M29.00S,05:29,Q1 05:29,40.516666666666666,80,block,J. Clarkson BLOCK (1 BLK),[],Clarkson,9,14,,False,False,203903,,2pt missed,rebound,,,,1626149|1626162|1626179|1626220|1627823|1628378|1628970|1628998|1629672|203903,1626220|1627823|1628378|1629672|203903,1626149|1626162|1626179|1628970|1628998,,,1610612762.0,22101100
1,PT05M29.00S,05:29,Q1 05:29,40.516666666666666,81,rebound,TEAM offensive REBOUND,['team'],,9,14,,False,False,0,,block,2pt missed,,,,1626149|1626162|1626179|1626220|1627823|1628378|1628970|1628998|1629672|203903,1626149|1626162|1626179|1628970|1628998,1626220|1627823|1628378|1629672|203903,,,1610612766.0,22101100
1,PT05M20.00S,05:20,Q1 05:20,40.666666666666664,83,2pt,MISS T. Rozier 9' driving floating Shot,"['pointsinthepaint', '2ndchance']",Rozier,9,14,Missed,True,False,1626179,,rebound,rebound,,,,1626149|1626162|1626179|1626220|1627823|1628378|1628970|1628998|1629672|203903,1626149|1626162|1626179|1628970|1628998,1626220|1627823|1628378|1629672|203903,-1.0,95.0,1610612766.0,22101100
1,PT05M17.00S,05:17,Q1 05:17,40.71666666666667,84,rebound,M. Bridges REBOUND (Off:1 Def:0),[],Bridges,9,14,,False,False,1628970,,2pt missed,foul,,,,1626149|1626162|1626179|1626220|1627823|1628378|1628970|1628998|1629672|203903,1626149|1626162|1626179|1628970|1628998,1626220|1627823|1628378|1629672|203903,,,1610612766.0,22101100
1,PT05M17.00S,05:17,Q1 05:17,40.71666666666667,85,foul,R. O'Neale shooting personal FOUL (1 PF) (Bridges 2 FT),['2freethrow'],O'Neale,9,14,,False,False,1626220,,rebound,freethrow,1628970.0,,,1626149|1626162|1626179|1626220|1627823|1628378|1628970|1628998|1629672|203903,1626220|1627823|1628378|1629672|203903,1626149|1626162|1626179|1628970|1628998,,,1610612762.0,22101100
1,PT05M17.00S,05:17,Q1 05:17,40.71666666666667,87,freethrow,MISS M. Bridges Free Throw 1 of 2,['2ndchance'],Bridges,9,14,Missed,False,False,1628970,,foul,rebound,,,,1626149|1626162|1626179|1626220|1627823|1628378|1628970|1628998|1629672|203903,1626149|1626162|1626179|1628970|1628998,1626220|1627823|1628378|1629672|203903,,,1610612766.0,22101100
1,PT05M17.00S,05:17,Q1 05:17,40.71666666666667,88,rebound,TEAM offensive REBOUND,"['deadball', 'team']",,9,14,,False,False,0,,freethrow,freethrow,,,,1626149|1626162|1626179|1626220|1627823|1628378|1628970|1628998|1629672|203903,1626149|1626162|1626179|1628970|1628998,1626220|1627823|1628378|1629672|203903,,,1610612766.0,22101100
1,PT05M17.00S,05:17,Q1 05:17,40.71666666666667,89,freethrow,M. Bridges Free Throw 2 of 2 (1 PTS),['2ndchance'],Bridges,10,14,Made,False,False,1628970,,rebound,3pt missed,,,,1626149|1626162|1626179|1626220|1627823|1628378|1628970|1628998|1629672|203903,1626149|1626162|1626179|1628970|1628998,1626220|1627823|1628378|1629672|203903,,,1610612766.0,22101100
1,PT04M55.00S,04:55,Q1 04:55,39.083333333333336,91,3pt,MISS J. Clarkson 25' 3PT,[],Clarkson,10,14,Missed,True,False,203903,,freethrow,rebound,,,,1626149|1626162|1626179|1626220|1627823|1628378|1628970|1628998|1629672|203903,1626220|1627823|1628378|1629672|203903,1626149|1626162|1626179|1628970|1628998,-192.0,169.0,1610612762.0,22101100
1,PT04M51.00S,04:51,Q1 04:51,39.15,92,rebound,K. Oubre Jr. REBOUND (Off:0 Def:1),[],Oubre Jr.,10,14,,False,False,1626162,,3pt missed,2pt made,,,,1626149|1626162|1626179|1626220|1627823|1628378|1628970|1628998|1629672|203903,1626149|1626162|1626179|1628970|1628998,1626220|1627823|1628378|1629672|203903,,,1610612766.0,22101100
1,PT04M39.00S,04:39,Q1 04:39,39.35,93,2pt,K. Oubre Jr. cutting DUNK (2 PTS) (M. Harrell 1 AST),['pointsinthepaint'],Oubre Jr.,12,14,Made,True,True,1626162,1626149.0,rebound,foul,,,,1626149|1626162|1626179|1626220|1627823|1628378|1628970|1628998|1629672|203903,1626149|1626162|1626179|1628970|1628998,1626220|1627823|1628378|1629672|203903,0.0,3.0,1610612766.0,22101100
1,PT04M23.00S,04:23,Q1 04:23,39.61666666666667,95,foul,T. Rozier personal FOUL (1 PF),[],Rozier,12,14,,False,False,1626179,,2pt made,3pt made,203903.0,,,1626149|1626162|1626179|1626220|1627823|1628378|1628970|1628998|1629672|203903,1626149|1626162|1626179|1628970|1628998,1626220|1627823|1628378|1629672|203903,,,1610612766.0,22101100
1,PT04M14.00S,04:14,Q1 04:14,39.766666666666666,97,3pt,J. Clarkson 26' 3PT  (3 PTS) (R. O'Neale 1 AST),[],Clarkson,12,17,Made,True,True,203903,1626220.0,foul,2pt made,,,,1626149|1626162|1626179|1626220|1627823|1628378|1628970|1628998|1629672|203903,1626220|1627823|1628378|1629672|203903,1626149|1626162|1626179|1628970|1628998,115.0,233.0,1610612762.0,22101100
1,PT03M49.00S,03:49,Q1 03:49,38.18333333333333,99,2pt,M. Harrell driving Layup (2 PTS),['pointsinthepaint'],Harrell,14,17,Made,True,False,1626149,,3pt made,2pt missed,,,,1626149|1626162|1626179|1626220|1627823|1628378|1628970|1628998|1629672|203903,1626149|1626162|1626179|1628970|1628998,1626220|1627823|1628378|1629672|203903,1.0,27.0,1610612766.0,22101100
1,PT03M32.00S,03:32,Q1 03:32,38.46666666666667,102,2pt,MISS J. Clarkson driving Layup,['pointsinthepaint'],Clarkson,14,17,Missed,True,False,203903,,2pt made,rebound,,,,1626149|1626162|1626179|1626220|1627823|1628378|1628970|1628998|1629672|203903,1626220|1627823|1628378|1629672|203903,1626149|1626162|1626179|1628970|1628998,23.0,16.0,1610612762.0,22101100
1,PT03M29.00S,03:29,Q1 03:29,38.516666666666666,103,rebound,M. Bridges REBOUND (Off:1 Def:1),[],Bridges,14,17,,False,False,1628970,,2pt missed,3pt made,,,,1626149|1626162|1626179|1626220|1627823|1628378|1628970|1628998|1629672|203903,1626149|1626162|1626179|1628970|1628998,1626220|1627823|1628378|1629672|203903,,,1610612766.0,22101100
1,PT03M25.00S,03:25,Q1 03:25,38.583333333333336,104,3pt,T. Rozier 25' 3PT running (11 PTS) (M. Bridges 2 AST),['fastbreak'],Rozier,17,17,Made,True,True,1626179,1628970.0,rebound,2pt made,,,,1626149|1626162|1626179|1626220|1627823|1628378|1628970|1628998|1629672|203903,1626149|1626162|1626179|1628970|1628998,1626220|1627823|1628378|1629672|203903,-213.0,135.0,1610612766.0,22101100
1,PT03M08.00S,03:08,Q1 03:08,38.86666666666667,106,2pt,E. Paschall cutting Layup (2 PTS) (D. Mitchell 2 AST),['pointsinthepaint'],Paschall,17,19,Made,True,True,1629672,1628378.0,3pt made,timeout,,,,1626149|1626162|1626179|1626220|1627823|1628378|1628970|1628998|1629672|203903,1626220|1627823|1628378|1629672|203903,1626149|1626162|1626179|1628970|1628998,15.0,13.0,1610612762.0,22101100
1,PT02M54.00S,02:54,Q1 02:54,37.1,109,timeout,UTA Timeout,"['team', 'mandatory']",,17,19,,False,False,0,,2pt made,substitution,,,,1626149|1626162|1626179|1626220|1627823|1628378|1628970|1628998|1629672|203903,1626220|1627823|1628378|1629672|203903,1626149|1626162|1626179|1628970|1628998,,,1610612762.0,22101100
1,PT02M54.00S,02:54,Q1 02:54,37.1,113,substitution,SUB out: R. O'Neale,[],O'Neale,17,19,,False,False,1626220,,timeout,substitution,,,,1626149|1626162|1626179|1627823|1628378|1628970|1628998|1629672|203903,1627823|1628378|1629672|203903,1626149|1626162|1626179|1628970|1628998,,,1610612762.0,22101100
1,PT02M54.00S,02:54,Q1 02:54,37.1,114,substitution,SUB out: D. Mitchell,[],Mitchell,17,19,,False,False,1628378,,substitution,substitution,,,,1626149|1626162|1626179|1627823|1628970|1628998|1629672|203903,1627823|1629672|203903,1626149|1626162|1626179|1628970|1628998,,,1610612762.0,22101100
1,PT02M54.00S,02:54,Q1 02:54,37.1,115,substitution,SUB out: J. Hernangomez,[],Hernangomez,17,19,,False,False,1627823,,substitution,substitution,,,,1626149|1626162|1626179|1628970|1628998|1629672|203903,1629672|203903,1626149|1626162|1626179|1628970|1628998,,,1610612762.0,22101100
1,PT02M54.00S,02:54,Q1 02:54,37.1,116,substitution,SUB out: E. Paschall,[],Paschall,17,19,,False,False,1629672,,substitution,substitution,,,,1626149|1626162|1626179|1628970|1628998|203903,203903,1626149|1626162|1626179|1628970|1628998,,,1610612762.0,22101100
1,PT02M54.00S,02:54,Q1 02:54,37.1,117,substitution,SUB in: T. Forrest,[],Forrest,17,19,,False,False,1630235,,substitution,substitution,,,,1626149|1626162|1626179|1628970|1628998|1630235|203903,1630235|203903,1626149|1626162|1626179|1628970|1628998,,,1610612762.0,22101100
1,PT02M54.00S,02:54,Q1 02:54,37.1,118,substitution,SUB in: M. Conley,[],Conley,17,19,,False,False,201144,,substitution,substitution,,,,1626149|1626162|1626179|1628970|1628998|1630235|201144|203903,1630235|201144|203903,1626149|1626162|1626179|1628970|1628998,,,1610612762.0,22101100
1,PT02M54.00S,02:54,Q1 02:54,37.1,119,substitution,SUB in: R. Gay,[],Gay,17,19,,False,False,200752,,substitution,substitution,,,,1626149|1626162|1626179|1628970|1628998|1630235|200752|201144|203903,1630235|200752|201144|203903,1626149|1626162|1626179|1628970|1628998,,,1610612762.0,22101100
1,PT02M54.00S,02:54,Q1 02:54,37.1,120,substitution,SUB in: R. Gobert,[],Gobert,17,19,,False,False,203497,,substitution,2pt missed,,,,1626149|1626162|1626179|1628970|1628998|1630235|200752|201144|203497|203903,1630235|200752|201144|203497|203903,1626149|1626162|1626179|1628970|1628998,,,1610612762.0,22101100
1,PT02M49.00S,02:49,Q1 02:49,37.18333333333333,121,2pt,MISS K. Oubre Jr. 12' pullup Shot,['pointsinthepaint'],Oubre Jr.,17,19,Missed,True,False,1626162,,substitution,rebound,,,,1626149|1626162|1626179|1628970|1628998|1630235|200752|201144|203497|203903,1626149|1626162|1626179|1628970|1628998,1630235|200752|201144|203497|203903,29.0,122.0,1610612766.0,22101100
1,PT02M47.00S,02:47,Q1 02:47,37.21666666666667,122,rebound,R. Gobert REBOUND (Off:0 Def:6),[],Gobert,17,19,,False,False,203497,,2pt missed,2pt made,,,,1626149|1626162|1626179|1628970|1628998|1630235|200752|201144|203497|203903,1630235|200752|201144|203497|203903,1626149|1626162|1626179|1628970|1628998,,,1610612762.0,22101100
1,PT02M29.00S,02:29,Q1 02:29,37.516666666666666,123,2pt,M. Conley 10' pullup Jump Shot (2 PTS) (R. Gay 1 AST),['pointsinthepaint'],Conley,17,21,Made,True,True,201144,200752.0,rebound,3pt made,,,,1626149|1626162|1626179|1628970|1628998|1630235|200752|201144|203497|203903,1630235|200752|201144|203497|203903,1626149|1626162|1626179|1628970|1628998,-44.0,94.0,1610612762.0,22101100
1,PT02M18.00S,02:18,Q1 02:18,37.7,124,3pt,M. Bridges 24' 3PT  (4 PTS) (M. Harrell 2 AST),[],Bridges,20,21,Made,True,True,1628970,1626149.0,2pt made,3pt missed,,,,1626149|1626162|1626179|1628970|1628998|1630235|200752|201144|203497|203903,1626149|1626162|1626179|1628970|1628998,1630235|200752|201144|203497|203903,-153.0,195.0,1610612766.0,22101100
1,PT02M01.00S,02:01,Q1 02:01,37.983333333333334,126,3pt,MISS R. Gay 26' 3PT,[],Gay,20,21,Missed,True,False,200752,,3pt made,rebound,,,,1626149|1626162|1626179|1628970|1628998|1630235|200752|201144|203497|203903,1630235|200752|201144|203497|203903,1626149|1626162|1626179|1628970|1628998,83.0,254.0,1610612762.0,22101100
1,PT01M58.00S,01:58,Q1 01:58,36.03333333333333,127,rebound,M. Bridges REBOUND (Off:1 Def:2),[],Bridges,20,21,,False,False,1628970,,3pt missed,3pt missed,,,,1626149|1626162|1626179|1628970|1628998|1630235|200752|201144|203497|203903,1626149|1626162|1626179|1628970|1628998,1630235|200752|201144|203497|203903,,,1610612766.0,22101100
1,PT01M43.00S,01:43,Q1 01:43,36.28333333333333,128,3pt,MISS M. Bridges 26' 3PT,[],Bridges,20,21,Missed,True,False,1628970,,rebound,rebound,,,,1626149|1626162|1626179|1628970|1628998|1630235|200752|201144|203497|203903,1626149|1626162|1626179|1628970|1628998,1630235|200752|201144|203497|203903,78.0,250.0,1610612766.0,22101100
1,PT01M40.00S,01:40,Q1 01:40,36.333333333333336,129,rebound,R. Gobert REBOUND (Off:0 Def:7),[],Gobert,20,21,,False,False,203497,,3pt missed,3pt missed,,,,1626149|1626162|1626179|1628970|1628998|1630235|200752|201144|203497|203903,1630235|200752|201144|203497|203903,1626149|1626162|1626179|1628970|1628998,,,1610612762.0,22101100
1,PT01M20.00S,01:20,Q1 01:20,36.666666666666664,130,3pt,MISS M. Conley 25' step back 3PT,[],Conley,20,21,Missed,True,False,201144,,rebound,rebound,,,,1626149|1626162|1626179|1628970|1628998|1630235|200752|201144|203497|203903,1630235|200752|201144|203497|203903,1626149|1626162|1626179|1628970|1628998,158.0,202.0,1610612762.0,22101100
1,PT01M17.00S,01:17,Q1 01:17,36.71666666666667,131,rebound,M. Bridges REBOUND (Off:1 Def:3),[],Bridges,20,21,,False,False,1628970,,3pt missed,3pt made,,,,1626149|1626162|1626179|1628970|1628998|1630235|200752|201144|203497|203903,1626149|1626162|1626179|1628970|1628998,1630235|200752|201144|203497|203903,,,1610612766.0,22101100
1,PT01M12.00S,01:12,Q1 01:12,36.8,132,3pt,K. Oubre Jr. 25' 3PT  (5 PTS) (C. Martin 1 AST),['fastbreak'],Oubre Jr.,23,21,Made,True,True,1626162,1628998.0,rebound,3pt missed,,,,1626149|1626162|1626179|1628970|1628998|1630235|200752|201144|203497|203903,1626149|1626162|1626179|1628970|1628998,1630235|200752|201144|203497|203903,168.0,192.0,1610612766.0,22101100
1,PT00M57.40S,00:57,Q1 00:57,35.05,134,3pt,MISS J. Clarkson 26' 3PT,[],Clarkson,23,21,Missed,True,False,203903,,3pt made,rebound,,,,1626149|1626162|1626179|1628970|1628998|1630235|200752|201144|203497|203903,1630235|200752|201144|203497|203903,1626149|1626162|1626179|1628970|1628998,-172.0,205.0,1610612762.0,22101100
1,PT00M54.20S,00:54,Q1 00:54,35.1,135,rebound,C. Martin REBOUND (Off:0 Def:2),[],Martin,23,21,,False,False,1628998,,3pt missed,3pt missed,,,,1626149|1626162|1626179|1628970|1628998|1630235|200752|201144|203497|203903,1626149|1626162|1626179|1628970|1628998,1630235|200752|201144|203497|203903,,,1610612766.0,22101100
1,PT00M34.30S,00:34,Q1 00:34,35.43333333333333,136,3pt,MISS C. Martin 3PT,[],Martin,23,21,Missed,True,False,1628998,,rebound,rebound,,,,1626149|1626162|1626179|1628970|1628998|1630235|200752|201144|203497|203903,1626149|1626162|1626179|1628970|1628998,1630235|200752|201144|203497|203903,-232.0,20.0,1610612766.0,22101100
1,PT00M31.60S,00:31,Q1 00:31,35.483333333333334,137,rebound,J. Clarkson REBOUND (Off:0 Def:1),[],Clarkson,23,21,,False,False,203903,,3pt missed,2pt missed,,,,1626149|1626162|1626179|1628970|1628998|1630235|200752|201144|203497|203903,1630235|200752|201144|203497|203903,1626149|1626162|1626179|1628970|1628998,,,1610612762.0,22101100
1,PT00M21.20S,00:21,Q1 00:21,35.65,138,2pt,MISS R. Gobert 6' finger roll Layup,['pointsinthepaint'],Gobert,23,21,Missed,True,False,203497,,rebound,rebound,,,,1626149|1626162|1626179|1628970|1628998|1630235|200752|201144|203497|203903,1630235|200752|201144|203497|203903,1626149|1626162|1626179|1628970|1628998,-59.0,33.0,1610612762.0,22101100
1,PT00M18.90S,00:18,Q1 00:18,35.7,139,rebound,T. Rozier REBOUND (Off:0 Def:1),[],Rozier,23,21,,False,False,1626179,,2pt missed,turnover,,,,1626149|1626162|1626179|1628970|1628998|1630235|200752|201144|203497|203903,1626149|1626162|1626179|1628970|1628998,1630235|200752|201144|203497|203903,,,1610612766.0,22101100
1,PT00M04.10S,00:04,Q1 00:04,35.93333333333333,140,turnover,M. Bridges lost ball TURNOVER (1 TO),[],Bridges,23,21,,False,False,1628970,,rebound,steal,,1630235.0,,1626149|1626162|1626179|1628970|1628998|1630235|200752|201144|203497|203903,1626149|1626162|1626179|1628970|1628998,1630235|200752|201144|203497|203903,,,1610612766.0,22101100
1,PT00M04.10S,00:04,Q1 00:04,35.93333333333333,141,steal,T. Forrest STEAL (1 STL),[],Forrest,23,21,,False,False,1630235,,turnover,2pt made,,,,1626149|1626162|1626179|1628970|1628998|1630235|200752|201144|203497|203903,1630235|200752|201144|203497|203903,1626149|1626162|1626179|1628970|1628998,,,1610612762.0,22101100
1,PT00M01.30S,00:01,Q1 00:01,35.983333333333334,142,2pt,J. Clarkson running Layup (5 PTS) (T. Forrest 1 AST),"['fastbreak', 'pointsinthepaint', 'fromturnover']",Clarkson,23,23,Made,True,True,203903,1630235.0,steal,foul,,,,1626149|1626162|1626179|1628970|1628998|1630235|200752|201144|203497|203903,1630235|200752|201144|203497|203903,1626149|1626162|1626179|1628970|1628998,-23.0,16.0,1610612762.0,22101100
1,PT00M01.30S,00:01,Q1 00:01,35.983333333333334,144,foul,K. Oubre Jr. shooting personal FOUL (1 PF) (Clarkson 1 FT),['1freethrow'],Oubre Jr.,23,23,,False,False,1626162,,2pt made,freethrow,203903.0,,,1626149|1626162|1626179|1628970|1628998|1630235|200752|201144|203497|203903,1626149|1626162|1626179|1628970|1628998,1630235|200752|201144|203497|203903,,,1610612766.0,22101100
1,PT00M01.30S,00:01,Q1 00:01,35.983333333333334,150,freethrow,J. Clarkson Free Throw 1 of 1 (6 PTS),"['fromturnover', 'fastbreak']",Clarkson,23,24,Made,False,False,203903,,foul,substitution,,,,1626149|1626162|1626179|1628970|1628998|1630235|200752|201144|203497|203903,1630235|200752|201144|203497|203903,1626149|1626162|1626179|1628970|1628998,,,1610612762.0,22101100
1,PT00M01.30S,00:01,Q1 00:01,35.983333333333334,146,substitution,SUB out: M. Bridges,[],Bridges,23,23,,False,False,1628970,,freethrow,substitution,,,,1626149|1626162|1626179|1628998|1630235|200752|201144|203497|203903,1626149|1626162|1626179|1628998,1630235|200752|201144|203497|203903,,,1610612766.0,22101100
1,PT00M01.30S,00:01,Q1 00:01,35.983333333333334,147,substitution,SUB out: C. Martin,[],Martin,23,23,,False,False,1628998,,substitution,substitution,,,,1626149|1626162|1626179|1630235|200752|201144|203497|203903,1626149|1626162|1626179,1630235|200752|201144|203497|203903,,,1610612766.0,22101100
1,PT00M01.30S,00:01,Q1 00:01,35.983333333333334,148,substitution,SUB in: M. Plumlee,[],Plumlee,23,23,,False,False,203486,,substitution,substitution,,,,1626149|1626162|1626179|1630235|200752|201144|203486|203497|203903,1626149|1626162|1626179|203486,1630235|200752|201144|203497|203903,,,1610612766.0,22101100
1,PT00M01.30S,00:01,Q1 00:01,35.983333333333334,149,substitution,SUB in: L. Ball,[],Ball,23,23,,False,False,1630163,,substitution,substitution,,,,1626149|1626162|1626179|1630163|1630235|200752|201144|203486|203497|203903,1626149|1626162|1626179|1630163|203486,1630235|200752|201144|203497|203903,,,1610612766.0,22101100
2,PT12M00.00S,12:00,Q2 12:00,36.0,153,substitution,SUB out: T. Rozier,['startperiod'],Rozier,23,24,,False,False,1626179,,substitution,substitution,,,,1626149|1626162|1630163|1630235|200752|201144|203486|203497|203903,1626149|1626162|1630163|203486,1630235|200752|201144|203497|203903,,,1610612766.0,22101100
2,PT12M00.00S,12:00,Q2 12:00,36.0,154,substitution,SUB out: M. Plumlee,['startperiod'],Plumlee,23,24,,False,False,203486,,substitution,substitution,,,,1626149|1626162|1630163|1630235|200752|201144|203497|203903,1626149|1626162|1630163,1630235|200752|201144|203497|203903,,,1610612766.0,22101100
2,PT12M00.00S,12:00,Q2 12:00,36.0,155,substitution,SUB in: J. McDaniels,['startperiod'],McDaniels,23,24,,False,False,1629667,,substitution,substitution,,,,1626149|1626162|1629667|1630163|1630235|200752|201144|203497|203903,1626149|1626162|1629667|1630163,1630235|200752|201144|203497|203903,,,1610612766.0,22101100
2,PT12M00.00S,12:00,Q2 12:00,36.0,156,substitution,SUB in: P. Washington,['startperiod'],Washington,23,24,,False,False,1629023,,substitution,2pt missed,,,,1626149|1626162|1629023|1629667|1630163|1630235|200752|201144|203497|203903,1626149|1626162|1629023|1629667|1630163,1630235|200752|201144|203497|203903,,,1610612766.0,22101100
2,PT11M47.00S,11:47,Q2 11:47,34.21666666666667,158,2pt,MISS P. Washington Layup,['pointsinthepaint'],Washington,23,24,Missed,True,False,1629023,,substitution,rebound,,,,1626149|1626162|1629023|1629667|1630163|1630235|200752|201144|203497|203903,1626149|1626162|1629023|1629667|1630163,1630235|200752|201144|203497|203903,-20.0,19.0,1610612766.0,22101100
2,PT11M42.00S,11:42,Q2 11:42,34.3,159,rebound,M. Harrell REBOUND (Off:1 Def:0),[],Harrell,23,24,,False,False,1626149,,2pt missed,2pt made,,,,1626149|1626162|1629023|1629667|1630163|1630235|200752|201144|203497|203903,1626149|1626162|1629023|1629667|1630163,1630235|200752|201144|203497|203903,,,1610612766.0,22101100
2,PT11M42.00S,11:42,Q2 11:42,34.3,160,2pt,M. Harrell tip DUNK (4 PTS),"['2ndchance', 'pointsinthepaint']",Harrell,25,24,Made,True,False,1626149,,rebound,2pt missed,,,,1626149|1626162|1629023|1629667|1630163|1630235|200752|201144|203497|203903,1626149|1626162|1629023|1629667|1630163,1630235|200752|201144|203497|203903,0.0,0.0,1610612766.0,22101100
2,PT11M27.00S,11:27,Q2 11:27,34.55,161,2pt,MISS R. Gay 8' floating Shot,['pointsinthepaint'],Gay,25,24,Missed,True,False,200752,,2pt made,rebound,,,,1626149|1626162|1629023|1629667|1630163|1630235|200752|201144|203497|203903,1630235|200752|201144|203497|203903,1626149|1626162|1629023|1629667|1630163,-55.0,68.0,1610612762.0,22101100
2,PT11M27.00S,11:27,Q2 11:27,34.55,162,rebound,TEAM defensive REBOUND,['team'],,25,24,,False,False,0,,2pt missed,foul,,,,1626149|1626162|1629023|1629667|1630163|1630235|200752|201144|203497|203903,1626149|1626162|1629023|1629667|1630163,1630235|200752|201144|203497|203903,,,1610612766.0,22101100
2,PT11M27.00S,11:27,Q2 11:27,34.55,163,foul,R. Gay loose ball personal FOUL (1 PF),[],Gay,25,24,,False,False,200752,,rebound,2pt missed,1629023.0,,,1626149|1626162|1629023|1629667|1630163|1630235|200752|201144|203497|203903,1630235|200752|201144|203497|203903,1626149|1626162|1629023|1629667|1630163,,,1610612762.0,22101100
2,PT11M14.00S,11:14,Q2 11:14,34.766666666666666,165,2pt,MISS P. Washington Layup,['pointsinthepaint'],Washington,25,24,Missed,True,False,1629023,,foul,rebound,,,,1626149|1626162|1629023|1629667|1630163|1630235|200752|201144|203497|203903,1626149|1626162|1629023|1629667|1630163,1630235|200752|201144|203497|203903,7.0,22.0,1610612766.0,22101100
2,PT11M11.00S,11:11,Q2 11:11,34.81666666666667,167,rebound,R. Gobert REBOUND (Off:0 Def:8),[],Gobert,25,24,,False,False,203497,,2pt missed,3pt missed,,,,1626149|1626162|1629023|1629667|1630163|1630235|200752|201144|203497|203903,1630235|200752|201144|203497|203903,1626149|1626162|1629023|1629667|1630163,,,1610612762.0,22101100
2,PT11M00.00S,11:00,Q2 11:00,35.0,168,3pt,MISS T. Forrest 25' pullup 3PT,[],Forrest,25,24,Missed,True,False,1630235,,rebound,rebound,,,,1626149|1626162|1629023|1629667|1630163|1630235|200752|201144|203497|203903,1630235|200752|201144|203497|203903,1626149|1626162|1629023|1629667|1630163,161.0,201.0,1610612762.0,22101100
2,PT10M57.00S,10:57,Q2 10:57,33.05,169,rebound,L. Ball REBOUND (Off:0 Def:2),[],Ball,25,24,,False,False,1630163,,3pt missed,2pt missed,,,,1626149|1626162|1629023|1629667|1630163|1630235|200752|201144|203497|203903,1626149|1626162|1629023|1629667|1630163,1630235|200752|201144|203497|203903,,,1610612766.0,22101100
2,PT10M51.00S,10:51,Q2 10:51,33.15,170,2pt,MISS L. Ball 7' driving Hook,['pointsinthepaint'],Ball,25,24,Missed,True,False,1630163,,rebound,rebound,,,,1626149|1626162|1629023|1629667|1630163|1630235|200752|201144|203497|203903,1626149|1626162|1629023|1629667|1630163,1630235|200752|201144|203497|203903,72.0,-4.0,1610612766.0,22101100
2,PT10M49.00S,10:49,Q2 10:49,33.18333333333333,171,rebound,R. Gobert REBOUND (Off:0 Def:9),[],Gobert,25,24,,False,False,203497,,2pt missed,2pt made,,,,1626149|1626162|1629023|1629667|1630163|1630235|200752|201144|203497|203903,1630235|200752|201144|203497|203903,1626149|1626162|1629023|1629667|1630163,,,1610612762.0,22101100
2,PT10M41.00S,10:41,Q2 10:41,33.31666666666667,172,2pt,J. Clarkson driving Layup (8 PTS),['pointsinthepaint'],Clarkson,25,26,Made,True,False,203903,,rebound,2pt missed,,,,1626149|1626162|1629023|1629667|1630163|1630235|200752|201144|203497|203903,1630235|200752|201144|203497|203903,1626149|1626162|1629023|1629667|1630163,28.0,11.0,1610612762.0,22101100
2,PT10M20.00S,10:20,Q2 10:20,33.666666666666664,173,2pt,MISS L. Ball 16' pullup Shot,[],Ball,25,26,Missed,True,False,1630163,,2pt made,rebound,,,,1626149|1626162|1629023|1629667|1630163|1630235|200752|201144|203497|203903,1626149|1626162|1629023|1629667|1630163,1630235|200752|201144|203497|203903,-96.0,129.0,1610612766.0,22101100
2,PT10M18.00S,10:18,Q2 10:18,33.7,174,rebound,R. Gay REBOUND (Off:0 Def:1),[],Gay,25,26,,False,False,200752,,2pt missed,3pt made,,,,1626149|1626162|1629023|1629667|1630163|1630235|200752|201144|203497|203903,1630235|200752|201144|203497|203903,1626149|1626162|1629023|1629667|1630163,,,1610612762.0,22101100
2,PT10M04.00S,10:04,Q2 10:04,33.93333333333333,175,3pt,M. Conley 26' 3PT  (5 PTS) (J. Clarkson 1 AST),[],Conley,25,29,Made,True,True,201144,203903.0,rebound,2pt missed,,,,1626149|1626162|1629023|1629667|1630163|1630235|200752|201144|203497|203903,1630235|200752|201144|203497|203903,1626149|1626162|1629023|1629667|1630163,99.0,249.0,1610612762.0,22101100
2,PT09M41.00S,09:41,Q2 09:41,32.31666666666667,177,2pt,MISS M. Harrell 10' fadeaway Shot,[],Harrell,25,29,Missed,True,False,1626149,,3pt made,rebound,,,,1626149|1626162|1629023|1629667|1630163|1630235|200752|201144|203497|203903,1626149|1626162|1629023|1629667|1630163,1630235|200752|201144|203497|203903,102.0,22.0,1610612766.0,22101100
2,PT09M38.00S,09:38,Q2 09:38,32.36666666666667,178,rebound,R. Gay REBOUND (Off:0 Def:2),[],Gay,25,29,,False,False,200752,,2pt missed,turnover,,,,1626149|1626162|1629023|1629667|1630163|1630235|200752|201144|203497|203903,1630235|200752|201144|203497|203903,1626149|1626162|1629023|1629667|1630163,,,1610612762.0,22101100
2,PT09M25.00S,09:25,Q2 09:25,32.583333333333336,179,turnover,J. Clarkson double dribble TURNOVER (1 TO),[],Clarkson,25,29,,False,False,203903,,rebound,substitution,,,,1626149|1626162|1629023|1629667|1630163|1630235|200752|201144|203497|203903,1630235|200752|201144|203497|203903,1626149|1626162|1629023|1629667|1630163,,,1610612762.0,22101100
2,PT09M25.00S,09:25,Q2 09:25,32.583333333333336,180,substitution,SUB out: K. Oubre Jr.,[],Oubre Jr.,25,29,,False,False,1626162,,turnover,substitution,,,,1626149|1629023|1629667|1630163|1630235|200752|201144|203497|203903,1626149|1629023|1629667|1630163,1630235|200752|201144|203497|203903,,,1610612766.0,22101100
2,PT09M25.00S,09:25,Q2 09:25,32.583333333333336,181,substitution,SUB in: I. Thomas,[],Thomas,25,29,,False,False,202738,,substitution,2pt made,,,,1626149|1629023|1629667|1630163|1630235|200752|201144|202738|203497|203903,1626149|1629023|1629667|1630163|202738,1630235|200752|201144|203497|203903,,,1610612766.0,22101100
2,PT09M10.00S,09:10,Q2 09:10,32.833333333333336,182,2pt,I. Thomas driving Layup (2 PTS),"['pointsinthepaint', 'fromturnover']",Thomas,27,29,Made,True,False,202738,,substitution,foul,,,,1626149|1629023|1629667|1630163|1630235|200752|201144|202738|203497|203903,1626149|1629023|1629667|1630163|202738,1630235|200752|201144|203497|203903,-4.0,22.0,1610612766.0,22101100
2,PT08M50.00S,08:50,Q2 08:50,31.166666666666668,183,foul,J. McDaniels loose ball personal FOUL (1 PF),[],McDaniels,27,29,,False,False,1629667,,2pt made,2pt missed,203497.0,,,1626149|1629023|1629667|1630163|1630235|200752|201144|202738|203497|203903,1626149|1629023|1629667|1630163|202738,1630235|200752|201144|203497|203903,,,1610612766.0,22101100
2,PT08M36.00S,08:36,Q2 08:36,31.4,185,2pt,MISS R. Gay 16' step back Shot,[],Gay,27,29,Missed,True,False,200752,,foul,rebound,,,,1626149|1629023|1629667|1630163|1630235|200752|201144|202738|203497|203903,1630235|200752|201144|203497|203903,1626149|1629023|1629667|1630163|202738,-159.0,34.0,1610612762.0,22101100
2,PT08M32.00S,08:32,Q2 08:32,31.466666666666665,186,rebound,M. Harrell REBOUND (Off:1 Def:1),[],Harrell,27,29,,False,False,1626149,,2pt missed,2pt made,,,,1626149|1629023|1629667|1630163|1630235|200752|201144|202738|203497|203903,1626149|1629023|1629667|1630163|202738,1630235|200752|201144|203497|203903,,,1610612766.0,22101100
2,PT08M18.00S,08:18,Q2 08:18,31.7,187,2pt,L. Ball 16' driving floating Jump Shot (2 PTS) (M. Harrell 3 AST),[],Ball,29,29,Made,True,True,1630163,1626149.0,rebound,3pt missed,,,,1626149|1629023|1629667|1630163|1630235|200752|201144|202738|203497|203903,1626149|1629023|1629667|1630163|202738,1630235|200752|201144|203497|203903,-33.0,162.0,1610612766.0,22101100
2,PT08M05.00S,08:05,Q2 08:05,31.916666666666668,189,3pt,MISS R. Gay 28' 3PT,[],Gay,29,29,Missed,True,False,200752,,2pt made,rebound,,,,1626149|1629023|1629667|1630163|1630235|200752|201144|202738|203497|203903,1630235|200752|201144|203497|203903,1626149|1629023|1629667|1630163|202738,-183.0,214.0,1610612762.0,22101100
2,PT08M02.00S,08:02,Q2 08:02,31.966666666666665,190,rebound,J. McDaniels REBOUND (Off:0 Def:1),[],McDaniels,29,29,,False,False,1629667,,3pt missed,3pt made,,,,1626149|1629023|1629667|1630163|1630235|200752|201144|202738|203497|203903,1626149|1629023|1629667|1630163|202738,1630235|200752|201144|203497|203903,,,1610612766.0,22101100
2,PT07M56.00S,07:56,Q2 07:56,30.066666666666666,191,3pt,L. Ball 25' 3PT  (5 PTS) (J. McDaniels 1 AST),['fastbreak'],Ball,32,29,Made,True,True,1630163,1629667.0,rebound,timeout,,,,1626149|1629023|1629667|1630163|1630235|200752|201144|202738|203497|203903,1626149|1629023|1629667|1630163|202738,1630235|200752|201144|203497|203903,196.0,164.0,1610612766.0,22101100
2,PT07M55.00S,07:55,Q2 07:55,30.083333333333332,193,timeout,UTA Timeout,"['team', 'mandatory']",,32,29,,False,False,0,,3pt made,substitution,,,,1626149|1629023|1629667|1630163|1630235|200752|201144|202738|203497|203903,1630235|200752|201144|203497|203903,1626149|1629023|1629667|1630163|202738,,,1610612762.0,22101100
2,PT07M55.00S,07:55,Q2 07:55,30.083333333333332,194,substitution,SUB out: T. Forrest,[],Forrest,32,29,,False,False,1630235,,timeout,substitution,,,,1626149|1629023|1629667|1630163|200752|201144|202738|203497|203903,200752|201144|203497|203903,1626149|1629023|1629667|1630163|202738,,,1610612762.0,22101100
2,PT07M55.00S,07:55,Q2 07:55,30.083333333333332,195,substitution,SUB out: R. Gay,[],Gay,32,29,,False,False,200752,,substitution,substitution,,,,1626149|1629023|1629667|1630163|201144|202738|203497|203903,201144|203497|203903,1626149|1629023|1629667|1630163|202738,,,1610612762.0,22101100
2,PT07M55.00S,07:55,Q2 07:55,30.083333333333332,196,substitution,SUB out: M. Conley,[],Conley,32,29,,False,False,201144,,substitution,substitution,,,,1626149|1629023|1629667|1630163|202738|203497|203903,203497|203903,1626149|1629023|1629667|1630163|202738,,,1610612762.0,22101100
2,PT07M55.00S,07:55,Q2 07:55,30.083333333333332,197,substitution,SUB out: R. Gobert,[],Gobert,32,29,,False,False,203497,,substitution,substitution,,,,1626149|1629023|1629667|1630163|202738|203903,203903,1626149|1629023|1629667|1630163|202738,,,1610612762.0,22101100
2,PT07M55.00S,07:55,Q2 07:55,30.083333333333332,198,substitution,SUB in: D. Mitchell,[],Mitchell,32,29,,False,False,1628378,,substitution,substitution,,,,1626149|1628378|1629023|1629667|1630163|202738|203903,1628378|203903,1626149|1629023|1629667|1630163|202738,,,1610612762.0,22101100
2,PT07M55.00S,07:55,Q2 07:55,30.083333333333332,199,substitution,SUB in: J. Hernangomez,[],Hernangomez,32,29,,False,False,1627823,,substitution,substitution,,,,1626149|1627823|1628378|1629023|1629667|1630163|202738|203903,1627823|1628378|203903,1626149|1629023|1629667|1630163|202738,,,1610612762.0,22101100
2,PT07M55.00S,07:55,Q2 07:55,30.083333333333332,200,substitution,SUB in: E. Paschall,[],Paschall,32,29,,False,False,1629672,,substitution,substitution,,,,1626149|1627823|1628378|1629023|1629667|1629672|1630163|202738|203903,1627823|1628378|1629672|203903,1626149|1629023|1629667|1630163|202738,,,1610612762.0,22101100
2,PT07M55.00S,07:55,Q2 07:55,30.083333333333332,201,substitution,SUB in: R. O'Neale,[],O'Neale,32,29,,False,False,1626220,,substitution,3pt missed,,,,1626149|1626220|1627823|1628378|1629023|1629667|1629672|1630163|202738|203903,1626220|1627823|1628378|1629672|203903,1626149|1629023|1629667|1630163|202738,,,1610612762.0,22101100
2,PT07M53.00S,07:53,Q2 07:53,30.116666666666667,202,3pt,MISS J. Clarkson 3PT,[],Clarkson,32,29,Missed,True,False,203903,,substitution,rebound,,,,1626149|1626220|1627823|1628378|1629023|1629667|1629672|1630163|202738|203903,1626220|1627823|1628378|1629672|203903,1626149|1629023|1629667|1630163|202738,-227.0,43.0,1610612762.0,22101100
2,PT07M50.00S,07:50,Q2 07:50,30.166666666666668,203,rebound,M. Harrell REBOUND (Off:1 Def:2),[],Harrell,32,29,,False,False,1626149,,3pt missed,2pt missed,,,,1626149|1626220|1627823|1628378|1629023|1629667|1629672|1630163|202738|203903,1626149|1629023|1629667|1630163|202738,1626220|1627823|1628378|1629672|203903,,,1610612766.0,22101100
2,PT07M27.00S,07:27,Q2 07:27,30.55,204,2pt,MISS M. Harrell driving Hook,['pointsinthepaint'],Harrell,32,29,Missed,True,False,1626149,,rebound,rebound,,,,1626149|1626220|1627823|1628378|1629023|1629667|1629672|1630163|202738|203903,1626149|1629023|1629667|1630163|202738,1626220|1627823|1628378|1629672|203903,-23.0,3.0,1610612766.0,22101100
2,PT07M24.00S,07:24,Q2 07:24,30.6,205,rebound,J. Hernangomez REBOUND (Off:3 Def:1),[],Hernangomez,32,29,,False,False,1627823,,2pt missed,foul,,,,1626149|1626220|1627823|1628378|1629023|1629667|1629672|1630163|202738|203903,1626220|1627823|1628378|1629672|203903,1626149|1629023|1629667|1630163|202738,,,1610612762.0,22101100
2,PT07M20.00S,07:20,Q2 07:20,30.666666666666668,206,foul,M. Harrell shooting personal FOUL (1 PF) (Paschall 2 FT),['2freethrow'],Harrell,32,29,,False,False,1626149,,rebound,freethrow,1629672.0,,,1626149|1626220|1627823|1628378|1629023|1629667|1629672|1630163|202738|203903,1626149|1629023|1629667|1630163|202738,1626220|1627823|1628378|1629672|203903,,,1610612766.0,22101100
2,PT07M20.00S,07:20,Q2 07:20,30.666666666666668,208,freethrow,E. Paschall Free Throw 1 of 2 (3 PTS),[],Paschall,32,30,Made,False,False,1629672,,foul,freethrow,,,,1626149|1626220|1627823|1628378|1629023|1629667|1629672|1630163|202738|203903,1626220|1627823|1628378|1629672|203903,1626149|1629023|1629667|1630163|202738,,,1610612762.0,22101100
2,PT07M20.00S,07:20,Q2 07:20,30.666666666666668,211,freethrow,E. Paschall Free Throw 2 of 2 (4 PTS),[],Paschall,32,31,Made,False,False,1629672,,freethrow,substitution,,,,1626149|1626220|1627823|1628378|1629023|1629667|1629672|1630163|202738|203903,1626220|1627823|1628378|1629672|203903,1626149|1629023|1629667|1630163|202738,,,1610612762.0,22101100
2,PT07M20.00S,07:20,Q2 07:20,30.666666666666668,209,substitution,SUB out: M. Harrell,[],Harrell,32,30,,False,False,1626149,,freethrow,substitution,,,,1626220|1627823|1628378|1629023|1629667|1629672|1630163|202738|203903,1629023|1629667|1630163|202738,1626220|1627823|1628378|1629672|203903,,,1610612766.0,22101100
2,PT07M20.00S,07:20,Q2 07:20,30.666666666666668,210,substitution,SUB in: M. Bridges,[],Bridges,32,30,,False,False,1628970,,substitution,2pt made,,,,1626220|1627823|1628378|1628970|1629023|1629667|1629672|1630163|202738|203903,1628970|1629023|1629667|1630163|202738,1626220|1627823|1628378|1629672|203903,,,1610612766.0,22101100
2,PT06M59.00S,06:59,Q2 06:59,29.016666666666666,212,2pt,I. Thomas driving Layup (4 PTS),['pointsinthepaint'],Thomas,34,31,Made,True,False,202738,,substitution,foul,,,,1626220|1627823|1628378|1628970|1629023|1629667|1629672|1630163|202738|203903,1628970|1629023|1629667|1630163|202738,1626220|1627823|1628378|1629672|203903,-10.0,4.0,1610612766.0,22101100
2,PT06M52.00S,06:52,Q2 06:52,29.133333333333333,214,foul,P. Washington personal FOUL (1 PF),[],Washington,34,31,,False,False,1629023,,2pt made,2pt made,1628378.0,,,1626220|1627823|1628378|1628970|1629023|1629667|1629672|1630163|202738|203903,1628970|1629023|1629667|1630163|202738,1626220|1627823|1628378|1629672|203903,,,1610612766.0,22101100
2,PT06M40.00S,06:40,Q2 06:40,29.333333333333332,216,2pt,D. Mitchell 8' pullup Jump Shot (8 PTS) (J. Clarkson 2 AST),['pointsinthepaint'],Mitchell,34,33,Made,True,True,1628378,203903.0,foul,2pt made,,,,1626220|1627823|1628378|1628970|1629023|1629667|1629672|1630163|202738|203903,1626220|1627823|1628378|1629672|203903,1628970|1629023|1629667|1630163|202738,44.0,73.0,1610612762.0,22101100
2,PT06M22.00S,06:22,Q2 06:22,29.633333333333333,218,2pt,L. Ball driving finger roll Layup (7 PTS),['pointsinthepaint'],Ball,36,33,Made,True,False,1630163,,2pt made,foul,,,,1626220|1627823|1628378|1628970|1629023|1629667|1629672|1630163|202738|203903,1628970|1629023|1629667|1630163|202738,1626220|1627823|1628378|1629672|203903,17.0,1.0,1610612766.0,22101100
2,PT06M22.00S,06:22,Q2 06:22,29.633333333333333,219,foul,J. Hernangomez shooting personal FOUL (1 PF) (Ball 1 FT),['1freethrow'],Hernangomez,36,33,,False,False,1627823,,2pt made,freethrow,1630163.0,,,1626220|1627823|1628378|1628970|1629023|1629667|1629672|1630163|202738|203903,1626220|1627823|1628378|1629672|203903,1628970|1629023|1629667|1630163|202738,,,1610612762.0,22101100
2,PT06M22.00S,06:22,Q2 06:22,29.633333333333333,221,freethrow,L. Ball Free Throw 1 of 1 (8 PTS),[],Ball,37,33,Made,False,False,1630163,,foul,substitution,,,,1626220|1627823|1628378|1628970|1629023|1629667|1629672|1630163|202738|203903,1628970|1629023|1629667|1630163|202738,1626220|1627823|1628378|1629672|203903,,,1610612766.0,22101100
2,PT06M22.00S,06:22,Q2 06:22,29.633333333333333,222,substitution,SUB out: J. McDaniels,[],McDaniels,36,33,,False,False,1629667,,freethrow,substitution,,,,1626220|1627823|1628378|1628970|1629023|1629672|1630163|202738|203903,1628970|1629023|1630163|202738,1626220|1627823|1628378|1629672|203903,,,1610612766.0,22101100
2,PT06M22.00S,06:22,Q2 06:22,29.633333333333333,223,substitution,SUB in: C. Martin,[],Martin,36,33,,False,False,1628998,,substitution,substitution,,,,1626220|1627823|1628378|1628970|1628998|1629023|1629672|1630163|202738|203903,1628970|1628998|1629023|1630163|202738,1626220|1627823|1628378|1629672|203903,,,1610612766.0,22101100
2,PT06M06.00S,06:06,Q2 06:06,29.9,225,substitution,SUB out: L. Ball,[],Ball,37,33,,False,False,1630163,,substitution,substitution,,,,1626220|1627823|1628378|1628970|1628998|1629023|1629672|202738|203903,1628970|1628998|1629023|202738,1626220|1627823|1628378|1629672|203903,,,1610612766.0,22101100
2,PT06M06.00S,06:06,Q2 06:06,29.9,226,substitution,SUB in: T. Rozier,[],Rozier,37,33,,False,False,1626179,,substitution,3pt missed,,,,1626179|1626220|1627823|1628378|1628970|1628998|1629023|1629672|202738|203903,1626179|1628970|1628998|1629023|202738,1626220|1627823|1628378|1629672|203903,,,1610612766.0,22101100
2,PT05M58.00S,05:58,Q2 05:58,28.033333333333335,228,3pt,MISS D. Mitchell 26' pullup 3PT,[],Mitchell,37,33,Missed,True,False,1628378,,substitution,rebound,,,,1626179|1626220|1627823|1628378|1628970|1628998|1629023|1629672|202738|203903,1626220|1627823|1628378|1629672|203903,1626179|1628970|1628998|1629023|202738,-199.0,173.0,1610612762.0,22101100
2,PT05M58.00S,05:58,Q2 05:58,28.033333333333335,229,rebound,TEAM offensive REBOUND,['team'],,37,33,,False,False,0,,3pt missed,turnover,,,,1626179|1626220|1627823|1628378|1628970|1628998|1629023|1629672|202738|203903,1626220|1627823|1628378|1629672|203903,1626179|1628970|1628998|1629023|202738,,,1610612762.0,22101100
2,PT05M58.00S,05:58,Q2 05:58,28.033333333333335,230,turnover,UTA shot clock Team TURNOVER,['team'],,37,33,,False,False,0,,rebound,turnover,,,,1626179|1626220|1627823|1628378|1628970|1628998|1629023|1629672|202738|203903,1626220|1627823|1628378|1629672|203903,1626179|1628970|1628998|1629023|202738,,,1610612762.0,22101100
2,PT05M34.00S,05:34,Q2 05:34,28.433333333333334,250,turnover,CHA shot clock Team TURNOVER,['team'],,37,33,,False,False,0,,turnover,2pt made,,,,1626179|1626220|1627823|1628378|1628970|1628998|1629023|1629672|202738|203903,1626179|1628970|1628998|1629023|202738,1626220|1627823|1628378|1629672|203903,,,1610612766.0,22101100
2,PT05M14.00S,05:14,Q2 05:14,28.766666666666666,233,2pt,E. Paschall reverse DUNK (6 PTS) (J. Clarkson 3 AST),"['pointsinthepaint', 'fromturnover']",Paschall,37,35,Made,True,True,1629672,203903.0,turnover,2pt made,,,,1626179|1626220|1627823|1628378|1628970|1628998|1629023|1629672|202738|203903,1626220|1627823|1628378|1629672|203903,1626179|1628970|1628998|1629023|202738,1.0,15.0,1610612762.0,22101100
2,PT05M04.00S,05:04,Q2 05:04,28.933333333333334,235,2pt,T. Rozier driving reverse Layup (13 PTS) (M. Bridges 3 AST),['pointsinthepaint'],Rozier,39,35,Made,True,True,1626179,1628970.0,2pt made,3pt made,,,,1626179|1626220|1627823|1628378|1628970|1628998|1629023|1629672|202738|203903,1626179|1628970|1628998|1629023|202738,1626220|1627823|1628378|1629672|203903,-6.0,26.0,1610612766.0,22101100
2,PT04M48.00S,04:48,Q2 04:48,27.2,237,3pt,D. Mitchell 25' 3PT step back (11 PTS),[],Mitchell,39,38,Made,True,False,1628378,,2pt made,3pt made,,,,1626179|1626220|1627823|1628378|1628970|1628998|1629023|1629672|202738|203903,1626220|1627823|1628378|1629672|203903,1626179|1628970|1628998|1629023|202738,121.0,230.0,1610612762.0,22101100
2,PT04M27.00S,04:27,Q2 04:27,27.55,238,3pt,I. Thomas 28' 3PT pullup (7 PTS) (P. Washington 1 AST),[],Thomas,42,38,Made,True,True,202738,1629023.0,3pt made,3pt made,,,,1626179|1626220|1627823|1628378|1628970|1628998|1629023|1629672|202738|203903,1626179|1628970|1628998|1629023|202738,1626220|1627823|1628378|1629672|203903,145.0,247.0,1610612766.0,22101100
2,PT04M07.00S,04:07,Q2 04:07,27.883333333333333,239,3pt,E. Paschall 3PT  (9 PTS) (D. Mitchell 3 AST),[],Paschall,42,41,Made,True,True,1629672,1628378.0,3pt made,2pt made,,,,1626179|1626220|1627823|1628378|1628970|1628998|1629023|1629672|202738|203903,1626220|1627823|1628378|1629672|203903,1626179|1628970|1628998|1629023|202738,229.0,23.0,1610612762.0,22101100
2,PT03M54.00S,03:54,Q2 03:54,26.1,241,2pt,M. Bridges 7' floating Jump Shot (6 PTS) (P. Washington 2 AST),['pointsinthepaint'],Bridges,44,41,Made,True,True,1628970,1629023.0,3pt made,foul,,,,1626179|1626220|1627823|1628378|1628970|1628998|1629023|1629672|202738|203903,1626179|1628970|1628998|1629023|202738,1626220|1627823|1628378|1629672|203903,1.0,79.0,1610612766.0,22101100
2,PT03M42.00S,03:42,Q2 03:42,26.3,243,foul,I. Thomas personal FOUL (1 PF),[],Thomas,44,41,,False,False,202738,,2pt made,substitution,1626220.0,,,1626179|1626220|1627823|1628378|1628970|1628998|1629023|1629672|202738|203903,1626179|1628970|1628998|1629023|202738,1626220|1627823|1628378|1629672|203903,,,1610612766.0,22101100
2,PT03M42.00S,03:42,Q2 03:42,26.3,245,substitution,SUB out: E. Paschall,[],Paschall,44,41,,False,False,1629672,,foul,substitution,,,,1626179|1626220|1627823|1628378|1628970|1628998|1629023|202738|203903,1626220|1627823|1628378|203903,1626179|1628970|1628998|1629023|202738,,,1610612762.0,22101100
2,PT03M42.00S,03:42,Q2 03:42,26.3,246,substitution,SUB in: R. Gobert,[],Gobert,44,41,,False,False,203497,,substitution,foul,,,,1626179|1626220|1627823|1628378|1628970|1628998|1629023|202738|203497|203903,1626220|1627823|1628378|203497|203903,1626179|1628970|1628998|1629023|202738,,,1610612762.0,22101100
2,PT03M30.00S,03:30,Q2 03:30,26.5,247,foul,M. Bridges personal FOUL (1 PF) (Clarkson 2 FT),"['inpenalty', '2freethrow']",Bridges,44,41,,False,False,1628970,,substitution,freethrow,203903.0,,,1626179|1626220|1627823|1628378|1628970|1628998|1629023|202738|203497|203903,1626179|1628970|1628998|1629023|202738,1626220|1627823|1628378|203497|203903,,,1610612766.0,22101100
2,PT03M30.00S,03:30,Q2 03:30,26.5,249,freethrow,J. Clarkson Free Throw 1 of 2 (9 PTS),[],Clarkson,44,42,Made,False,False,203903,,foul,freethrow,,,,1626179|1626220|1627823|1628378|1628970|1628998|1629023|202738|203497|203903,1626220|1627823|1628378|203497|203903,1626179|1628970|1628998|1629023|202738,,,1610612762.0,22101100
2,PT03M30.00S,03:30,Q2 03:30,26.5,251,freethrow,J. Clarkson Free Throw 2 of 2 (10 PTS),[],Clarkson,44,43,Made,False,False,203903,,freethrow,3pt missed,,,,1626179|1626220|1627823|1628378|1628970|1628998|1629023|202738|203497|203903,1626220|1627823|1628378|203497|203903,1626179|1628970|1628998|1629023|202738,,,1610612762.0,22101100
2,PT03M14.00S,03:14,Q2 03:14,26.766666666666666,253,3pt,MISS M. Bridges 3PT,[],Bridges,44,43,Missed,True,False,1628970,,freethrow,rebound,,,,1626179|1626220|1627823|1628378|1628970|1628998|1629023|202738|203497|203903,1626179|1628970|1628998|1629023|202738,1626220|1627823|1628378|203497|203903,230.0,24.0,1610612766.0,22101100
2,PT03M13.00S,03:13,Q2 03:13,26.783333333333335,254,rebound,C. Martin REBOUND (Off:1 Def:2),[],Martin,44,43,,False,False,1628998,,3pt missed,2pt made,,,,1626179|1626220|1627823|1628378|1628970|1628998|1629023|202738|203497|203903,1626179|1628970|1628998|1629023|202738,1626220|1627823|1628378|203497|203903,,,1610612766.0,22101100
2,PT03M10.00S,03:10,Q2 03:10,26.833333333333332,255,2pt,M. Bridges DUNK (8 PTS) (C. Martin 2 AST),"['pointsinthepaint', '2ndchance']",Bridges,46,43,Made,True,True,1628970,1628998.0,rebound,3pt missed,,,,1626179|1626220|1627823|1628378|1628970|1628998|1629023|202738|203497|203903,1626179|1628970|1628998|1629023|202738,1626220|1627823|1628378|203497|203903,6.0,15.0,1610612766.0,22101100
2,PT02M48.00S,02:48,Q2 02:48,25.2,257,3pt,MISS R. O'Neale 28' 3PT,[],O'Neale,46,43,Missed,True,False,1626220,,2pt made,rebound,,,,1626179|1626220|1627823|1628378|1628970|1628998|1629023|202738|203497|203903,1626220|1627823|1628378|203497|203903,1626179|1628970|1628998|1629023|202738,-154.0,239.0,1610612762.0,22101100
2,PT02M46.00S,02:46,Q2 02:46,25.233333333333334,258,rebound,TEAM offensive REBOUND,['team'],,46,43,,False,False,0,,3pt missed,timeout,,,,1626179|1626220|1627823|1628378|1628970|1628998|1629023|202738|203497|203903,1626220|1627823|1628378|203497|203903,1626179|1628970|1628998|1629023|202738,,,1610612762.0,22101100
2,PT02M46.00S,02:46,Q2 02:46,25.233333333333334,260,timeout,CHA Timeout,"['team', 'mandatory']",,46,43,,False,False,0,,rebound,substitution,,,,1626179|1626220|1627823|1628378|1628970|1628998|1629023|202738|203497|203903,1626179|1628970|1628998|1629023|202738,1626220|1627823|1628378|203497|203903,,,1610612766.0,22101100
2,PT02M46.00S,02:46,Q2 02:46,25.233333333333334,263,substitution,SUB out: I. Thomas,[],Thomas,46,43,,False,False,202738,,timeout,substitution,,,,1626179|1626220|1627823|1628378|1628970|1628998|1629023|203497|203903,1626179|1628970|1628998|1629023,1626220|1627823|1628378|203497|203903,,,1610612766.0,22101100
2,PT02M46.00S,02:46,Q2 02:46,25.233333333333334,264,substitution,SUB out: J. Clarkson,[],Clarkson,46,43,,False,False,203903,,substitution,substitution,,,,1626179|1626220|1627823|1628378|1628970|1628998|1629023|203497,1626220|1627823|1628378|203497,1626179|1628970|1628998|1629023,,,1610612762.0,22101100
2,PT02M46.00S,02:46,Q2 02:46,25.233333333333334,265,substitution,SUB in: L. Ball,[],Ball,46,43,,False,False,1630163,,substitution,substitution,,,,1626179|1626220|1627823|1628378|1628970|1628998|1629023|1630163|203497,1626179|1628970|1628998|1629023|1630163,1626220|1627823|1628378|203497,,,1610612766.0,22101100
2,PT02M46.00S,02:46,Q2 02:46,25.233333333333334,266,substitution,SUB in: M. Conley,[],Conley,46,43,,False,False,201144,,substitution,3pt missed,,,,1626179|1626220|1627823|1628378|1628970|1628998|1629023|1630163|201144|203497,1626220|1627823|1628378|201144|203497,1626179|1628970|1628998|1629023|1630163,,,1610612762.0,22101100
2,PT02M36.00S,02:36,Q2 02:36,25.4,267,3pt,MISS J. Hernangomez 27' 3PT,['2ndchance'],Hernangomez,46,43,Missed,True,False,1627823,,substitution,rebound,,,,1626179|1626220|1627823|1628378|1628970|1628998|1629023|1630163|201144|203497,1626220|1627823|1628378|201144|203497,1626179|1628970|1628998|1629023|1630163,-138.0,241.0,1610612762.0,22101100
2,PT02M34.00S,02:34,Q2 02:34,25.433333333333334,268,rebound,T. Rozier REBOUND (Off:0 Def:2),[],Rozier,46,43,,False,False,1626179,,3pt missed,3pt missed,,,,1626179|1626220|1627823|1628378|1628970|1628998|1629023|1630163|201144|203497,1626179|1628970|1628998|1629023|1630163,1626220|1627823|1628378|201144|203497,,,1610612766.0,22101100
2,PT02M22.00S,02:22,Q2 02:22,25.633333333333333,269,3pt,MISS T. Rozier fadeaway 3PT,[],Rozier,46,43,Missed,True,False,1626179,,rebound,rebound,,,,1626179|1626220|1627823|1628378|1628970|1628998|1629023|1630163|201144|203497,1626179|1628970|1628998|1629023|1630163,1626220|1627823|1628378|201144|203497,-225.0,25.0,1610612766.0,22101100
2,PT02M18.00S,02:18,Q2 02:18,25.7,270,rebound,M. Bridges REBOUND (Off:2 Def:3),[],Bridges,46,43,,False,False,1628970,,3pt missed,turnover,,,,1626179|1626220|1627823|1628378|1628970|1628998|1629023|1630163|201144|203497,1626179|1628970|1628998|1629023|1630163,1626220|1627823|1628378|201144|203497,,,1610612766.0,22101100
2,PT02M17.00S,02:17,Q2 02:17,25.716666666666665,271,turnover,M. Bridges bad pass TURNOVER (2 TO),[],Bridges,46,43,,False,False,1628970,,rebound,steal,,201144.0,,1626179|1626220|1627823|1628378|1628970|1628998|1629023|1630163|201144|203497,1626179|1628970|1628998|1629023|1630163,1626220|1627823|1628378|201144|203497,,,1610612766.0,22101100
2,PT02M17.00S,02:17,Q2 02:17,25.716666666666665,272,steal,M. Conley STEAL (1 STL),[],Conley,46,43,,False,False,201144,,turnover,2pt made,,,,1626179|1626220|1627823|1628378|1628970|1628998|1629023|1630163|201144|203497,1626220|1627823|1628378|201144|203497,1626179|1628970|1628998|1629023|1630163,,,1610612762.0,22101100
2,PT02M05.00S,02:05,Q2 02:05,25.916666666666668,273,2pt,D. Mitchell driving reverse Layup (13 PTS) (M. Conley 2 AST),"['pointsinthepaint', 'fromturnover']",Mitchell,46,45,Made,True,True,1628378,201144.0,steal,3pt made,,,,1626179|1626220|1627823|1628378|1628970|1628998|1629023|1630163|201144|203497,1626220|1627823|1628378|201144|203497,1626179|1628970|1628998|1629023|1630163,-11.0,13.0,1610612762.0,22101100
2,PT01M42.00S,01:42,Q2 01:42,24.3,275,3pt,M. Bridges 3PT step back (11 PTS),[],Bridges,49,45,Made,True,False,1628970,,2pt made,2pt missed,,,,1626179|1626220|1627823|1628378|1628970|1628998|1629023|1630163|201144|203497,1626179|1628970|1628998|1629023|1630163,1626220|1627823|1628378|201144|203497,233.0,8.0,1610612766.0,22101100
2,PT01M18.00S,01:18,Q2 01:18,24.7,276,2pt,MISS D. Mitchell 22' step back Shot,[],Mitchell,49,45,Missed,True,False,1628378,,3pt made,rebound,,,,1626179|1626220|1627823|1628378|1628970|1628998|1629023|1630163|201144|203497,1626220|1627823|1628378|201144|203497,1626179|1628970|1628998|1629023|1630163,150.0,169.0,1610612762.0,22101100
2,PT01M15.00S,01:15,Q2 01:15,24.75,277,rebound,T. Rozier REBOUND (Off:0 Def:3),[],Rozier,49,45,,False,False,1626179,,2pt missed,2pt made,,,,1626179|1626220|1627823|1628378|1628970|1628998|1629023|1630163|201144|203497,1626179|1628970|1628998|1629023|1630163,1626220|1627823|1628378|201144|203497,,,1610612766.0,22101100
2,PT01M12.00S,01:12,Q2 01:12,24.8,278,2pt,L. Ball running alley-oop Layup (10 PTS) (T. Rozier 1 AST),"['fastbreak', 'pointsinthepaint']",Ball,51,45,Made,True,True,1630163,1626179.0,rebound,3pt made,,,,1626179|1626220|1627823|1628378|1628970|1628998|1629023|1630163|201144|203497,1626179|1628970|1628998|1629023|1630163,1626220|1627823|1628378|201144|203497,-2.0,8.0,1610612766.0,22101100
2,PT00M55.40S,00:55,Q2 00:55,23.083333333333332,280,3pt,J. Hernangomez 3PT  (6 PTS) (R. O'Neale 2 AST),[],Hernangomez,51,48,Made,True,True,1627823,1626220.0,2pt made,3pt missed,,,,1626179|1626220|1627823|1628378|1628970|1628998|1629023|1630163|201144|203497,1626220|1627823|1628378|201144|203497,1626179|1628970|1628998|1629023|1630163,229.0,55.0,1610612762.0,22101100
2,PT00M41.20S,00:41,Q2 00:41,23.316666666666666,282,3pt,MISS M. Bridges 26' pullup 3PT,[],Bridges,51,48,Missed,True,False,1628970,,3pt made,rebound,,,,1626179|1626220|1627823|1628378|1628970|1628998|1629023|1630163|201144|203497,1626179|1628970|1628998|1629023|1630163,1626220|1627823|1628378|201144|203497,-2.0,262.0,1610612766.0,22101100
2,PT00M39.30S,00:39,Q2 00:39,23.35,283,rebound,M. Bridges REBOUND (Off:3 Def:3),[],Bridges,51,48,,False,False,1628970,,3pt missed,3pt made,,,,1626179|1626220|1627823|1628378|1628970|1628998|1629023|1630163|201144|203497,1626179|1628970|1628998|1629023|1630163,1626220|1627823|1628378|201144|203497,,,1610612766.0,22101100
2,PT00M39.30S,00:39,Q2 00:39,23.35,284,3pt,M. Bridges 25' 3PT  (14 PTS),['2ndchance'],Bridges,54,48,Made,True,False,1628970,,rebound,turnover,,,,1626179|1626220|1627823|1628378|1628970|1628998|1629023|1630163|201144|203497,1626179|1628970|1628998|1629023|1630163,1626220|1627823|1628378|201144|203497,13.0,252.0,1610612766.0,22101100
2,PT00M37.30S,00:37,Q2 00:37,23.383333333333333,285,turnover,D. Mitchell bad pass out-of-bounds TURNOVER (2 TO),[],Mitchell,54,48,,False,False,1628378,,3pt made,3pt missed,,,,1626179|1626220|1627823|1628378|1628970|1628998|1629023|1630163|201144|203497,1626220|1627823|1628378|201144|203497,1626179|1628970|1628998|1629023|1630163,,,1610612762.0,22101100
2,PT00M29.10S,00:29,Q2 00:29,23.516666666666666,286,3pt,MISS M. Bridges 25' step back 3PT,['fromturnover'],Bridges,54,48,Missed,True,False,1628970,,turnover,rebound,,,,1626179|1626220|1627823|1628378|1628970|1628998|1629023|1630163|201144|203497,1626179|1628970|1628998|1629023|1630163,1626220|1627823|1628378|201144|203497,7.0,251.0,1610612766.0,22101100
2,PT00M27.00S,00:27,Q2 00:27,23.55,287,rebound,TEAM defensive REBOUND,['team'],,54,48,,False,False,0,,3pt missed,3pt made,,,,1626179|1626220|1627823|1628378|1628970|1628998|1629023|1630163|201144|203497,1626220|1627823|1628378|201144|203497,1626179|1628970|1628998|1629023|1630163,,,1610612762.0,22101100
2,PT00M03.90S,00:03,Q2 00:03,23.95,289,3pt,D. Mitchell 37' 3PT  (16 PTS),[],Mitchell,54,51,Made,True,False,1628378,,rebound,3pt missed,,,,1626179|1626220|1627823|1628378|1628970|1628998|1629023|1630163|201144|203497,1626220|1627823|1628378|201144|203497,1626179|1628970|1628998|1629023|1630163,154.0,343.0,1610612762.0,22101100
2,PT00M00.10S,00:00,Q2 00:00,24.0,290,3pt,MISS T. Rozier 26' 3PT,[],Rozier,54,51,Missed,True,False,1626179,,3pt made,rebound,,,,1626179|1626220|1627823|1628378|1628970|1628998|1629023|1630163|201144|203497,1626179|1628970|1628998|1629023|1630163,1626220|1627823|1628378|201144|203497,148.0,216.0,1610612766.0,22101100
2,PT00M00.10S,00:00,Q2 00:00,24.0,291,rebound,TEAM offensive REBOUND,['team'],,54,51,,False,False,0,,3pt missed,substitution,,,,1626179|1626220|1627823|1628378|1628970|1628998|1629023|1630163|201144|203497,1626179|1628970|1628998|1629023|1630163,1626220|1627823|1628378|201144|203497,,,1610612766.0,22101100
3,PT12M00.00S,12:00,Q3 12:00,24.0,293,substitution,SUB out: C. Martin,['startperiod'],Martin,54,51,,False,False,1628998,,rebound,substitution,,,,1626179|1626220|1627823|1628378|1628970|1629023|1630163|201144|203497,1626179|1628970|1629023|1630163,1626220|1627823|1628378|201144|203497,,,1610612766.0,22101100
3,PT12M00.00S,12:00,Q3 12:00,24.0,294,substitution,SUB in: M. Plumlee,['startperiod'],Plumlee,54,51,,False,False,203486,,substitution,3pt missed,,,,1626179|1626220|1627823|1628378|1628970|1629023|1630163|201144|203486|203497,1626179|1628970|1629023|1630163|203486,1626220|1627823|1628378|201144|203497,,,1610612766.0,22101100
3,PT11M43.00S,11:43,Q3 11:43,22.283333333333335,296,3pt,MISS L. Ball 3PT,[],Ball,54,51,Missed,True,False,1630163,,substitution,rebound,,,,1626179|1626220|1627823|1628378|1628970|1629023|1630163|201144|203486|203497,1626179|1628970|1629023|1630163|203486,1626220|1627823|1628378|201144|203497,232.0,28.0,1610612766.0,22101100
3,PT11M40.00S,11:40,Q3 11:40,22.333333333333332,297,rebound,R. Gobert REBOUND (Off:0 Def:10),[],Gobert,54,51,,False,False,203497,,3pt missed,3pt missed,,,,1626179|1626220|1627823|1628378|1628970|1629023|1630163|201144|203486|203497,1626220|1627823|1628378|201144|203497,1626179|1628970|1629023|1630163|203486,,,1610612762.0,22101100
3,PT11M28.00S,11:28,Q3 11:28,22.533333333333335,298,3pt,MISS R. O'Neale 3PT,[],O'Neale,54,51,Missed,True,False,1626220,,rebound,rebound,,,,1626179|1626220|1627823|1628378|1628970|1629023|1630163|201144|203486|203497,1626220|1627823|1628378|201144|203497,1626179|1628970|1629023|1630163|203486,-228.0,6.0,1610612762.0,22101100
3,PT11M23.00S,11:23,Q3 11:23,22.616666666666667,299,rebound,M. Conley REBOUND (Off:1 Def:0),[],Conley,54,51,,False,False,201144,,3pt missed,foul,,,,1626179|1626220|1627823|1628378|1628970|1629023|1630163|201144|203486|203497,1626220|1627823|1628378|201144|203497,1626179|1628970|1629023|1630163|203486,,,1610612762.0,22101100
3,PT11M18.00S,11:18,Q3 11:18,22.7,300,foul,M. Bridges personal FOUL (2 PF),[],Bridges,54,51,,False,False,1628970,,rebound,2pt missed,1626220.0,,,1626179|1626220|1627823|1628378|1628970|1629023|1630163|201144|203486|203497,1626179|1628970|1629023|1630163|203486,1626220|1627823|1628378|201144|203497,,,1610612766.0,22101100
3,PT11M05.00S,11:05,Q3 11:05,22.916666666666668,302,2pt,MISS M. Conley 10' driving floating Shot,"['pointsinthepaint', '2ndchance']",Conley,54,51,Missed,True,False,201144,,foul,rebound,,,,1626179|1626220|1627823|1628378|1628970|1629023|1630163|201144|203486|203497,1626220|1627823|1628378|201144|203497,1626179|1628970|1629023|1630163|203486,-1.0,101.0,1610612762.0,22101100
3,PT11M03.00S,11:03,Q3 11:03,22.95,303,rebound,M. Plumlee REBOUND (Off:0 Def:3),[],Plumlee,54,51,,False,False,203486,,2pt missed,foul,,,,1626179|1626220|1627823|1628378|1628970|1629023|1630163|201144|203486|203497,1626179|1628970|1629023|1630163|203486,1626220|1627823|1628378|201144|203497,,,1610612766.0,22101100
3,PT11M03.00S,11:03,Q3 11:03,22.95,304,foul,D. Mitchell take personal FOUL (1 PF),[],Mitchell,54,51,,False,False,1628378,,rebound,turnover,203486.0,,,1626179|1626220|1627823|1628378|1628970|1629023|1630163|201144|203486|203497,1626220|1627823|1628378|201144|203497,1626179|1628970|1629023|1630163|203486,,,1610612762.0,22101100
3,PT10M57.00S,10:57,Q3 10:57,21.05,307,turnover,P. Washington bad pass TURNOVER (3 TO),[],Washington,54,51,,False,False,1629023,,foul,steal,,201144.0,,1626179|1626220|1627823|1628378|1628970|1629023|1630163|201144|203486|203497,1626179|1628970|1629023|1630163|203486,1626220|1627823|1628378|201144|203497,,,1610612766.0,22101100
3,PT10M57.00S,10:57,Q3 10:57,21.05,308,steal,M. Conley STEAL (2 STL),[],Conley,54,51,,False,False,201144,,turnover,3pt missed,,,,1626179|1626220|1627823|1628378|1628970|1629023|1630163|201144|203486|203497,1626220|1627823|1628378|201144|203497,1626179|1628970|1629023|1630163|203486,,,1610612762.0,22101100
3,PT10M43.00S,10:43,Q3 10:43,21.283333333333335,309,3pt,MISS D. Mitchell 3PT,['fromturnover'],Mitchell,54,51,Missed,True,False,1628378,,steal,rebound,,,,1626179|1626220|1627823|1628378|1628970|1629023|1630163|201144|203486|203497,1626220|1627823|1628378|201144|203497,1626179|1628970|1629023|1630163|203486,-229.0,8.0,1610612762.0,22101100
3,PT10M40.00S,10:40,Q3 10:40,21.333333333333332,310,rebound,L. Ball REBOUND (Off:0 Def:3),[],Ball,54,51,,False,False,1630163,,3pt missed,2pt missed,,,,1626179|1626220|1627823|1628378|1628970|1629023|1630163|201144|203486|203497,1626179|1628970|1629023|1630163|203486,1626220|1627823|1628378|201144|203497,,,1610612766.0,22101100
3,PT10M31.00S,10:31,Q3 10:31,21.483333333333334,311,2pt,MISS T. Rozier driving Layup,['pointsinthepaint'],Rozier,54,51,Missed,True,False,1626179,,rebound,rebound,,,,1626179|1626220|1627823|1628378|1628970|1629023|1630163|201144|203486|203497,1626179|1628970|1629023|1630163|203486,1626220|1627823|1628378|201144|203497,18.0,21.0,1610612766.0,22101100
3,PT10M30.00S,10:30,Q3 10:30,21.5,312,rebound,M. Plumlee REBOUND (Off:1 Def:3),[],Plumlee,54,51,,False,False,203486,,2pt missed,3pt missed,,,,1626179|1626220|1627823|1628378|1628970|1629023|1630163|201144|203486|203497,1626179|1628970|1629023|1630163|203486,1626220|1627823|1628378|201144|203497,,,1610612766.0,22101100
3,PT10M26.00S,10:26,Q3 10:26,21.566666666666666,313,3pt,MISS P. Washington 25' 3PT,['2ndchance'],Washington,54,51,Missed,True,False,1629023,,rebound,rebound,,,,1626179|1626220|1627823|1628378|1628970|1629023|1630163|201144|203486|203497,1626179|1628970|1629023|1630163|203486,1626220|1627823|1628378|201144|203497,-185.0,176.0,1610612766.0,22101100
3,PT10M22.00S,10:22,Q3 10:22,21.633333333333333,314,rebound,M. Plumlee REBOUND (Off:2 Def:3),[],Plumlee,54,51,,False,False,203486,,3pt missed,3pt made,,,,1626179|1626220|1627823|1628378|1628970|1629023|1630163|201144|203486|203497,1626179|1628970|1629023|1630163|203486,1626220|1627823|1628378|201144|203497,,,1610612766.0,22101100
3,PT10M21.00S,10:21,Q3 10:21,21.65,315,3pt,L. Ball 3PT  (13 PTS) (M. Plumlee 2 AST),['2ndchance'],Ball,57,51,Made,True,True,1630163,203486.0,rebound,foul,,,,1626179|1626220|1627823|1628378|1628970|1629023|1630163|201144|203486|203497,1626179|1628970|1629023|1630163|203486,1626220|1627823|1628378|201144|203497,-234.0,28.0,1610612766.0,22101100
3,PT10M02.00S,10:02,Q3 10:02,21.966666666666665,317,foul,T. Rozier personal FOUL (2 PF),[],Rozier,57,51,,False,False,1626179,,3pt made,3pt made,1628378.0,,,1626179|1626220|1627823|1628378|1628970|1629023|1630163|201144|203486|203497,1626179|1628970|1629023|1630163|203486,1626220|1627823|1628378|201144|203497,,,1610612766.0,22101100
3,PT09M57.00S,09:57,Q3 09:57,20.05,319,3pt,M. Conley 26' 3PT pullup (8 PTS),[],Conley,57,54,Made,True,False,201144,,foul,3pt missed,,,,1626179|1626220|1627823|1628378|1628970|1629023|1630163|201144|203486|203497,1626220|1627823|1628378|201144|203497,1626179|1628970|1629023|1630163|203486,97.0,245.0,1610612762.0,22101100
3,PT09M31.00S,09:31,Q3 09:31,20.483333333333334,320,3pt,MISS P. Washington 3PT,[],Washington,57,54,Missed,True,False,1629023,,3pt made,rebound,,,,1626179|1626220|1627823|1628378|1628970|1629023|1630163|201144|203486|203497,1626179|1628970|1629023|1630163|203486,1626220|1627823|1628378|201144|203497,230.0,20.0,1610612766.0,22101100
3,PT09M29.00S,09:29,Q3 09:29,20.516666666666666,321,rebound,M. Plumlee REBOUND (Off:3 Def:3),[],Plumlee,57,54,,False,False,203486,,3pt missed,2pt made,,,,1626179|1626220|1627823|1628378|1628970|1629023|1630163|201144|203486|203497,1626179|1628970|1629023|1630163|203486,1626220|1627823|1628378|201144|203497,,,1610612766.0,22101100
3,PT09M23.00S,09:23,Q3 09:23,20.616666666666667,322,2pt,M. Bridges driving Layup (16 PTS),"['pointsinthepaint', '2ndchance']",Bridges,59,54,Made,True,False,1628970,,rebound,3pt missed,,,,1626179|1626220|1627823|1628378|1628970|1629023|1630163|201144|203486|203497,1626179|1628970|1629023|1630163|203486,1626220|1627823|1628378|201144|203497,-23.0,15.0,1610612766.0,22101100
3,PT09M03.00S,09:03,Q3 09:03,20.95,323,3pt,MISS R. O'Neale 3PT,[],O'Neale,59,54,Missed,True,False,1626220,,2pt made,rebound,,,,1626179|1626220|1627823|1628378|1628970|1629023|1630163|201144|203486|203497,1626220|1627823|1628378|201144|203497,1626179|1628970|1629023|1630163|203486,237.0,9.0,1610612762.0,22101100
3,PT08M59.00S,08:59,Q3 08:59,19.016666666666666,324,rebound,T. Rozier REBOUND (Off:0 Def:4),[],Rozier,59,54,,False,False,1626179,,3pt missed,2pt made,,,,1626179|1626220|1627823|1628378|1628970|1629023|1630163|201144|203486|203497,1626179|1628970|1629023|1630163|203486,1626220|1627823|1628378|201144|203497,,,1610612766.0,22101100
3,PT08M43.00S,08:43,Q3 08:43,19.283333333333335,325,2pt,M. Bridges driving Layup (18 PTS),['pointsinthepaint'],Bridges,61,54,Made,True,False,1628970,,rebound,foul,,,,1626179|1626220|1627823|1628378|1628970|1629023|1630163|201144|203486|203497,1626179|1628970|1629023|1630163|203486,1626220|1627823|1628378|201144|203497,6.0,22.0,1610612766.0,22101100
3,PT08M31.00S,08:31,Q3 08:31,19.483333333333334,326,foul,M. Plumlee shooting personal FOUL (1 PF) (Gobert 2 FT),['2freethrow'],Plumlee,61,54,,False,False,203486,,2pt made,freethrow,203497.0,,,1626179|1626220|1627823|1628378|1628970|1629023|1630163|201144|203486|203497,1626179|1628970|1629023|1630163|203486,1626220|1627823|1628378|201144|203497,,,1610612766.0,22101100
3,PT08M31.00S,08:31,Q3 08:31,19.483333333333334,328,freethrow,R. Gobert Free Throw 1 of 2 (3 PTS),[],Gobert,61,55,Made,False,False,203497,,foul,freethrow,,,,1626179|1626220|1627823|1628378|1628970|1629023|1630163|201144|203486|203497,1626220|1627823|1628378|201144|203497,1626179|1628970|1629023|1630163|203486,,,1610612762.0,22101100
3,PT08M31.00S,08:31,Q3 08:31,19.483333333333334,329,freethrow,MISS R. Gobert Free Throw 2 of 2,[],Gobert,61,55,Missed,False,False,203497,,freethrow,rebound,,,,1626179|1626220|1627823|1628378|1628970|1629023|1630163|201144|203486|203497,1626220|1627823|1628378|201144|203497,1626179|1628970|1629023|1630163|203486,,,1610612762.0,22101100
3,PT08M27.00S,08:27,Q3 08:27,19.55,330,rebound,M. Bridges REBOUND (Off:3 Def:4),[],Bridges,61,55,,False,False,1628970,,freethrow,2pt missed,,,,1626179|1626220|1627823|1628378|1628970|1629023|1630163|201144|203486|203497,1626179|1628970|1629023|1630163|203486,1626220|1627823|1628378|201144|203497,,,1610612766.0,22101100
3,PT08M13.00S,08:13,Q3 08:13,19.783333333333335,331,2pt,MISS P. Washington cutting Layup,['pointsinthepaint'],Washington,61,55,Missed,True,False,1629023,,rebound,rebound,,,,1626179|1626220|1627823|1628378|1628970|1629023|1630163|201144|203486|203497,1626179|1628970|1629023|1630163|203486,1626220|1627823|1628378|201144|203497,15.0,7.0,1610612766.0,22101100
3,PT08M10.00S,08:10,Q3 08:10,19.833333333333332,332,rebound,P. Washington REBOUND (Off:1 Def:0),[],Washington,61,55,,False,False,1629023,,2pt missed,2pt missed,,,,1626179|1626220|1627823|1628378|1628970|1629023|1630163|201144|203486|203497,1626179|1628970|1629023|1630163|203486,1626220|1627823|1628378|201144|203497,,,1610612766.0,22101100
3,PT08M10.00S,08:10,Q3 08:10,19.833333333333332,333,2pt,MISS P. Washington tip Layup,"['pointsinthepaint', '2ndchance']",Washington,61,55,Missed,True,False,1629023,,rebound,rebound,,,,1626179|1626220|1627823|1628378|1628970|1629023|1630163|201144|203486|203497,1626179|1628970|1629023|1630163|203486,1626220|1627823|1628378|201144|203497,0.0,0.0,1610612766.0,22101100
3,PT08M09.00S,08:09,Q3 08:09,19.85,334,rebound,R. Gobert REBOUND (Off:0 Def:11),[],Gobert,61,55,,False,False,203497,,2pt missed,3pt missed,,,,1626179|1626220|1627823|1628378|1628970|1629023|1630163|201144|203486|203497,1626220|1627823|1628378|201144|203497,1626179|1628970|1629023|1630163|203486,,,1610612762.0,22101100
3,PT07M58.00S,07:58,Q3 07:58,18.033333333333335,335,3pt,MISS D. Mitchell 27' pullup 3PT,[],Mitchell,61,55,Missed,True,False,1628378,,rebound,rebound,,,,1626179|1626220|1627823|1628378|1628970|1629023|1630163|201144|203486|203497,1626220|1627823|1628378|201144|203497,1626179|1628970|1629023|1630163|203486,47.0,271.0,1610612762.0,22101100
3,PT07M56.00S,07:56,Q3 07:56,18.066666666666666,336,rebound,TEAM defensive REBOUND,['team'],,61,55,,False,False,0,,3pt missed,3pt missed,,,,1626179|1626220|1627823|1628378|1628970|1629023|1630163|201144|203486|203497,1626179|1628970|1629023|1630163|203486,1626220|1627823|1628378|201144|203497,,,1610612766.0,22101100
3,PT07M41.00S,07:41,Q3 07:41,18.316666666666666,338,3pt,MISS L. Ball 29' pullup 3PT,[],Ball,61,55,Missed,True,False,1630163,,rebound,rebound,,,,1626179|1626220|1627823|1628378|1628970|1629023|1630163|201144|203486|203497,1626179|1628970|1629023|1630163|203486,1626220|1627823|1628378|201144|203497,12.0,290.0,1610612766.0,22101100
3,PT07M37.00S,07:37,Q3 07:37,18.383333333333333,339,rebound,M. Plumlee REBOUND (Off:4 Def:3),[],Plumlee,61,55,,False,False,203486,,3pt missed,3pt missed,,,,1626179|1626220|1627823|1628378|1628970|1629023|1630163|201144|203486|203497,1626179|1628970|1629023|1630163|203486,1626220|1627823|1628378|201144|203497,,,1610612766.0,22101100
3,PT07M35.00S,07:35,Q3 07:35,18.416666666666668,340,3pt,MISS P. Washington 25' 3PT,['2ndchance'],Washington,61,55,Missed,True,False,1629023,,rebound,rebound,,,,1626179|1626220|1627823|1628378|1628970|1629023|1630163|201144|203486|203497,1626179|1628970|1629023|1630163|203486,1626220|1627823|1628378|201144|203497,0.0,257.0,1610612766.0,22101100
3,PT07M31.00S,07:31,Q3 07:31,18.483333333333334,341,rebound,D. Mitchell REBOUND (Off:0 Def:1),[],Mitchell,61,55,,False,False,1628378,,3pt missed,3pt missed,,,,1626179|1626220|1627823|1628378|1628970|1629023|1630163|201144|203486|203497,1626220|1627823|1628378|201144|203497,1626179|1628970|1629023|1630163|203486,,,1610612762.0,22101100
3,PT07M29.00S,07:29,Q3 07:29,18.516666666666666,342,3pt,MISS M. Conley running 3PT,['fastbreak'],Conley,61,55,Missed,True,False,201144,,rebound,rebound,,,,1626179|1626220|1627823|1628378|1628970|1629023|1630163|201144|203486|203497,1626220|1627823|1628378|201144|203497,1626179|1628970|1629023|1630163|203486,232.0,14.0,1610612762.0,22101100
3,PT07M26.00S,07:26,Q3 07:26,18.566666666666666,343,rebound,M. Plumlee REBOUND (Off:4 Def:4),[],Plumlee,61,55,,False,False,203486,,3pt missed,3pt missed,,,,1626179|1626220|1627823|1628378|1628970|1629023|1630163|201144|203486|203497,1626179|1628970|1629023|1630163|203486,1626220|1627823|1628378|201144|203497,,,1610612766.0,22101100
3,PT07M12.00S,07:12,Q3 07:12,18.8,344,3pt,MISS T. Rozier 3PT,[],Rozier,61,55,Missed,True,False,1626179,,rebound,rebound,,,,1626179|1626220|1627823|1628378|1628970|1629023|1630163|201144|203486|203497,1626179|1628970|1629023|1630163|203486,1626220|1627823|1628378|201144|203497,-227.0,26.0,1610612766.0,22101100
3,PT07M09.00S,07:09,Q3 07:09,18.85,345,rebound,R. Gobert REBOUND (Off:0 Def:12),[],Gobert,61,55,,False,False,203497,,3pt missed,foul,,,,1626179|1626220|1627823|1628378|1628970|1629023|1630163|201144|203486|203497,1626220|1627823|1628378|201144|203497,1626179|1628970|1629023|1630163|203486,,,1610612762.0,22101100
3,PT06M48.00S,06:48,Q3 06:48,17.2,346,foul,M. Plumlee shooting personal FOUL (2 PF) (Hernangomez 2 FT),['2freethrow'],Plumlee,61,55,,False,False,203486,,rebound,timeout,1627823.0,,,1626179|1626220|1627823|1628378|1628970|1629023|1630163|201144|203486|203497,1626179|1628970|1629023|1630163|203486,1626220|1627823|1628378|201144|203497,,,1610612766.0,22101100
3,PT06M48.00S,06:48,Q3 06:48,17.2,348,timeout,CHA Timeout,"['team', 'mandatory']",,61,55,,False,False,0,,foul,freethrow,,,,1626179|1626220|1627823|1628378|1628970|1629023|1630163|201144|203486|203497,1626179|1628970|1629023|1630163|203486,1626220|1627823|1628378|201144|203497,,,1610612766.0,22101100
3,PT06M48.00S,06:48,Q3 06:48,17.2,354,freethrow,MISS J. Hernangomez Free Throw 1 of 2,[],Hernangomez,61,55,Missed,False,False,1627823,,timeout,rebound,,,,1626179|1626220|1627823|1628378|1628970|1629023|1630163|201144|203486|203497,1626220|1627823|1628378|201144|203497,1626179|1628970|1629023|1630163|203486,,,1610612762.0,22101100
3,PT06M48.00S,06:48,Q3 06:48,17.2,355,rebound,TEAM offensive REBOUND,"['team', 'deadball']",,61,55,,False,False,0,,freethrow,freethrow,,,,1626179|1626220|1627823|1628378|1628970|1629023|1630163|201144|203486|203497,1626220|1627823|1628378|201144|203497,1626179|1628970|1629023|1630163|203486,,,1610612762.0,22101100
3,PT06M48.00S,06:48,Q3 06:48,17.2,356,freethrow,MISS J. Hernangomez Free Throw 2 of 2,[],Hernangomez,61,55,Missed,False,False,1627823,,rebound,substitution,,,,1626179|1626220|1627823|1628378|1628970|1629023|1630163|201144|203486|203497,1626220|1627823|1628378|201144|203497,1626179|1628970|1629023|1630163|203486,,,1610612762.0,22101100
3,PT06M48.00S,06:48,Q3 06:48,17.2,350,substitution,SUB out: P. Washington,[],Washington,61,55,,False,False,1629023,,freethrow,substitution,,,,1626179|1626220|1627823|1628378|1628970|1630163|201144|203486|203497,1626179|1628970|1630163|203486,1626220|1627823|1628378|201144|203497,,,1610612766.0,22101100
3,PT06M48.00S,06:48,Q3 06:48,17.2,351,substitution,SUB out: M. Conley,[],Conley,61,55,,False,False,201144,,substitution,substitution,,,,1626179|1626220|1627823|1628378|1628970|1630163|203486|203497,1626220|1627823|1628378|203497,1626179|1628970|1630163|203486,,,1610612762.0,22101100
3,PT06M48.00S,06:48,Q3 06:48,17.2,352,substitution,SUB in: C. Martin,[],Martin,61,55,,False,False,1628998,,substitution,substitution,,,,1626179|1626220|1627823|1628378|1628970|1628998|1630163|203486|203497,1626179|1628970|1628998|1630163|203486,1626220|1627823|1628378|203497,,,1610612766.0,22101100
3,PT06M48.00S,06:48,Q3 06:48,17.2,353,substitution,SUB in: J. Clarkson,[],Clarkson,61,55,,False,False,203903,,substitution,rebound,,,,1626179|1626220|1627823|1628378|1628970|1628998|1630163|203486|203497|203903,1626220|1627823|1628378|203497|203903,1626179|1628970|1628998|1630163|203486,,,1610612762.0,22101100
3,PT06M45.00S,06:45,Q3 06:45,17.25,357,rebound,M. Plumlee REBOUND (Off:4 Def:5),[],Plumlee,61,55,,False,False,203486,,substitution,2pt made,,,,1626179|1626220|1627823|1628378|1628970|1628998|1630163|203486|203497|203903,1626179|1628970|1628998|1630163|203486,1626220|1627823|1628378|203497|203903,,,1610612766.0,22101100
3,PT06M31.00S,06:31,Q3 06:31,17.483333333333334,358,2pt,L. Ball 18' pullup Jump Shot (15 PTS),[],Ball,63,55,Made,True,False,1630163,,rebound,2pt missed,,,,1626179|1626220|1627823|1628378|1628970|1628998|1630163|203486|203497|203903,1626179|1628970|1628998|1630163|203486,1626220|1627823|1628378|203497|203903,100.0,153.0,1610612766.0,22101100
3,PT06M11.00S,06:11,Q3 06:11,17.816666666666666,359,2pt,MISS J. Hernangomez Layup - blocked,['pointsinthepaint'],Hernangomez,63,55,Missed,True,False,1627823,,2pt made,block,,,1628970.0,1626179|1626220|1627823|1628378|1628970|1628998|1630163|203486|203497|203903,1626220|1627823|1628378|203497|203903,1626179|1628970|1628998|1630163|203486,20.0,21.0,1610612762.0,22101100
3,PT06M11.00S,06:11,Q3 06:11,17.816666666666666,360,block,M. Bridges BLOCK (1 BLK),[],Bridges,63,55,,False,False,1628970,,2pt missed,rebound,,,,1626179|1626220|1627823|1628378|1628970|1628998|1630163|203486|203497|203903,1626179|1628970|1628998|1630163|203486,1626220|1627823|1628378|203497|203903,,,1610612766.0,22101100
3,PT06M09.00S,06:09,Q3 06:09,17.85,361,rebound,M. Plumlee REBOUND (Off:4 Def:6),[],Plumlee,63,55,,False,False,203486,,block,substitution,,,,1626179|1626220|1627823|1628378|1628970|1628998|1630163|203486|203497|203903,1626179|1628970|1628998|1630163|203486,1626220|1627823|1628378|203497|203903,,,1610612766.0,22101100
3,PT06M09.00S,06:09,Q3 06:09,17.85,363,substitution,SUB out: R. Gobert,[],Gobert,63,55,,False,False,203497,,rebound,substitution,,,,1626179|1626220|1627823|1628378|1628970|1628998|1630163|203486|203903,1626220|1627823|1628378|203903,1626179|1628970|1628998|1630163|203486,,,1610612762.0,22101100
3,PT06M09.00S,06:09,Q3 06:09,17.85,364,substitution,SUB in: E. Paschall,[],Paschall,63,55,,False,False,1629672,,substitution,foul,,,,1626179|1626220|1627823|1628378|1628970|1628998|1629672|1630163|203486|203903,1626220|1627823|1628378|1629672|203903,1626179|1628970|1628998|1630163|203486,,,1610612762.0,22101100
3,PT05M54.00S,05:54,Q3 05:54,16.1,366,foul,R. O'Neale personal FOUL (2 PF),[],O'Neale,63,55,,False,False,1626220,,substitution,turnover,203486.0,,,1626179|1626220|1627823|1628378|1628970|1628998|1629672|1630163|203486|203903,1626220|1627823|1628378|1629672|203903,1626179|1628970|1628998|1630163|203486,,,1610612762.0,22101100
3,PT05M52.00S,05:52,Q3 05:52,16.133333333333333,368,turnover,L. Ball bad pass TURNOVER (1 TO),[],Ball,63,55,,False,False,1630163,,foul,steal,,1629672.0,,1626179|1626220|1627823|1628378|1628970|1628998|1629672|1630163|203486|203903,1626179|1628970|1628998|1630163|203486,1626220|1627823|1628378|1629672|203903,,,1610612766.0,22101100
3,PT05M52.00S,05:52,Q3 05:52,16.133333333333333,369,steal,E. Paschall STEAL (1 STL),[],Paschall,63,55,,False,False,1629672,,turnover,2pt made,,,,1626179|1626220|1627823|1628378|1628970|1628998|1629672|1630163|203486|203903,1626220|1627823|1628378|1629672|203903,1626179|1628970|1628998|1630163|203486,,,1610612762.0,22101100
3,PT05M46.00S,05:46,Q3 05:46,16.233333333333334,370,2pt,E. Paschall running DUNK (11 PTS),"['fastbreak', 'pointsinthepaint', 'fromturnover']",Paschall,63,57,Made,True,False,1629672,,steal,3pt made,,,,1626179|1626220|1627823|1628378|1628970|1628998|1629672|1630163|203486|203903,1626220|1627823|1628378|1629672|203903,1626179|1628970|1628998|1630163|203486,-1.0,13.0,1610612762.0,22101100
3,PT05M28.00S,05:28,Q3 05:28,16.533333333333335,371,3pt,M. Bridges 26' 3PT  (21 PTS) (M. Plumlee 3 AST),[],Bridges,66,57,Made,True,True,1628970,203486.0,2pt made,2pt made,,,,1626179|1626220|1627823|1628378|1628970|1628998|1629672|1630163|203486|203903,1626179|1628970|1628998|1630163|203486,1626220|1627823|1628378|1629672|203903,-165.0,204.0,1610612766.0,22101100
3,PT05M13.00S,05:13,Q3 05:13,16.783333333333335,373,2pt,D. Mitchell driving Layup (18 PTS),['pointsinthepaint'],Mitchell,66,59,Made,True,False,1628378,,3pt made,2pt missed,,,,1626179|1626220|1627823|1628378|1628970|1628998|1629672|1630163|203486|203903,1626220|1627823|1628378|1629672|203903,1626179|1628970|1628998|1630163|203486,16.0,6.0,1610612762.0,22101100
3,PT05M03.00S,05:03,Q3 05:03,16.95,374,2pt,MISS T. Rozier driving Layup,['pointsinthepaint'],Rozier,66,59,Missed,True,False,1626179,,2pt made,rebound,,,,1626179|1626220|1627823|1628378|1628970|1628998|1629672|1630163|203486|203903,1626179|1628970|1628998|1630163|203486,1626220|1627823|1628378|1629672|203903,18.0,8.0,1610612766.0,22101100
3,PT04M59.00S,04:59,Q3 04:59,15.016666666666667,375,rebound,M. Bridges REBOUND (Off:4 Def:4),[],Bridges,66,59,,False,False,1628970,,2pt missed,2pt made,,,,1626179|1626220|1627823|1628378|1628970|1628998|1629672|1630163|203486|203903,1626179|1628970|1628998|1630163|203486,1626220|1627823|1628378|1629672|203903,,,1610612766.0,22101100
3,PT04M59.00S,04:59,Q3 04:59,15.016666666666667,376,2pt,M. Bridges tip DUNK (23 PTS),"['2ndchance', 'pointsinthepaint']",Bridges,68,59,Made,True,False,1628970,,rebound,3pt missed,,,,1626179|1626220|1627823|1628378|1628970|1628998|1629672|1630163|203486|203903,1626179|1628970|1628998|1630163|203486,1626220|1627823|1628378|1629672|203903,0.0,0.0,1610612766.0,22101100
3,PT04M47.00S,04:47,Q3 04:47,15.216666666666667,377,3pt,MISS J. Clarkson 25' 3PT,[],Clarkson,68,59,Missed,True,False,203903,,2pt made,rebound,,,,1626179|1626220|1627823|1628378|1628970|1628998|1629672|1630163|203486|203903,1626220|1627823|1628378|1629672|203903,1626179|1628970|1628998|1630163|203486,51.0,251.0,1610612762.0,22101100
3,PT04M43.00S,04:43,Q3 04:43,15.283333333333333,378,rebound,M. Plumlee REBOUND (Off:4 Def:7),[],Plumlee,68,59,,False,False,203486,,3pt missed,foul,,,,1626179|1626220|1627823|1628378|1628970|1628998|1629672|1630163|203486|203903,1626179|1628970|1628998|1630163|203486,1626220|1627823|1628378|1629672|203903,,,1610612766.0,22101100
3,PT04M39.00S,04:39,Q3 04:39,15.35,379,foul,M. Plumlee charge offensive FOUL (3 PF),[],Plumlee,68,59,,False,False,203486,,rebound,turnover,1629672.0,,,1626179|1626220|1627823|1628378|1628970|1628998|1629672|1630163|203486|203903,1626179|1628970|1628998|1630163|203486,1626220|1627823|1628378|1629672|203903,,,1610612766.0,22101100
3,PT04M39.00S,04:39,Q3 04:39,15.35,381,turnover,M. Plumlee offensive foul TURNOVER (1 TO),[],Plumlee,68,59,,False,False,203486,,foul,substitution,,,,1626179|1626220|1627823|1628378|1628970|1628998|1629672|1630163|203486|203903,1626179|1628970|1628998|1630163|203486,1626220|1627823|1628378|1629672|203903,,,1610612766.0,22101100
3,PT04M39.00S,04:39,Q3 04:39,15.35,382,substitution,SUB out: L. Ball,[],Ball,68,59,,False,False,1630163,,turnover,substitution,,,,1626179|1626220|1627823|1628378|1628970|1628998|1629672|203486|203903,1626179|1628970|1628998|203486,1626220|1627823|1628378|1629672|203903,,,1610612766.0,22101100
3,PT04M39.00S,04:39,Q3 04:39,15.35,383,substitution,SUB out: M. Plumlee,[],Plumlee,68,59,,False,False,203486,,substitution,substitution,,,,1626179|1626220|1627823|1628378|1628970|1628998|1629672|203903,1626179|1628970|1628998,1626220|1627823|1628378|1629672|203903,,,1610612766.0,22101100
3,PT04M39.00S,04:39,Q3 04:39,15.35,384,substitution,SUB in: M. Harrell,[],Harrell,68,59,,False,False,1626149,,substitution,substitution,,,,1626149|1626179|1626220|1627823|1628378|1628970|1628998|1629672|203903,1626149|1626179|1628970|1628998,1626220|1627823|1628378|1629672|203903,,,1610612766.0,22101100
3,PT04M39.00S,04:39,Q3 04:39,15.35,385,substitution,SUB in: K. Oubre Jr.,[],Oubre Jr.,68,59,,False,False,1626162,,substitution,2pt made,,,,1626149|1626162|1626179|1626220|1627823|1628378|1628970|1628998|1629672|203903,1626149|1626162|1626179|1628970|1628998,1626220|1627823|1628378|1629672|203903,,,1610612766.0,22101100
3,PT04M24.00S,04:24,Q3 04:24,15.6,386,2pt,J. Hernangomez Layup (8 PTS) (D. Mitchell 4 AST),"['pointsinthepaint', 'fromturnover']",Hernangomez,68,61,Made,True,True,1627823,1628378.0,substitution,2pt missed,,,,1626149|1626162|1626179|1626220|1627823|1628378|1628970|1628998|1629672|203903,1626220|1627823|1628378|1629672|203903,1626149|1626162|1626179|1628970|1628998,-26.0,-1.0,1610612762.0,22101100
3,PT03M58.00S,03:58,Q3 03:58,14.033333333333333,388,2pt,MISS T. Rozier 16' fadeaway Shot,[],Rozier,68,61,Missed,True,False,1626179,,2pt made,rebound,,,,1626149|1626162|1626179|1626220|1627823|1628378|1628970|1628998|1629672|203903,1626149|1626162|1626179|1628970|1628998,1626220|1627823|1628378|1629672|203903,-69.0,149.0,1610612766.0,22101100
3,PT03M54.00S,03:54,Q3 03:54,14.1,389,rebound,R. O'Neale REBOUND (Off:0 Def:1),[],O'Neale,68,61,,False,False,1626220,,2pt missed,2pt missed,,,,1626149|1626162|1626179|1626220|1627823|1628378|1628970|1628998|1629672|203903,1626220|1627823|1628378|1629672|203903,1626149|1626162|1626179|1628970|1628998,,,1610612762.0,22101100
3,PT03M48.00S,03:48,Q3 03:48,14.2,390,2pt,MISS D. Mitchell driving Layup,['pointsinthepaint'],Mitchell,68,61,Missed,True,False,1628378,,rebound,rebound,,,,1626149|1626162|1626179|1626220|1627823|1628378|1628970|1628998|1629672|203903,1626220|1627823|1628378|1629672|203903,1626149|1626162|1626179|1628970|1628998,22.0,5.0,1610612762.0,22101100
3,PT03M46.00S,03:46,Q3 03:46,14.233333333333333,391,rebound,K. Oubre Jr. REBOUND (Off:0 Def:2),[],Oubre Jr.,68,61,,False,False,1626162,,2pt missed,foul,,,,1626149|1626162|1626179|1626220|1627823|1628378|1628970|1628998|1629672|203903,1626149|1626162|1626179|1628970|1628998,1626220|1627823|1628378|1629672|203903,,,1610612766.0,22101100
3,PT03M44.00S,03:44,Q3 03:44,14.266666666666667,392,foul,R. O'Neale shooting personal FOUL (3 PF) (Harrell 2 FT),['2freethrow'],O'Neale,68,61,,False,False,1626220,,rebound,freethrow,1626149.0,,,1626149|1626162|1626179|1626220|1627823|1628378|1628970|1628998|1629672|203903,1626220|1627823|1628378|1629672|203903,1626149|1626162|1626179|1628970|1628998,,,1610612762.0,22101100
3,PT03M44.00S,03:44,Q3 03:44,14.266666666666667,394,freethrow,M. Harrell Free Throw 1 of 2 (5 PTS),['fastbreak'],Harrell,69,61,Made,False,False,1626149,,foul,freethrow,,,,1626149|1626162|1626179|1626220|1627823|1628378|1628970|1628998|1629672|203903,1626149|1626162|1626179|1628970|1628998,1626220|1627823|1628378|1629672|203903,,,1610612766.0,22101100
3,PT03M44.00S,03:44,Q3 03:44,14.266666666666667,397,freethrow,MISS M. Harrell Free Throw 2 of 2,['fastbreak'],Harrell,69,61,Missed,False,False,1626149,,freethrow,substitution,,,,1626149|1626162|1626179|1626220|1627823|1628378|1628970|1628998|1629672|203903,1626149|1626162|1626179|1628970|1628998,1626220|1627823|1628378|1629672|203903,,,1610612766.0,22101100
3,PT03M44.00S,03:44,Q3 03:44,14.266666666666667,395,substitution,SUB out: T. Rozier,[],Rozier,69,61,,False,False,1626179,,freethrow,substitution,,,,1626149|1626162|1626220|1627823|1628378|1628970|1628998|1629672|203903,1626149|1626162|1628970|1628998,1626220|1627823|1628378|1629672|203903,,,1610612766.0,22101100
3,PT03M44.00S,03:44,Q3 03:44,14.266666666666667,396,substitution,SUB in: L. Ball,[],Ball,69,61,,False,False,1630163,,substitution,rebound,,,,1626149|1626162|1626220|1627823|1628378|1628970|1628998|1629672|1630163|203903,1626149|1626162|1628970|1628998|1630163,1626220|1627823|1628378|1629672|203903,,,1610612766.0,22101100
3,PT03M40.00S,03:40,Q3 03:40,14.333333333333334,398,rebound,E. Paschall REBOUND (Off:0 Def:1),[],Paschall,69,61,,False,False,1629672,,substitution,3pt made,,,,1626149|1626162|1626220|1627823|1628378|1628970|1628998|1629672|1630163|203903,1626220|1627823|1628378|1629672|203903,1626149|1626162|1628970|1628998|1630163,,,1610612762.0,22101100
3,PT03M31.00S,03:31,Q3 03:31,14.483333333333333,399,3pt,J. Hernangomez 3PT  (11 PTS) (D. Mitchell 5 AST),[],Hernangomez,69,64,Made,True,True,1627823,1628378.0,rebound,3pt missed,,,,1626149|1626162|1626220|1627823|1628378|1628970|1628998|1629672|1630163|203903,1626220|1627823|1628378|1629672|203903,1626149|1626162|1628970|1628998|1630163,-232.0,16.0,1610612762.0,22101100
3,PT03M17.00S,03:17,Q3 03:17,14.716666666666667,401,3pt,MISS C. Martin 3PT,[],Martin,69,64,Missed,True,False,1628998,,3pt made,rebound,,,,1626149|1626162|1626220|1627823|1628378|1628970|1628998|1629672|1630163|203903,1626149|1626162|1628970|1628998|1630163,1626220|1627823|1628378|1629672|203903,232.0,41.0,1610612766.0,22101100
3,PT03M14.00S,03:14,Q3 03:14,14.766666666666667,402,rebound,E. Paschall REBOUND (Off:0 Def:2),[],Paschall,69,64,,False,False,1629672,,3pt missed,turnover,,,,1626149|1626162|1626220|1627823|1628378|1628970|1628998|1629672|1630163|203903,1626220|1627823|1628378|1629672|203903,1626149|1626162|1628970|1628998|1630163,,,1610612762.0,22101100
3,PT03M09.00S,03:09,Q3 03:09,14.85,403,turnover,E. Paschall lost ball TURNOVER (1 TO),[],Paschall,69,64,,False,False,1629672,,rebound,steal,,1630163.0,,1626149|1626162|1626220|1627823|1628378|1628970|1628998|1629672|1630163|203903,1626220|1627823|1628378|1629672|203903,1626149|1626162|1628970|1628998|1630163,,,1610612762.0,22101100
3,PT03M09.00S,03:09,Q3 03:09,14.85,404,steal,L. Ball STEAL (1 STL),[],Ball,69,64,,False,False,1630163,,turnover,3pt missed,,,,1626149|1626162|1626220|1627823|1628378|1628970|1628998|1629672|1630163|203903,1626149|1626162|1628970|1628998|1630163,1626220|1627823|1628378|1629672|203903,,,1610612766.0,22101100
3,PT03M00.00S,03:00,Q3 03:00,15.0,405,3pt,MISS K. Oubre Jr. 25' 3PT,['fromturnover'],Oubre Jr.,69,64,Missed,True,False,1626162,,steal,rebound,,,,1626149|1626162|1626220|1627823|1628378|1628970|1628998|1629672|1630163|203903,1626149|1626162|1628970|1628998|1630163,1626220|1627823|1628378|1629672|203903,199.0,157.0,1610612766.0,22101100
3,PT02M58.00S,02:58,Q3 02:58,13.033333333333333,406,rebound,C. Martin REBOUND (Off:2 Def:2),[],Martin,69,64,,False,False,1628998,,3pt missed,3pt missed,,,,1626149|1626162|1626220|1627823|1628378|1628970|1628998|1629672|1630163|203903,1626149|1626162|1628970|1628998|1630163,1626220|1627823|1628378|1629672|203903,,,1610612766.0,22101100
3,PT02M54.00S,02:54,Q3 02:54,13.1,407,3pt,MISS L. Ball 26' 3PT,"['fromturnover', '2ndchance']",Ball,69,64,Missed,True,False,1630163,,rebound,rebound,,,,1626149|1626162|1626220|1627823|1628378|1628970|1628998|1629672|1630163|203903,1626149|1626162|1628970|1628998|1630163,1626220|1627823|1628378|1629672|203903,147.0,226.0,1610612766.0,22101100
3,PT02M52.00S,02:52,Q3 02:52,13.133333333333333,408,rebound,J. Hernangomez REBOUND (Off:3 Def:2),[],Hernangomez,69,64,,False,False,1627823,,3pt missed,timeout,,,,1626149|1626162|1626220|1627823|1628378|1628970|1628998|1629672|1630163|203903,1626220|1627823|1628378|1629672|203903,1626149|1626162|1628970|1628998|1630163,,,1610612762.0,22101100
3,PT02M52.00S,02:52,Q3 02:52,13.133333333333333,410,timeout,UTA Timeout,"['team', 'mandatory']",,69,64,,False,False,0,,rebound,substitution,,,,1626149|1626162|1626220|1627823|1628378|1628970|1628998|1629672|1630163|203903,1626220|1627823|1628378|1629672|203903,1626149|1626162|1628970|1628998|1630163,,,1610612762.0,22101100
3,PT02M52.00S,02:52,Q3 02:52,13.133333333333333,411,substitution,SUB out: M. Bridges,[],Bridges,69,64,,False,False,1628970,,timeout,substitution,,,,1626149|1626162|1626220|1627823|1628378|1628998|1629672|1630163|203903,1626149|1626162|1628998|1630163,1626220|1627823|1628378|1629672|203903,,,1610612766.0,22101100
3,PT02M52.00S,02:52,Q3 02:52,13.133333333333333,412,substitution,SUB out: E. Paschall,[],Paschall,69,64,,False,False,1629672,,substitution,substitution,,,,1626149|1626162|1626220|1627823|1628378|1628998|1630163|203903,1626220|1627823|1628378|203903,1626149|1626162|1628998|1630163,,,1610612762.0,22101100
3,PT02M52.00S,02:52,Q3 02:52,13.133333333333333,413,substitution,SUB out: R. O'Neale,[],O'Neale,69,64,,False,False,1626220,,substitution,substitution,,,,1626149|1626162|1627823|1628378|1628998|1630163|203903,1627823|1628378|203903,1626149|1626162|1628998|1630163,,,1610612762.0,22101100
3,PT02M52.00S,02:52,Q3 02:52,13.133333333333333,414,substitution,SUB out: J. Hernangomez,[],Hernangomez,69,64,,False,False,1627823,,substitution,substitution,,,,1626149|1626162|1628378|1628998|1630163|203903,1628378|203903,1626149|1626162|1628998|1630163,,,1610612762.0,22101100
3,PT02M52.00S,02:52,Q3 02:52,13.133333333333333,415,substitution,SUB out: D. Mitchell,[],Mitchell,69,64,,False,False,1628378,,substitution,substitution,,,,1626149|1626162|1628998|1630163|203903,203903,1626149|1626162|1628998|1630163,,,1610612762.0,22101100
3,PT02M52.00S,02:52,Q3 02:52,13.133333333333333,416,substitution,SUB in: P. Washington,[],Washington,69,64,,False,False,1629023,,substitution,substitution,,,,1626149|1626162|1628998|1629023|1630163|203903,1626149|1626162|1628998|1629023|1630163,203903,,,1610612766.0,22101100
3,PT02M52.00S,02:52,Q3 02:52,13.133333333333333,417,substitution,SUB in: M. Conley,[],Conley,69,64,,False,False,201144,,substitution,substitution,,,,1626149|1626162|1628998|1629023|1630163|201144|203903,201144|203903,1626149|1626162|1628998|1629023|1630163,,,1610612762.0,22101100
3,PT02M52.00S,02:52,Q3 02:52,13.133333333333333,418,substitution,SUB in: T. Forrest,[],Forrest,69,64,,False,False,1630235,,substitution,substitution,,,,1626149|1626162|1628998|1629023|1630163|1630235|201144|203903,1630235|201144|203903,1626149|1626162|1628998|1629023|1630163,,,1610612762.0,22101100
3,PT02M52.00S,02:52,Q3 02:52,13.133333333333333,419,substitution,SUB in: R. Gobert,[],Gobert,69,64,,False,False,203497,,substitution,substitution,,,,1626149|1626162|1628998|1629023|1630163|1630235|201144|203497|203903,1630235|201144|203497|203903,1626149|1626162|1628998|1629023|1630163,,,1610612762.0,22101100
3,PT02M52.00S,02:52,Q3 02:52,13.133333333333333,420,substitution,SUB in: R. Gay,[],Gay,69,64,,False,False,200752,,substitution,3pt made,,,,1626149|1626162|1628998|1629023|1630163|1630235|200752|201144|203497|203903,1630235|200752|201144|203497|203903,1626149|1626162|1628998|1629023|1630163,,,1610612762.0,22101100
3,PT02M36.00S,02:36,Q3 02:36,13.4,421,3pt,R. Gay 27' 3PT  (3 PTS) (J. Clarkson 4 AST),[],Gay,69,67,Made,True,True,200752,203903.0,substitution,2pt made,,,,1626149|1626162|1628998|1629023|1630163|1630235|200752|201144|203497|203903,1630235|200752|201144|203497|203903,1626149|1626162|1628998|1629023|1630163,-169.0,215.0,1610612762.0,22101100
3,PT02M18.00S,02:18,Q3 02:18,13.7,423,2pt,M. Harrell DUNK (7 PTS) (P. Washington 3 AST),['pointsinthepaint'],Harrell,71,67,Made,True,True,1626149,1629023.0,3pt made,2pt made,,,,1626149|1626162|1628998|1629023|1630163|1630235|200752|201144|203497|203903,1626149|1626162|1628998|1629023|1630163,1630235|200752|201144|203497|203903,11.0,4.0,1610612766.0,22101100
3,PT02M02.00S,02:02,Q3 02:02,13.966666666666667,425,2pt,R. Gobert driving DUNK (5 PTS),['pointsinthepaint'],Gobert,71,69,Made,True,False,203497,,2pt made,2pt made,,,,1626149|1626162|1628998|1629023|1630163|1630235|200752|201144|203497|203903,1630235|200752|201144|203497|203903,1626149|1626162|1628998|1629023|1630163,-10.0,4.0,1610612762.0,22101100
3,PT01M47.00S,01:47,Q3 01:47,12.216666666666667,426,2pt,L. Ball driving Layup (17 PTS),['pointsinthepaint'],Ball,73,69,Made,True,False,1630163,,2pt made,2pt made,,,,1626149|1626162|1628998|1629023|1630163|1630235|200752|201144|203497|203903,1626149|1626162|1628998|1629023|1630163,1630235|200752|201144|203497|203903,-13.0,15.0,1610612766.0,22101100
3,PT01M20.00S,01:20,Q3 01:20,12.666666666666666,427,2pt,J. Clarkson driving Layup (12 PTS),['pointsinthepaint'],Clarkson,73,71,Made,True,False,203903,,2pt made,2pt made,,,,1626149|1626162|1628998|1629023|1630163|1630235|200752|201144|203497|203903,1630235|200752|201144|203497|203903,1626149|1626162|1628998|1629023|1630163,-26.0,9.0,1610612762.0,22101100
3,PT01M08.00S,01:08,Q3 01:08,12.866666666666667,428,2pt,P. Washington floating Jump Shot (2 PTS) (L. Ball 2 AST),['pointsinthepaint'],Washington,75,71,Made,True,True,1629023,1630163.0,2pt made,2pt made,,,,1626149|1626162|1628998|1629023|1630163|1630235|200752|201144|203497|203903,1626149|1626162|1628998|1629023|1630163,1630235|200752|201144|203497|203903,6.0,42.0,1610612766.0,22101100
3,PT00M48.00S,00:48,Q3 00:48,11.2,430,2pt,R. Gobert DUNK (7 PTS) (T. Forrest 2 AST),['pointsinthepaint'],Gobert,75,73,Made,True,True,203497,1630235.0,2pt made,turnover,,,,1626149|1626162|1628998|1629023|1630163|1630235|200752|201144|203497|203903,1630235|200752|201144|203497|203903,1626149|1626162|1628998|1629023|1630163,-6.0,9.0,1610612762.0,22101100
3,PT00M40.70S,00:40,Q3 00:40,11.333333333333334,432,turnover,L. Ball bad pass TURNOVER (2 TO),[],Ball,75,73,,False,False,1630163,,2pt made,steal,,201144.0,,1626149|1626162|1628998|1629023|1630163|1630235|200752|201144|203497|203903,1626149|1626162|1628998|1629023|1630163,1630235|200752|201144|203497|203903,,,1610612766.0,22101100
3,PT00M40.70S,00:40,Q3 00:40,11.333333333333334,433,steal,M. Conley STEAL (3 STL),[],Conley,75,73,,False,False,201144,,turnover,3pt made,,,,1626149|1626162|1628998|1629023|1630163|1630235|200752|201144|203497|203903,1630235|200752|201144|203497|203903,1626149|1626162|1628998|1629023|1630163,,,1610612762.0,22101100
3,PT00M36.40S,00:36,Q3 00:36,11.4,434,3pt,J. Clarkson 25' 3PT running (15 PTS) (M. Conley 3 AST),"['fromturnover', 'fastbreak']",Clarkson,75,76,Made,True,True,203903,201144.0,steal,2pt missed,,,,1626149|1626162|1628998|1629023|1630163|1630235|200752|201144|203497|203903,1630235|200752|201144|203497|203903,1626149|1626162|1628998|1629023|1630163,154.0,198.0,1610612762.0,22101100
3,PT00M18.80S,00:18,Q3 00:18,11.7,436,2pt,MISS L. Ball 9' driving floating Shot,['pointsinthepaint'],Ball,75,76,Missed,True,False,1630163,,3pt made,rebound,,,,1626149|1626162|1628998|1629023|1630163|1630235|200752|201144|203497|203903,1626149|1626162|1628998|1629023|1630163,1630235|200752|201144|203497|203903,-50.0,83.0,1610612766.0,22101100
3,PT00M16.90S,00:16,Q3 00:16,11.733333333333333,437,rebound,M. Harrell REBOUND (Off:2 Def:2),[],Harrell,75,76,,False,False,1626149,,2pt missed,foul,,,,1626149|1626162|1628998|1629023|1630163|1630235|200752|201144|203497|203903,1626149|1626162|1628998|1629023|1630163,1630235|200752|201144|203497|203903,,,1610612766.0,22101100
3,PT00M09.00S,00:09,Q3 00:09,11.85,438,foul,R. Gay shooting personal FOUL (2 PF) (Washington 2 FT),['2freethrow'],Gay,75,76,,False,False,200752,,rebound,freethrow,1629023.0,,,1626149|1626162|1628998|1629023|1630163|1630235|200752|201144|203497|203903,1630235|200752|201144|203497|203903,1626149|1626162|1628998|1629023|1630163,,,1610612762.0,22101100
3,PT00M09.00S,00:09,Q3 00:09,11.85,440,freethrow,P. Washington Free Throw 1 of 2 (3 PTS),['2ndchance'],Washington,76,76,Made,False,False,1629023,,foul,freethrow,,,,1626149|1626162|1628998|1629023|1630163|1630235|200752|201144|203497|203903,1626149|1626162|1628998|1629023|1630163,1630235|200752|201144|203497|203903,,,1610612766.0,22101100
3,PT00M09.00S,00:09,Q3 00:09,11.85,447,freethrow,P. Washington Free Throw 2 of 2 (4 PTS),['2ndchance'],Washington,77,76,Made,False,False,1629023,,freethrow,substitution,,,,1626149|1626162|1628998|1629023|1630163|1630235|200752|201144|203497|203903,1626149|1626162|1628998|1629023|1630163,1630235|200752|201144|203497|203903,,,1610612766.0,22101100
3,PT00M09.00S,00:09,Q3 00:09,11.85,441,substitution,SUB out: L. Ball,[],Ball,76,76,,False,False,1630163,,freethrow,substitution,,,,1626149|1626162|1628998|1629023|1630235|200752|201144|203497|203903,1626149|1626162|1628998|1629023,1630235|200752|201144|203497|203903,,,1610612766.0,22101100
3,PT00M09.00S,00:09,Q3 00:09,11.85,442,substitution,SUB out: M. Harrell,[],Harrell,76,76,,False,False,1626149,,substitution,substitution,,,,1626162|1628998|1629023|1630235|200752|201144|203497|203903,1626162|1628998|1629023,1630235|200752|201144|203497|203903,,,1610612766.0,22101100
3,PT00M09.00S,00:09,Q3 00:09,11.85,443,substitution,SUB out: T. Forrest,[],Forrest,76,76,,False,False,1630235,,substitution,substitution,,,,1626162|1628998|1629023|200752|201144|203497|203903,200752|201144|203497|203903,1626162|1628998|1629023,,,1610612762.0,22101100
3,PT00M09.00S,00:09,Q3 00:09,11.85,444,substitution,SUB in: J. McDaniels,[],McDaniels,76,76,,False,False,1629667,,substitution,substitution,,,,1626162|1628998|1629023|1629667|200752|201144|203497|203903,1626162|1628998|1629023|1629667,200752|201144|203497|203903,,,1610612766.0,22101100
3,PT00M09.00S,00:09,Q3 00:09,11.85,445,substitution,SUB in: M. Bridges,[],Bridges,76,76,,False,False,1628970,,substitution,substitution,,,,1626162|1628970|1628998|1629023|1629667|200752|201144|203497|203903,1626162|1628970|1628998|1629023|1629667,200752|201144|203497|203903,,,1610612766.0,22101100
3,PT00M09.00S,00:09,Q3 00:09,11.85,446,substitution,SUB in: D. Mitchell,[],Mitchell,76,76,,False,False,1628378,,substitution,3pt missed,,,,1626162|1628378|1628970|1628998|1629023|1629667|200752|201144|203497|203903,1628378|200752|201144|203497|203903,1626162|1628970|1628998|1629023|1629667,,,1610612762.0,22101100
3,PT00M03.70S,00:03,Q3 00:03,11.95,448,3pt,MISS R. Gay 27' 3PT,[],Gay,77,76,Missed,True,False,200752,,substitution,rebound,,,,1626162|1628378|1628970|1628998|1629023|1629667|200752|201144|203497|203903,1628378|200752|201144|203497|203903,1626162|1628970|1628998|1629023|1629667,162.0,219.0,1610612762.0,22101100
3,PT00M03.70S,00:03,Q3 00:03,11.95,449,rebound,J. Clarkson REBOUND (Off:1 Def:1),[],Clarkson,77,76,,False,False,203903,,3pt missed,2pt missed,,,,1626162|1628378|1628970|1628998|1629023|1629667|200752|201144|203497|203903,1628378|200752|201144|203497|203903,1626162|1628970|1628998|1629023|1629667,,,1610612762.0,22101100
3,PT00M00.00S,00:00,Q3 00:00,12.0,450,2pt,MISS J. Clarkson floating Shot,"['2ndchance', 'pointsinthepaint']",Clarkson,77,76,Missed,True,False,203903,,rebound,rebound,,,,1626162|1628378|1628970|1628998|1629023|1629667|200752|201144|203497|203903,1628378|200752|201144|203497|203903,1626162|1628970|1628998|1629023|1629667,0.0,0.0,1610612762.0,22101100
3,PT00M00.00S,00:00,Q3 00:00,12.0,451,rebound,J. Clarkson REBOUND (Off:2 Def:1),[],Clarkson,77,76,,False,False,203903,,2pt missed,2pt made,,,,1626162|1628378|1628970|1628998|1629023|1629667|200752|201144|203497|203903,1628378|200752|201144|203497|203903,1626162|1628970|1628998|1629023|1629667,,,1610612762.0,22101100
3,PT00M00.00S,00:00,Q3 00:00,12.0,452,2pt,J. Clarkson floating Jump Shot (17 PTS),"['2ndchance', 'pointsinthepaint']",Clarkson,77,78,Made,True,False,203903,,rebound,substitution,,,,1626162|1628378|1628970|1628998|1629023|1629667|200752|201144|203497|203903,1628378|200752|201144|203497|203903,1626162|1628970|1628998|1629023|1629667,0.0,0.0,1610612762.0,22101100
4,PT12M00.00S,12:00,Q4 12:00,12.0,454,substitution,SUB out: C. Martin,['startperiod'],Martin,77,78,,False,False,1628998,,2pt made,substitution,,,,1626162|1628378|1628970|1629023|1629667|200752|201144|203497|203903,1626162|1628970|1629023|1629667,1628378|200752|201144|203497|203903,,,1610612766.0,22101100
4,PT12M00.00S,12:00,Q4 12:00,12.0,455,substitution,SUB out: P. Washington,['startperiod'],Washington,77,78,,False,False,1629023,,substitution,substitution,,,,1626162|1628378|1628970|1629667|200752|201144|203497|203903,1626162|1628970|1629667,1628378|200752|201144|203497|203903,,,1610612766.0,22101100
4,PT12M00.00S,12:00,Q4 12:00,12.0,456,substitution,SUB out: M. Bridges,['startperiod'],Bridges,77,78,,False,False,1628970,,substitution,substitution,,,,1626162|1628378|1629667|200752|201144|203497|203903,1626162|1629667,1628378|200752|201144|203497|203903,,,1610612766.0,22101100
4,PT12M00.00S,12:00,Q4 12:00,12.0,457,substitution,SUB out: D. Mitchell,['startperiod'],Mitchell,77,78,,False,False,1628378,,substitution,substitution,,,,1626162|1629667|200752|201144|203497|203903,200752|201144|203497|203903,1626162|1629667,,,1610612762.0,22101100
4,PT12M00.00S,12:00,Q4 12:00,12.0,458,substitution,SUB in: L. Ball,['startperiod'],Ball,77,78,,False,False,1630163,,substitution,substitution,,,,1626162|1629667|1630163|200752|201144|203497|203903,1626162|1629667|1630163,200752|201144|203497|203903,,,1610612766.0,22101100
4,PT12M00.00S,12:00,Q4 12:00,12.0,459,substitution,SUB in: I. Thomas,['startperiod'],Thomas,77,78,,False,False,202738,,substitution,substitution,,,,1626162|1629667|1630163|200752|201144|202738|203497|203903,1626162|1629667|1630163|202738,200752|201144|203497|203903,,,1610612766.0,22101100
4,PT12M00.00S,12:00,Q4 12:00,12.0,460,substitution,SUB in: M. Harrell,['startperiod'],Harrell,77,78,,False,False,1626149,,substitution,substitution,,,,1626149|1626162|1629667|1630163|200752|201144|202738|203497|203903,1626149|1626162|1629667|1630163|202738,200752|201144|203497|203903,,,1610612766.0,22101100
4,PT12M00.00S,12:00,Q4 12:00,12.0,461,substitution,SUB in: T. Forrest,['startperiod'],Forrest,77,78,,False,False,1630235,,substitution,3pt missed,,,,1626149|1626162|1629667|1630163|1630235|200752|201144|202738|203497|203903,1630235|200752|201144|203497|203903,1626149|1626162|1629667|1630163|202738,,,1610612762.0,22101100
4,PT11M39.00S,11:39,Q4 11:39,10.35,463,3pt,MISS J. Clarkson 25' step back 3PT,[],Clarkson,77,78,Missed,True,False,203903,,substitution,rebound,,,,1626149|1626162|1629667|1630163|1630235|200752|201144|202738|203497|203903,1630235|200752|201144|203497|203903,1626149|1626162|1629667|1630163|202738,136.0,219.0,1610612762.0,22101100
4,PT11M37.00S,11:37,Q4 11:37,10.383333333333333,464,rebound,J. McDaniels REBOUND (Off:0 Def:2),[],McDaniels,77,78,,False,False,1629667,,3pt missed,2pt made,,,,1626149|1626162|1629667|1630163|1630235|200752|201144|202738|203497|203903,1626149|1626162|1629667|1630163|202738,1630235|200752|201144|203497|203903,,,1610612766.0,22101100
4,PT11M21.00S,11:21,Q4 11:21,10.65,466,2pt,J. McDaniels 7' driving floating Jump Shot (2 PTS) (L. Ball 3 AST),['pointsinthepaint'],McDaniels,79,78,Made,True,True,1629667,1630163.0,rebound,2pt made,,,,1626149|1626162|1629667|1630163|1630235|200752|201144|202738|203497|203903,1626149|1626162|1629667|1630163|202738,1630235|200752|201144|203497|203903,58.0,49.0,1610612766.0,22101100
4,PT10M59.00S,10:59,Q4 10:59,9.016666666666667,468,2pt,J. Clarkson 8' driving floating Jump Shot (19 PTS) (M. Conley 4 AST),['pointsinthepaint'],Clarkson,79,80,Made,True,True,203903,201144.0,2pt made,2pt made,,,,1626149|1626162|1629667|1630163|1630235|200752|201144|202738|203497|203903,1630235|200752|201144|203497|203903,1626149|1626162|1629667|1630163|202738,6.0,85.0,1610612762.0,22101100
4,PT10M49.00S,10:49,Q4 10:49,9.183333333333334,470,2pt,L. Ball driving Layup (19 PTS),['pointsinthepaint'],Ball,81,80,Made,True,False,1630163,,2pt made,2pt missed,,,,1626149|1626162|1629667|1630163|1630235|200752|201144|202738|203497|203903,1626149|1626162|1629667|1630163|202738,1630235|200752|201144|203497|203903,11.0,13.0,1610612766.0,22101100
4,PT10M33.00S,10:33,Q4 10:33,9.45,471,2pt,MISS J. Clarkson Layup,['pointsinthepaint'],Clarkson,81,80,Missed,True,False,203903,,2pt made,rebound,,,,1626149|1626162|1629667|1630163|1630235|200752|201144|202738|203497|203903,1630235|200752|201144|203497|203903,1626149|1626162|1629667|1630163|202738,-6.0,27.0,1610612762.0,22101100
4,PT10M33.00S,10:33,Q4 10:33,9.45,472,rebound,TEAM defensive REBOUND,['team'],,81,80,,False,False,0,,2pt missed,2pt missed,,,,1626149|1626162|1629667|1630163|1630235|200752|201144|202738|203497|203903,1626149|1626162|1629667|1630163|202738,1630235|200752|201144|203497|203903,,,1610612766.0,22101100
4,PT10M20.00S,10:20,Q4 10:20,9.666666666666666,474,2pt,MISS L. Ball 16' pullup Shot,[],Ball,81,80,Missed,True,False,1630163,,rebound,rebound,,,,1626149|1626162|1629667|1630163|1630235|200752|201144|202738|203497|203903,1626149|1626162|1629667|1630163|202738,1630235|200752|201144|203497|203903,82.0,142.0,1610612766.0,22101100
4,PT10M17.00S,10:17,Q4 10:17,9.716666666666667,475,rebound,R. Gobert REBOUND (Off:0 Def:13),[],Gobert,81,80,,False,False,203497,,2pt missed,2pt made,,,,1626149|1626162|1629667|1630163|1630235|200752|201144|202738|203497|203903,1630235|200752|201144|203497|203903,1626149|1626162|1629667|1630163|202738,,,1610612762.0,22101100
4,PT10M11.00S,10:11,Q4 10:11,9.816666666666666,476,2pt,R. Gobert alley-oop DUNK (9 PTS) (T. Forrest 3 AST),['pointsinthepaint'],Gobert,81,82,Made,True,True,203497,1630235.0,rebound,2pt made,,,,1626149|1626162|1629667|1630163|1630235|200752|201144|202738|203497|203903,1630235|200752|201144|203497|203903,1626149|1626162|1629667|1630163|202738,0.0,5.0,1610612762.0,22101100
4,PT09M48.00S,09:48,Q4 09:48,8.2,478,2pt,M. Harrell cutting DUNK (9 PTS) (J. McDaniels 2 AST),['pointsinthepaint'],Harrell,83,82,Made,True,True,1626149,1629667.0,2pt made,2pt missed,,,,1626149|1626162|1629667|1630163|1630235|200752|201144|202738|203497|203903,1626149|1626162|1629667|1630163|202738,1630235|200752|201144|203497|203903,9.0,16.0,1610612766.0,22101100
4,PT09M26.00S,09:26,Q4 09:26,8.566666666666666,480,2pt,MISS R. Gay 8' fadeaway Shot,['pointsinthepaint'],Gay,83,82,Missed,True,False,200752,,2pt made,rebound,,,,1626149|1626162|1629667|1630163|1630235|200752|201144|202738|203497|203903,1630235|200752|201144|203497|203903,1626149|1626162|1629667|1630163|202738,-29.0,75.0,1610612762.0,22101100
4,PT09M24.00S,09:24,Q4 09:24,8.6,481,rebound,R. Gobert REBOUND (Off:1 Def:13),[],Gobert,83,82,,False,False,203497,,2pt missed,3pt missed,,,,1626149|1626162|1629667|1630163|1630235|200752|201144|202738|203497|203903,1630235|200752|201144|203497|203903,1626149|1626162|1629667|1630163|202738,,,1610612762.0,22101100
4,PT09M18.00S,09:18,Q4 09:18,8.7,482,3pt,MISS J. Clarkson 25' 3PT,['2ndchance'],Clarkson,83,82,Missed,True,False,203903,,rebound,rebound,,,,1626149|1626162|1629667|1630163|1630235|200752|201144|202738|203497|203903,1630235|200752|201144|203497|203903,1626149|1626162|1629667|1630163|202738,38.0,252.0,1610612762.0,22101100
4,PT09M17.00S,09:17,Q4 09:17,8.716666666666667,483,rebound,TEAM offensive REBOUND,['team'],,83,82,,False,False,0,,3pt missed,foul,,,,1626149|1626162|1629667|1630163|1630235|200752|201144|202738|203497|203903,1630235|200752|201144|203497|203903,1626149|1626162|1629667|1630163|202738,,,1610612762.0,22101100
4,PT09M17.00S,09:17,Q4 09:17,8.716666666666667,484,foul,L. Ball loose ball personal FOUL (2 PF),[],Ball,83,82,,False,False,1630163,,rebound,substitution,203497.0,,,1626149|1626162|1629667|1630163|1630235|200752|201144|202738|203497|203903,1626149|1626162|1629667|1630163|202738,1630235|200752|201144|203497|203903,,,1610612766.0,22101100
4,PT09M17.00S,09:17,Q4 09:17,8.716666666666667,486,substitution,SUB out: M. Conley,[],Conley,83,82,,False,False,201144,,foul,substitution,,,,1626149|1626162|1629667|1630163|1630235|200752|202738|203497|203903,1630235|200752|203497|203903,1626149|1626162|1629667|1630163|202738,,,1610612762.0,22101100
4,PT09M17.00S,09:17,Q4 09:17,8.716666666666667,487,substitution,SUB out: T. Forrest,[],Forrest,83,82,,False,False,1630235,,substitution,substitution,,,,1626149|1626162|1629667|1630163|200752|202738|203497|203903,200752|203497|203903,1626149|1626162|1629667|1630163|202738,,,1610612762.0,22101100
4,PT09M17.00S,09:17,Q4 09:17,8.716666666666667,488,substitution,SUB in: R. O'Neale,[],O'Neale,83,82,,False,False,1626220,,substitution,substitution,,,,1626149|1626162|1626220|1629667|1630163|200752|202738|203497|203903,1626220|200752|203497|203903,1626149|1626162|1629667|1630163|202738,,,1610612762.0,22101100
4,PT09M17.00S,09:17,Q4 09:17,8.716666666666667,489,substitution,SUB in: D. Mitchell,[],Mitchell,83,82,,False,False,1628378,,substitution,turnover,,,,1626149|1626162|1626220|1628378|1629667|1630163|200752|202738|203497|203903,1626220|1628378|200752|203497|203903,1626149|1626162|1629667|1630163|202738,,,1610612762.0,22101100
4,PT09M06.00S,09:06,Q4 09:06,8.9,490,turnover,D. Mitchell bad pass TURNOVER (3 TO),[],Mitchell,83,82,,False,False,1628378,,substitution,steal,,1630163.0,,1626149|1626162|1626220|1628378|1629667|1630163|200752|202738|203497|203903,1626220|1628378|200752|203497|203903,1626149|1626162|1629667|1630163|202738,,,1610612762.0,22101100
4,PT09M06.00S,09:06,Q4 09:06,8.9,491,steal,L. Ball STEAL (2 STL),[],Ball,83,82,,False,False,1630163,,turnover,3pt missed,,,,1626149|1626162|1626220|1628378|1629667|1630163|200752|202738|203497|203903,1626149|1626162|1629667|1630163|202738,1626220|1628378|200752|203497|203903,,,1610612766.0,22101100
4,PT09M01.00S,09:01,Q4 09:01,8.983333333333333,492,3pt,MISS I. Thomas running 3PT,"['fromturnover', 'fastbreak']",Thomas,83,82,Missed,True,False,202738,,steal,rebound,,,,1626149|1626162|1626220|1628378|1629667|1630163|200752|202738|203497|203903,1626149|1626162|1629667|1630163|202738,1626220|1628378|200752|203497|203903,-227.0,7.0,1610612766.0,22101100
4,PT08M58.00S,08:58,Q4 08:58,7.033333333333333,493,rebound,L. Ball REBOUND (Off:1 Def:3),[],Ball,83,82,,False,False,1630163,,3pt missed,2pt missed,,,,1626149|1626162|1626220|1628378|1629667|1630163|200752|202738|203497|203903,1626149|1626162|1629667|1630163|202738,1626220|1628378|200752|203497|203903,,,1610612766.0,22101100
4,PT08M58.00S,08:58,Q4 08:58,7.033333333333333,494,2pt,MISS L. Ball tip Layup,"['pointsinthepaint', 'fromturnover', '2ndchance']",Ball,83,82,Missed,True,False,1630163,,rebound,rebound,,,,1626149|1626162|1626220|1628378|1629667|1630163|200752|202738|203497|203903,1626149|1626162|1629667|1630163|202738,1626220|1628378|200752|203497|203903,0.0,0.0,1610612766.0,22101100
4,PT08M58.00S,08:58,Q4 08:58,7.033333333333333,495,rebound,K. Oubre Jr. REBOUND (Off:1 Def:2),[],Oubre Jr.,83,82,,False,False,1626162,,2pt missed,foul,,,,1626149|1626162|1626220|1628378|1629667|1630163|200752|202738|203497|203903,1626149|1626162|1629667|1630163|202738,1626220|1628378|200752|203497|203903,,,1610612766.0,22101100
4,PT08M58.00S,08:58,Q4 08:58,7.033333333333333,496,foul,R. Gobert shooting personal FOUL (2 PF) (Oubre Jr. 2 FT),['2freethrow'],Gobert,83,82,,False,False,203497,,rebound,freethrow,1626162.0,,,1626149|1626162|1626220|1628378|1629667|1630163|200752|202738|203497|203903,1626220|1628378|200752|203497|203903,1626149|1626162|1629667|1630163|202738,,,1610612762.0,22101100
4,PT08M58.00S,08:58,Q4 08:58,7.033333333333333,498,freethrow,K. Oubre Jr. Free Throw 1 of 2 (6 PTS),"['fromturnover', '2ndchance']",Oubre Jr.,84,82,Made,False,False,1626162,,foul,freethrow,,,,1626149|1626162|1626220|1628378|1629667|1630163|200752|202738|203497|203903,1626149|1626162|1629667|1630163|202738,1626220|1628378|200752|203497|203903,,,1610612766.0,22101100
4,PT08M58.00S,08:58,Q4 08:58,7.033333333333333,501,freethrow,MISS K. Oubre Jr. Free Throw 2 of 2,"['fromturnover', '2ndchance']",Oubre Jr.,84,82,Missed,False,False,1626162,,freethrow,substitution,,,,1626149|1626162|1626220|1628378|1629667|1630163|200752|202738|203497|203903,1626149|1626162|1629667|1630163|202738,1626220|1628378|200752|203497|203903,,,1610612766.0,22101100
4,PT08M58.00S,08:58,Q4 08:58,7.033333333333333,499,substitution,SUB out: R. Gay,[],Gay,84,82,,False,False,200752,,freethrow,substitution,,,,1626149|1626162|1626220|1628378|1629667|1630163|202738|203497|203903,1626220|1628378|203497|203903,1626149|1626162|1629667|1630163|202738,,,1610612762.0,22101100
4,PT08M58.00S,08:58,Q4 08:58,7.033333333333333,500,substitution,SUB in: M. Conley,[],Conley,84,82,,False,False,201144,,substitution,rebound,,,,1626149|1626162|1626220|1628378|1629667|1630163|201144|202738|203497|203903,1626220|1628378|201144|203497|203903,1626149|1626162|1629667|1630163|202738,,,1610612762.0,22101100
4,PT08M54.00S,08:54,Q4 08:54,7.1,502,rebound,R. O'Neale REBOUND (Off:0 Def:2),[],O'Neale,84,82,,False,False,1626220,,substitution,2pt made,,,,1626149|1626162|1626220|1628378|1629667|1630163|201144|202738|203497|203903,1626220|1628378|201144|203497|203903,1626149|1626162|1629667|1630163|202738,,,1610612762.0,22101100
4,PT08M34.00S,08:34,Q4 08:34,7.433333333333334,503,2pt,D. Mitchell 18' pullup Jump Shot (20 PTS) (M. Conley 5 AST),[],Mitchell,84,84,Made,True,True,1628378,201144.0,rebound,2pt made,,,,1626149|1626162|1626220|1628378|1629667|1630163|201144|202738|203497|203903,1626220|1628378|201144|203497|203903,1626149|1626162|1629667|1630163|202738,-102.0,152.0,1610612762.0,22101100
4,PT08M17.00S,08:17,Q4 08:17,7.716666666666667,505,2pt,L. Ball driving Layup (21 PTS),['pointsinthepaint'],Ball,86,84,Made,True,False,1630163,,2pt made,timeout,,,,1626149|1626162|1626220|1628378|1629667|1630163|201144|202738|203497|203903,1626149|1626162|1629667|1630163|202738,1626220|1628378|201144|203497|203903,-1.0,18.0,1610612766.0,22101100
4,PT08M17.00S,08:17,Q4 08:17,7.716666666666667,506,timeout,UTA Timeout,"['team', 'mandatory']",,86,84,,False,False,0,,2pt made,substitution,,,,1626149|1626162|1626220|1628378|1629667|1630163|201144|202738|203497|203903,1626220|1628378|201144|203497|203903,1626149|1626162|1629667|1630163|202738,,,1610612762.0,22101100
4,PT08M17.00S,08:17,Q4 08:17,7.716666666666667,507,substitution,SUB out: M. Conley,[],Conley,86,84,,False,False,201144,,timeout,substitution,,,,1626149|1626162|1626220|1628378|1629667|1630163|202738|203497|203903,1626220|1628378|203497|203903,1626149|1626162|1629667|1630163|202738,,,1610612762.0,22101100
4,PT08M17.00S,08:17,Q4 08:17,7.716666666666667,508,substitution,SUB in: J. Hernangomez,[],Hernangomez,86,84,,False,False,1627823,,substitution,turnover,,,,1626149|1626162|1626220|1627823|1628378|1629667|1630163|202738|203497|203903,1626220|1627823|1628378|203497|203903,1626149|1626162|1629667|1630163|202738,,,1610612762.0,22101100
4,PT08M04.00S,08:04,Q4 08:04,7.933333333333334,509,turnover,D. Mitchell bad pass TURNOVER (4 TO),[],Mitchell,86,84,,False,False,1628378,,substitution,steal,,202738.0,,1626149|1626162|1626220|1627823|1628378|1629667|1630163|202738|203497|203903,1626220|1627823|1628378|203497|203903,1626149|1626162|1629667|1630163|202738,,,1610612762.0,22101100
4,PT08M04.00S,08:04,Q4 08:04,7.933333333333334,510,steal,I. Thomas STEAL (1 STL),[],Thomas,86,84,,False,False,202738,,turnover,foul,,,,1626149|1626162|1626220|1627823|1628378|1629667|1630163|202738|203497|203903,1626149|1626162|1629667|1630163|202738,1626220|1627823|1628378|203497|203903,,,1610612766.0,22101100
4,PT08M04.00S,08:04,Q4 08:04,7.933333333333334,511,foul,J. Clarkson take personal FOUL (1 PF),[],Clarkson,86,84,,False,False,203903,,steal,2pt missed,202738.0,,,1626149|1626162|1626220|1627823|1628378|1629667|1630163|202738|203497|203903,1626220|1627823|1628378|203497|203903,1626149|1626162|1629667|1630163|202738,,,1610612762.0,22101100
4,PT07M52.00S,07:52,Q4 07:52,6.133333333333333,513,2pt,MISS L. Ball Hook,"['pointsinthepaint', 'fromturnover']",Ball,86,84,Missed,True,False,1630163,,foul,rebound,,,,1626149|1626162|1626220|1627823|1628378|1629667|1630163|202738|203497|203903,1626149|1626162|1629667|1630163|202738,1626220|1627823|1628378|203497|203903,28.0,50.0,1610612766.0,22101100
4,PT07M50.00S,07:50,Q4 07:50,6.166666666666667,514,rebound,R. Gobert REBOUND (Off:1 Def:14),[],Gobert,86,84,,False,False,203497,,2pt missed,foul,,,,1626149|1626162|1626220|1627823|1628378|1629667|1630163|202738|203497|203903,1626220|1627823|1628378|203497|203903,1626149|1626162|1629667|1630163|202738,,,1610612762.0,22101100
4,PT07M46.00S,07:46,Q4 07:46,6.233333333333333,515,foul,K. Oubre Jr. personal FOUL (2 PF),[],Oubre Jr.,86,84,,False,False,1626162,,rebound,substitution,1628378.0,,,1626149|1626162|1626220|1627823|1628378|1629667|1630163|202738|203497|203903,1626149|1626162|1629667|1630163|202738,1626220|1627823|1628378|203497|203903,,,1610612766.0,22101100
4,PT07M46.00S,07:46,Q4 07:46,6.233333333333333,517,substitution,SUB out: L. Ball,[],Ball,86,84,,False,False,1630163,,foul,substitution,,,,1626149|1626162|1626220|1627823|1628378|1629667|202738|203497|203903,1626149|1626162|1629667|202738,1626220|1627823|1628378|203497|203903,,,1610612766.0,22101100
4,PT07M46.00S,07:46,Q4 07:46,6.233333333333333,518,substitution,SUB in: T. Rozier,[],Rozier,86,84,,False,False,1626179,,substitution,3pt made,,,,1626149|1626162|1626179|1626220|1627823|1628378|1629667|202738|203497|203903,1626149|1626162|1626179|1629667|202738,1626220|1627823|1628378|203497|203903,,,1610612766.0,22101100
4,PT07M34.00S,07:34,Q4 07:34,6.433333333333334,519,3pt,J. Hernangomez 24' 3PT  (14 PTS) (D. Mitchell 6 AST),[],Hernangomez,86,87,Made,True,True,1627823,1628378.0,substitution,timeout,,,,1626149|1626162|1626179|1626220|1627823|1628378|1629667|202738|203497|203903,1626220|1627823|1628378|203497|203903,1626149|1626162|1626179|1629667|202738,-237.0,67.0,1610612762.0,22101100
4,PT07M32.00S,07:32,Q4 07:32,6.466666666666667,521,timeout,CHA Timeout,"['team', 'mandatory']",,86,87,,False,False,0,,3pt made,substitution,,,,1626149|1626162|1626179|1626220|1627823|1628378|1629667|202738|203497|203903,1626149|1626162|1626179|1629667|202738,1626220|1627823|1628378|203497|203903,,,1610612766.0,22101100
4,PT07M32.00S,07:32,Q4 07:32,6.466666666666667,522,substitution,SUB out: J. McDaniels,[],McDaniels,86,87,,False,False,1629667,,timeout,substitution,,,,1626149|1626162|1626179|1626220|1627823|1628378|202738|203497|203903,1626149|1626162|1626179|202738,1626220|1627823|1628378|203497|203903,,,1610612766.0,22101100
4,PT07M32.00S,07:32,Q4 07:32,6.466666666666667,523,substitution,SUB out: M. Harrell,[],Harrell,86,87,,False,False,1626149,,substitution,substitution,,,,1626162|1626179|1626220|1627823|1628378|202738|203497|203903,1626162|1626179|202738,1626220|1627823|1628378|203497|203903,,,1610612766.0,22101100
4,PT07M32.00S,07:32,Q4 07:32,6.466666666666667,524,substitution,SUB out: K. Oubre Jr.,[],Oubre Jr.,86,87,,False,False,1626162,,substitution,substitution,,,,1626179|1626220|1627823|1628378|202738|203497|203903,1626179|202738,1626220|1627823|1628378|203497|203903,,,1610612766.0,22101100
4,PT07M32.00S,07:32,Q4 07:32,6.466666666666667,525,substitution,SUB in: P. Washington,[],Washington,86,87,,False,False,1629023,,substitution,substitution,,,,1626179|1626220|1627823|1628378|1629023|202738|203497|203903,1626179|1629023|202738,1626220|1627823|1628378|203497|203903,,,1610612766.0,22101100
4,PT07M32.00S,07:32,Q4 07:32,6.466666666666667,526,substitution,SUB in: M. Bridges,[],Bridges,86,87,,False,False,1628970,,substitution,substitution,,,,1626179|1626220|1627823|1628378|1628970|1629023|202738|203497|203903,1626179|1628970|1629023|202738,1626220|1627823|1628378|203497|203903,,,1610612766.0,22101100
4,PT07M32.00S,07:32,Q4 07:32,6.466666666666667,527,substitution,SUB in: C. Martin,[],Martin,86,87,,False,False,1628998,,substitution,3pt made,,,,1626179|1626220|1627823|1628378|1628970|1628998|1629023|202738|203497|203903,1626179|1628970|1628998|1629023|202738,1626220|1627823|1628378|203497|203903,,,1610612766.0,22101100
4,PT07M16.00S,07:16,Q4 07:16,6.733333333333333,528,3pt,T. Rozier 25' 3PT  (16 PTS) (P. Washington 4 AST),[],Rozier,89,87,Made,True,True,1626179,1629023.0,substitution,2pt missed,,,,1626179|1626220|1627823|1628378|1628970|1628998|1629023|202738|203497|203903,1626179|1628970|1628998|1629023|202738,1626220|1627823|1628378|203497|203903,-167.0,199.0,1610612766.0,22101100
4,PT06M54.00S,06:54,Q4 06:54,5.1,530,2pt,MISS J. Clarkson 7' driving Layup - blocked,['pointsinthepaint'],Clarkson,89,87,Missed,True,False,203903,,3pt made,block,,,1629023.0,1626179|1626220|1627823|1628378|1628970|1628998|1629023|202738|203497|203903,1626220|1627823|1628378|203497|203903,1626179|1628970|1628998|1629023|202738,-18.0,68.0,1610612762.0,22101100
4,PT06M54.00S,06:54,Q4 06:54,5.1,531,block,P. Washington BLOCK (2 BLK),[],Washington,89,87,,False,False,1629023,,2pt missed,rebound,,,,1626179|1626220|1627823|1628378|1628970|1628998|1629023|202738|203497|203903,1626179|1628970|1628998|1629023|202738,1626220|1627823|1628378|203497|203903,,,1610612766.0,22101100
4,PT06M54.00S,06:54,Q4 06:54,5.1,532,rebound,TEAM defensive REBOUND,['team'],,89,87,,False,False,0,,block,2pt made,,,,1626179|1626220|1627823|1628378|1628970|1628998|1629023|202738|203497|203903,1626179|1628970|1628998|1629023|202738,1626220|1627823|1628378|203497|203903,,,1610612766.0,22101100
4,PT06M31.00S,06:31,Q4 06:31,5.483333333333333,534,2pt,I. Thomas driving reverse Layup (9 PTS) (P. Washington 5 AST),['pointsinthepaint'],Thomas,91,87,Made,True,True,202738,1629023.0,rebound,turnover,,,,1626179|1626220|1627823|1628378|1628970|1628998|1629023|202738|203497|203903,1626179|1628970|1628998|1629023|202738,1626220|1627823|1628378|203497|203903,-7.0,22.0,1610612766.0,22101100
4,PT06M26.00S,06:26,Q4 06:26,5.566666666666666,537,turnover,D. Mitchell lost ball TURNOVER (5 TO),[],Mitchell,91,87,,False,False,1628378,,2pt made,steal,,1626179.0,,1626179|1626220|1627823|1628378|1628970|1628998|1629023|202738|203497|203903,1626220|1627823|1628378|203497|203903,1626179|1628970|1628998|1629023|202738,,,1610612762.0,22101100
4,PT06M26.00S,06:26,Q4 06:26,5.566666666666666,538,steal,T. Rozier STEAL (1 STL),[],Rozier,91,87,,False,False,1626179,,turnover,2pt made,,,,1626179|1626220|1627823|1628378|1628970|1628998|1629023|202738|203497|203903,1626179|1628970|1628998|1629023|202738,1626220|1627823|1628378|203497|203903,,,1610612766.0,22101100
4,PT06M26.00S,06:26,Q4 06:26,5.566666666666666,539,2pt,T. Rozier driving Layup (18 PTS),"['pointsinthepaint', 'fromturnover']",Rozier,93,87,Made,True,False,1626179,,steal,timeout,,,,1626179|1626220|1627823|1628378|1628970|1628998|1629023|202738|203497|203903,1626179|1628970|1628998|1629023|202738,1626220|1627823|1628378|203497|203903,20.0,8.0,1610612766.0,22101100
4,PT06M26.00S,06:26,Q4 06:26,5.566666666666666,540,timeout,UTA Timeout,['team'],,93,87,,False,False,0,,2pt made,substitution,,,,1626179|1626220|1627823|1628378|1628970|1628998|1629023|202738|203497|203903,1626220|1627823|1628378|203497|203903,1626179|1628970|1628998|1629023|202738,,,1610612762.0,22101100
4,PT06M26.00S,06:26,Q4 06:26,5.566666666666666,541,substitution,SUB out: J. Hernangomez,[],Hernangomez,93,87,,False,False,1627823,,timeout,substitution,,,,1626179|1626220|1628378|1628970|1628998|1629023|202738|203497|203903,1626220|1628378|203497|203903,1626179|1628970|1628998|1629023|202738,,,1610612762.0,22101100
4,PT06M26.00S,06:26,Q4 06:26,5.566666666666666,542,substitution,SUB in: M. Conley,[],Conley,93,87,,False,False,201144,,substitution,3pt missed,,,,1626179|1626220|1628378|1628970|1628998|1629023|201144|202738|203497|203903,1626220|1628378|201144|203497|203903,1626179|1628970|1628998|1629023|202738,,,1610612762.0,22101100
4,PT06M08.00S,06:08,Q4 06:08,5.866666666666666,543,3pt,MISS R. O'Neale 3PT,[],O'Neale,93,87,Missed,True,False,1626220,,substitution,rebound,,,,1626179|1626220|1628378|1628970|1628998|1629023|201144|202738|203497|203903,1626220|1628378|201144|203497|203903,1626179|1628970|1628998|1629023|202738,238.0,26.0,1610612762.0,22101100
4,PT06M01.00S,06:01,Q4 06:01,5.983333333333333,544,rebound,R. Gobert REBOUND (Off:2 Def:14),[],Gobert,93,87,,False,False,203497,,3pt missed,2pt made,,,,1626179|1626220|1628378|1628970|1628998|1629023|201144|202738|203497|203903,1626220|1628378|201144|203497|203903,1626179|1628970|1628998|1629023|202738,,,1610612762.0,22101100
4,PT06M01.00S,06:01,Q4 06:01,5.983333333333333,545,2pt,R. Gobert tip Layup (11 PTS),"['pointsinthepaint', '2ndchance']",Gobert,93,89,Made,True,False,203497,,rebound,2pt missed,,,,1626179|1626220|1628378|1628970|1628998|1629023|201144|202738|203497|203903,1626220|1628378|201144|203497|203903,1626179|1628970|1628998|1629023|202738,0.0,0.0,1610612762.0,22101100
4,PT05M41.00S,05:41,Q4 05:41,4.316666666666666,546,2pt,MISS T. Rozier 18' step back Shot,[],Rozier,93,89,Missed,True,False,1626179,,2pt made,rebound,,,,1626179|1626220|1628378|1628970|1628998|1629023|201144|202738|203497|203903,1626179|1628970|1628998|1629023|202738,1626220|1628378|201144|203497|203903,-184.0,36.0,1610612766.0,22101100
4,PT05M38.00S,05:38,Q4 05:38,4.366666666666667,547,rebound,C. Martin REBOUND (Off:3 Def:2),[],Martin,93,89,,False,False,1628998,,2pt missed,turnover,,,,1626179|1626220|1628378|1628970|1628998|1629023|201144|202738|203497|203903,1626179|1628970|1628998|1629023|202738,1626220|1628378|201144|203497|203903,,,1610612766.0,22101100
4,PT05M37.00S,05:37,Q4 05:37,4.383333333333333,548,turnover,C. Martin bad pass TURNOVER (1 TO),[],Martin,93,89,,False,False,1628998,,rebound,steal,,1628378.0,,1626179|1626220|1628378|1628970|1628998|1629023|201144|202738|203497|203903,1626179|1628970|1628998|1629023|202738,1626220|1628378|201144|203497|203903,,,1610612766.0,22101100
4,PT05M37.00S,05:37,Q4 05:37,4.383333333333333,549,steal,D. Mitchell STEAL (1 STL),[],Mitchell,93,89,,False,False,1628378,,turnover,3pt missed,,,,1626179|1626220|1628378|1628970|1628998|1629023|201144|202738|203497|203903,1626220|1628378|201144|203497|203903,1626179|1628970|1628998|1629023|202738,,,1610612762.0,22101100
4,PT05M31.00S,05:31,Q4 05:31,4.483333333333333,550,3pt,MISS R. O'Neale 26' running 3PT,"['fastbreak', 'fromturnover']",O'Neale,93,89,Missed,True,False,1626220,,steal,rebound,,,,1626179|1626220|1628378|1628970|1628998|1629023|201144|202738|203497|203903,1626220|1628378|201144|203497|203903,1626179|1628970|1628998|1629023|202738,-146.0,218.0,1610612762.0,22101100
4,PT05M30.00S,05:30,Q4 05:30,4.5,551,rebound,D. Mitchell REBOUND (Off:1 Def:1),[],Mitchell,93,89,,False,False,1628378,,3pt missed,2pt missed,,,,1626179|1626220|1628378|1628970|1628998|1629023|201144|202738|203497|203903,1626220|1628378|201144|203497|203903,1626179|1628970|1628998|1629023|202738,,,1610612762.0,22101100
4,PT05M28.00S,05:28,Q4 05:28,4.533333333333333,552,2pt,MISS D. Mitchell Layup,"['pointsinthepaint', 'fromturnover', '2ndchance']",Mitchell,93,89,Missed,True,False,1628378,,rebound,rebound,,,,1626179|1626220|1628378|1628970|1628998|1629023|201144|202738|203497|203903,1626220|1628378|201144|203497|203903,1626179|1628970|1628998|1629023|202738,-5.0,11.0,1610612762.0,22101100
4,PT05M28.00S,05:28,Q4 05:28,4.533333333333333,553,rebound,TEAM defensive REBOUND,['team'],,93,89,,False,False,0,,2pt missed,foul,,,,1626179|1626220|1628378|1628970|1628998|1629023|201144|202738|203497|203903,1626179|1628970|1628998|1629023|202738,1626220|1628378|201144|203497|203903,,,1610612766.0,22101100
4,PT05M28.00S,05:28,Q4 05:28,4.533333333333333,554,foul,R. Gobert personal FOUL (3 PF),[],Gobert,93,89,,False,False,203497,,rebound,2pt missed,1629023.0,,,1626179|1626220|1628378|1628970|1628998|1629023|201144|202738|203497|203903,1626220|1628378|201144|203497|203903,1626179|1628970|1628998|1629023|202738,,,1610612762.0,22101100
4,PT05M09.00S,05:09,Q4 05:09,4.85,556,2pt,MISS T. Rozier driving floating Shot,['pointsinthepaint'],Rozier,93,89,Missed,True,False,1626179,,foul,rebound,,,,1626179|1626220|1628378|1628970|1628998|1629023|201144|202738|203497|203903,1626179|1628970|1628998|1629023|202738,1626220|1628378|201144|203497|203903,7.0,50.0,1610612766.0,22101100
4,PT05M09.00S,05:09,Q4 05:09,4.85,557,rebound,TEAM defensive REBOUND,['team'],,93,89,,False,False,0,,2pt missed,3pt missed,,,,1626179|1626220|1628378|1628970|1628998|1629023|201144|202738|203497|203903,1626220|1628378|201144|203497|203903,1626179|1628970|1628998|1629023|202738,,,1610612762.0,22101100
4,PT04M51.00S,04:51,Q4 04:51,3.15,559,3pt,MISS D. Mitchell 3PT,[],Mitchell,93,89,Missed,True,False,1628378,,rebound,rebound,,,,1626179|1626220|1628378|1628970|1628998|1629023|201144|202738|203497|203903,1626220|1628378|201144|203497|203903,1626179|1628970|1628998|1629023|202738,228.0,37.0,1610612762.0,22101100
4,PT04M48.00S,04:48,Q4 04:48,3.2,560,rebound,M. Bridges REBOUND (Off:4 Def:5),[],Bridges,93,89,,False,False,1628970,,3pt missed,2pt made,,,,1626179|1626220|1628378|1628970|1628998|1629023|201144|202738|203497|203903,1626179|1628970|1628998|1629023|202738,1626220|1628378|201144|203497|203903,,,1610612766.0,22101100
4,PT04M46.00S,04:46,Q4 04:46,3.2333333333333334,561,2pt,C. Martin running Layup (2 PTS) (M. Bridges 4 AST),"['pointsinthepaint', 'fastbreak']",Martin,95,89,Made,True,True,1628998,1628970.0,rebound,turnover,,,,1626179|1626220|1628378|1628970|1628998|1629023|201144|202738|203497|203903,1626179|1628970|1628998|1629023|202738,1626220|1628378|201144|203497|203903,1.0,6.0,1610612766.0,22101100
4,PT04M32.00S,04:32,Q4 04:32,3.466666666666667,563,turnover,M. Conley bad pass TURNOVER (1 TO),[],Conley,95,89,,False,False,201144,,2pt made,steal,,202738.0,,1626179|1626220|1628378|1628970|1628998|1629023|201144|202738|203497|203903,1626220|1628378|201144|203497|203903,1626179|1628970|1628998|1629023|202738,,,1610612762.0,22101100
4,PT04M32.00S,04:32,Q4 04:32,3.466666666666667,564,steal,I. Thomas STEAL (2 STL),[],Thomas,95,89,,False,False,202738,,turnover,3pt missed,,,,1626179|1626220|1628378|1628970|1628998|1629023|201144|202738|203497|203903,1626179|1628970|1628998|1629023|202738,1626220|1628378|201144|203497|203903,,,1610612766.0,22101100
4,PT04M18.00S,04:18,Q4 04:18,3.7,565,3pt,MISS I. Thomas 30' 3PT,['fromturnover'],Thomas,95,89,Missed,True,False,202738,,steal,rebound,,,,1626179|1626220|1628378|1628970|1628998|1629023|201144|202738|203497|203903,1626179|1628970|1628998|1629023|202738,1626220|1628378|201144|203497|203903,-169.0,251.0,1610612766.0,22101100
4,PT04M15.00S,04:15,Q4 04:15,3.75,566,rebound,R. Gobert REBOUND (Off:2 Def:15),[],Gobert,95,89,,False,False,203497,,3pt missed,2pt made,,,,1626179|1626220|1628378|1628970|1628998|1629023|201144|202738|203497|203903,1626220|1628378|201144|203497|203903,1626179|1628970|1628998|1629023|202738,,,1610612762.0,22101100
4,PT04M07.00S,04:07,Q4 04:07,3.8833333333333333,567,2pt,D. Mitchell 11' driving floating Jump Shot (22 PTS),['pointsinthepaint'],Mitchell,95,91,Made,True,False,1628378,,rebound,timeout,,,,1626179|1626220|1628378|1628970|1628998|1629023|201144|202738|203497|203903,1626220|1628378|201144|203497|203903,1626179|1628970|1628998|1629023|202738,49.0,105.0,1610612762.0,22101100
4,PT04M07.00S,04:07,Q4 04:07,3.8833333333333333,568,timeout,CHA Timeout,['team'],,95,91,,False,False,0,,2pt made,substitution,,,,1626179|1626220|1628378|1628970|1628998|1629023|201144|202738|203497|203903,1626179|1628970|1628998|1629023|202738,1626220|1628378|201144|203497|203903,,,1610612766.0,22101100
4,PT04M07.00S,04:07,Q4 04:07,3.8833333333333333,569,substitution,SUB out: I. Thomas,[],Thomas,95,91,,False,False,202738,,timeout,substitution,,,,1626179|1626220|1628378|1628970|1628998|1629023|201144|203497|203903,1626179|1628970|1628998|1629023,1626220|1628378|201144|203497|203903,,,1610612766.0,22101100
4,PT04M07.00S,04:07,Q4 04:07,3.8833333333333333,570,substitution,SUB in: L. Ball,[],Ball,95,91,,False,False,1630163,,substitution,2pt missed,,,,1626179|1626220|1628378|1628970|1628998|1629023|1630163|201144|203497|203903,1626179|1628970|1628998|1629023|1630163,1626220|1628378|201144|203497|203903,,,1610612766.0,22101100
4,PT03M48.00S,03:48,Q4 03:48,2.2,571,2pt,MISS L. Ball 14' driving floating Shot,[],Ball,95,91,Missed,True,False,1630163,,substitution,rebound,,,,1626179|1626220|1628378|1628970|1628998|1629023|1630163|201144|203497|203903,1626179|1628970|1628998|1629023|1630163,1626220|1628378|201144|203497|203903,4.0,149.0,1610612766.0,22101100
4,PT03M46.00S,03:46,Q4 03:46,2.2333333333333334,572,rebound,R. Gobert REBOUND (Off:2 Def:16),[],Gobert,95,91,,False,False,203497,,2pt missed,3pt made,,,,1626179|1626220|1628378|1628970|1628998|1629023|1630163|201144|203497|203903,1626220|1628378|201144|203497|203903,1626179|1628970|1628998|1629023|1630163,,,1610612762.0,22101100
4,PT03M33.00S,03:33,Q4 03:33,2.45,573,3pt,M. Conley 3PT  (11 PTS) (D. Mitchell 7 AST),[],Conley,95,94,Made,True,True,201144,1628378.0,rebound,3pt missed,,,,1626179|1626220|1628378|1628970|1628998|1629023|1630163|201144|203497|203903,1626220|1628378|201144|203497|203903,1626179|1628970|1628998|1629023|1630163,-230.0,25.0,1610612762.0,22101100
4,PT03M17.00S,03:17,Q4 03:17,2.716666666666667,575,3pt,MISS M. Bridges 24' 3PT,[],Bridges,95,94,Missed,True,False,1628970,,3pt made,rebound,,,,1626179|1626220|1628378|1628970|1628998|1629023|1630163|201144|203497|203903,1626179|1628970|1628998|1629023|1630163,1626220|1628378|201144|203497|203903,229.0,81.0,1610612766.0,22101100
4,PT03M14.00S,03:14,Q4 03:14,2.7666666666666666,576,rebound,D. Mitchell REBOUND (Off:1 Def:2),[],Mitchell,95,94,,False,False,1628378,,3pt missed,foul,,,,1626179|1626220|1628378|1628970|1628998|1629023|1630163|201144|203497|203903,1626220|1628378|201144|203497|203903,1626179|1628970|1628998|1629023|1630163,,,1610612762.0,22101100
4,PT03M11.00S,03:11,Q4 03:11,2.816666666666667,577,foul,L. Ball shooting personal FOUL (3 PF) (Mitchell 2 FT),['2freethrow'],Ball,95,94,,False,False,1630163,,rebound,freethrow,1628378.0,,,1626179|1626220|1628378|1628970|1628998|1629023|1630163|201144|203497|203903,1626179|1628970|1628998|1629023|1630163,1626220|1628378|201144|203497|203903,,,1610612766.0,22101100
4,PT03M11.00S,03:11,Q4 03:11,2.816666666666667,579,freethrow,D. Mitchell Free Throw 1 of 2 (23 PTS),['fastbreak'],Mitchell,95,95,Made,False,False,1628378,,foul,freethrow,,,,1626179|1626220|1628378|1628970|1628998|1629023|1630163|201144|203497|203903,1626220|1628378|201144|203497|203903,1626179|1628970|1628998|1629023|1630163,,,1610612762.0,22101100
4,PT03M11.00S,03:11,Q4 03:11,2.816666666666667,582,freethrow,D. Mitchell Free Throw 2 of 2 (24 PTS),['fastbreak'],Mitchell,95,96,Made,False,False,1628378,,freethrow,substitution,,,,1626179|1626220|1628378|1628970|1628998|1629023|1630163|201144|203497|203903,1626220|1628378|201144|203497|203903,1626179|1628970|1628998|1629023|1630163,,,1610612762.0,22101100
4,PT03M11.00S,03:11,Q4 03:11,2.816666666666667,580,substitution,SUB out: C. Martin,[],Martin,95,95,,False,False,1628998,,freethrow,substitution,,,,1626179|1626220|1628378|1628970|1629023|1630163|201144|203497|203903,1626179|1628970|1629023|1630163,1626220|1628378|201144|203497|203903,,,1610612766.0,22101100
4,PT03M11.00S,03:11,Q4 03:11,2.816666666666667,581,substitution,SUB in: M. Plumlee,[],Plumlee,95,95,,False,False,203486,,substitution,2pt made,,,,1626179|1626220|1628378|1628970|1629023|1630163|201144|203486|203497|203903,1626179|1628970|1629023|1630163|203486,1626220|1628378|201144|203497|203903,,,1610612766.0,22101100
4,PT02M54.00S,02:54,Q4 02:54,1.1,583,2pt,T. Rozier floating Jump Shot (20 PTS) (L. Ball 4 AST),['pointsinthepaint'],Rozier,97,96,Made,True,True,1626179,1630163.0,substitution,foul,,,,1626179|1626220|1628378|1628970|1629023|1630163|201144|203486|203497|203903,1626179|1628970|1629023|1630163|203486,1626220|1628378|201144|203497|203903,-12.0,21.0,1610612766.0,22101100
4,PT02M39.00S,02:39,Q4 02:39,1.35,585,foul,D. Mitchell charge offensive FOUL (2 PF),[],Mitchell,97,96,,False,False,1628378,,2pt made,turnover,1626179.0,,,1626179|1626220|1628378|1628970|1629023|1630163|201144|203486|203497|203903,1626220|1628378|201144|203497|203903,1626179|1628970|1629023|1630163|203486,,,1610612762.0,22101100
4,PT02M39.00S,02:39,Q4 02:39,1.35,587,turnover,D. Mitchell offensive foul TURNOVER (6 TO),[],Mitchell,97,96,,False,False,1628378,,foul,timeout,,,,1626179|1626220|1628378|1628970|1629023|1630163|201144|203486|203497|203903,1626220|1628378|201144|203497|203903,1626179|1628970|1629023|1630163|203486,,,1610612762.0,22101100
4,PT02M39.00S,02:39,Q4 02:39,1.35,588,timeout,UTA Timeout,['team'],,97,96,,False,False,0,,turnover,2pt missed,,,,1626179|1626220|1628378|1628970|1629023|1630163|201144|203486|203497|203903,1626220|1628378|201144|203497|203903,1626179|1628970|1629023|1630163|203486,,,1610612762.0,22101100
4,PT02M23.00S,02:23,Q4 02:23,1.6166666666666667,591,2pt,MISS L. Ball 10' fadeaway Shot - blocked,['fromturnover'],Ball,97,96,Missed,True,False,1630163,,timeout,block,,,203497.0,1626179|1626220|1628378|1628970|1629023|1630163|201144|203486|203497|203903,1626179|1628970|1629023|1630163|203486,1626220|1628378|201144|203497|203903,-104.0,16.0,1610612766.0,22101100
4,PT02M23.00S,02:23,Q4 02:23,1.6166666666666667,592,block,R. Gobert BLOCK (1 BLK),[],Gobert,97,96,,False,False,203497,,2pt missed,rebound,,,,1626179|1626220|1628378|1628970|1629023|1630163|201144|203486|203497|203903,1626220|1628378|201144|203497|203903,1626179|1628970|1629023|1630163|203486,,,1610612762.0,22101100
4,PT02M23.00S,02:23,Q4 02:23,1.6166666666666667,593,rebound,TEAM offensive REBOUND,['team'],,97,96,,False,False,0,,block,3pt missed,,,,1626179|1626220|1628378|1628970|1629023|1630163|201144|203486|203497|203903,1626179|1628970|1629023|1630163|203486,1626220|1628378|201144|203497|203903,,,1610612766.0,22101100
4,PT02M13.00S,02:13,Q4 02:13,1.7833333333333332,595,3pt,MISS P. Washington fadeaway 3PT,"['fromturnover', '2ndchance']",Washington,97,96,Missed,True,False,1629023,,rebound,rebound,,,,1626179|1626220|1628378|1628970|1629023|1630163|201144|203486|203497|203903,1626179|1628970|1629023|1630163|203486,1626220|1628378|201144|203497|203903,228.0,5.0,1610612766.0,22101100
4,PT02M11.00S,02:11,Q4 02:11,1.8166666666666667,596,rebound,M. Conley REBOUND (Off:1 Def:1),[],Conley,97,96,,False,False,201144,,3pt missed,turnover,,,,1626179|1626220|1628378|1628970|1629023|1630163|201144|203486|203497|203903,1626220|1628378|201144|203497|203903,1626179|1628970|1629023|1630163|203486,,,1610612762.0,22101100
4,PT02M01.00S,02:01,Q4 02:01,1.9833333333333334,597,turnover,R. Gobert traveling TURNOVER (1 TO),[],Gobert,97,96,,False,False,203497,,rebound,2pt made,,,,1626179|1626220|1628378|1628970|1629023|1630163|201144|203486|203497|203903,1626220|1628378|201144|203497|203903,1626179|1628970|1629023|1630163|203486,,,1610612762.0,22101100
4,PT01M44.00S,01:44,Q4 01:44,0.2666666666666667,598,2pt,P. Washington Layup (6 PTS) (L. Ball 5 AST),"['pointsinthepaint', 'fromturnover']",Washington,99,96,Made,True,True,1629023,1630163.0,turnover,3pt made,,,,1626179|1626220|1628378|1628970|1629023|1630163|201144|203486|203497|203903,1626179|1628970|1629023|1630163|203486,1626220|1628378|201144|203497|203903,5.0,53.0,1610612766.0,22101100
4,PT01M32.00S,01:32,Q4 01:32,0.4666666666666667,600,3pt,R. O'Neale 27' 3PT  (6 PTS) (M. Conley 6 AST),[],O'Neale,99,99,Made,True,True,1626220,201144.0,2pt made,3pt made,,,,1626179|1626220|1628378|1628970|1629023|1630163|201144|203486|203497|203903,1626220|1628378|201144|203497|203903,1626179|1628970|1629023|1630163|203486,194.0,201.0,1610612762.0,22101100
4,PT01M08.00S,01:08,Q4 01:08,0.8666666666666667,602,3pt,T. Rozier 25' 3PT fadeaway (23 PTS) (M. Plumlee 4 AST),[],Rozier,102,99,Made,True,True,1626179,203486.0,3pt made,foul,,,,1626179|1626220|1628378|1628970|1629023|1630163|201144|203486|203497|203903,1626179|1628970|1629023|1630163|203486,1626220|1628378|201144|203497|203903,212.0,137.0,1610612766.0,22101100
4,PT00M56.90S,00:56,Q4 00:56,-0.9333333333333333,604,foul,L. Ball personal FOUL (4 PF),[],Ball,102,99,,False,False,1630163,,3pt made,substitution,203497.0,,,1626179|1626220|1628378|1628970|1629023|1630163|201144|203486|203497|203903,1626179|1628970|1629023|1630163|203486,1626220|1628378|201144|203497|203903,,,1610612766.0,22101100
4,PT00M56.90S,00:56,Q4 00:56,-0.9333333333333333,606,substitution,SUB out: L. Ball,[],Ball,102,99,,False,False,1630163,,foul,substitution,,,,1626179|1626220|1628378|1628970|1629023|201144|203486|203497|203903,1626179|1628970|1629023|203486,1626220|1628378|201144|203497|203903,,,1610612766.0,22101100
4,PT00M56.90S,00:56,Q4 00:56,-0.9333333333333333,607,substitution,SUB in: C. Martin,[],Martin,102,99,,False,False,1628998,,substitution,2pt made,,,,1626179|1626220|1628378|1628970|1628998|1629023|201144|203486|203497|203903,1626179|1628970|1628998|1629023|203486,1626220|1628378|201144|203497|203903,,,1610612766.0,22101100
4,PT00M46.10S,00:46,Q4 00:46,-0.7666666666666667,608,2pt,D. Mitchell 9' driving floating Jump Shot (26 PTS),['pointsinthepaint'],Mitchell,102,101,Made,True,False,1628378,,substitution,timeout,,,,1626179|1626220|1628378|1628970|1628998|1629023|201144|203486|203497|203903,1626220|1628378|201144|203497|203903,1626179|1628970|1628998|1629023|203486,5.0,96.0,1610612762.0,22101100
4,PT00M46.10S,00:46,Q4 00:46,-0.7666666666666667,609,timeout,CHA Timeout,['team'],,102,101,,False,False,0,,2pt made,substitution,,,,1626179|1626220|1628378|1628970|1628998|1629023|201144|203486|203497|203903,1626179|1628970|1628998|1629023|203486,1626220|1628378|201144|203497|203903,,,1610612766.0,22101100
4,PT00M46.10S,00:46,Q4 00:46,-0.7666666666666667,610,substitution,SUB out: M. Plumlee,[],Plumlee,102,101,,False,False,203486,,timeout,substitution,,,,1626179|1626220|1628378|1628970|1628998|1629023|201144|203497|203903,1626179|1628970|1628998|1629023,1626220|1628378|201144|203497|203903,,,1610612766.0,22101100
4,PT00M46.10S,00:46,Q4 00:46,-0.7666666666666667,611,substitution,SUB out: C. Martin,[],Martin,102,101,,False,False,1628998,,substitution,substitution,,,,1626179|1626220|1628378|1628970|1629023|201144|203497|203903,1626179|1628970|1629023,1626220|1628378|201144|203497|203903,,,1610612766.0,22101100
4,PT00M46.10S,00:46,Q4 00:46,-0.7666666666666667,612,substitution,SUB in: I. Thomas,[],Thomas,102,101,,False,False,202738,,substitution,substitution,,,,1626179|1626220|1628378|1628970|1629023|201144|202738|203497|203903,1626179|1628970|1629023|202738,1626220|1628378|201144|203497|203903,,,1610612766.0,22101100
4,PT00M46.10S,00:46,Q4 00:46,-0.7666666666666667,613,substitution,SUB in: L. Ball,[],Ball,102,101,,False,False,1630163,,substitution,foul,,,,1626179|1626220|1628378|1628970|1629023|1630163|201144|202738|203497|203903,1626179|1628970|1629023|1630163|202738,1626220|1628378|201144|203497|203903,,,1610612766.0,22101100
4,PT00M30.90S,00:30,Q4 00:30,-0.5,614,foul,R. Gobert shooting personal FOUL (4 PF) (Bridges 2 FT),['2freethrow'],Gobert,102,101,,False,False,203497,,substitution,freethrow,1628970.0,,,1626179|1626220|1628378|1628970|1629023|1630163|201144|202738|203497|203903,1626220|1628378|201144|203497|203903,1626179|1628970|1629023|1630163|202738,,,1610612762.0,22101100
4,PT00M30.90S,00:30,Q4 00:30,-0.5,616,freethrow,M. Bridges Free Throw 1 of 2 (24 PTS),[],Bridges,103,101,Made,False,False,1628970,,foul,freethrow,,,,1626179|1626220|1628378|1628970|1629023|1630163|201144|202738|203497|203903,1626179|1628970|1629023|1630163|202738,1626220|1628378|201144|203497|203903,,,1610612766.0,22101100
4,PT00M30.90S,00:30,Q4 00:30,-0.5,621,freethrow,M. Bridges Free Throw 2 of 2 (25 PTS),[],Bridges,104,101,Made,False,False,1628970,,freethrow,substitution,,,,1626179|1626220|1628378|1628970|1629023|1630163|201144|202738|203497|203903,1626179|1628970|1629023|1630163|202738,1626220|1628378|201144|203497|203903,,,1610612766.0,22101100
4,PT00M30.90S,00:30,Q4 00:30,-0.5,617,substitution,SUB out: I. Thomas,[],Thomas,103,101,,False,False,202738,,freethrow,substitution,,,,1626179|1626220|1628378|1628970|1629023|1630163|201144|203497|203903,1626179|1628970|1629023|1630163,1626220|1628378|201144|203497|203903,,,1610612766.0,22101100
4,PT00M30.90S,00:30,Q4 00:30,-0.5,618,substitution,SUB out: L. Ball,[],Ball,103,101,,False,False,1630163,,substitution,substitution,,,,1626179|1626220|1628378|1628970|1629023|201144|203497|203903,1626179|1628970|1629023,1626220|1628378|201144|203497|203903,,,1610612766.0,22101100
4,PT00M30.90S,00:30,Q4 00:30,-0.5,619,substitution,SUB in: M. Plumlee,[],Plumlee,103,101,,False,False,203486,,substitution,substitution,,,,1626179|1626220|1628378|1628970|1629023|201144|203486|203497|203903,1626179|1628970|1629023|203486,1626220|1628378|201144|203497|203903,,,1610612766.0,22101100
4,PT00M30.90S,00:30,Q4 00:30,-0.5,620,substitution,SUB in: C. Martin,[],Martin,103,101,,False,False,1628998,,substitution,2pt missed,,,,1626179|1626220|1628378|1628970|1628998|1629023|201144|203486|203497|203903,1626179|1628970|1628998|1629023|203486,1626220|1628378|201144|203497|203903,,,1610612766.0,22101100
4,PT00M24.90S,00:24,Q4 00:24,-0.4,622,2pt,MISS D. Mitchell driving Layup,"['fastbreak', 'pointsinthepaint']",Mitchell,104,101,Missed,True,False,1628378,,substitution,rebound,,,,1626179|1626220|1628378|1628970|1628998|1629023|201144|203486|203497|203903,1626220|1628378|201144|203497|203903,1626179|1628970|1628998|1629023|203486,25.0,25.0,1610612762.0,22101100
4,PT00M22.80S,00:22,Q4 00:22,-0.36666666666666664,623,rebound,M. Bridges REBOUND (Off:4 Def:6),[],Bridges,104,101,,False,False,1628970,,2pt missed,foul,,,,1626179|1626220|1628378|1628970|1628998|1629023|201144|203486|203497|203903,1626179|1628970|1628998|1629023|203486,1626220|1628378|201144|203497|203903,,,1610612766.0,22101100
4,PT00M17.60S,00:17,Q4 00:17,-0.2833333333333333,624,foul,J. Clarkson take personal FOUL (2 PF) (Rozier 2 FT),"['inpenalty', '2freethrow']",Clarkson,104,101,,False,False,203903,,rebound,freethrow,1626179.0,,,1626179|1626220|1628378|1628970|1628998|1629023|201144|203486|203497|203903,1626220|1628378|201144|203497|203903,1626179|1628970|1628998|1629023|203486,,,1610612762.0,22101100
4,PT00M17.60S,00:17,Q4 00:17,-0.2833333333333333,626,freethrow,T. Rozier Free Throw 1 of 2 (24 PTS),[],Rozier,105,101,Made,False,False,1626179,,foul,freethrow,,,,1626179|1626220|1628378|1628970|1628998|1629023|201144|203486|203497|203903,1626179|1628970|1628998|1629023|203486,1626220|1628378|201144|203497|203903,,,1610612766.0,22101100
4,PT00M17.60S,00:17,Q4 00:17,-0.2833333333333333,627,freethrow,T. Rozier Free Throw 2 of 2 (25 PTS),[],Rozier,106,101,Made,False,False,1626179,,freethrow,3pt missed,,,,1626179|1626220|1628378|1628970|1628998|1629023|201144|203486|203497|203903,1626179|1628970|1628998|1629023|203486,1626220|1628378|201144|203497|203903,,,1610612766.0,22101100
4,PT00M10.70S,00:10,Q4 00:10,-0.16666666666666666,628,3pt,MISS D. Mitchell 32' pullup 3PT,[],Mitchell,106,101,Missed,True,False,1628378,,freethrow,rebound,,,,1626179|1626220|1628378|1628970|1628998|1629023|201144|203486|203497|203903,1626220|1628378|201144|203497|203903,1626179|1628970|1628998|1629023|203486,-108.0,311.0,1610612762.0,22101100
4,PT00M09.90S,00:09,Q4 00:09,-0.15,629,rebound,TEAM defensive REBOUND,['team'],,106,101,,False,False,0,,3pt missed,timeout,,,,1626179|1626220|1628378|1628970|1628998|1629023|201144|203486|203497|203903,1626179|1628970|1628998|1629023|203486,1626220|1628378|201144|203497|203903,,,1610612766.0,22101100
4,PT00M09.90S,00:09,Q4 00:09,-0.15,631,timeout,CHA Timeout,['team'],,106,101,,False,False,0,,rebound,substitution,,,,1626179|1626220|1628378|1628970|1628998|1629023|201144|203486|203497|203903,1626179|1628970|1628998|1629023|203486,1626220|1628378|201144|203497|203903,,,1610612766.0,22101100
4,PT00M09.90S,00:09,Q4 00:09,-0.15,632,substitution,SUB out: M. Plumlee,[],Plumlee,106,101,,False,False,203486,,timeout,substitution,,,,1626179|1626220|1628378|1628970|1628998|1629023|201144|203497|203903,1626179|1628970|1628998|1629023,1626220|1628378|201144|203497|203903,,,1610612766.0,22101100
4,PT00M09.90S,00:09,Q4 00:09,-0.15,633,substitution,SUB out: C. Martin,[],Martin,106,101,,False,False,1628998,,substitution,substitution,,,,1626179|1626220|1628378|1628970|1629023|201144|203497|203903,1626179|1628970|1629023,1626220|1628378|201144|203497|203903,,,1610612766.0,22101100
4,PT00M09.90S,00:09,Q4 00:09,-0.15,634,substitution,SUB in: L. Ball,[],Ball,106,101,,False,False,1630163,,substitution,substitution,,,,1626179|1626220|1628378|1628970|1629023|1630163|201144|203497|203903,1626179|1628970|1629023|1630163,1626220|1628378|201144|203497|203903,,,1610612766.0,22101100
4,PT00M09.90S,00:09,Q4 00:09,-0.15,635,substitution,SUB in: I. Thomas,[],Thomas,106,101,,False,False,202738,,substitution,foul,,,,1626179|1626220|1628378|1628970|1629023|1630163|201144|202738|203497|203903,1626179|1628970|1629023|1630163|202738,1626220|1628378|201144|203497|203903,,,1610612766.0,22101100
4,PT00M09.00S,00:09,Q4 00:09,-0.15,636,foul,R. O'Neale take personal FOUL (4 PF) (Bridges 2 FT),"['inpenalty', '2freethrow']",O'Neale,106,101,,False,False,1626220,,substitution,freethrow,1628970.0,,,1626179|1626220|1628378|1628970|1629023|1630163|201144|202738|203497|203903,1626220|1628378|201144|203497|203903,1626179|1628970|1629023|1630163|202738,,,1610612762.0,22101100
4,PT00M09.00S,00:09,Q4 00:09,-0.15,638,freethrow,M. Bridges Free Throw 1 of 2 (26 PTS),[],Bridges,107,101,Made,False,False,1628970,,foul,freethrow,,,,1626179|1626220|1628378|1628970|1629023|1630163|201144|202738|203497|203903,1626179|1628970|1629023|1630163|202738,1626220|1628378|201144|203497|203903,,,1610612766.0,22101100
4,PT00M09.00S,00:09,Q4 00:09,-0.15,641,freethrow,MISS M. Bridges Free Throw 2 of 2,[],Bridges,107,101,Missed,False,False,1628970,,freethrow,substitution,,,,1626179|1626220|1628378|1628970|1629023|1630163|201144|202738|203497|203903,1626179|1628970|1629023|1630163|202738,1626220|1628378|201144|203497|203903,,,1610612766.0,22101100
4,PT00M09.00S,00:09,Q4 00:09,-0.15,639,substitution,SUB out: I. Thomas,[],Thomas,107,101,,False,False,202738,,freethrow,substitution,,,,1626179|1626220|1628378|1628970|1629023|1630163|201144|203497|203903,1626179|1628970|1629023|1630163,1626220|1628378|201144|203497|203903,,,1610612766.0,22101100
4,PT00M09.00S,00:09,Q4 00:09,-0.15,640,substitution,SUB in: C. Martin,[],Martin,107,101,,False,False,1628998,,substitution,rebound,,,,1626179|1626220|1628378|1628970|1628998|1629023|1630163|201144|203497|203903,1626179|1628970|1628998|1629023|1630163,1626220|1628378|201144|203497|203903,,,1610612766.0,22101100
4,PT00M08.50S,00:08,Q4 00:08,-0.13333333333333333,642,rebound,R. Gobert REBOUND (Off:2 Def:17),[],Gobert,107,101,,False,False,203497,,substitution,timeout,,,,1626179|1626220|1628378|1628970|1628998|1629023|1630163|201144|203497|203903,1626220|1628378|201144|203497|203903,1626179|1628970|1628998|1629023|1630163,,,1610612762.0,22101100
4,PT00M08.50S,00:08,Q4 00:08,-0.13333333333333333,643,timeout,UTA Timeout,['team'],,107,101,,False,False,0,,rebound,substitution,,,,1626179|1626220|1628378|1628970|1628998|1629023|1630163|201144|203497|203903,1626220|1628378|201144|203497|203903,1626179|1628970|1628998|1629023|1630163,,,1610612762.0,22101100
4,PT00M08.50S,00:08,Q4 00:08,-0.13333333333333333,644,substitution,SUB out: R. Gobert,[],Gobert,107,101,,False,False,203497,,timeout,substitution,,,,1626179|1626220|1628378|1628970|1628998|1629023|1630163|201144|203903,1626220|1628378|201144|203903,1626179|1628970|1628998|1629023|1630163,,,1610612762.0,22101100
4,PT00M08.50S,00:08,Q4 00:08,-0.13333333333333333,645,substitution,SUB in: R. Gay,[],Gay,107,101,,False,False,200752,,substitution,3pt missed,,,,1626179|1626220|1628378|1628970|1628998|1629023|1630163|200752|201144|203903,1626220|1628378|200752|201144|203903,1626179|1628970|1628998|1629023|1630163,,,1610612762.0,22101100
4,PT00M05.10S,00:05,Q4 00:05,-0.08333333333333333,646,3pt,MISS R. Gay 3PT,[],Gay,107,101,Missed,True,False,200752,,substitution,rebound,,,,1626179|1626220|1628378|1628970|1628998|1629023|1630163|200752|201144|203903,1626220|1628378|200752|201144|203903,1626179|1628970|1628998|1629023|1630163,233.0,6.0,1610612762.0,22101100
4,PT00M01.40S,00:01,Q4 00:01,-0.016666666666666666,647,rebound,M. Bridges REBOUND (Off:4 Def:7),[],Bridges,107,101,,False,False,1628970,,3pt missed,,,,,1626179|1626220|1628378|1628970|1628998|1629023|1630163|200752|201144|203903,1626179|1628970|1628998|1629023|1630163,1626220|1628378|200752|201144|203903,,,1610612766.0,22101100
