period,clock,clock_display,game_clock,minutes_left_in_game,actionNumber,actionType,description,qualifier,playerName,scoreHome,scoreAway,shotResult,isFieldGoal,assisted,person_id,assister_id,previous_action,next_action,foulDrawnPersonId,stealPersonId,blockPersonId,players_on,off_players_on,def_players_on,xLegacy,yLegacy,teamId,game_id
1,PT11M41.00S,11:41,Q1 11:41,46.31666666666667,7,3pt,MISS A. Reaves 24' 3PT,[],Reaves,0,0,Missed,True,False,1630559,,,rebound,,,,1626156|1627750|1629008|1630559|203076|203471|203484|203932|203999|2544,1626156|1630559|203076|203471|2544,1627750|1629008|203484|203932|203999,-173.0,167.0,1610612747.0,42200311
1,PT11M37.00S,11:37,Q1 11:37,46.38333333333333,8,rebound,L. James REBOUND (Off:1 Def:0),[],James,0,0,,False,False,2544,,3pt missed,2pt made,,,,1626156|1627750|1629008|1630559|203076|203471|203484|203932|203999|2544,1626156|1630559|203076|203471|2544,1627750|1629008|203484|203932|203999,,,1610612747.0,42200311
1,PT11M36.00S,11:36,Q1 11:36,46.4,9,2pt,L. James driving Layup (2 PTS),"['pointsinthepaint', '2ndchance']",James,0,2,Made,True,False,2544,,rebound,2pt missed,,,,1626156|1627750|1629008|1630559|203076|203471|203484|203932|203999|2544,1626156|1630559|203076|203471|2544,1627750|1629008|203484|203932|203999,-17.0,3.0,1610612747.0,42200311
1,PT11M15.00S,11:15,Q1 11:15,46.75,10,2pt,MISS J. Murray driving finger roll Layup,['pointsinthepaint'],Murray,0,2,Missed,True,False,1627750,,2pt made,rebound,,,,1626156|1627750|1629008|1630559|203076|203471|203484|203932|203999|2544,1627750|1629008|203484|203932|203999,1626156|1630559|203076|203471|2544,23.0,20.0,1610612743.0,42200311
1,PT11M15.00S,11:15,Q1 11:15,46.75,11,rebound,J. Murray REBOUND (Off:1 Def:0),[],Murray,0,2,,False,False,1627750,,2pt missed,2pt missed,,,,1626156|1627750|1629008|1630559|203076|203471|203484|203932|203999|2544,1627750|1629008|203484|203932|203999,1626156|1630559|203076|203471|2544,,,1610612743.0,42200311
1,PT11M15.00S,11:15,Q1 11:15,46.75,53,2pt,MISS J. Murray tip Layup,"['pointsinthepaint', '2ndchance']",Murray,0,2,Missed,True,False,1627750,,rebound,rebound,,,,1626156|1627750|1629008|1630559|203076|203471|203484|203932|203999|2544,1627750|1629008|203484|203932|203999,1626156|1630559|203076|203471|2544,16.0,11.0,1610612743.0,42200311
1,PT11M14.00S,11:14,Q1 11:14,46.766666666666666,54,rebound,A. Gordon REBOUND (Off:1 Def:0),[],Gordon,0,2,,False,False,203932,,2pt missed,2pt made,,,,1626156|1627750|1629008|1630559|203076|203471|203484|203932|203999|2544,1627750|1629008|203484|203932|203999,1626156|1630559|203076|203471|2544,,,1610612743.0,42200311
1,PT11M10.00S,11:10,Q1 11:10,46.833333333333336,12,2pt,A. Gordon 7' floating Jump Shot (2 PTS),"['pointsinthepaint', '2ndchance']",Gordon,2,2,Made,True,False,203932,,rebound,2pt missed,,,,1626156|1627750|1629008|1630559|203076|203471|203484|203932|203999|2544,1627750|1629008|203484|203932|203999,1626156|1630559|203076|203471|2544,-4.0,78.0,1610612743.0,42200311
1,PT11M02.00S,11:02,Q1 11:02,46.96666666666667,13,2pt,MISS D. Russell 15' pullup Shot,[],Russell,2,2,Missed,True,False,1626156,,2pt made,rebound,,,,1626156|1627750|1629008|1630559|203076|203471|203484|203932|203999|2544,1626156|1630559|203076|203471|2544,1627750|1629008|203484|203932|203999,-150.0,40.0,1610612747.0,42200311
1,PT11M00.00S,11:00,Q1 11:00,47.0,14,rebound,M. Porter Jr. REBOUND (Off:0 Def:1),[],Porter Jr.,2,2,,False,False,1629008,,2pt missed,2pt made,,,,1626156|1627750|1629008|1630559|203076|203471|203484|203932|203999|2544,1627750|1629008|203484|203932|203999,1626156|1630559|203076|203471|2544,,,1610612743.0,42200311
1,PT10M52.00S,10:52,Q1 10:52,45.13333333333333,15,2pt,K. Caldwell-Pope 16' pullup Jump Shot (2 PTS) (N. Jokic 1 AST),[],Caldwell-Pope,4,2,Made,True,True,203484,203999.0,rebound,2pt missed,,,,1626156|1627750|1629008|1630559|203076|203471|203484|203932|203999|2544,1627750|1629008|203484|203932|203999,1626156|1630559|203076|203471|2544,-69.0,147.0,1610612743.0,42200311
1,PT10M37.00S,10:37,Q1 10:37,45.38333333333333,17,2pt,MISS A. Davis driving floating Shot,['pointsinthepaint'],Davis,4,2,Missed,True,False,203076,,2pt made,rebound,,,,1626156|1627750|1629008|1630559|203076|203471|203484|203932|203999|2544,1626156|1630559|203076|203471|2544,1627750|1629008|203484|203932|203999,-44.0,27.0,1610612747.0,42200311
1,PT10M36.00S,10:36,Q1 10:36,45.4,18,rebound,N. Jokic REBOUND (Off:0 Def:1),[],Jokic,4,2,,False,False,203999,,2pt missed,2pt made,,,,1626156|1627750|1629008|1630559|203076|203471|203484|203932|203999|2544,1627750|1629008|203484|203932|203999,1626156|1630559|203076|203471|2544,,,1610612743.0,42200311
1,PT10M30.00S,10:30,Q1 10:30,45.5,19,2pt,A. Gordon running Layup (4 PTS) (N. Jokic 2 AST),"['fastbreak', 'pointsinthepaint']",Gordon,6,2,Made,True,True,203932,203999.0,rebound,2pt missed,,,,1626156|1627750|1629008|1630559|203076|203471|203484|203932|203999|2544,1627750|1629008|203484|203932|203999,1626156|1630559|203076|203471|2544,32.0,22.0,1610612743.0,42200311
1,PT10M02.00S,10:02,Q1 10:02,45.96666666666667,21,2pt,MISS L. James 10' turnaround bank Shot,[],James,6,2,Missed,True,False,2544,,2pt made,rebound,,,,1626156|1627750|1629008|1630559|203076|203471|203484|203932|203999|2544,1626156|1630559|203076|203471|2544,1627750|1629008|203484|203932|203999,91.0,58.0,1610612747.0,42200311
1,PT10M01.00S,10:01,Q1 10:01,45.983333333333334,22,rebound,N. Jokic REBOUND (Off:0 Def:2),[],Jokic,6,2,,False,False,203999,,2pt missed,2pt missed,,,,1626156|1627750|1629008|1630559|203076|203471|203484|203932|203999|2544,1627750|1629008|203484|203932|203999,1626156|1630559|203076|203471|2544,,,1610612743.0,42200311
1,PT09M49.00S,09:49,Q1 09:49,44.18333333333333,23,2pt,MISS A. Gordon 7' driving Layup - blocked,['pointsinthepaint'],Gordon,6,2,Missed,True,False,203932,,rebound,block,,,203076.0,1626156|1627750|1629008|1630559|203076|203471|203484|203932|203999|2544,1627750|1629008|203484|203932|203999,1626156|1630559|203076|203471|2544,-23.0,69.0,1610612743.0,42200311
1,PT09M49.00S,09:49,Q1 09:49,44.18333333333333,24,block,A. Davis BLOCK (1 BLK),[],Davis,6,2,,False,False,203076,,2pt missed,rebound,,,,1626156|1627750|1629008|1630559|203076|203471|203484|203932|203999|2544,1626156|1630559|203076|203471|2544,1627750|1629008|203484|203932|203999,,,1610612747.0,42200311
1,PT09M46.00S,09:46,Q1 09:46,44.233333333333334,25,rebound,L. James REBOUND (Off:1 Def:1),[],James,6,2,,False,False,2544,,block,3pt made,,,,1626156|1627750|1629008|1630559|203076|203471|203484|203932|203999|2544,1626156|1630559|203076|203471|2544,1627750|1629008|203484|203932|203999,,,1610612747.0,42200311
1,PT09M43.00S,09:43,Q1 09:43,44.28333333333333,26,3pt,D. Schroder 25' 3PT running (3 PTS) (L. James 1 AST),['fastbreak'],Schroder,6,5,Made,True,True,203471,2544.0,rebound,3pt made,,,,1626156|1627750|1629008|1630559|203076|203471|203484|203932|203999|2544,1626156|1630559|203076|203471|2544,1627750|1629008|203484|203932|203999,240.0,90.0,1610612747.0,42200311
1,PT09M22.00S,09:22,Q1 09:22,44.63333333333333,28,3pt,M. Porter Jr. 25' 3PT  (3 PTS) (J. Murray 1 AST),[],Porter Jr.,9,5,Made,True,True,1629008,1627750.0,3pt made,3pt missed,,,,1626156|1627750|1629008|1630559|203076|203471|203484|203932|203999|2544,1627750|1629008|203484|203932|203999,1626156|1630559|203076|203471|2544,189.0,175.0,1610612743.0,42200311
1,PT09M10.00S,09:10,Q1 09:10,44.833333333333336,30,3pt,MISS L. James 25' 3PT,[],James,9,5,Missed,True,False,2544,,3pt made,rebound,,,,1626156|1627750|1629008|1630559|203076|203471|203484|203932|203999|2544,1626156|1630559|203076|203471|2544,1627750|1629008|203484|203932|203999,-88.0,241.0,1610612747.0,42200311
1,PT09M08.00S,09:08,Q1 09:08,44.86666666666667,31,rebound,J. Murray REBOUND (Off:1 Def:1),[],Murray,9,5,,False,False,1627750,,3pt missed,3pt missed,,,,1626156|1627750|1629008|1630559|203076|203471|203484|203932|203999|2544,1627750|1629008|203484|203932|203999,1626156|1630559|203076|203471|2544,,,1610612743.0,42200311
1,PT08M55.00S,08:55,Q1 08:55,43.083333333333336,32,3pt,MISS K. Caldwell-Pope 26' 3PT,[],Caldwell-Pope,9,5,Missed,True,False,203484,,rebound,rebound,,,,1626156|1627750|1629008|1630559|203076|203471|203484|203932|203999|2544,1627750|1629008|203484|203932|203999,1626156|1630559|203076|203471|2544,-2.0,269.0,1610612743.0,42200311
1,PT08M52.00S,08:52,Q1 08:52,43.13333333333333,33,rebound,M. Porter Jr. REBOUND (Off:1 Def:1),[],Porter Jr.,9,5,,False,False,1629008,,3pt missed,2pt missed,,,,1626156|1627750|1629008|1630559|203076|203471|203484|203932|203999|2544,1627750|1629008|203484|203932|203999,1626156|1630559|203076|203471|2544,,,1610612743.0,42200311
1,PT08M50.00S,08:50,Q1 08:50,43.166666666666664,34,2pt,MISS M. Porter Jr. 14' turnaround fadeaway Shot,"['pointsinthepaint', '2ndchance']",Porter Jr.,9,5,Missed,True,False,1629008,,rebound,rebound,,,,1626156|1627750|1629008|1630559|203076|203471|203484|203932|203999|2544,1627750|1629008|203484|203932|203999,1626156|1630559|203076|203471|2544,-50.0,138.0,1610612743.0,42200311
1,PT08M47.00S,08:47,Q1 08:47,43.21666666666667,35,rebound,N. Jokic REBOUND (Off:1 Def:2),[],Jokic,9,5,,False,False,203999,,2pt missed,2pt missed,,,,1626156|1627750|1629008|1630559|203076|203471|203484|203932|203999|2544,1627750|1629008|203484|203932|203999,1626156|1630559|203076|203471|2544,,,1610612743.0,42200311
1,PT08M41.00S,08:41,Q1 08:41,43.31666666666667,36,2pt,MISS K. Caldwell-Pope driving reverse Layup,"['pointsinthepaint', '2ndchance']",Caldwell-Pope,9,5,Missed,True,False,203484,,rebound,rebound,,,,1626156|1627750|1629008|1630559|203076|203471|203484|203932|203999|2544,1627750|1629008|203484|203932|203999,1626156|1630559|203076|203471|2544,-28.0,32.0,1610612743.0,42200311
1,PT08M38.00S,08:38,Q1 08:38,43.36666666666667,37,rebound,N. Jokic REBOUND (Off:2 Def:2),[],Jokic,9,5,,False,False,203999,,2pt missed,2pt missed,,,,1626156|1627750|1629008|1630559|203076|203471|203484|203932|203999|2544,1627750|1629008|203484|203932|203999,1626156|1630559|203076|203471|2544,,,1610612743.0,42200311
1,PT08M38.00S,08:38,Q1 08:38,43.36666666666667,38,2pt,MISS N. Jokic tip Layup,"['pointsinthepaint', '2ndchance']",Jokic,9,5,Missed,True,False,203999,,rebound,rebound,,,,1626156|1627750|1629008|1630559|203076|203471|203484|203932|203999|2544,1627750|1629008|203484|203932|203999,1626156|1630559|203076|203471|2544,0.0,0.0,1610612743.0,42200311
1,PT08M37.00S,08:37,Q1 08:37,43.38333333333333,39,rebound,N. Jokic REBOUND (Off:3 Def:2),[],Jokic,9,5,,False,False,203999,,2pt missed,2pt made,,,,1626156|1627750|1629008|1630559|203076|203471|203484|203932|203999|2544,1627750|1629008|203484|203932|203999,1626156|1630559|203076|203471|2544,,,1610612743.0,42200311
1,PT08M37.00S,08:37,Q1 08:37,43.38333333333333,40,2pt,N. Jokic tip Layup (2 PTS),"['pointsinthepaint', '2ndchance']",Jokic,11,5,Made,True,False,203999,,rebound,2pt made,,,,1626156|1627750|1629008|1630559|203076|203471|203484|203932|203999|2544,1627750|1629008|203484|203932|203999,1626156|1630559|203076|203471|2544,0.0,0.0,1610612743.0,42200311
1,PT08M28.00S,08:28,Q1 08:28,43.53333333333333,41,2pt,A. Davis driving floating Jump Shot (2 PTS) (A. Reaves 1 AST),['pointsinthepaint'],Davis,11,7,Made,True,True,203076,1630559.0,2pt made,3pt made,,,,1626156|1627750|1629008|1630559|203076|203471|203484|203932|203999|2544,1626156|1630559|203076|203471|2544,1627750|1629008|203484|203932|203999,-6.0,34.0,1610612747.0,42200311
1,PT08M13.00S,08:13,Q1 08:13,43.78333333333333,43,3pt,J. Murray 26' 3PT  (3 PTS) (N. Jokic 3 AST),[],Murray,14,7,Made,True,True,1627750,203999.0,2pt made,foul,,,,1626156|1627750|1629008|1630559|203076|203471|203484|203932|203999|2544,1627750|1629008|203484|203932|203999,1626156|1630559|203076|203471|2544,96.0,244.0,1610612743.0,42200311
1,PT07M55.00S,07:55,Q1 07:55,42.083333333333336,45,foul,A. Gordon shooting personal FOUL (1 PF) (Davis 2 FT),['2freethrow'],Gordon,14,7,,False,False,203932,,3pt made,freethrow,203076.0,,,1626156|1627750|1629008|1630559|203076|203471|203484|203932|203999|2544,1627750|1629008|203484|203932|203999,1626156|1630559|203076|203471|2544,,,1610612743.0,42200311
1,PT07M55.00S,07:55,Q1 07:55,42.083333333333336,47,freethrow,A. Davis Free Throw 1 of 2 (3 PTS),[],Davis,14,8,Made,False,False,203076,,foul,freethrow,,,,1626156|1627750|1629008|1630559|203076|203471|203484|203932|203999|2544,1626156|1630559|203076|203471|2544,1627750|1629008|203484|203932|203999,,,1610612747.0,42200311
1,PT07M55.00S,07:55,Q1 07:55,42.083333333333336,48,freethrow,A. Davis Free Throw 2 of 2 (4 PTS),[],Davis,14,9,Made,False,False,203076,,freethrow,foul,,,,1626156|1627750|1629008|1630559|203076|203471|203484|203932|203999|2544,1626156|1630559|203076|203471|2544,1627750|1629008|203484|203932|203999,,,1610612747.0,42200311
1,PT07M47.00S,07:47,Q1 07:47,42.21666666666667,49,foul,D. Schroder personal FOUL (1 PF),[],Schroder,14,9,,False,False,203471,,freethrow,2pt made,1629008.0,,,1626156|1627750|1629008|1630559|203076|203471|203484|203932|203999|2544,1626156|1630559|203076|203471|2544,1627750|1629008|203484|203932|203999,,,1610612747.0,42200311
1,PT07M43.00S,07:43,Q1 07:43,42.28333333333333,51,2pt,M. Porter Jr. 20' Jump Shot (5 PTS) (A. Gordon 1 AST),[],Porter Jr.,16,9,Made,True,True,1629008,203932.0,foul,2pt missed,,,,1626156|1627750|1629008|1630559|203076|203471|203484|203932|203999|2544,1627750|1629008|203484|203932|203999,1626156|1630559|203076|203471|2544,-116.0,170.0,1610612743.0,42200311
1,PT07M19.00S,07:19,Q1 07:19,42.68333333333333,55,2pt,MISS L. James driving Layup,['pointsinthepaint'],James,16,9,Missed,True,False,2544,,2pt made,rebound,,,,1626156|1627750|1629008|1630559|203076|203471|203484|203932|203999|2544,1626156|1630559|203076|203471|2544,1627750|1629008|203484|203932|203999,-9.0,14.0,1610612747.0,42200311
1,PT07M19.00S,07:19,Q1 07:19,42.68333333333333,56,rebound,J. Murray REBOUND (Off:1 Def:2),[],Murray,16,9,,False,False,1627750,,2pt missed,2pt made,,,,1626156|1627750|1629008|1630559|203076|203471|203484|203932|203999|2544,1627750|1629008|203484|203932|203999,1626156|1630559|203076|203471|2544,,,1610612743.0,42200311
1,PT07M14.00S,07:14,Q1 07:14,42.766666666666666,57,2pt,J. Murray running finger roll Layup (5 PTS),"['pointsinthepaint', 'fastbreak']",Murray,18,9,Made,True,False,1627750,,rebound,timeout,,,,1626156|1627750|1629008|1630559|203076|203471|203484|203932|203999|2544,1627750|1629008|203484|203932|203999,1626156|1630559|203076|203471|2544,-32.0,27.0,1610612743.0,42200311
1,PT07M14.00S,07:14,Q1 07:14,42.766666666666666,58,timeout,LAL Timeout,"['team', 'mandatory']",,18,9,,False,False,0,,2pt made,2pt missed,,,,1626156|1627750|1629008|1630559|203076|203471|203484|203932|203999|2544,1626156|1630559|203076|203471|2544,1627750|1629008|203484|203932|203999,,,1610612747.0,42200311
1,PT06M57.00S,06:57,Q1 06:57,41.05,59,2pt,MISS A. Davis driving floating Shot,['pointsinthepaint'],Davis,18,9,Missed,True,False,203076,,timeout,rebound,,,,1626156|1627750|1629008|1630559|203076|203471|203484|203932|203999|2544,1626156|1630559|203076|203471|2544,1627750|1629008|203484|203932|203999,-38.0,24.0,1610612747.0,42200311
1,PT06M55.00S,06:55,Q1 06:55,41.083333333333336,60,rebound,M. Porter Jr. REBOUND (Off:1 Def:2),[],Porter Jr.,18,9,,False,False,1629008,,2pt missed,3pt missed,,,,1626156|1627750|1629008|1630559|203076|203471|203484|203932|203999|2544,1627750|1629008|203484|203932|203999,1626156|1630559|203076|203471|2544,,,1610612743.0,42200311
1,PT06M50.00S,06:50,Q1 06:50,41.166666666666664,61,3pt,MISS A. Gordon running 3PT,['fastbreak'],Gordon,18,9,Missed,True,False,203932,,rebound,rebound,,,,1626156|1627750|1629008|1630559|203076|203471|203484|203932|203999|2544,1627750|1629008|203484|203932|203999,1626156|1630559|203076|203471|2544,-234.0,43.0,1610612743.0,42200311
1,PT06M48.00S,06:48,Q1 06:48,41.2,62,rebound,D. Schroder REBOUND (Off:0 Def:1),[],Schroder,18,9,,False,False,203471,,3pt missed,2pt missed,,,,1626156|1627750|1629008|1630559|203076|203471|203484|203932|203999|2544,1626156|1630559|203076|203471|2544,1627750|1629008|203484|203932|203999,,,1610612747.0,42200311
1,PT06M41.00S,06:41,Q1 06:41,41.31666666666667,63,2pt,MISS D. Schroder 13' pullup Shot,['pointsinthepaint'],Schroder,18,9,Missed,True,False,203471,,rebound,rebound,,,,1626156|1627750|1629008|1630559|203076|203471|203484|203932|203999|2544,1626156|1630559|203076|203471|2544,1627750|1629008|203484|203932|203999,9.0,130.0,1610612747.0,42200311
1,PT06M38.00S,06:38,Q1 06:38,41.36666666666667,64,rebound,N. Jokic REBOUND (Off:3 Def:3),[],Jokic,18,9,,False,False,203999,,2pt missed,2pt made,,,,1626156|1627750|1629008|1630559|203076|203471|203484|203932|203999|2544,1627750|1629008|203484|203932|203999,1626156|1630559|203076|203471|2544,,,1610612743.0,42200311
1,PT06M31.00S,06:31,Q1 06:31,41.483333333333334,65,2pt,A. Gordon running DUNK (6 PTS) (N. Jokic 4 AST),"['pointsinthepaint', 'fastbreak']",Gordon,20,9,Made,True,True,203932,203999.0,rebound,turnover,,,,1626156|1627750|1629008|1630559|203076|203471|203484|203932|203999|2544,1627750|1629008|203484|203932|203999,1626156|1630559|203076|203471|2544,2.0,13.0,1610612743.0,42200311
1,PT06M24.00S,06:24,Q1 06:24,41.6,66,turnover,D. Russell bad pass TURNOVER (1 TO),[],Russell,20,9,,False,False,1626156,,2pt made,steal,,203484.0,,1626156|1627750|1629008|1630559|203076|203471|203484|203932|203999|2544,1626156|1630559|203076|203471|2544,1627750|1629008|203484|203932|203999,,,1610612747.0,42200311
1,PT06M24.00S,06:24,Q1 06:24,41.6,67,steal,K. Caldwell-Pope STEAL (1 STL),[],Caldwell-Pope,20,9,,False,False,203484,,turnover,2pt missed,,,,1626156|1627750|1629008|1630559|203076|203471|203484|203932|203999|2544,1627750|1629008|203484|203932|203999,1626156|1630559|203076|203471|2544,,,1610612743.0,42200311
1,PT06M19.00S,06:19,Q1 06:19,41.68333333333333,68,2pt,MISS J. Murray running reverse Layup,"['pointsinthepaint', 'fromturnover', 'fastbreak']",Murray,20,9,Missed,True,False,1627750,,steal,rebound,,,,1626156|1627750|1629008|1630559|203076|203471|203484|203932|203999|2544,1627750|1629008|203484|203932|203999,1626156|1630559|203076|203471|2544,-25.0,17.0,1610612743.0,42200311
1,PT06M16.00S,06:16,Q1 06:16,41.733333333333334,69,rebound,N. Jokic REBOUND (Off:4 Def:3),[],Jokic,20,9,,False,False,203999,,2pt missed,2pt made,,,,1626156|1627750|1629008|1630559|203076|203471|203484|203932|203999|2544,1627750|1629008|203484|203932|203999,1626156|1630559|203076|203471|2544,,,1610612743.0,42200311
1,PT06M16.00S,06:16,Q1 06:16,41.733333333333334,70,2pt,N. Jokic putback Layup (4 PTS),"['2ndchance', 'pointsinthepaint', 'fromturnover']",Jokic,22,9,Made,True,False,203999,,rebound,foul,,,,1626156|1627750|1629008|1630559|203076|203471|203484|203932|203999|2544,1627750|1629008|203484|203932|203999,1626156|1630559|203076|203471|2544,0.0,0.0,1610612743.0,42200311
1,PT06M07.00S,06:07,Q1 06:07,41.88333333333333,72,foul,K. Caldwell-Pope personal FOUL (1 PF),[],Caldwell-Pope,22,9,,False,False,203484,,2pt made,3pt made,1626156.0,,,1626156|1627750|1629008|1630559|203076|203471|203484|203932|203999|2544,1627750|1629008|203484|203932|203999,1626156|1630559|203076|203471|2544,,,1610612743.0,42200311
1,PT05M55.00S,05:55,Q1 05:55,40.083333333333336,74,3pt,A. Reaves 26' 3PT bank (3 PTS) (L. James 2 AST),[],Reaves,22,12,Made,True,True,1630559,2544.0,foul,2pt made,,,,1626156|1627750|1629008|1630559|203076|203471|203484|203932|203999|2544,1626156|1630559|203076|203471|2544,1627750|1629008|203484|203932|203999,-207.0,159.0,1610612747.0,42200311
1,PT05M34.00S,05:34,Q1 05:34,40.43333333333333,76,2pt,N. Jokic 19' Jump Shot (6 PTS) (A. Gordon 2 AST),[],Jokic,24,12,Made,True,True,203999,203932.0,3pt made,2pt made,,,,1626156|1627750|1629008|1630559|203076|203471|203484|203932|203999|2544,1627750|1629008|203484|203932|203999,1626156|1630559|203076|203471|2544,-2.0,196.0,1610612743.0,42200311
1,PT05M25.00S,05:25,Q1 05:25,40.583333333333336,78,2pt,A. Davis driving finger roll Layup (6 PTS) (A. Reaves 2 AST),['pointsinthepaint'],Davis,24,14,Made,True,True,203076,1630559.0,2pt made,substitution,,,,1626156|1627750|1629008|1630559|203076|203471|203484|203932|203999|2544,1626156|1630559|203076|203471|2544,1627750|1629008|203484|203932|203999,2.0,26.0,1610612747.0,42200311
1,PT05M04.00S,05:04,Q1 05:04,40.93333333333333,80,substitution,SUB out: J. Murray,[],Murray,24,14,,False,False,1627750,,2pt made,substitution,,,,1626156|1629008|1630559|203076|203471|203484|203932|203999|2544,1629008|203484|203932|203999,1626156|1630559|203076|203471|2544,,,1610612743.0,42200311
1,PT05M04.00S,05:04,Q1 05:04,40.93333333333333,81,substitution,SUB out: L. James,[],James,24,14,,False,False,2544,,substitution,substitution,,,,1626156|1629008|1630559|203076|203471|203484|203932|203999,1626156|1630559|203076|203471,1629008|203484|203932|203999,,,1610612747.0,42200311
1,PT05M04.00S,05:04,Q1 05:04,40.93333333333333,82,substitution,SUB out: D. Schroder,[],Schroder,24,14,,False,False,203471,,substitution,substitution,,,,1626156|1629008|1630559|203076|203484|203932|203999,1626156|1630559|203076,1629008|203484|203932|203999,,,1610612747.0,42200311
1,PT05M04.00S,05:04,Q1 05:04,40.93333333333333,83,substitution,SUB in: B. Brown,[],Brown,24,14,,False,False,1628971,,substitution,substitution,,,,1626156|1628971|1629008|1630559|203076|203484|203932|203999,1628971|1629008|203484|203932|203999,1626156|1630559|203076,,,1610612743.0,42200311
1,PT05M04.00S,05:04,Q1 05:04,40.93333333333333,84,substitution,SUB in: R. Hachimura,[],Hachimura,24,14,,False,False,1629060,,substitution,substitution,,,,1626156|1628971|1629008|1629060|1630559|203076|203484|203932|203999,1626156|1629060|1630559|203076,1628971|1629008|203484|203932|203999,,,1610612747.0,42200311
1,PT05M04.00S,05:04,Q1 05:04,40.93333333333333,85,substitution,SUB in: L. Walker IV,[],Walker IV,24,14,,False,False,1629022,,substitution,foul,,,,1626156|1628971|1629008|1629022|1629060|1630559|203076|203484|203932|203999,1626156|1629022|1629060|1630559|203076,1628971|1629008|203484|203932|203999,,,1610612747.0,42200311
1,PT04M56.00S,04:56,Q1 04:56,39.06666666666667,86,foul,A. Reaves shooting personal FOUL (1 PF) (Brown 2 FT),['2freethrow'],Reaves,24,14,,False,False,1630559,,substitution,freethrow,1628971.0,,,1626156|1628971|1629008|1629022|1629060|1630559|203076|203484|203932|203999,1626156|1629022|1629060|1630559|203076,1628971|1629008|203484|203932|203999,,,1610612747.0,42200311
1,PT04M56.00S,04:56,Q1 04:56,39.06666666666667,88,freethrow,B. Brown Free Throw 1 of 2 (1 PTS),[],Brown,25,14,Made,False,False,1628971,,foul,freethrow,,,,1626156|1628971|1629008|1629022|1629060|1630559|203076|203484|203932|203999,1628971|1629008|203484|203932|203999,1626156|1629022|1629060|1630559|203076,,,1610612743.0,42200311
1,PT04M56.00S,04:56,Q1 04:56,39.06666666666667,90,freethrow,B. Brown Free Throw 2 of 2 (2 PTS),[],Brown,26,14,Made,False,False,1628971,,freethrow,2pt missed,,,,1626156|1628971|1629008|1629022|1629060|1630559|203076|203484|203932|203999,1628971|1629008|203484|203932|203999,1626156|1629022|1629060|1630559|203076,,,1610612743.0,42200311
1,PT04M39.00S,04:39,Q1 04:39,39.35,91,2pt,MISS R. Hachimura 13' pullup Shot - blocked,[],Hachimura,26,14,Missed,True,False,1629060,,freethrow,block,,,203484.0,1626156|1628971|1629008|1629022|1629060|1630559|203076|203484|203932|203999,1626156|1629022|1629060|1630559|203076,1628971|1629008|203484|203932|203999,-97.0,98.0,1610612747.0,42200311
1,PT04M39.00S,04:39,Q1 04:39,39.35,92,block,K. Caldwell-Pope BLOCK (1 BLK),[],Caldwell-Pope,26,14,,False,False,203484,,2pt missed,rebound,,,,1626156|1628971|1629008|1629022|1629060|1630559|203076|203484|203932|203999,1628971|1629008|203484|203932|203999,1626156|1629022|1629060|1630559|203076,,,1610612743.0,42200311
1,PT04M36.00S,04:36,Q1 04:36,39.4,93,rebound,B. Brown REBOUND (Off:0 Def:1),[],Brown,26,14,,False,False,1628971,,block,3pt missed,,,,1626156|1628971|1629008|1629022|1629060|1630559|203076|203484|203932|203999,1628971|1629008|203484|203932|203999,1626156|1629022|1629060|1630559|203076,,,1610612743.0,42200311
1,PT04M34.00S,04:34,Q1 04:34,39.43333333333333,94,3pt,MISS A. Gordon running 3PT,['fastbreak'],Gordon,26,14,Missed,True,False,203932,,rebound,rebound,,,,1626156|1628971|1629008|1629022|1629060|1630559|203076|203484|203932|203999,1628971|1629008|203484|203932|203999,1626156|1629022|1629060|1630559|203076,-229.0,43.0,1610612743.0,42200311
1,PT04M31.00S,04:31,Q1 04:31,39.483333333333334,95,rebound,N. Jokic REBOUND (Off:5 Def:3),[],Jokic,26,14,,False,False,203999,,3pt missed,turnover,,,,1626156|1628971|1629008|1629022|1629060|1630559|203076|203484|203932|203999,1628971|1629008|203484|203932|203999,1626156|1629022|1629060|1630559|203076,,,1610612743.0,42200311
1,PT04M28.00S,04:28,Q1 04:28,39.53333333333333,96,turnover,N. Jokic bad pass TURNOVER (1 TO),[],Jokic,26,14,,False,False,203999,,rebound,steal,,1629022.0,,1626156|1628971|1629008|1629022|1629060|1630559|203076|203484|203932|203999,1628971|1629008|203484|203932|203999,1626156|1629022|1629060|1630559|203076,,,1610612743.0,42200311
1,PT04M28.00S,04:28,Q1 04:28,39.53333333333333,97,steal,L. Walker IV STEAL (1 STL),[],Walker IV,26,14,,False,False,1629022,,turnover,2pt missed,,,,1626156|1628971|1629008|1629022|1629060|1630559|203076|203484|203932|203999,1626156|1629022|1629060|1630559|203076,1628971|1629008|203484|203932|203999,,,1610612747.0,42200311
1,PT04M23.00S,04:23,Q1 04:23,39.61666666666667,98,2pt,MISS L. Walker IV driving floating Shot,"['fastbreak', 'pointsinthepaint', 'fromturnover']",Walker IV,26,14,Missed,True,False,1629022,,steal,rebound,,,,1626156|1628971|1629008|1629022|1629060|1630559|203076|203484|203932|203999,1626156|1629022|1629060|1630559|203076,1628971|1629008|203484|203932|203999,40.0,35.0,1610612747.0,42200311
1,PT04M22.00S,04:22,Q1 04:22,39.63333333333333,99,rebound,N. Jokic REBOUND (Off:5 Def:4),[],Jokic,26,14,,False,False,203999,,2pt missed,3pt missed,,,,1626156|1628971|1629008|1629022|1629060|1630559|203076|203484|203932|203999,1628971|1629008|203484|203932|203999,1626156|1629022|1629060|1630559|203076,,,1610612743.0,42200311
1,PT04M17.00S,04:17,Q1 04:17,39.71666666666667,100,3pt,MISS M. Porter Jr. step back 3PT,['fastbreak'],Porter Jr.,26,14,Missed,True,False,1629008,,rebound,rebound,,,,1626156|1628971|1629008|1629022|1629060|1630559|203076|203484|203932|203999,1628971|1629008|203484|203932|203999,1626156|1629022|1629060|1630559|203076,221.0,55.0,1610612743.0,42200311
1,PT04M17.00S,04:17,Q1 04:17,39.71666666666667,101,rebound,N. Jokic REBOUND (Off:6 Def:4),[],Jokic,26,14,,False,False,203999,,3pt missed,2pt made,,,,1626156|1628971|1629008|1629022|1629060|1630559|203076|203484|203932|203999,1628971|1629008|203484|203932|203999,1626156|1629022|1629060|1630559|203076,,,1610612743.0,42200311
1,PT04M12.00S,04:12,Q1 04:12,39.8,102,2pt,N. Jokic 8' floating Jump Shot (8 PTS),"['pointsinthepaint', '2ndchance']",Jokic,28,14,Made,True,False,203999,,rebound,2pt missed,,,,1626156|1628971|1629008|1629022|1629060|1630559|203076|203484|203932|203999,1628971|1629008|203484|203932|203999,1626156|1629022|1629060|1630559|203076,-7.0,83.0,1610612743.0,42200311
1,PT03M53.00S,03:53,Q1 03:53,38.11666666666667,104,2pt,MISS A. Davis driving reverse Layup - blocked,['pointsinthepaint'],Davis,28,14,Missed,True,False,203076,,2pt made,block,,,203999.0,1626156|1628971|1629008|1629022|1629060|1630559|203076|203484|203932|203999,1626156|1629022|1629060|1630559|203076,1628971|1629008|203484|203932|203999,34.0,13.0,1610612747.0,42200311
1,PT03M53.00S,03:53,Q1 03:53,38.11666666666667,105,block,N. Jokic BLOCK (1 BLK),[],Jokic,28,14,,False,False,203999,,2pt missed,rebound,,,,1626156|1628971|1629008|1629022|1629060|1630559|203076|203484|203932|203999,1628971|1629008|203484|203932|203999,1626156|1629022|1629060|1630559|203076,,,1610612743.0,42200311
1,PT03M51.00S,03:51,Q1 03:51,38.15,106,rebound,N. Jokic REBOUND (Off:6 Def:5),[],Jokic,28,14,,False,False,203999,,block,turnover,,,,1626156|1628971|1629008|1629022|1629060|1630559|203076|203484|203932|203999,1628971|1629008|203484|203932|203999,1626156|1629022|1629060|1630559|203076,,,1610612743.0,42200311
1,PT03M49.00S,03:49,Q1 03:49,38.18333333333333,107,turnover,A. Gordon bad pass out-of-bounds TURNOVER (1 TO),[],Gordon,28,14,,False,False,203932,,rebound,2pt missed,,,,1626156|1628971|1629008|1629022|1629060|1630559|203076|203484|203932|203999,1628971|1629008|203484|203932|203999,1626156|1629022|1629060|1630559|203076,,,1610612743.0,42200311
1,PT03M35.00S,03:35,Q1 03:35,38.416666666666664,109,2pt,MISS D. Russell 15' step back Shot,['fromturnover'],Russell,28,14,Missed,True,False,1626156,,turnover,rebound,,,,1626156|1628971|1629008|1629022|1629060|1630559|203076|203484|203932|203999,1626156|1629022|1629060|1630559|203076,1628971|1629008|203484|203932|203999,-112.0,106.0,1610612747.0,42200311
1,PT03M32.00S,03:32,Q1 03:32,38.46666666666667,110,rebound,N. Jokic REBOUND (Off:6 Def:6),[],Jokic,28,14,,False,False,203999,,2pt missed,foul,,,,1626156|1628971|1629008|1629022|1629060|1630559|203076|203484|203932|203999,1628971|1629008|203484|203932|203999,1626156|1629022|1629060|1630559|203076,,,1610612743.0,42200311
1,PT03M29.00S,03:29,Q1 03:29,38.516666666666666,111,foul,R. Hachimura shooting personal FOUL (1 PF) (Gordon 2 FT),['2freethrow'],Hachimura,28,14,,False,False,1629060,,rebound,freethrow,203932.0,,,1626156|1628971|1629008|1629022|1629060|1630559|203076|203484|203932|203999,1626156|1629022|1629060|1630559|203076,1628971|1629008|203484|203932|203999,,,1610612747.0,42200311
1,PT03M29.00S,03:29,Q1 03:29,38.516666666666666,113,freethrow,A. Gordon Free Throw 1 of 2 (7 PTS),['fastbreak'],Gordon,29,14,Made,False,False,203932,,foul,freethrow,,,,1626156|1628971|1629008|1629022|1629060|1630559|203076|203484|203932|203999,1628971|1629008|203484|203932|203999,1626156|1629022|1629060|1630559|203076,,,1610612743.0,42200311
1,PT03M29.00S,03:29,Q1 03:29,38.516666666666666,116,freethrow,A. Gordon Free Throw 2 of 2 (8 PTS),['fastbreak'],Gordon,30,14,Made,False,False,203932,,freethrow,substitution,,,,1626156|1628971|1629008|1629022|1629060|1630559|203076|203484|203932|203999,1628971|1629008|203484|203932|203999,1626156|1629022|1629060|1630559|203076,,,1610612743.0,42200311
1,PT03M29.00S,03:29,Q1 03:29,38.516666666666666,114,substitution,SUB out: M. Porter Jr.,[],Porter Jr.,29,14,,False,False,1629008,,freethrow,substitution,,,,1626156|1628971|1629022|1629060|1630559|203076|203484|203932|203999,1628971|203484|203932|203999,1626156|1629022|1629060|1630559|203076,,,1610612743.0,42200311
1,PT03M29.00S,03:29,Q1 03:29,38.516666666666666,115,substitution,SUB in: C. Braun,[],Braun,29,14,,False,False,1631128,,substitution,2pt made,,,,1626156|1628971|1629022|1629060|1630559|1631128|203076|203484|203932|203999,1628971|1631128|203484|203932|203999,1626156|1629022|1629060|1630559|203076,,,1610612743.0,42200311
1,PT03M13.00S,03:13,Q1 03:13,38.78333333333333,117,2pt,R. Hachimura DUNK (2 PTS) (A. Reaves 3 AST),['pointsinthepaint'],Hachimura,30,16,Made,True,True,1629060,1630559.0,substitution,2pt made,,,,1626156|1628971|1629022|1629060|1630559|1631128|203076|203484|203932|203999,1626156|1629022|1629060|1630559|203076,1628971|1631128|203484|203932|203999,7.0,5.0,1610612747.0,42200311
1,PT02M53.00S,02:53,Q1 02:53,37.11666666666667,119,2pt,K. Caldwell-Pope cutting Layup (4 PTS) (N. Jokic 5 AST),['pointsinthepaint'],Caldwell-Pope,32,16,Made,True,True,203484,203999.0,2pt made,3pt made,,,,1626156|1628971|1629022|1629060|1630559|1631128|203076|203484|203932|203999,1628971|1631128|203484|203932|203999,1626156|1629022|1629060|1630559|203076,12.0,16.0,1610612743.0,42200311
1,PT02M44.00S,02:44,Q1 02:44,37.266666666666666,121,3pt,L. Walker IV 3PT  (3 PTS) (A. Reaves 4 AST),[],Walker IV,32,19,Made,True,True,1629022,1630559.0,2pt made,2pt made,,,,1626156|1628971|1629022|1629060|1630559|1631128|203076|203484|203932|203999,1626156|1629022|1629060|1630559|203076,1628971|1631128|203484|203932|203999,-228.0,-21.0,1610612747.0,42200311
1,PT02M36.00S,02:36,Q1 02:36,37.4,123,2pt,B. Brown 7' driving floating Jump Shot (4 PTS),['pointsinthepaint'],Brown,34,19,Made,True,False,1628971,,3pt made,2pt missed,,,,1626156|1628971|1629022|1629060|1630559|1631128|203076|203484|203932|203999,1628971|1631128|203484|203932|203999,1626156|1629022|1629060|1630559|203076,-28.0,69.0,1610612743.0,42200311
1,PT02M23.00S,02:23,Q1 02:23,37.61666666666667,124,2pt,MISS A. Davis cutting Layup - blocked,['pointsinthepaint'],Davis,34,19,Missed,True,False,203076,,2pt made,block,,,203999.0,1626156|1628971|1629022|1629060|1630559|1631128|203076|203484|203932|203999,1626156|1629022|1629060|1630559|203076,1628971|1631128|203484|203932|203999,12.0,42.0,1610612747.0,42200311
1,PT02M23.00S,02:23,Q1 02:23,37.61666666666667,125,block,N. Jokic BLOCK (2 BLK),[],Jokic,34,19,,False,False,203999,,2pt missed,rebound,,,,1626156|1628971|1629022|1629060|1630559|1631128|203076|203484|203932|203999,1628971|1631128|203484|203932|203999,1626156|1629022|1629060|1630559|203076,,,1610612743.0,42200311
1,PT02M23.00S,02:23,Q1 02:23,37.61666666666667,126,rebound,TEAM offensive REBOUND,['team'],,34,19,,False,False,0,,block,timeout,,,,1626156|1628971|1629022|1629060|1630559|1631128|203076|203484|203932|203999,1626156|1629022|1629060|1630559|203076,1628971|1631128|203484|203932|203999,,,1610612747.0,42200311
1,PT02M23.00S,02:23,Q1 02:23,37.61666666666667,128,timeout,DEN Timeout,"['team', 'mandatory']",,34,19,,False,False,0,,rebound,substitution,,,,1626156|1628971|1629022|1629060|1630559|1631128|203076|203484|203932|203999,1628971|1631128|203484|203932|203999,1626156|1629022|1629060|1630559|203076,,,1610612743.0,42200311
1,PT02M23.00S,02:23,Q1 02:23,37.61666666666667,129,substitution,SUB out: K. Caldwell-Pope,[],Caldwell-Pope,34,19,,False,False,203484,,timeout,substitution,,,,1626156|1628971|1629022|1629060|1630559|1631128|203076|203932|203999,1628971|1631128|203932|203999,1626156|1629022|1629060|1630559|203076,,,1610612743.0,42200311
1,PT02M23.00S,02:23,Q1 02:23,37.61666666666667,130,substitution,SUB out: A. Gordon,[],Gordon,34,19,,False,False,203932,,substitution,substitution,,,,1626156|1628971|1629022|1629060|1630559|1631128|203076|203999,1628971|1631128|203999,1626156|1629022|1629060|1630559|203076,,,1610612743.0,42200311
1,PT02M23.00S,02:23,Q1 02:23,37.61666666666667,131,substitution,SUB out: D. Russell,[],Russell,34,19,,False,False,1626156,,substitution,substitution,,,,1628971|1629022|1629060|1630559|1631128|203076|203999,1629022|1629060|1630559|203076,1628971|1631128|203999,,,1610612747.0,42200311
1,PT02M23.00S,02:23,Q1 02:23,37.61666666666667,132,substitution,SUB in: J. Murray,[],Murray,34,19,,False,False,1627750,,substitution,substitution,,,,1627750|1628971|1629022|1629060|1630559|1631128|203076|203999,1627750|1628971|1631128|203999,1629022|1629060|1630559|203076,,,1610612743.0,42200311
1,PT02M23.00S,02:23,Q1 02:23,37.61666666666667,133,substitution,SUB in: J. Green,[],Green,34,19,,False,False,201145,,substitution,substitution,,,,1627750|1628971|1629022|1629060|1630559|1631128|201145|203076|203999,1627750|1628971|1631128|201145|203999,1629022|1629060|1630559|203076,,,1610612743.0,42200311
1,PT02M23.00S,02:23,Q1 02:23,37.61666666666667,134,substitution,SUB in: L. James,[],James,34,19,,False,False,2544,,substitution,foul,,,,1627750|1628971|1629022|1629060|1630559|1631128|201145|203076|203999|2544,1629022|1629060|1630559|203076|2544,1627750|1628971|1631128|201145|203999,,,1610612747.0,42200311
1,PT02M22.00S,02:22,Q1 02:22,37.63333333333333,135,foul,J. Murray personal FOUL (1 PF),[],Murray,34,19,,False,False,1627750,,substitution,2pt made,1629060.0,,,1627750|1628971|1629022|1629060|1630559|1631128|201145|203076|203999|2544,1627750|1628971|1631128|201145|203999,1629022|1629060|1630559|203076|2544,,,1610612743.0,42200311
1,PT02M13.00S,02:13,Q1 02:13,37.78333333333333,137,2pt,L. James driving finger roll Layup (4 PTS) (A. Davis 1 AST),"['pointsinthepaint', '2ndchance']",James,34,21,Made,True,True,2544,203076.0,foul,2pt missed,,,,1627750|1628971|1629022|1629060|1630559|1631128|201145|203076|203999|2544,1629022|1629060|1630559|203076|2544,1627750|1628971|1631128|201145|203999,39.0,4.0,1610612747.0,42200311
1,PT01M48.00S,01:48,Q1 01:48,36.2,139,2pt,MISS N. Jokic driving finger roll Layup,['pointsinthepaint'],Jokic,34,21,Missed,True,False,203999,,2pt made,rebound,,,,1627750|1628971|1629022|1629060|1630559|1631128|201145|203076|203999|2544,1627750|1628971|1631128|201145|203999,1629022|1629060|1630559|203076|2544,-25.0,25.0,1610612743.0,42200311
1,PT01M46.00S,01:46,Q1 01:46,36.233333333333334,140,rebound,L. James REBOUND (Off:1 Def:2),[],James,34,21,,False,False,2544,,2pt missed,turnover,,,,1627750|1628971|1629022|1629060|1630559|1631128|201145|203076|203999|2544,1629022|1629060|1630559|203076|2544,1627750|1628971|1631128|201145|203999,,,1610612747.0,42200311
1,PT01M46.00S,01:46,Q1 01:46,36.233333333333334,141,turnover,L. James bad pass TURNOVER (1 TO),[],James,34,21,,False,False,2544,,rebound,steal,,1627750.0,,1627750|1628971|1629022|1629060|1630559|1631128|201145|203076|203999|2544,1629022|1629060|1630559|203076|2544,1627750|1628971|1631128|201145|203999,,,1610612747.0,42200311
1,PT01M46.00S,01:46,Q1 01:46,36.233333333333334,142,steal,J. Murray STEAL (1 STL),[],Murray,34,21,,False,False,1627750,,turnover,3pt missed,,,,1627750|1628971|1629022|1629060|1630559|1631128|201145|203076|203999|2544,1627750|1628971|1631128|201145|203999,1629022|1629060|1630559|203076|2544,,,1610612743.0,42200311
1,PT01M39.00S,01:39,Q1 01:39,36.35,143,3pt,MISS J. Murray 26' 3PT,['fromturnover'],Murray,34,21,Missed,True,False,1627750,,steal,rebound,,,,1627750|1628971|1629022|1629060|1630559|1631128|201145|203076|203999|2544,1627750|1628971|1631128|201145|203999,1629022|1629060|1630559|203076|2544,78.0,252.0,1610612743.0,42200311
1,PT01M35.00S,01:35,Q1 01:35,36.416666666666664,144,rebound,L. James REBOUND (Off:1 Def:3),[],James,34,21,,False,False,2544,,3pt missed,2pt made,,,,1627750|1628971|1629022|1629060|1630559|1631128|201145|203076|203999|2544,1629022|1629060|1630559|203076|2544,1627750|1628971|1631128|201145|203999,,,1610612747.0,42200311
1,PT01M20.00S,01:20,Q1 01:20,36.666666666666664,145,2pt,L. James driving Layup (6 PTS),['pointsinthepaint'],James,34,23,Made,True,False,2544,,rebound,3pt missed,,,,1627750|1628971|1629022|1629060|1630559|1631128|201145|203076|203999|2544,1629022|1629060|1630559|203076|2544,1627750|1628971|1631128|201145|203999,-26.0,-1.0,1610612747.0,42200311
1,PT01M05.00S,01:05,Q1 01:05,36.916666666666664,146,3pt,MISS C. Braun 3PT,[],Braun,34,23,Missed,True,False,1631128,,2pt made,rebound,,,,1627750|1628971|1629022|1629060|1630559|1631128|201145|203076|203999|2544,1627750|1628971|1631128|201145|203999,1629022|1629060|1630559|203076|2544,-224.0,31.0,1610612743.0,42200311
1,PT01M02.00S,01:02,Q1 01:02,36.96666666666667,147,rebound,A. Davis REBOUND (Off:0 Def:1),[],Davis,34,23,,False,False,203076,,3pt missed,2pt missed,,,,1627750|1628971|1629022|1629060|1630559|1631128|201145|203076|203999|2544,1629022|1629060|1630559|203076|2544,1627750|1628971|1631128|201145|203999,,,1610612747.0,42200311
1,PT00M49.10S,00:49,Q1 00:49,35.18333333333333,148,2pt,MISS A. Davis 6' driving Layup - blocked,['pointsinthepaint'],Davis,34,23,Missed,True,False,203076,,rebound,block,,,1631128.0,1627750|1628971|1629022|1629060|1630559|1631128|201145|203076|203999|2544,1629022|1629060|1630559|203076|2544,1627750|1628971|1631128|201145|203999,18.0,61.0,1610612747.0,42200311
1,PT00M49.10S,00:49,Q1 00:49,35.18333333333333,149,block,C. Braun BLOCK (1 BLK),[],Braun,34,23,,False,False,1631128,,2pt missed,rebound,,,,1627750|1628971|1629022|1629060|1630559|1631128|201145|203076|203999|2544,1627750|1628971|1631128|201145|203999,1629022|1629060|1630559|203076|2544,,,1610612743.0,42200311
1,PT00M47.10S,00:47,Q1 00:47,35.21666666666667,150,rebound,B. Brown REBOUND (Off:0 Def:2),[],Brown,34,23,,False,False,1628971,,block,2pt missed,,,,1627750|1628971|1629022|1629060|1630559|1631128|201145|203076|203999|2544,1627750|1628971|1631128|201145|203999,1629022|1629060|1630559|203076|2544,,,1610612743.0,42200311
1,PT00M43.00S,00:43,Q1 00:43,35.28333333333333,151,2pt,MISS B. Brown running Layup - blocked,"['fastbreak', 'pointsinthepaint']",Brown,34,23,Missed,True,False,1628971,,rebound,block,,,2544.0,1627750|1628971|1629022|1629060|1630559|1631128|201145|203076|203999|2544,1627750|1628971|1631128|201145|203999,1629022|1629060|1630559|203076|2544,20.0,23.0,1610612743.0,42200311
1,PT00M43.00S,00:43,Q1 00:43,35.28333333333333,152,block,L. James BLOCK (1 BLK),[],James,34,23,,False,False,2544,,2pt missed,rebound,,,,1627750|1628971|1629022|1629060|1630559|1631128|201145|203076|203999|2544,1629022|1629060|1630559|203076|2544,1627750|1628971|1631128|201145|203999,,,1610612747.0,42200311
1,PT00M43.00S,00:43,Q1 00:43,35.28333333333333,153,rebound,TEAM defensive REBOUND,['team'],,34,23,,False,False,0,,block,substitution,,,,1627750|1628971|1629022|1629060|1630559|1631128|201145|203076|203999|2544,1629022|1629060|1630559|203076|2544,1627750|1628971|1631128|201145|203999,,,1610612747.0,42200311
1,PT00M43.00S,00:43,Q1 00:43,35.28333333333333,154,substitution,SUB out: N. Jokic,[],Jokic,34,23,,False,False,203999,,rebound,substitution,,,,1627750|1628971|1629022|1629060|1630559|1631128|201145|203076|2544,1627750|1628971|1631128|201145,1629022|1629060|1630559|203076|2544,,,1610612743.0,42200311
1,PT00M43.00S,00:43,Q1 00:43,35.28333333333333,155,substitution,SUB out: A. Davis,[],Davis,34,23,,False,False,203076,,substitution,substitution,,,,1627750|1628971|1629022|1629060|1630559|1631128|201145|2544,1629022|1629060|1630559|2544,1627750|1628971|1631128|201145,,,1610612747.0,42200311
1,PT00M43.00S,00:43,Q1 00:43,35.28333333333333,156,substitution,SUB in: A. Gordon,[],Gordon,34,23,,False,False,203932,,substitution,substitution,,,,1627750|1628971|1629022|1629060|1630559|1631128|201145|203932|2544,1627750|1628971|1631128|201145|203932,1629022|1629060|1630559|2544,,,1610612743.0,42200311
1,PT00M43.00S,00:43,Q1 00:43,35.28333333333333,157,substitution,SUB in: J. Vanderbilt,[],Vanderbilt,34,23,,False,False,1629020,,substitution,3pt missed,,,,1627750|1628971|1629020|1629022|1629060|1630559|1631128|201145|203932|2544,1629020|1629022|1629060|1630559|2544,1627750|1628971|1631128|201145|203932,,,1610612747.0,42200311
1,PT00M38.60S,00:38,Q1 00:38,35.36666666666667,158,3pt,MISS A. Reaves 25' pullup 3PT,[],Reaves,34,23,Missed,True,False,1630559,,substitution,rebound,,,,1627750|1628971|1629020|1629022|1629060|1630559|1631128|201145|203932|2544,1629020|1629022|1629060|1630559|2544,1627750|1628971|1631128|201145|203932,-4.0,258.0,1610612747.0,42200311
1,PT00M34.90S,00:34,Q1 00:34,35.43333333333333,159,rebound,C. Braun REBOUND (Off:0 Def:1),[],Braun,34,23,,False,False,1631128,,3pt missed,foul,,,,1627750|1628971|1629020|1629022|1629060|1630559|1631128|201145|203932|2544,1627750|1628971|1631128|201145|203932,1629020|1629022|1629060|1630559|2544,,,1610612743.0,42200311
1,PT00M24.30S,00:24,Q1 00:24,35.6,160,foul,A. Reaves personal FOUL (2 PF),[],Reaves,34,23,,False,False,1630559,,rebound,3pt made,1628971.0,,,1627750|1628971|1629020|1629022|1629060|1630559|1631128|201145|203932|2544,1629020|1629022|1629060|1630559|2544,1627750|1628971|1631128|201145|203932,,,1610612747.0,42200311
1,PT00M16.40S,00:16,Q1 00:16,35.733333333333334,163,3pt,B. Brown 27' 3PT  (7 PTS) (J. Murray 2 AST),[],Brown,37,23,Made,True,True,1628971,1627750.0,foul,2pt made,,,,1627750|1628971|1629020|1629022|1629060|1630559|1631128|201145|203932|2544,1627750|1628971|1631128|201145|203932,1629020|1629022|1629060|1630559|2544,-164.0,217.0,1610612743.0,42200311
1,PT00M00.30S,00:00,Q1 00:00,36.0,165,2pt,L. James 9' pullup bank Jump Shot (8 PTS),[],James,37,25,Made,True,False,2544,,3pt made,substitution,,,,1627750|1628971|1629020|1629022|1629060|1630559|1631128|201145|203932|2544,1629020|1629022|1629060|1630559|2544,1627750|1628971|1631128|201145|203932,-88.0,35.0,1610612747.0,42200311
2,PT12M00.00S,12:00,Q2 12:00,36.0,167,substitution,SUB out: A. Reaves,['startperiod'],Reaves,37,25,,False,False,1630559,,2pt made,substitution,,,,1627750|1628971|1629020|1629022|1629060|1631128|201145|203932|2544,1629020|1629022|1629060|2544,1627750|1628971|1631128|201145|203932,,,1610612747.0,42200311
2,PT12M00.00S,12:00,Q2 12:00,36.0,168,substitution,SUB in: D. Schroder,['startperiod'],Schroder,37,25,,False,False,203471,,substitution,2pt missed,,,,1627750|1628971|1629020|1629022|1629060|1631128|201145|203471|203932|2544,1629020|1629022|1629060|203471|2544,1627750|1628971|1631128|201145|203932,,,1610612747.0,42200311
2,PT11M50.00S,11:50,Q2 11:50,34.166666666666664,170,2pt,MISS B. Brown driving finger roll Layup - blocked,['pointsinthepaint'],Brown,37,25,Missed,True,False,1628971,,substitution,block,,,1629060.0,1627750|1628971|1629020|1629022|1629060|1631128|201145|203471|203932|2544,1627750|1628971|1631128|201145|203932,1629020|1629022|1629060|203471|2544,-25.0,23.0,1610612743.0,42200311
2,PT11M50.00S,11:50,Q2 11:50,34.166666666666664,171,block,R. Hachimura BLOCK (1 BLK),[],Hachimura,37,25,,False,False,1629060,,2pt missed,rebound,,,,1627750|1628971|1629020|1629022|1629060|1631128|201145|203471|203932|2544,1629020|1629022|1629060|203471|2544,1627750|1628971|1631128|201145|203932,,,1610612747.0,42200311
2,PT11M48.00S,11:48,Q2 11:48,34.2,172,rebound,L. James REBOUND (Off:1 Def:4),[],James,37,25,,False,False,2544,,block,2pt made,,,,1627750|1628971|1629020|1629022|1629060|1631128|201145|203471|203932|2544,1629020|1629022|1629060|203471|2544,1627750|1628971|1631128|201145|203932,,,1610612747.0,42200311
2,PT11M30.00S,11:30,Q2 11:30,34.5,173,2pt,R. Hachimura 12' pullup Jump Shot (4 PTS),[],Hachimura,37,27,Made,True,False,1629060,,rebound,2pt missed,,,,1627750|1628971|1629020|1629022|1629060|1631128|201145|203471|203932|2544,1629020|1629022|1629060|203471|2544,1627750|1628971|1631128|201145|203932,-129.0,-8.0,1610612747.0,42200311
2,PT11M06.00S,11:06,Q2 11:06,34.9,174,2pt,MISS J. Green 6' driving floating bank Shot,['pointsinthepaint'],Green,37,27,Missed,True,False,201145,,2pt made,rebound,,,,1627750|1628971|1629020|1629022|1629060|1631128|201145|203471|203932|2544,1627750|1628971|1631128|201145|203932,1629020|1629022|1629060|203471|2544,-58.0,31.0,1610612743.0,42200311
2,PT11M05.00S,11:05,Q2 11:05,34.916666666666664,175,rebound,J. Green REBOUND (Off:1 Def:0),[],Green,37,27,,False,False,201145,,2pt missed,foul,,,,1627750|1628971|1629020|1629022|1629060|1631128|201145|203471|203932|2544,1627750|1628971|1631128|201145|203932,1629020|1629022|1629060|203471|2544,,,1610612743.0,42200311
2,PT11M05.00S,11:05,Q2 11:05,34.916666666666664,176,foul,D. Schroder personal FOUL (2 PF),[],Schroder,37,27,,False,False,203471,,rebound,foul,201145.0,,,1627750|1628971|1629020|1629022|1629060|1631128|201145|203471|203932|2544,1629020|1629022|1629060|203471|2544,1627750|1628971|1631128|201145|203932,,,1610612747.0,42200311
2,PT11M04.00S,11:04,Q2 11:04,34.93333333333333,178,foul,J. Vanderbilt away-from-play personal FOUL (1 PF) (Murray 1 FT),['1freethrow'],Vanderbilt,37,27,,False,False,1629020,,foul,freethrow,1627750.0,,,1627750|1628971|1629020|1629022|1629060|1631128|201145|203471|203932|2544,1629020|1629022|1629060|203471|2544,1627750|1628971|1631128|201145|203932,,,1610612747.0,42200311
2,PT11M04.00S,11:04,Q2 11:04,34.93333333333333,181,freethrow,J. Murray away-from-play Free Throw 1 of 1 (6 PTS),['2ndchance'],Murray,38,27,Made,False,False,1627750,,foul,2pt made,,,,1627750|1628971|1629020|1629022|1629060|1631128|201145|203471|203932|2544,1627750|1628971|1631128|201145|203932,1629020|1629022|1629060|203471|2544,,,1610612743.0,42200311
2,PT10M56.00S,10:56,Q2 10:56,33.06666666666667,182,2pt,J. Murray 15' fadeaway Jump Shot (8 PTS),['2ndchance'],Murray,40,27,Made,True,False,1627750,,freethrow,2pt missed,,,,1627750|1628971|1629020|1629022|1629060|1631128|201145|203471|203932|2544,1627750|1628971|1631128|201145|203932,1629020|1629022|1629060|203471|2544,-137.0,65.0,1610612743.0,42200311
2,PT10M40.00S,10:40,Q2 10:40,33.333333333333336,184,2pt,MISS R. Hachimura 17' pullup Shot,[],Hachimura,40,27,Missed,True,False,1629060,,2pt made,rebound,,,,1627750|1628971|1629020|1629022|1629060|1631128|201145|203471|203932|2544,1629020|1629022|1629060|203471|2544,1627750|1628971|1631128|201145|203932,-72.0,164.0,1610612747.0,42200311
2,PT10M36.00S,10:36,Q2 10:36,33.4,185,rebound,B. Brown REBOUND (Off:0 Def:3),[],Brown,40,27,,False,False,1628971,,2pt missed,2pt made,,,,1627750|1628971|1629020|1629022|1629060|1631128|201145|203471|203932|2544,1627750|1628971|1631128|201145|203932,1629020|1629022|1629060|203471|2544,,,1610612743.0,42200311
2,PT10M32.00S,10:32,Q2 10:32,33.46666666666667,186,2pt,B. Brown running finger roll Layup (9 PTS),"['pointsinthepaint', 'fastbreak']",Brown,42,27,Made,True,False,1628971,,rebound,2pt missed,,,,1627750|1628971|1629020|1629022|1629060|1631128|201145|203471|203932|2544,1627750|1628971|1631128|201145|203932,1629020|1629022|1629060|203471|2544,-1.0,28.0,1610612743.0,42200311
2,PT10M17.00S,10:17,Q2 10:17,33.71666666666667,235,2pt,MISS L. Walker IV 16' pullup Shot,[],Walker IV,42,27,Missed,True,False,1629022,,2pt made,rebound,,,,1627750|1628971|1629020|1629022|1629060|1631128|201145|203471|203932|2544,1629020|1629022|1629060|203471|2544,1627750|1628971|1631128|201145|203932,26.0,162.0,1610612747.0,42200311
2,PT10M17.00S,10:17,Q2 10:17,33.71666666666667,236,rebound,B. Brown REBOUND (Off:0 Def:4),[],Brown,42,27,,False,False,1628971,,2pt missed,2pt made,,,,1627750|1628971|1629020|1629022|1629060|1631128|201145|203471|203932|2544,1627750|1628971|1631128|201145|203932,1629020|1629022|1629060|203471|2544,,,1610612743.0,42200311
2,PT10M12.00S,10:12,Q2 10:12,33.8,189,2pt,B. Brown running Layup (11 PTS) (A. Gordon 3 AST),"['pointsinthepaint', 'fastbreak']",Brown,44,27,Made,True,True,1628971,203932.0,rebound,timeout,,,,1627750|1628971|1629020|1629022|1629060|1631128|201145|203471|203932|2544,1627750|1628971|1631128|201145|203932,1629020|1629022|1629060|203471|2544,28.0,25.0,1610612743.0,42200311
2,PT10M12.00S,10:12,Q2 10:12,33.8,191,timeout,LAL Timeout,"['team', 'mandatory']",,44,27,,False,False,0,,2pt made,2pt made,,,,1627750|1628971|1629020|1629022|1629060|1631128|201145|203471|203932|2544,1629020|1629022|1629060|203471|2544,1627750|1628971|1631128|201145|203932,,,1610612747.0,42200311
2,PT09M56.00S,09:56,Q2 09:56,32.06666666666667,192,2pt,L. James driving Layup (10 PTS),['pointsinthepaint'],James,44,29,Made,True,False,2544,,timeout,2pt missed,,,,1627750|1628971|1629020|1629022|1629060|1631128|201145|203471|203932|2544,1629020|1629022|1629060|203471|2544,1627750|1628971|1631128|201145|203932,-21.0,11.0,1610612747.0,42200311
2,PT09M41.00S,09:41,Q2 09:41,32.31666666666667,194,2pt,MISS B. Brown 19' pullup Shot,[],Brown,44,29,Missed,True,False,1628971,,2pt made,rebound,,,,1627750|1628971|1629020|1629022|1629060|1631128|201145|203471|203932|2544,1627750|1628971|1631128|201145|203932,1629020|1629022|1629060|203471|2544,125.0,143.0,1610612743.0,42200311
2,PT09M38.00S,09:38,Q2 09:38,32.36666666666667,195,rebound,L. Walker IV REBOUND (Off:0 Def:1),[],Walker IV,44,29,,False,False,1629022,,2pt missed,3pt made,,,,1627750|1628971|1629020|1629022|1629060|1631128|201145|203471|203932|2544,1629020|1629022|1629060|203471|2544,1627750|1628971|1631128|201145|203932,,,1610612747.0,42200311
2,PT09M17.00S,09:17,Q2 09:17,32.71666666666667,196,3pt,R. Hachimura 26' 3PT  (7 PTS) (J. Vanderbilt 1 AST),[],Hachimura,44,32,Made,True,True,1629060,1629020.0,rebound,substitution,,,,1627750|1628971|1629020|1629022|1629060|1631128|201145|203471|203932|2544,1629020|1629022|1629060|203471|2544,1627750|1628971|1631128|201145|203932,77.0,257.0,1610612747.0,42200311
2,PT09M02.00S,09:02,Q2 09:02,32.96666666666667,199,substitution,SUB out: C. Braun,[],Braun,44,32,,False,False,1631128,,3pt made,substitution,,,,1627750|1628971|1629020|1629022|1629060|201145|203471|203932|2544,1627750|1628971|201145|203932,1629020|1629022|1629060|203471|2544,,,1610612743.0,42200311
2,PT09M02.00S,09:02,Q2 09:02,32.96666666666667,200,substitution,SUB in: M. Porter Jr.,[],Porter Jr.,44,32,,False,False,1629008,,substitution,foul,,,,1627750|1628971|1629008|1629020|1629022|1629060|201145|203471|203932|2544,1627750|1628971|1629008|201145|203932,1629020|1629022|1629060|203471|2544,,,1610612743.0,42200311
2,PT09M00.00S,09:00,Q2 09:00,33.0,201,foul,L. Walker IV personal FOUL (1 PF),[],Walker IV,44,32,,False,False,1629022,,substitution,substitution,1629008.0,,,1627750|1628971|1629008|1629020|1629022|1629060|201145|203471|203932|2544,1629020|1629022|1629060|203471|2544,1627750|1628971|1629008|201145|203932,,,1610612747.0,42200311
2,PT09M00.00S,09:00,Q2 09:00,33.0,205,substitution,SUB out: A. Gordon,[],Gordon,44,32,,False,False,203932,,foul,substitution,,,,1627750|1628971|1629008|1629020|1629022|1629060|201145|203471|2544,1627750|1628971|1629008|201145,1629020|1629022|1629060|203471|2544,,,1610612743.0,42200311
2,PT09M00.00S,09:00,Q2 09:00,33.0,206,substitution,SUB out: J. Vanderbilt,[],Vanderbilt,44,32,,False,False,1629020,,substitution,substitution,,,,1627750|1628971|1629008|1629022|1629060|201145|203471|2544,1629022|1629060|203471|2544,1627750|1628971|1629008|201145,,,1610612747.0,42200311
2,PT09M00.00S,09:00,Q2 09:00,33.0,207,substitution,SUB in: N. Jokic,[],Jokic,44,32,,False,False,203999,,substitution,substitution,,,,1627750|1628971|1629008|1629022|1629060|201145|203471|203999|2544,1627750|1628971|1629008|201145|203999,1629022|1629060|203471|2544,,,1610612743.0,42200311
2,PT09M00.00S,09:00,Q2 09:00,33.0,208,substitution,SUB in: A. Davis,[],Davis,44,32,,False,False,203076,,substitution,2pt missed,,,,1627750|1628971|1629008|1629022|1629060|201145|203076|203471|203999|2544,1629022|1629060|203076|203471|2544,1627750|1628971|1629008|201145|203999,,,1610612747.0,42200311
2,PT08M50.00S,08:50,Q2 08:50,31.166666666666668,209,2pt,MISS J. Green cutting Layup,['pointsinthepaint'],Green,44,32,Missed,True,False,201145,,substitution,rebound,,,,1627750|1628971|1629008|1629022|1629060|201145|203076|203471|203999|2544,1627750|1628971|1629008|201145|203999,1629022|1629060|203076|203471|2544,21.0,16.0,1610612743.0,42200311
2,PT08M48.00S,08:48,Q2 08:48,31.2,210,rebound,A. Davis REBOUND (Off:0 Def:2),[],Davis,44,32,,False,False,203076,,2pt missed,2pt missed,,,,1627750|1628971|1629008|1629022|1629060|201145|203076|203471|203999|2544,1629022|1629060|203076|203471|2544,1627750|1628971|1629008|201145|203999,,,1610612747.0,42200311
2,PT08M40.00S,08:40,Q2 08:40,31.333333333333332,211,2pt,MISS A. Davis 11' floating Shot,[],Davis,44,32,Missed,True,False,203076,,rebound,rebound,,,,1627750|1628971|1629008|1629022|1629060|201145|203076|203471|203999|2544,1629022|1629060|203076|203471|2544,1627750|1628971|1629008|201145|203999,107.0,41.0,1610612747.0,42200311
2,PT08M36.00S,08:36,Q2 08:36,31.4,212,rebound,N. Jokic REBOUND (Off:6 Def:7),[],Jokic,44,32,,False,False,203999,,2pt missed,turnover,,,,1627750|1628971|1629008|1629022|1629060|201145|203076|203471|203999|2544,1627750|1628971|1629008|201145|203999,1629022|1629060|203076|203471|2544,,,1610612743.0,42200311
2,PT08M29.00S,08:29,Q2 08:29,31.516666666666666,213,turnover,J. Green lost ball out-of-bounds TURNOVER (1 TO),[],Green,44,32,,False,False,201145,,rebound,3pt missed,,,,1627750|1628971|1629008|1629022|1629060|201145|203076|203471|203999|2544,1627750|1628971|1629008|201145|203999,1629022|1629060|203076|203471|2544,,,1610612743.0,42200311
2,PT08M11.00S,08:11,Q2 08:11,31.816666666666666,214,3pt,MISS L. Walker IV 24' 3PT,['fromturnover'],Walker IV,44,32,Missed,True,False,1629022,,turnover,rebound,,,,1627750|1628971|1629008|1629022|1629060|201145|203076|203471|203999|2544,1629022|1629060|203076|203471|2544,1627750|1628971|1629008|201145|203999,-176.0,166.0,1610612747.0,42200311
2,PT08M07.00S,08:07,Q2 08:07,31.883333333333333,215,rebound,N. Jokic REBOUND (Off:6 Def:8),[],Jokic,44,32,,False,False,203999,,3pt missed,2pt missed,,,,1627750|1628971|1629008|1629022|1629060|201145|203076|203471|203999|2544,1627750|1628971|1629008|201145|203999,1629022|1629060|203076|203471|2544,,,1610612743.0,42200311
2,PT07M54.00S,07:54,Q2 07:54,30.1,217,2pt,MISS N. Jokic 7' turnaround Hook - blocked,['pointsinthepaint'],Jokic,44,32,Missed,True,False,203999,,rebound,block,,,203076.0,1627750|1628971|1629008|1629022|1629060|201145|203076|203471|203999|2544,1627750|1628971|1629008|201145|203999,1629022|1629060|203076|203471|2544,-26.0,69.0,1610612743.0,42200311
2,PT07M54.00S,07:54,Q2 07:54,30.1,218,block,A. Davis BLOCK (2 BLK),[],Davis,44,32,,False,False,203076,,2pt missed,rebound,,,,1627750|1628971|1629008|1629022|1629060|201145|203076|203471|203999|2544,1629022|1629060|203076|203471|2544,1627750|1628971|1629008|201145|203999,,,1610612747.0,42200311
2,PT07M50.00S,07:50,Q2 07:50,30.166666666666668,219,rebound,D. Schroder REBOUND (Off:0 Def:2),[],Schroder,44,32,,False,False,203471,,block,foul,,,,1627750|1628971|1629008|1629022|1629060|201145|203076|203471|203999|2544,1629022|1629060|203076|203471|2544,1627750|1628971|1629008|201145|203999,,,1610612747.0,42200311
2,PT07M46.00S,07:46,Q2 07:46,30.233333333333334,220,foul,M. Porter Jr. shooting personal FOUL (1 PF) (Davis 2 FT),['2freethrow'],Porter Jr.,44,32,,False,False,1629008,,rebound,freethrow,203076.0,,,1627750|1628971|1629008|1629022|1629060|201145|203076|203471|203999|2544,1627750|1628971|1629008|201145|203999,1629022|1629060|203076|203471|2544,,,1610612743.0,42200311
2,PT07M46.00S,07:46,Q2 07:46,30.233333333333334,222,freethrow,A. Davis Free Throw 1 of 2 (7 PTS),[],Davis,44,33,Made,False,False,203076,,foul,freethrow,,,,1627750|1628971|1629008|1629022|1629060|201145|203076|203471|203999|2544,1629022|1629060|203076|203471|2544,1627750|1628971|1629008|201145|203999,,,1610612747.0,42200311
2,PT07M46.00S,07:46,Q2 07:46,30.233333333333334,227,freethrow,A. Davis Free Throw 2 of 2 (8 PTS),[],Davis,44,34,Made,False,False,203076,,freethrow,substitution,,,,1627750|1628971|1629008|1629022|1629060|201145|203076|203471|203999|2544,1629022|1629060|203076|203471|2544,1627750|1628971|1629008|201145|203999,,,1610612747.0,42200311
2,PT07M46.00S,07:46,Q2 07:46,30.233333333333334,223,substitution,SUB out: J. Murray,[],Murray,44,33,,False,False,1627750,,freethrow,substitution,,,,1628971|1629008|1629022|1629060|201145|203076|203471|203999|2544,1628971|1629008|201145|203999,1629022|1629060|203076|203471|2544,,,1610612743.0,42200311
2,PT07M46.00S,07:46,Q2 07:46,30.233333333333334,224,substitution,SUB out: R. Hachimura,[],Hachimura,44,33,,False,False,1629060,,substitution,substitution,,,,1628971|1629008|1629022|201145|203076|203471|203999|2544,1629022|203076|203471|2544,1628971|1629008|201145|203999,,,1610612747.0,42200311
2,PT07M46.00S,07:46,Q2 07:46,30.233333333333334,225,substitution,SUB in: K. Caldwell-Pope,[],Caldwell-Pope,44,33,,False,False,203484,,substitution,substitution,,,,1628971|1629008|1629022|201145|203076|203471|203484|203999|2544,1628971|1629008|201145|203484|203999,1629022|203076|203471|2544,,,1610612743.0,42200311
2,PT07M46.00S,07:46,Q2 07:46,30.233333333333334,226,substitution,SUB in: D. Russell,[],Russell,44,33,,False,False,1626156,,substitution,2pt made,,,,1626156|1628971|1629008|1629022|201145|203076|203471|203484|203999|2544,1626156|1629022|203076|203471|2544,1628971|1629008|201145|203484|203999,,,1610612747.0,42200311
2,PT07M32.00S,07:32,Q2 07:32,30.466666666666665,228,2pt,N. Jokic driving DUNK (10 PTS),['pointsinthepaint'],Jokic,46,34,Made,True,False,203999,,substitution,2pt made,,,,1626156|1628971|1629008|1629022|201145|203076|203471|203484|203999|2544,1628971|1629008|201145|203484|203999,1626156|1629022|203076|203471|2544,-2.0,22.0,1610612743.0,42200311
2,PT07M14.00S,07:14,Q2 07:14,30.766666666666666,229,2pt,A. Davis turnaround Jump Shot (10 PTS),['pointsinthepaint'],Davis,46,36,Made,True,False,203076,,2pt made,turnover,,,,1626156|1628971|1629008|1629022|201145|203076|203471|203484|203999|2544,1626156|1629022|203076|203471|2544,1628971|1629008|201145|203484|203999,-15.0,40.0,1610612747.0,42200311
2,PT07M05.00S,07:05,Q2 07:05,30.916666666666668,230,turnover,N. Jokic bad pass TURNOVER (2 TO),[],Jokic,46,36,,False,False,203999,,2pt made,steal,,203076.0,,1626156|1628971|1629008|1629022|201145|203076|203471|203484|203999|2544,1628971|1629008|201145|203484|203999,1626156|1629022|203076|203471|2544,,,1610612743.0,42200311
2,PT07M05.00S,07:05,Q2 07:05,30.916666666666668,231,steal,A. Davis STEAL (1 STL),[],Davis,46,36,,False,False,203076,,turnover,foul,,,,1626156|1628971|1629008|1629022|201145|203076|203471|203484|203999|2544,1626156|1629022|203076|203471|2544,1628971|1629008|201145|203484|203999,,,1610612747.0,42200311
2,PT07M02.00S,07:02,Q2 07:02,30.966666666666665,232,foul,J. Green shooting personal FOUL (1 PF) (James 2 FT),['2freethrow'],Green,46,36,,False,False,201145,,steal,timeout,2544.0,,,1626156|1628971|1629008|1629022|201145|203076|203471|203484|203999|2544,1628971|1629008|201145|203484|203999,1626156|1629022|203076|203471|2544,,,1610612743.0,42200311
2,PT07M02.00S,07:02,Q2 07:02,30.966666666666665,234,timeout,DEN Timeout,"['team', 'mandatory']",,46,36,,False,False,0,,foul,freethrow,,,,1626156|1628971|1629008|1629022|201145|203076|203471|203484|203999|2544,1628971|1629008|201145|203484|203999,1626156|1629022|203076|203471|2544,,,1610612743.0,42200311
2,PT07M02.00S,07:02,Q2 07:02,30.966666666666665,241,freethrow,L. James Free Throw 1 of 2 (11 PTS),"['fromturnover', 'fastbreak']",James,46,37,Made,False,False,2544,,timeout,freethrow,,,,1626156|1628971|1629008|1629022|201145|203076|203471|203484|203999|2544,1626156|1629022|203076|203471|2544,1628971|1629008|201145|203484|203999,,,1610612747.0,42200311
2,PT07M02.00S,07:02,Q2 07:02,30.966666666666665,242,freethrow,MISS L. James Free Throw 2 of 2,"['fastbreak', 'fromturnover']",James,46,37,Missed,False,False,2544,,freethrow,substitution,,,,1626156|1628971|1629008|1629022|201145|203076|203471|203484|203999|2544,1626156|1629022|203076|203471|2544,1628971|1629008|201145|203484|203999,,,1610612747.0,42200311
2,PT07M02.00S,07:02,Q2 07:02,30.966666666666665,237,substitution,SUB out: J. Green,[],Green,46,36,,False,False,201145,,freethrow,substitution,,,,1626156|1628971|1629008|1629022|203076|203471|203484|203999|2544,1628971|1629008|203484|203999,1626156|1629022|203076|203471|2544,,,1610612743.0,42200311
2,PT07M02.00S,07:02,Q2 07:02,30.966666666666665,238,substitution,SUB out: L. Walker IV,[],Walker IV,46,36,,False,False,1629022,,substitution,substitution,,,,1626156|1628971|1629008|203076|203471|203484|203999|2544,1626156|203076|203471|2544,1628971|1629008|203484|203999,,,1610612747.0,42200311
2,PT07M02.00S,07:02,Q2 07:02,30.966666666666665,239,substitution,SUB in: A. Gordon,[],Gordon,46,36,,False,False,203932,,substitution,substitution,,,,1626156|1628971|1629008|203076|203471|203484|203932|203999|2544,1628971|1629008|203484|203932|203999,1626156|203076|203471|2544,,,1610612743.0,42200311
2,PT07M02.00S,07:02,Q2 07:02,30.966666666666665,240,substitution,SUB in: A. Reaves,[],Reaves,46,36,,False,False,1630559,,substitution,rebound,,,,1626156|1628971|1629008|1630559|203076|203471|203484|203932|203999|2544,1626156|1630559|203076|203471|2544,1628971|1629008|203484|203932|203999,,,1610612747.0,42200311
2,PT07M00.00S,07:00,Q2 07:00,31.0,243,rebound,M. Porter Jr. REBOUND (Off:1 Def:3),[],Porter Jr.,46,37,,False,False,1629008,,substitution,2pt missed,,,,1626156|1628971|1629008|1630559|203076|203471|203484|203932|203999|2544,1628971|1629008|203484|203932|203999,1626156|1630559|203076|203471|2544,,,1610612743.0,42200311
2,PT06M45.00S,06:45,Q2 06:45,29.25,244,2pt,MISS B. Brown 7' driving floating Shot,['pointsinthepaint'],Brown,46,37,Missed,True,False,1628971,,rebound,rebound,,,,1626156|1628971|1629008|1630559|203076|203471|203484|203932|203999|2544,1628971|1629008|203484|203932|203999,1626156|1630559|203076|203471|2544,70.0,27.0,1610612743.0,42200311
2,PT06M44.00S,06:44,Q2 06:44,29.266666666666666,245,rebound,L. James REBOUND (Off:1 Def:5),[],James,46,37,,False,False,2544,,2pt missed,3pt missed,,,,1626156|1628971|1629008|1630559|203076|203471|203484|203932|203999|2544,1626156|1630559|203076|203471|2544,1628971|1629008|203484|203932|203999,,,1610612747.0,42200311
2,PT06M32.00S,06:32,Q2 06:32,29.466666666666665,246,3pt,MISS A. Reaves 26' 3PT,[],Reaves,46,37,Missed,True,False,1630559,,rebound,rebound,,,,1626156|1628971|1629008|1630559|203076|203471|203484|203932|203999|2544,1626156|1630559|203076|203471|2544,1628971|1629008|203484|203932|203999,92.0,245.0,1610612747.0,42200311
2,PT06M28.00S,06:28,Q2 06:28,29.533333333333335,247,rebound,M. Porter Jr. REBOUND (Off:1 Def:4),[],Porter Jr.,46,37,,False,False,1629008,,3pt missed,3pt missed,,,,1626156|1628971|1629008|1630559|203076|203471|203484|203932|203999|2544,1628971|1629008|203484|203932|203999,1626156|1630559|203076|203471|2544,,,1610612743.0,42200311
2,PT06M22.00S,06:22,Q2 06:22,29.633333333333333,248,3pt,MISS M. Porter Jr. 26' 3PT,[],Porter Jr.,46,37,Missed,True,False,1629008,,rebound,rebound,,,,1626156|1628971|1629008|1630559|203076|203471|203484|203932|203999|2544,1628971|1629008|203484|203932|203999,1626156|1630559|203076|203471|2544,-113.0,243.0,1610612743.0,42200311
2,PT06M19.00S,06:19,Q2 06:19,29.683333333333334,249,rebound,L. James REBOUND (Off:1 Def:6),[],James,46,37,,False,False,2544,,3pt missed,3pt missed,,,,1626156|1628971|1629008|1630559|203076|203471|203484|203932|203999|2544,1626156|1630559|203076|203471|2544,1628971|1629008|203484|203932|203999,,,1610612747.0,42200311
2,PT06M15.00S,06:15,Q2 06:15,29.75,250,3pt,MISS D. Russell 26' running 3PT,['fastbreak'],Russell,46,37,Missed,True,False,1626156,,rebound,rebound,,,,1626156|1628971|1629008|1630559|203076|203471|203484|203932|203999|2544,1626156|1630559|203076|203471|2544,1628971|1629008|203484|203932|203999,163.0,211.0,1610612747.0,42200311
2,PT06M12.00S,06:12,Q2 06:12,29.8,251,rebound,N. Jokic REBOUND (Off:6 Def:9),[],Jokic,46,37,,False,False,203999,,3pt missed,3pt missed,,,,1626156|1628971|1629008|1630559|203076|203471|203484|203932|203999|2544,1628971|1629008|203484|203932|203999,1626156|1630559|203076|203471|2544,,,1610612743.0,42200311
2,PT05M57.00S,05:57,Q2 05:57,28.05,252,3pt,MISS M. Porter Jr. 27' pullup 3PT,[],Porter Jr.,46,37,Missed,True,False,1629008,,rebound,rebound,,,,1626156|1628971|1629008|1630559|203076|203471|203484|203932|203999|2544,1628971|1629008|203484|203932|203999,1626156|1630559|203076|203471|2544,-102.0,253.0,1610612743.0,42200311
2,PT05M52.00S,05:52,Q2 05:52,28.133333333333333,253,rebound,K. Caldwell-Pope REBOUND (Off:1 Def:0),[],Caldwell-Pope,46,37,,False,False,203484,,3pt missed,3pt made,,,,1626156|1628971|1629008|1630559|203076|203471|203484|203932|203999|2544,1628971|1629008|203484|203932|203999,1626156|1630559|203076|203471|2544,,,1610612743.0,42200311
2,PT05M51.00S,05:51,Q2 05:51,28.15,254,3pt,N. Jokic 26' 3PT  (13 PTS) (K. Caldwell-Pope 1 AST),['2ndchance'],Jokic,49,37,Made,True,True,203999,203484.0,rebound,2pt missed,,,,1626156|1628971|1629008|1630559|203076|203471|203484|203932|203999|2544,1628971|1629008|203484|203932|203999,1626156|1630559|203076|203471|2544,42.0,267.0,1610612743.0,42200311
2,PT05M26.00S,05:26,Q2 05:26,28.566666666666666,256,2pt,MISS A. Reaves 8' pullup Shot,['pointsinthepaint'],Reaves,49,37,Missed,True,False,1630559,,3pt made,rebound,,,,1626156|1628971|1629008|1630559|203076|203471|203484|203932|203999|2544,1626156|1630559|203076|203471|2544,1628971|1629008|203484|203932|203999,-7.0,84.0,1610612747.0,42200311
2,PT05M23.00S,05:23,Q2 05:23,28.616666666666667,257,rebound,L. James REBOUND (Off:2 Def:6),[],James,49,37,,False,False,2544,,2pt missed,2pt made,,,,1626156|1628971|1629008|1630559|203076|203471|203484|203932|203999|2544,1626156|1630559|203076|203471|2544,1628971|1629008|203484|203932|203999,,,1610612747.0,42200311
2,PT05M22.00S,05:22,Q2 05:22,28.633333333333333,258,2pt,A. Davis reverse DUNK (12 PTS) (L. James 3 AST),"['pointsinthepaint', '2ndchance']",Davis,49,39,Made,True,True,203076,2544.0,rebound,2pt made,,,,1626156|1628971|1629008|1630559|203076|203471|203484|203932|203999|2544,1626156|1630559|203076|203471|2544,1628971|1629008|203484|203932|203999,11.0,6.0,1610612747.0,42200311
2,PT05M01.00S,05:01,Q2 05:01,28.983333333333334,260,2pt,N. Jokic driving DUNK (15 PTS) (K. Caldwell-Pope 2 AST),['pointsinthepaint'],Jokic,51,39,Made,True,True,203999,203484.0,2pt made,2pt made,,,,1626156|1628971|1629008|1630559|203076|203471|203484|203932|203999|2544,1628971|1629008|203484|203932|203999,1626156|1630559|203076|203471|2544,11.0,21.0,1610612743.0,42200311
2,PT04M34.00S,04:34,Q2 04:34,27.433333333333334,262,2pt,D. Russell 10' pullup Jump Shot (2 PTS),[],Russell,51,41,Made,True,False,1626156,,2pt made,2pt made,,,,1626156|1628971|1629008|1630559|203076|203471|203484|203932|203999|2544,1626156|1630559|203076|203471|2544,1628971|1629008|203484|203932|203999,104.0,15.0,1610612747.0,42200311
2,PT04M24.00S,04:24,Q2 04:24,27.6,263,2pt,B. Brown driving Layup (13 PTS),['pointsinthepaint'],Brown,53,41,Made,True,False,1628971,,2pt made,foul,,,,1626156|1628971|1629008|1630559|203076|203471|203484|203932|203999|2544,1628971|1629008|203484|203932|203999,1626156|1630559|203076|203471|2544,25.0,16.0,1610612743.0,42200311
2,PT04M24.00S,04:24,Q2 04:24,27.6,264,foul,D. Russell shooting personal FOUL (1 PF) (Brown 1 FT),['1freethrow'],Russell,53,41,,False,False,1626156,,2pt made,freethrow,1628971.0,,,1626156|1628971|1629008|1630559|203076|203471|203484|203932|203999|2544,1626156|1630559|203076|203471|2544,1628971|1629008|203484|203932|203999,,,1610612747.0,42200311
2,PT04M24.00S,04:24,Q2 04:24,27.6,268,freethrow,B. Brown Free Throw 1 of 1 (14 PTS),[],Brown,54,41,Made,False,False,1628971,,foul,substitution,,,,1626156|1628971|1629008|1630559|203076|203471|203484|203932|203999|2544,1628971|1629008|203484|203932|203999,1626156|1630559|203076|203471|2544,,,1610612743.0,42200311
2,PT04M24.00S,04:24,Q2 04:24,27.6,266,substitution,SUB out: L. James,[],James,53,41,,False,False,2544,,freethrow,substitution,,,,1626156|1628971|1629008|1630559|203076|203471|203484|203932|203999,1626156|1630559|203076|203471,1628971|1629008|203484|203932|203999,,,1610612747.0,42200311
2,PT04M24.00S,04:24,Q2 04:24,27.6,267,substitution,SUB in: R. Hachimura,[],Hachimura,53,41,,False,False,1629060,,substitution,2pt missed,,,,1626156|1628971|1629008|1629060|1630559|203076|203471|203484|203932|203999,1626156|1629060|1630559|203076|203471,1628971|1629008|203484|203932|203999,,,1610612747.0,42200311
2,PT04M03.00S,04:03,Q2 04:03,27.95,269,2pt,MISS A. Davis driving Hook,['pointsinthepaint'],Davis,54,41,Missed,True,False,203076,,substitution,rebound,,,,1626156|1628971|1629008|1629060|1630559|203076|203471|203484|203932|203999,1626156|1629060|1630559|203076|203471,1628971|1629008|203484|203932|203999,38.0,45.0,1610612747.0,42200311
2,PT04M01.00S,04:01,Q2 04:01,27.983333333333334,270,rebound,N. Jokic REBOUND (Off:6 Def:10),[],Jokic,54,41,,False,False,203999,,2pt missed,3pt missed,,,,1626156|1628971|1629008|1629060|1630559|203076|203471|203484|203932|203999,1628971|1629008|203484|203932|203999,1626156|1629060|1630559|203076|203471,,,1610612743.0,42200311
2,PT03M57.00S,03:57,Q2 03:57,26.05,271,3pt,MISS K. Caldwell-Pope running pullup 3PT,['fastbreak'],Caldwell-Pope,54,41,Missed,True,False,203484,,rebound,rebound,,,,1626156|1628971|1629008|1629060|1630559|203076|203471|203484|203932|203999,1628971|1629008|203484|203932|203999,1626156|1629060|1630559|203076|203471,224.0,69.0,1610612743.0,42200311
2,PT03M56.00S,03:56,Q2 03:56,26.066666666666666,272,rebound,TEAM defensive REBOUND,['team'],,54,41,,False,False,0,,3pt missed,foul,,,,1626156|1628971|1629008|1629060|1630559|203076|203471|203484|203932|203999,1626156|1629060|1630559|203076|203471,1628971|1629008|203484|203932|203999,,,1610612747.0,42200311
2,PT03M56.00S,03:56,Q2 03:56,26.066666666666666,273,foul,N. Jokic loose ball personal FOUL (1 PF),[],Jokic,54,41,,False,False,203999,,rebound,substitution,1630559.0,,,1626156|1628971|1629008|1629060|1630559|203076|203471|203484|203932|203999,1628971|1629008|203484|203932|203999,1626156|1629060|1630559|203076|203471,,,1610612743.0,42200311
2,PT03M56.00S,03:56,Q2 03:56,26.066666666666666,275,substitution,SUB out: B. Brown,[],Brown,54,41,,False,False,1628971,,foul,substitution,,,,1626156|1629008|1629060|1630559|203076|203471|203484|203932|203999,1629008|203484|203932|203999,1626156|1629060|1630559|203076|203471,,,1610612743.0,42200311
2,PT03M56.00S,03:56,Q2 03:56,26.066666666666666,276,substitution,SUB in: J. Murray,[],Murray,54,41,,False,False,1627750,,substitution,turnover,,,,1626156|1627750|1629008|1629060|1630559|203076|203471|203484|203932|203999,1627750|1629008|203484|203932|203999,1626156|1629060|1630559|203076|203471,,,1610612743.0,42200311
2,PT03M45.00S,03:45,Q2 03:45,26.25,277,turnover,D. Schroder bad pass TURNOVER (1 TO),[],Schroder,54,41,,False,False,203471,,substitution,steal,,203484.0,,1626156|1627750|1629008|1629060|1630559|203076|203471|203484|203932|203999,1626156|1629060|1630559|203076|203471,1627750|1629008|203484|203932|203999,,,1610612747.0,42200311
2,PT03M45.00S,03:45,Q2 03:45,26.25,278,steal,K. Caldwell-Pope STEAL (2 STL),[],Caldwell-Pope,54,41,,False,False,203484,,turnover,2pt made,,,,1626156|1627750|1629008|1629060|1630559|203076|203471|203484|203932|203999,1627750|1629008|203484|203932|203999,1626156|1629060|1630559|203076|203471,,,1610612743.0,42200311
2,PT03M40.00S,03:40,Q2 03:40,26.333333333333332,279,2pt,M. Porter Jr. running DUNK (7 PTS) (J. Murray 3 AST),"['pointsinthepaint', 'fromturnover', 'fastbreak']",Porter Jr.,56,41,Made,True,True,1629008,1627750.0,steal,2pt made,,,,1626156|1627750|1629008|1629060|1630559|203076|203471|203484|203932|203999,1627750|1629008|203484|203932|203999,1626156|1629060|1630559|203076|203471,-5.0,13.0,1610612743.0,42200311
2,PT03M27.00S,03:27,Q2 03:27,26.55,281,2pt,A. Davis cutting Layup (14 PTS) (D. Schroder 1 AST),['pointsinthepaint'],Davis,56,43,Made,True,True,203076,203471.0,2pt made,2pt missed,,,,1626156|1627750|1629008|1629060|1630559|203076|203471|203484|203932|203999,1626156|1629060|1630559|203076|203471,1627750|1629008|203484|203932|203999,7.0,22.0,1610612747.0,42200311
2,PT03M20.00S,03:20,Q2 03:20,26.666666666666668,283,2pt,MISS K. Caldwell-Pope driving finger roll Layup,['pointsinthepaint'],Caldwell-Pope,56,43,Missed,True,False,203484,,2pt made,rebound,,,,1626156|1627750|1629008|1629060|1630559|203076|203471|203484|203932|203999,1627750|1629008|203484|203932|203999,1626156|1629060|1630559|203076|203471,-33.0,34.0,1610612743.0,42200311
2,PT03M20.00S,03:20,Q2 03:20,26.666666666666668,284,rebound,M. Porter Jr. REBOUND (Off:2 Def:4),[],Porter Jr.,56,43,,False,False,1629008,,2pt missed,turnover,,,,1626156|1627750|1629008|1629060|1630559|203076|203471|203484|203932|203999,1627750|1629008|203484|203932|203999,1626156|1629060|1630559|203076|203471,,,1610612743.0,42200311
2,PT03M18.00S,03:18,Q2 03:18,26.7,285,turnover,M. Porter Jr. bad pass TURNOVER (1 TO),[],Porter Jr.,56,43,,False,False,1629008,,rebound,steal,,203076.0,,1626156|1627750|1629008|1629060|1630559|203076|203471|203484|203932|203999,1627750|1629008|203484|203932|203999,1626156|1629060|1630559|203076|203471,,,1610612743.0,42200311
2,PT03M18.00S,03:18,Q2 03:18,26.7,286,steal,A. Davis STEAL (2 STL),[],Davis,56,43,,False,False,203076,,turnover,2pt made,,,,1626156|1627750|1629008|1629060|1630559|203076|203471|203484|203932|203999,1626156|1629060|1630559|203076|203471,1627750|1629008|203484|203932|203999,,,1610612747.0,42200311
2,PT03M12.00S,03:12,Q2 03:12,26.8,287,2pt,R. Hachimura 18' running Jump Shot (9 PTS) (D. Russell 1 AST),"['fastbreak', 'fromturnover']",Hachimura,56,45,Made,True,True,1629060,1626156.0,steal,3pt made,,,,1626156|1627750|1629008|1629060|1630559|203076|203471|203484|203932|203999,1626156|1629060|1630559|203076|203471,1627750|1629008|203484|203932|203999,96.0,158.0,1610612747.0,42200311
2,PT02M50.00S,02:50,Q2 02:50,25.166666666666668,289,3pt,J. Murray 27' 3PT  (11 PTS) (N. Jokic 6 AST),[],Murray,59,45,Made,True,True,1627750,203999.0,2pt made,2pt missed,,,,1626156|1627750|1629008|1629060|1630559|203076|203471|203484|203932|203999,1627750|1629008|203484|203932|203999,1626156|1629060|1630559|203076|203471,-96.0,259.0,1610612743.0,42200311
2,PT02M33.00S,02:33,Q2 02:33,25.45,291,2pt,MISS D. Russell pullup Shot - blocked,['pointsinthepaint'],Russell,59,45,Missed,True,False,1626156,,3pt made,block,,,1627750.0,1626156|1627750|1629008|1629060|1630559|203076|203471|203484|203932|203999,1626156|1629060|1630559|203076|203471,1627750|1629008|203484|203932|203999,-53.0,8.0,1610612747.0,42200311
2,PT02M33.00S,02:33,Q2 02:33,25.45,292,block,J. Murray BLOCK (1 BLK),[],Murray,59,45,,False,False,1627750,,2pt missed,rebound,,,,1626156|1627750|1629008|1629060|1630559|203076|203471|203484|203932|203999,1627750|1629008|203484|203932|203999,1626156|1629060|1630559|203076|203471,,,1610612743.0,42200311
2,PT02M33.00S,02:33,Q2 02:33,25.45,293,rebound,TEAM offensive REBOUND,['team'],,59,45,,False,False,0,,block,2pt made,,,,1626156|1627750|1629008|1629060|1630559|203076|203471|203484|203932|203999,1626156|1629060|1630559|203076|203471,1627750|1629008|203484|203932|203999,,,1610612747.0,42200311
2,PT02M30.00S,02:30,Q2 02:30,25.5,295,2pt,A. Reaves alley-oop Layup (5 PTS) (D. Russell 2 AST),"['pointsinthepaint', '2ndchance']",Reaves,59,47,Made,True,True,1630559,1626156.0,rebound,foul,,,,1626156|1627750|1629008|1629060|1630559|203076|203471|203484|203932|203999,1626156|1629060|1630559|203076|203471,1627750|1629008|203484|203932|203999,21.0,24.0,1610612747.0,42200311
2,PT02M12.00S,02:12,Q2 02:12,25.8,297,foul,R. Hachimura personal FOUL (2 PF) (Jokic 2 FT),"['inpenalty', '2freethrow']",Hachimura,59,47,,False,False,1629060,,2pt made,freethrow,203999.0,,,1626156|1627750|1629008|1629060|1630559|203076|203471|203484|203932|203999,1626156|1629060|1630559|203076|203471,1627750|1629008|203484|203932|203999,,,1610612747.0,42200311
2,PT02M12.00S,02:12,Q2 02:12,25.8,299,freethrow,N. Jokic Free Throw 1 of 2 (16 PTS),[],Jokic,60,47,Made,False,False,203999,,foul,freethrow,,,,1626156|1627750|1629008|1629060|1630559|203076|203471|203484|203932|203999,1627750|1629008|203484|203932|203999,1626156|1629060|1630559|203076|203471,,,1610612743.0,42200311
2,PT02M12.00S,02:12,Q2 02:12,25.8,302,freethrow,N. Jokic Free Throw 2 of 2 (17 PTS),[],Jokic,61,47,Made,False,False,203999,,freethrow,substitution,,,,1626156|1627750|1629008|1629060|1630559|203076|203471|203484|203932|203999,1627750|1629008|203484|203932|203999,1626156|1629060|1630559|203076|203471,,,1610612743.0,42200311
2,PT02M12.00S,02:12,Q2 02:12,25.8,300,substitution,SUB out: D. Schroder,[],Schroder,60,47,,False,False,203471,,freethrow,substitution,,,,1626156|1627750|1629008|1629060|1630559|203076|203484|203932|203999,1626156|1629060|1630559|203076,1627750|1629008|203484|203932|203999,,,1610612747.0,42200311
2,PT02M12.00S,02:12,Q2 02:12,25.8,301,substitution,SUB in: L. James,[],James,60,47,,False,False,2544,,substitution,2pt missed,,,,1626156|1627750|1629008|1629060|1630559|203076|203484|203932|203999|2544,1626156|1629060|1630559|203076|2544,1627750|1629008|203484|203932|203999,,,1610612747.0,42200311
2,PT01M53.00S,01:53,Q2 01:53,24.116666666666667,303,2pt,MISS A. Reaves 9' driving floating Shot - blocked,['pointsinthepaint'],Reaves,61,47,Missed,True,False,1630559,,substitution,block,,,1629008.0,1626156|1627750|1629008|1629060|1630559|203076|203484|203932|203999|2544,1626156|1629060|1630559|203076|2544,1627750|1629008|203484|203932|203999,43.0,85.0,1610612747.0,42200311
2,PT01M53.00S,01:53,Q2 01:53,24.116666666666667,304,block,M. Porter Jr. BLOCK (1 BLK),[],Porter Jr.,61,47,,False,False,1629008,,2pt missed,rebound,,,,1626156|1627750|1629008|1629060|1630559|203076|203484|203932|203999|2544,1627750|1629008|203484|203932|203999,1626156|1629060|1630559|203076|2544,,,1610612743.0,42200311
2,PT01M51.00S,01:51,Q2 01:51,24.15,305,rebound,K. Caldwell-Pope REBOUND (Off:1 Def:1),[],Caldwell-Pope,61,47,,False,False,203484,,block,3pt made,,,,1626156|1627750|1629008|1629060|1630559|203076|203484|203932|203999|2544,1627750|1629008|203484|203932|203999,1626156|1629060|1630559|203076|2544,,,1610612743.0,42200311
2,PT01M47.00S,01:47,Q2 01:47,24.216666666666665,306,3pt,M. Porter Jr. 3PT step back (10 PTS) (K. Caldwell-Pope 3 AST),['fastbreak'],Porter Jr.,64,47,Made,True,True,1629008,203484.0,rebound,foul,,,,1626156|1627750|1629008|1629060|1630559|203076|203484|203932|203999|2544,1627750|1629008|203484|203932|203999,1626156|1629060|1630559|203076|2544,-230.0,52.0,1610612743.0,42200311
2,PT01M31.00S,01:31,Q2 01:31,24.483333333333334,308,foul,N. Jokic personal FOUL (2 PF),[],Jokic,64,47,,False,False,203999,,3pt made,2pt made,203076.0,,,1626156|1627750|1629008|1629060|1630559|203076|203484|203932|203999|2544,1627750|1629008|203484|203932|203999,1626156|1629060|1630559|203076|2544,,,1610612743.0,42200311
2,PT01M27.00S,01:27,Q2 01:27,24.55,310,2pt,A. Davis 16' pullup Jump Shot (16 PTS) (A. Reaves 5 AST),[],Davis,64,49,Made,True,True,203076,1630559.0,foul,2pt made,,,,1626156|1627750|1629008|1629060|1630559|203076|203484|203932|203999|2544,1626156|1629060|1630559|203076|2544,1627750|1629008|203484|203932|203999,-77.0,146.0,1610612747.0,42200311
2,PT01M15.00S,01:15,Q2 01:15,24.75,312,2pt,J. Murray 16' pullup Jump Shot (13 PTS),[],Murray,66,49,Made,True,False,1627750,,2pt made,2pt made,,,,1626156|1627750|1629008|1629060|1630559|203076|203484|203932|203999|2544,1627750|1629008|203484|203932|203999,1626156|1629060|1630559|203076|2544,-161.0,49.0,1610612743.0,42200311
2,PT01M01.00S,01:01,Q2 01:01,24.983333333333334,313,2pt,A. Davis cutting Layup (18 PTS) (A. Reaves 6 AST),['pointsinthepaint'],Davis,66,51,Made,True,True,203076,1630559.0,2pt made,2pt missed,,,,1626156|1627750|1629008|1629060|1630559|203076|203484|203932|203999|2544,1626156|1629060|1630559|203076|2544,1627750|1629008|203484|203932|203999,9.0,34.0,1610612747.0,42200311
2,PT00M54.70S,00:54,Q2 00:54,23.1,315,2pt,MISS A. Gordon driving Layup,['pointsinthepaint'],Gordon,66,51,Missed,True,False,203932,,2pt made,rebound,,,,1626156|1627750|1629008|1629060|1630559|203076|203484|203932|203999|2544,1627750|1629008|203484|203932|203999,1626156|1629060|1630559|203076|2544,-27.0,36.0,1610612743.0,42200311
2,PT00M51.80S,00:51,Q2 00:51,23.15,316,rebound,M. Porter Jr. REBOUND (Off:3 Def:4),[],Porter Jr.,66,51,,False,False,1629008,,2pt missed,2pt missed,,,,1626156|1627750|1629008|1629060|1630559|203076|203484|203932|203999|2544,1627750|1629008|203484|203932|203999,1626156|1629060|1630559|203076|2544,,,1610612743.0,42200311
2,PT00M50.50S,00:50,Q2 00:50,23.166666666666668,317,2pt,MISS M. Porter Jr. 16' step back Shot,['2ndchance'],Porter Jr.,66,51,Missed,True,False,1629008,,rebound,rebound,,,,1626156|1627750|1629008|1629060|1630559|203076|203484|203932|203999|2544,1627750|1629008|203484|203932|203999,1626156|1629060|1630559|203076|2544,-31.0,167.0,1610612743.0,42200311
2,PT00M50.50S,00:50,Q2 00:50,23.166666666666668,318,rebound,TEAM offensive REBOUND,['team'],,66,51,,False,False,0,,2pt missed,foul,,,,1626156|1627750|1629008|1629060|1630559|203076|203484|203932|203999|2544,1627750|1629008|203484|203932|203999,1626156|1629060|1630559|203076|2544,,,1610612743.0,42200311
2,PT00M47.20S,00:47,Q2 00:47,23.216666666666665,319,foul,R. Hachimura loose ball personal FOUL (3 PF) (Jokic 2 FT),"['inpenalty', '2freethrow']",Hachimura,66,51,,False,False,1629060,,rebound,freethrow,203999.0,,,1626156|1627750|1629008|1629060|1630559|203076|203484|203932|203999|2544,1626156|1629060|1630559|203076|2544,1627750|1629008|203484|203932|203999,,,1610612747.0,42200311
2,PT00M47.20S,00:47,Q2 00:47,23.216666666666665,321,freethrow,N. Jokic Free Throw 1 of 2 (18 PTS),['2ndchance'],Jokic,67,51,Made,False,False,203999,,foul,freethrow,,,,1626156|1627750|1629008|1629060|1630559|203076|203484|203932|203999|2544,1627750|1629008|203484|203932|203999,1626156|1629060|1630559|203076|2544,,,1610612743.0,42200311
2,PT00M47.20S,00:47,Q2 00:47,23.216666666666665,326,freethrow,N. Jokic Free Throw 2 of 2 (19 PTS),['2ndchance'],Jokic,68,51,Made,False,False,203999,,freethrow,substitution,,,,1626156|1627750|1629008|1629060|1630559|203076|203484|203932|203999|2544,1627750|1629008|203484|203932|203999,1626156|1629060|1630559|203076|2544,,,1610612743.0,42200311
2,PT00M47.20S,00:47,Q2 00:47,23.216666666666665,322,substitution,SUB out: M. Porter Jr.,[],Porter Jr.,67,51,,False,False,1629008,,freethrow,substitution,,,,1626156|1627750|1629060|1630559|203076|203484|203932|203999|2544,1627750|203484|203932|203999,1626156|1629060|1630559|203076|2544,,,1610612743.0,42200311
2,PT00M47.20S,00:47,Q2 00:47,23.216666666666665,323,substitution,SUB out: R. Hachimura,[],Hachimura,67,51,,False,False,1629060,,substitution,substitution,,,,1626156|1627750|1630559|203076|203484|203932|203999|2544,1626156|1630559|203076|2544,1627750|203484|203932|203999,,,1610612747.0,42200311
2,PT00M47.20S,00:47,Q2 00:47,23.216666666666665,324,substitution,SUB in: B. Brown,[],Brown,67,51,,False,False,1628971,,substitution,substitution,,,,1626156|1627750|1628971|1630559|203076|203484|203932|203999|2544,1627750|1628971|203484|203932|203999,1626156|1630559|203076|2544,,,1610612743.0,42200311
2,PT00M47.20S,00:47,Q2 00:47,23.216666666666665,325,substitution,SUB in: L. Walker IV,[],Walker IV,67,51,,False,False,1629022,,substitution,3pt made,,,,1626156|1627750|1628971|1629022|1630559|203076|203484|203932|203999|2544,1626156|1629022|1630559|203076|2544,1627750|1628971|203484|203932|203999,,,1610612747.0,42200311
2,PT00M37.90S,00:37,Q2 00:37,23.383333333333333,327,3pt,L. Walker IV 24' 3PT  (6 PTS) (D. Russell 3 AST),[],Walker IV,68,54,Made,True,True,1629022,1626156.0,substitution,2pt made,,,,1626156|1627750|1628971|1629022|1630559|203076|203484|203932|203999|2544,1626156|1629022|1630559|203076|2544,1627750|1628971|203484|203932|203999,244.0,41.0,1610612747.0,42200311
2,PT00M27.00S,00:27,Q2 00:27,23.55,329,2pt,J. Murray 17' Jump Shot (15 PTS) (N. Jokic 7 AST),[],Murray,70,54,Made,True,True,1627750,203999.0,3pt made,3pt missed,,,,1626156|1627750|1628971|1629022|1630559|203076|203484|203932|203999|2544,1627750|1628971|203484|203932|203999,1626156|1629022|1630559|203076|2544,-163.0,57.0,1610612743.0,42200311
2,PT00M09.50S,00:09,Q2 00:09,23.85,331,3pt,MISS D. Russell 3PT,[],Russell,70,54,Missed,True,False,1626156,,2pt made,rebound,,,,1626156|1627750|1628971|1629022|1630559|203076|203484|203932|203999|2544,1626156|1629022|1630559|203076|2544,1627750|1628971|203484|203932|203999,-225.0,-8.0,1610612747.0,42200311
2,PT00M06.80S,00:06,Q2 00:06,23.9,332,rebound,J. Murray REBOUND (Off:1 Def:3),[],Murray,70,54,,False,False,1627750,,3pt missed,2pt made,,,,1626156|1627750|1628971|1629022|1630559|203076|203484|203932|203999|2544,1627750|1628971|203484|203932|203999,1626156|1629022|1630559|203076|2544,,,1610612743.0,42200311
2,PT00M01.60S,00:01,Q2 00:01,23.983333333333334,333,2pt,J. Murray 21' pullup Jump Shot (17 PTS),[],Murray,72,54,Made,True,False,1627750,,rebound,substitution,,,,1626156|1627750|1628971|1629022|1630559|203076|203484|203932|203999|2544,1627750|1628971|203484|203932|203999,1626156|1629022|1630559|203076|2544,-119.0,174.0,1610612743.0,42200311
3,PT12M00.00S,12:00,Q3 12:00,24.0,337,substitution,SUB out: B. Brown,['startperiod'],Brown,72,54,,False,False,1628971,,2pt made,substitution,,,,1626156|1627750|1629022|1630559|203076|203484|203932|203999|2544,1627750|203484|203932|203999,1626156|1629022|1630559|203076|2544,,,1610612743.0,42200311
3,PT12M00.00S,12:00,Q3 12:00,24.0,338,substitution,SUB out: L. Walker IV,['startperiod'],Walker IV,72,54,,False,False,1629022,,substitution,substitution,,,,1626156|1627750|1630559|203076|203484|203932|203999|2544,1626156|1630559|203076|2544,1627750|203484|203932|203999,,,1610612747.0,42200311
3,PT12M00.00S,12:00,Q3 12:00,24.0,339,substitution,SUB in: M. Porter Jr.,['startperiod'],Porter Jr.,72,54,,False,False,1629008,,substitution,substitution,,,,1626156|1627750|1629008|1630559|203076|203484|203932|203999|2544,1627750|1629008|203484|203932|203999,1626156|1630559|203076|2544,,,1610612743.0,42200311
3,PT12M00.00S,12:00,Q3 12:00,24.0,340,substitution,SUB in: D. Schroder,['startperiod'],Schroder,72,54,,False,False,203471,,substitution,turnover,,,,1626156|1627750|1629008|1630559|203076|203471|203484|203932|203999|2544,1626156|1630559|203076|203471|2544,1627750|1629008|203484|203932|203999,,,1610612747.0,42200311
3,PT11M48.00S,11:48,Q3 11:48,22.2,342,turnover,A. Gordon lost ball out-of-bounds TURNOVER (2 TO),[],Gordon,72,54,,False,False,203932,,substitution,2pt made,,,,1626156|1627750|1629008|1630559|203076|203471|203484|203932|203999|2544,1627750|1629008|203484|203932|203999,1626156|1630559|203076|203471|2544,,,1610612743.0,42200311
3,PT11M32.00S,11:32,Q3 11:32,22.466666666666665,343,2pt,L. James driving Layup (13 PTS),"['pointsinthepaint', 'fromturnover']",James,72,56,Made,True,False,2544,,turnover,3pt made,,,,1626156|1627750|1629008|1630559|203076|203471|203484|203932|203999|2544,1626156|1630559|203076|203471|2544,1627750|1629008|203484|203932|203999,-22.0,38.0,1610612747.0,42200311
3,PT11M16.00S,11:16,Q3 11:16,22.733333333333334,344,3pt,J. Murray 24' 3PT step back (20 PTS),[],Murray,75,56,Made,True,False,1627750,,2pt made,2pt made,,,,1626156|1627750|1629008|1630559|203076|203471|203484|203932|203999|2544,1627750|1629008|203484|203932|203999,1626156|1630559|203076|203471|2544,-124.0,210.0,1610612743.0,42200311
3,PT11M05.00S,11:05,Q3 11:05,22.916666666666668,345,2pt,D. Russell 18' turnaround Jump Shot (4 PTS),[],Russell,75,58,Made,True,False,1626156,,3pt made,3pt made,,,,1626156|1627750|1629008|1630559|203076|203471|203484|203932|203999|2544,1626156|1630559|203076|203471|2544,1627750|1629008|203484|203932|203999,-121.0,139.0,1610612747.0,42200311
3,PT10M45.00S,10:45,Q3 10:45,21.25,346,3pt,J. Murray 26' 3PT step back (23 PTS),[],Murray,78,58,Made,True,False,1627750,,2pt made,3pt missed,,,,1626156|1627750|1629008|1630559|203076|203471|203484|203932|203999|2544,1627750|1629008|203484|203932|203999,1626156|1630559|203076|203471|2544,71.0,256.0,1610612743.0,42200311
3,PT10M29.00S,10:29,Q3 10:29,21.516666666666666,347,3pt,MISS L. James 26' pullup 3PT,[],James,78,58,Missed,True,False,2544,,3pt made,rebound,,,,1626156|1627750|1629008|1630559|203076|203471|203484|203932|203999|2544,1626156|1630559|203076|203471|2544,1627750|1629008|203484|203932|203999,74.0,259.0,1610612747.0,42200311
3,PT10M27.00S,10:27,Q3 10:27,21.55,348,rebound,A. Reaves REBOUND (Off:1 Def:0),[],Reaves,78,58,,False,False,1630559,,3pt missed,2pt made,,,,1626156|1627750|1629008|1630559|203076|203471|203484|203932|203999|2544,1626156|1630559|203076|203471|2544,1627750|1629008|203484|203932|203999,,,1610612747.0,42200311
3,PT10M23.00S,10:23,Q3 10:23,21.616666666666667,349,2pt,A. Davis DUNK (20 PTS) (L. James 4 AST),"['pointsinthepaint', '2ndchance']",Davis,78,60,Made,True,True,203076,2544.0,rebound,2pt missed,,,,1626156|1627750|1629008|1630559|203076|203471|203484|203932|203999|2544,1626156|1630559|203076|203471|2544,1627750|1629008|203484|203932|203999,0.0,18.0,1610612747.0,42200311
3,PT09M58.00S,09:58,Q3 09:58,20.033333333333335,351,2pt,MISS J. Murray 17' turnaround fadeaway Shot,[],Murray,78,60,Missed,True,False,1627750,,2pt made,rebound,,,,1626156|1627750|1629008|1630559|203076|203471|203484|203932|203999|2544,1627750|1629008|203484|203932|203999,1626156|1630559|203076|203471|2544,-94.0,151.0,1610612743.0,42200311
3,PT09M54.00S,09:54,Q3 09:54,20.1,352,rebound,A. Davis REBOUND (Off:0 Def:3),[],Davis,78,60,,False,False,203076,,2pt missed,turnover,,,,1626156|1627750|1629008|1630559|203076|203471|203484|203932|203999|2544,1626156|1630559|203076|203471|2544,1627750|1629008|203484|203932|203999,,,1610612747.0,42200311
3,PT09M46.00S,09:46,Q3 09:46,20.233333333333334,353,turnover,D. Schroder bad pass out-of-bounds TURNOVER (2 TO),[],Schroder,78,60,,False,False,203471,,rebound,3pt missed,,,,1626156|1627750|1629008|1630559|203076|203471|203484|203932|203999|2544,1626156|1630559|203076|203471|2544,1627750|1629008|203484|203932|203999,,,1610612747.0,42200311
3,PT09M43.00S,09:43,Q3 09:43,20.283333333333335,354,3pt,MISS A. Gordon 24' pullup 3PT,['fromturnover'],Gordon,78,60,Missed,True,False,203932,,turnover,rebound,,,,1626156|1627750|1629008|1630559|203076|203471|203484|203932|203999|2544,1627750|1629008|203484|203932|203999,1626156|1630559|203076|203471|2544,-137.0,198.0,1610612743.0,42200311
3,PT09M40.00S,09:40,Q3 09:40,20.333333333333332,355,rebound,A. Reaves REBOUND (Off:1 Def:1),[],Reaves,78,60,,False,False,1630559,,3pt missed,2pt made,,,,1626156|1627750|1629008|1630559|203076|203471|203484|203932|203999|2544,1626156|1630559|203076|203471|2544,1627750|1629008|203484|203932|203999,,,1610612747.0,42200311
3,PT09M34.00S,09:34,Q3 09:34,20.433333333333334,356,2pt,D. Russell 15' turnaround Jump Shot (6 PTS),[],Russell,78,62,Made,True,False,1626156,,rebound,timeout,,,,1626156|1627750|1629008|1630559|203076|203471|203484|203932|203999|2544,1626156|1630559|203076|203471|2544,1627750|1629008|203484|203932|203999,114.0,99.0,1610612747.0,42200311
3,PT09M33.00S,09:33,Q3 09:33,20.45,358,timeout,DEN Timeout,"['team', 'mandatory']",,78,62,,False,False,0,,2pt made,2pt made,,,,1626156|1627750|1629008|1630559|203076|203471|203484|203932|203999|2544,1627750|1629008|203484|203932|203999,1626156|1630559|203076|203471|2544,,,1610612743.0,42200311
3,PT09M15.00S,09:15,Q3 09:15,20.75,359,2pt,N. Jokic turnaround Jump Shot (21 PTS),['pointsinthepaint'],Jokic,80,62,Made,True,False,203999,,timeout,3pt missed,,,,1626156|1627750|1629008|1630559|203076|203471|203484|203932|203999|2544,1627750|1629008|203484|203932|203999,1626156|1630559|203076|203471|2544,13.0,47.0,1610612743.0,42200311
3,PT08M56.00S,08:56,Q3 08:56,19.066666666666666,360,3pt,MISS D. Russell 26' 3PT,[],Russell,80,62,Missed,True,False,1626156,,2pt made,rebound,,,,1626156|1627750|1629008|1630559|203076|203471|203484|203932|203999|2544,1626156|1630559|203076|203471|2544,1627750|1629008|203484|203932|203999,-82.0,249.0,1610612747.0,42200311
3,PT08M52.00S,08:52,Q3 08:52,19.133333333333333,361,rebound,M. Porter Jr. REBOUND (Off:3 Def:5),[],Porter Jr.,80,62,,False,False,1629008,,3pt missed,2pt made,,,,1626156|1627750|1629008|1630559|203076|203471|203484|203932|203999|2544,1627750|1629008|203484|203932|203999,1626156|1630559|203076|203471|2544,,,1610612743.0,42200311
3,PT08M44.00S,08:44,Q3 08:44,19.266666666666666,362,2pt,N. Jokic driving floating bank Jump Shot (23 PTS) (M. Porter Jr. 1 AST),['pointsinthepaint'],Jokic,82,62,Made,True,True,203999,1629008.0,rebound,2pt made,,,,1626156|1627750|1629008|1630559|203076|203471|203484|203932|203999|2544,1627750|1629008|203484|203932|203999,1626156|1630559|203076|203471|2544,-56.0,11.0,1610612743.0,42200311
3,PT08M32.00S,08:32,Q3 08:32,19.466666666666665,364,2pt,D. Russell 13' pullup Jump Shot (8 PTS) (A. Davis 2 AST),['pointsinthepaint'],Russell,82,64,Made,True,True,1626156,203076.0,2pt made,2pt made,,,,1626156|1627750|1629008|1630559|203076|203471|203484|203932|203999|2544,1626156|1630559|203076|203471|2544,1627750|1629008|203484|203932|203999,-53.0,125.0,1610612747.0,42200311
3,PT08M14.00S,08:14,Q3 08:14,19.766666666666666,366,2pt,K. Caldwell-Pope cutting Layup (6 PTS) (N. Jokic 8 AST),['pointsinthepaint'],Caldwell-Pope,84,64,Made,True,True,203484,203999.0,2pt made,2pt made,,,,1626156|1627750|1629008|1630559|203076|203471|203484|203932|203999|2544,1627750|1629008|203484|203932|203999,1626156|1630559|203076|203471|2544,22.0,8.0,1610612743.0,42200311
3,PT07M57.00S,07:57,Q3 07:57,18.05,368,2pt,A. Davis 13' floating Jump Shot (22 PTS) (L. James 5 AST),['pointsinthepaint'],Davis,84,66,Made,True,True,203076,2544.0,2pt made,2pt made,,,,1626156|1627750|1629008|1630559|203076|203471|203484|203932|203999|2544,1626156|1630559|203076|203471|2544,1627750|1629008|203484|203932|203999,-25.0,134.0,1610612747.0,42200311
3,PT07M37.00S,07:37,Q3 07:37,18.383333333333333,370,2pt,M. Porter Jr. 21' Jump Shot (12 PTS) (N. Jokic 9 AST),[],Porter Jr.,86,66,Made,True,True,1629008,203999.0,2pt made,2pt made,,,,1626156|1627750|1629008|1630559|203076|203471|203484|203932|203999|2544,1627750|1629008|203484|203932|203999,1626156|1630559|203076|203471|2544,-200.0,89.0,1610612743.0,42200311
3,PT07M25.00S,07:25,Q3 07:25,18.583333333333332,372,2pt,A. Davis 11' floating Jump Shot (24 PTS) (D. Schroder 2 AST),['pointsinthepaint'],Davis,86,68,Made,True,True,203076,203471.0,2pt made,foul,,,,1626156|1627750|1629008|1630559|203076|203471|203484|203932|203999|2544,1626156|1630559|203076|203471|2544,1627750|1629008|203484|203932|203999,-67.0,96.0,1610612747.0,42200311
3,PT07M17.00S,07:17,Q3 07:17,18.716666666666665,374,foul,A. Davis personal FOUL (1 PF),[],Davis,86,68,,False,False,203076,,2pt made,3pt missed,203999.0,,,1626156|1627750|1629008|1630559|203076|203471|203484|203932|203999|2544,1626156|1630559|203076|203471|2544,1627750|1629008|203484|203932|203999,,,1610612747.0,42200311
3,PT07M11.00S,07:11,Q3 07:11,18.816666666666666,376,3pt,MISS K. Caldwell-Pope 24' 3PT,[],Caldwell-Pope,86,68,Missed,True,False,203484,,foul,rebound,,,,1626156|1627750|1629008|1630559|203076|203471|203484|203932|203999|2544,1627750|1629008|203484|203932|203999,1626156|1630559|203076|203471|2544,-200.0,134.0,1610612743.0,42200311
3,PT07M08.00S,07:08,Q3 07:08,18.866666666666667,377,rebound,A. Davis REBOUND (Off:0 Def:4),[],Davis,86,68,,False,False,203076,,3pt missed,foul,,,,1626156|1627750|1629008|1630559|203076|203471|203484|203932|203999|2544,1626156|1630559|203076|203471|2544,1627750|1629008|203484|203932|203999,,,1610612747.0,42200311
3,PT06M59.00S,06:59,Q3 06:59,17.016666666666666,378,foul,J. Murray personal FOUL (2 PF),[],Murray,86,68,,False,False,1627750,,rebound,2pt made,203076.0,,,1626156|1627750|1629008|1630559|203076|203471|203484|203932|203999|2544,1627750|1629008|203484|203932|203999,1626156|1630559|203076|203471|2544,,,1610612743.0,42200311
3,PT06M50.00S,06:50,Q3 06:50,17.166666666666668,380,2pt,A. Reaves 20' pullup Jump Shot (7 PTS),[],Reaves,86,70,Made,True,False,1630559,,foul,2pt made,,,,1626156|1627750|1629008|1630559|203076|203471|203484|203932|203999|2544,1626156|1630559|203076|203471|2544,1627750|1629008|203484|203932|203999,-147.0,148.0,1610612747.0,42200311
3,PT06M30.00S,06:30,Q3 06:30,17.5,381,2pt,K. Caldwell-Pope 10' driving floating Jump Shot (8 PTS) (N. Jokic 10 AST),['pointsinthepaint'],Caldwell-Pope,88,70,Made,True,True,203484,203999.0,2pt made,2pt missed,,,,1626156|1627750|1629008|1630559|203076|203471|203484|203932|203999|2544,1627750|1629008|203484|203932|203999,1626156|1630559|203076|203471|2544,50.0,89.0,1610612743.0,42200311
3,PT06M17.00S,06:17,Q3 06:17,17.716666666666665,383,2pt,MISS D. Russell 14' turnaround fadeaway Shot,[],Russell,88,70,Missed,True,False,1626156,,2pt made,rebound,,,,1626156|1627750|1629008|1630559|203076|203471|203484|203932|203999|2544,1626156|1630559|203076|203471|2544,1627750|1629008|203484|203932|203999,145.0,11.0,1610612747.0,42200311
3,PT06M15.00S,06:15,Q3 06:15,17.75,384,rebound,N. Jokic REBOUND (Off:6 Def:11),[],Jokic,88,70,,False,False,203999,,2pt missed,2pt made,,,,1626156|1627750|1629008|1630559|203076|203471|203484|203932|203999|2544,1627750|1629008|203484|203932|203999,1626156|1630559|203076|203471|2544,,,1610612743.0,42200311
3,PT06M05.00S,06:05,Q3 06:05,17.916666666666668,385,2pt,K. Caldwell-Pope 12' pullup Jump Shot (10 PTS) (N. Jokic 11 AST),[],Caldwell-Pope,90,70,Made,True,True,203484,203999.0,rebound,timeout,,,,1626156|1627750|1629008|1630559|203076|203471|203484|203932|203999|2544,1627750|1629008|203484|203932|203999,1626156|1630559|203076|203471|2544,81.0,93.0,1610612743.0,42200311
3,PT06M05.00S,06:05,Q3 06:05,17.916666666666668,387,timeout,LAL Timeout,"['team', 'mandatory']",,90,70,,False,False,0,,2pt made,substitution,,,,1626156|1627750|1629008|1630559|203076|203471|203484|203932|203999|2544,1626156|1630559|203076|203471|2544,1627750|1629008|203484|203932|203999,,,1610612747.0,42200311
3,PT06M05.00S,06:05,Q3 06:05,17.916666666666668,388,substitution,SUB out: J. Murray,[],Murray,90,70,,False,False,1627750,,timeout,substitution,,,,1626156|1629008|1630559|203076|203471|203484|203932|203999|2544,1629008|203484|203932|203999,1626156|1630559|203076|203471|2544,,,1610612743.0,42200311
3,PT06M05.00S,06:05,Q3 06:05,17.916666666666668,389,substitution,SUB in: B. Brown,[],Brown,90,70,,False,False,1628971,,substitution,2pt made,,,,1626156|1628971|1629008|1630559|203076|203471|203484|203932|203999|2544,1628971|1629008|203484|203932|203999,1626156|1630559|203076|203471|2544,,,1610612743.0,42200311
3,PT05M50.00S,05:50,Q3 05:50,16.166666666666668,390,2pt,L. James 21' Jump Shot (15 PTS) (D. Schroder 3 AST),[],James,90,72,Made,True,True,2544,203471.0,substitution,3pt made,,,,1626156|1628971|1629008|1630559|203076|203471|203484|203932|203999|2544,1626156|1630559|203076|203471|2544,1628971|1629008|203484|203932|203999,-136.0,164.0,1610612747.0,42200311
3,PT05M24.00S,05:24,Q3 05:24,16.6,392,3pt,N. Jokic 24' 3PT  (26 PTS) (B. Brown 1 AST),[],Jokic,93,72,Made,True,True,203999,1628971.0,2pt made,2pt made,,,,1626156|1628971|1629008|1630559|203076|203471|203484|203932|203999|2544,1628971|1629008|203484|203932|203999,1626156|1630559|203076|203471|2544,-78.0,231.0,1610612743.0,42200311
3,PT05M12.00S,05:12,Q3 05:12,16.8,394,2pt,A. Davis 19' Jump Shot (26 PTS) (A. Reaves 7 AST),[],Davis,93,74,Made,True,True,203076,1630559.0,3pt made,2pt missed,,,,1626156|1628971|1629008|1630559|203076|203471|203484|203932|203999|2544,1626156|1630559|203076|203471|2544,1628971|1629008|203484|203932|203999,124.0,148.0,1610612747.0,42200311
3,PT04M59.00S,04:59,Q3 04:59,15.016666666666667,396,2pt,MISS K. Caldwell-Pope driving Layup,['pointsinthepaint'],Caldwell-Pope,93,74,Missed,True,False,203484,,2pt made,rebound,,,,1626156|1628971|1629008|1630559|203076|203471|203484|203932|203999|2544,1628971|1629008|203484|203932|203999,1626156|1630559|203076|203471|2544,31.0,8.0,1610612743.0,42200311
3,PT04M59.00S,04:59,Q3 04:59,15.016666666666667,397,rebound,A. Davis REBOUND (Off:0 Def:5),[],Davis,93,74,,False,False,203076,,2pt missed,2pt made,,,,1626156|1628971|1629008|1630559|203076|203471|203484|203932|203999|2544,1626156|1630559|203076|203471|2544,1628971|1629008|203484|203932|203999,,,1610612747.0,42200311
3,PT04M53.00S,04:53,Q3 04:53,15.116666666666667,398,2pt,L. James running Layup (17 PTS),"['fastbreak', 'pointsinthepaint']",James,93,76,Made,True,False,2544,,rebound,3pt made,,,,1626156|1628971|1629008|1630559|203076|203471|203484|203932|203999|2544,1626156|1630559|203076|203471|2544,1628971|1629008|203484|203932|203999,-21.0,10.0,1610612747.0,42200311
3,PT04M30.00S,04:30,Q3 04:30,15.5,399,3pt,K. Caldwell-Pope 26' 3PT  (13 PTS) (N. Jokic 12 AST),[],Caldwell-Pope,96,76,Made,True,True,203484,203999.0,2pt made,3pt made,,,,1626156|1628971|1629008|1630559|203076|203471|203484|203932|203999|2544,1628971|1629008|203484|203932|203999,1626156|1630559|203076|203471|2544,146.0,219.0,1610612743.0,42200311
3,PT04M18.00S,04:18,Q3 04:18,15.7,401,3pt,A. Reaves 26' 3PT  (10 PTS) (D. Schroder 4 AST),[],Reaves,96,79,Made,True,True,1630559,203471.0,3pt made,substitution,,,,1626156|1628971|1629008|1630559|203076|203471|203484|203932|203999|2544,1626156|1630559|203076|203471|2544,1628971|1629008|203484|203932|203999,118.0,239.0,1610612747.0,42200311
3,PT04M02.00S,04:02,Q3 04:02,15.966666666666667,405,substitution,SUB out: M. Porter Jr.,[],Porter Jr.,96,79,,False,False,1629008,,3pt made,substitution,,,,1626156|1628971|1630559|203076|203471|203484|203932|203999|2544,1628971|203484|203932|203999,1626156|1630559|203076|203471|2544,,,1610612743.0,42200311
3,PT04M02.00S,04:02,Q3 04:02,15.966666666666667,406,substitution,SUB out: A. Gordon,[],Gordon,96,79,,False,False,203932,,substitution,substitution,,,,1626156|1628971|1630559|203076|203471|203484|203999|2544,1628971|203484|203999,1626156|1630559|203076|203471|2544,,,1610612743.0,42200311
3,PT04M02.00S,04:02,Q3 04:02,15.966666666666667,407,substitution,SUB out: A. Reaves,[],Reaves,96,79,,False,False,1630559,,substitution,substitution,,,,1626156|1628971|203076|203471|203484|203999|2544,1626156|203076|203471|2544,1628971|203484|203999,,,1610612747.0,42200311
3,PT04M02.00S,04:02,Q3 04:02,15.966666666666667,408,substitution,SUB out: D. Schroder,[],Schroder,96,79,,False,False,203471,,substitution,substitution,,,,1626156|1628971|203076|203484|203999|2544,1626156|203076|2544,1628971|203484|203999,,,1610612747.0,42200311
3,PT04M02.00S,04:02,Q3 04:02,15.966666666666667,409,substitution,SUB in: C. Braun,[],Braun,96,79,,False,False,1631128,,substitution,substitution,,,,1626156|1628971|1631128|203076|203484|203999|2544,1628971|1631128|203484|203999,1626156|203076|2544,,,1610612743.0,42200311
3,PT04M02.00S,04:02,Q3 04:02,15.966666666666667,410,substitution,SUB in: J. Green,[],Green,96,79,,False,False,201145,,substitution,substitution,,,,1626156|1628971|1631128|201145|203076|203484|203999|2544,1628971|1631128|201145|203484|203999,1626156|203076|2544,,,1610612743.0,42200311
3,PT04M02.00S,04:02,Q3 04:02,15.966666666666667,411,substitution,SUB in: J. Vanderbilt,[],Vanderbilt,96,79,,False,False,1629020,,substitution,substitution,,,,1626156|1628971|1629020|1631128|201145|203076|203484|203999|2544,1626156|1629020|203076|2544,1628971|1631128|201145|203484|203999,,,1610612747.0,42200311
3,PT04M02.00S,04:02,Q3 04:02,15.966666666666667,412,substitution,SUB in: L. Walker IV,[],Walker IV,96,79,,False,False,1629022,,substitution,3pt made,,,,1626156|1628971|1629020|1629022|1631128|201145|203076|203484|203999|2544,1626156|1629020|1629022|203076|2544,1628971|1631128|201145|203484|203999,,,1610612747.0,42200311
3,PT03M56.00S,03:56,Q3 03:56,14.066666666666666,413,3pt,K. Caldwell-Pope 24' 3PT  (16 PTS) (B. Brown 2 AST),[],Caldwell-Pope,99,79,Made,True,True,203484,1628971.0,substitution,foul,,,,1626156|1628971|1629020|1629022|1631128|201145|203076|203484|203999|2544,1628971|1631128|201145|203484|203999,1626156|1629020|1629022|203076|2544,-93.0,231.0,1610612743.0,42200311
3,PT03M38.00S,03:38,Q3 03:38,14.366666666666667,415,foul,K. Caldwell-Pope shooting personal FOUL (2 PF) (James 2 FT),['2freethrow'],Caldwell-Pope,99,79,,False,False,203484,,3pt made,freethrow,2544.0,,,1626156|1628971|1629020|1629022|1631128|201145|203076|203484|203999|2544,1628971|1631128|201145|203484|203999,1626156|1629020|1629022|203076|2544,,,1610612743.0,42200311
3,PT03M38.00S,03:38,Q3 03:38,14.366666666666667,417,freethrow,L. James Free Throw 1 of 2 (18 PTS),[],James,99,80,Made,False,False,2544,,foul,freethrow,,,,1626156|1628971|1629020|1629022|1631128|201145|203076|203484|203999|2544,1626156|1629020|1629022|203076|2544,1628971|1631128|201145|203484|203999,,,1610612747.0,42200311
3,PT03M38.00S,03:38,Q3 03:38,14.366666666666667,418,freethrow,L. James Free Throw 2 of 2 (19 PTS),[],James,99,81,Made,False,False,2544,,freethrow,2pt made,,,,1626156|1628971|1629020|1629022|1631128|201145|203076|203484|203999|2544,1626156|1629020|1629022|203076|2544,1628971|1631128|201145|203484|203999,,,1610612747.0,42200311
3,PT03M28.00S,03:28,Q3 03:28,14.533333333333333,419,2pt,B. Brown driving DUNK (16 PTS),['pointsinthepaint'],Brown,101,81,Made,True,False,1628971,,freethrow,substitution,,,,1626156|1628971|1629020|1629022|1631128|201145|203076|203484|203999|2544,1628971|1631128|201145|203484|203999,1626156|1629020|1629022|203076|2544,9.0,1.0,1610612743.0,42200311
3,PT03M15.00S,03:15,Q3 03:15,14.75,421,substitution,SUB out: D. Russell,[],Russell,101,81,,False,False,1626156,,2pt made,substitution,,,,1628971|1629020|1629022|1631128|201145|203076|203484|203999|2544,1629020|1629022|203076|2544,1628971|1631128|201145|203484|203999,,,1610612747.0,42200311
3,PT03M15.00S,03:15,Q3 03:15,14.75,422,substitution,SUB out: L. James,[],James,101,81,,False,False,2544,,substitution,substitution,,,,1628971|1629020|1629022|1631128|201145|203076|203484|203999,1629020|1629022|203076,1628971|1631128|201145|203484|203999,,,1610612747.0,42200311
3,PT03M15.00S,03:15,Q3 03:15,14.75,423,substitution,SUB in: R. Hachimura,[],Hachimura,101,81,,False,False,1629060,,substitution,substitution,,,,1628971|1629020|1629022|1629060|1631128|201145|203076|203484|203999,1629020|1629022|1629060|203076,1628971|1631128|201145|203484|203999,,,1610612747.0,42200311
3,PT03M15.00S,03:15,Q3 03:15,14.75,424,substitution,SUB in: A. Reaves,[],Reaves,101,81,,False,False,1630559,,substitution,3pt missed,,,,1628971|1629020|1629022|1629060|1630559|1631128|201145|203076|203484|203999,1629020|1629022|1629060|1630559|203076,1628971|1631128|201145|203484|203999,,,1610612747.0,42200311
3,PT03M08.00S,03:08,Q3 03:08,14.866666666666667,425,3pt,MISS L. Walker IV 3PT,[],Walker IV,101,81,Missed,True,False,1629022,,substitution,rebound,,,,1628971|1629020|1629022|1629060|1630559|1631128|201145|203076|203484|203999,1629020|1629022|1629060|1630559|203076,1628971|1631128|201145|203484|203999,-233.0,27.0,1610612747.0,42200311
3,PT03M05.00S,03:05,Q3 03:05,14.916666666666666,426,rebound,N. Jokic REBOUND (Off:6 Def:12),[],Jokic,101,81,,False,False,203999,,3pt missed,foul,,,,1628971|1629020|1629022|1629060|1630559|1631128|201145|203076|203484|203999,1628971|1631128|201145|203484|203999,1629020|1629022|1629060|1630559|203076,,,1610612743.0,42200311
3,PT02M58.00S,02:58,Q3 02:58,13.033333333333333,427,foul,K. Caldwell-Pope charge offensive FOUL (3 PF),[],Caldwell-Pope,101,81,,False,False,203484,,rebound,turnover,1630559.0,,,1628971|1629020|1629022|1629060|1630559|1631128|201145|203076|203484|203999,1628971|1631128|201145|203484|203999,1629020|1629022|1629060|1630559|203076,,,1610612743.0,42200311
3,PT02M58.00S,02:58,Q3 02:58,13.033333333333333,429,turnover,K. Caldwell-Pope offensive foul TURNOVER (1 TO),[],Caldwell-Pope,101,81,,False,False,203484,,foul,2pt missed,,,,1628971|1629020|1629022|1629060|1630559|1631128|201145|203076|203484|203999,1628971|1631128|201145|203484|203999,1629020|1629022|1629060|1630559|203076,,,1610612743.0,42200311
3,PT02M38.00S,02:38,Q3 02:38,13.366666666666667,430,2pt,MISS A. Reaves 17' pullup Shot,['fromturnover'],Reaves,101,81,Missed,True,False,1630559,,turnover,rebound,,,,1628971|1629020|1629022|1629060|1630559|1631128|201145|203076|203484|203999,1629020|1629022|1629060|1630559|203076,1628971|1631128|201145|203484|203999,-136.0,117.0,1610612747.0,42200311
3,PT02M35.00S,02:35,Q3 02:35,13.416666666666666,431,rebound,N. Jokic REBOUND (Off:6 Def:13),[],Jokic,101,81,,False,False,203999,,2pt missed,2pt missed,,,,1628971|1629020|1629022|1629060|1630559|1631128|201145|203076|203484|203999,1628971|1631128|201145|203484|203999,1629020|1629022|1629060|1630559|203076,,,1610612743.0,42200311
3,PT02M26.00S,02:26,Q3 02:26,13.566666666666666,432,2pt,MISS B. Brown driving finger roll Layup,['pointsinthepaint'],Brown,101,81,Missed,True,False,1628971,,rebound,rebound,,,,1628971|1629020|1629022|1629060|1630559|1631128|201145|203076|203484|203999,1628971|1631128|201145|203484|203999,1629020|1629022|1629060|1630559|203076,-36.0,20.0,1610612743.0,42200311
3,PT02M24.00S,02:24,Q3 02:24,13.6,433,rebound,A. Davis REBOUND (Off:0 Def:6),[],Davis,101,81,,False,False,203076,,2pt missed,2pt made,,,,1628971|1629020|1629022|1629060|1630559|1631128|201145|203076|203484|203999,1629020|1629022|1629060|1630559|203076,1628971|1631128|201145|203484|203999,,,1610612747.0,42200311
3,PT02M15.00S,02:15,Q3 02:15,13.75,434,2pt,R. Hachimura driving reverse Layup (11 PTS),['pointsinthepaint'],Hachimura,101,83,Made,True,False,1629060,,rebound,turnover,,,,1628971|1629020|1629022|1629060|1630559|1631128|201145|203076|203484|203999,1629020|1629022|1629060|1630559|203076,1628971|1631128|201145|203484|203999,37.0,18.0,1610612747.0,42200311
3,PT01M55.00S,01:55,Q3 01:55,12.083333333333334,435,turnover,N. Jokic bad pass TURNOVER (3 TO),[],Jokic,101,83,,False,False,203999,,2pt made,steal,,1629022.0,,1628971|1629020|1629022|1629060|1630559|1631128|201145|203076|203484|203999,1628971|1631128|201145|203484|203999,1629020|1629022|1629060|1630559|203076,,,1610612743.0,42200311
3,PT01M55.00S,01:55,Q3 01:55,12.083333333333334,436,steal,L. Walker IV STEAL (2 STL),[],Walker IV,101,83,,False,False,1629022,,turnover,2pt made,,,,1628971|1629020|1629022|1629060|1630559|1631128|201145|203076|203484|203999,1629020|1629022|1629060|1630559|203076,1628971|1631128|201145|203484|203999,,,1610612747.0,42200311
3,PT01M39.00S,01:39,Q3 01:39,12.35,437,2pt,A. Davis 15' turnaround Jump Shot (28 PTS),['fromturnover'],Davis,101,85,Made,True,False,203076,,steal,foul,,,,1628971|1629020|1629022|1629060|1630559|1631128|201145|203076|203484|203999,1629020|1629022|1629060|1630559|203076,1628971|1631128|201145|203484|203999,-82.0,136.0,1610612747.0,42200311
3,PT01M39.00S,01:39,Q3 01:39,12.35,438,foul,C. Braun shooting personal FOUL (1 PF) (Davis 1 FT),['1freethrow'],Braun,101,85,,False,False,1631128,,2pt made,freethrow,203076.0,,,1628971|1629020|1629022|1629060|1630559|1631128|201145|203076|203484|203999,1628971|1631128|201145|203484|203999,1629020|1629022|1629060|1630559|203076,,,1610612743.0,42200311
3,PT01M39.00S,01:39,Q3 01:39,12.35,442,freethrow,A. Davis Free Throw 1 of 1 (29 PTS),['fromturnover'],Davis,101,86,Made,False,False,203076,,foul,substitution,,,,1628971|1629020|1629022|1629060|1630559|1631128|201145|203076|203484|203999,1629020|1629022|1629060|1630559|203076,1628971|1631128|201145|203484|203999,,,1610612747.0,42200311
3,PT01M39.00S,01:39,Q3 01:39,12.35,440,substitution,SUB out: K. Caldwell-Pope,[],Caldwell-Pope,101,85,,False,False,203484,,freethrow,substitution,,,,1628971|1629020|1629022|1629060|1630559|1631128|201145|203076|203999,1628971|1631128|201145|203999,1629020|1629022|1629060|1630559|203076,,,1610612743.0,42200311
3,PT01M39.00S,01:39,Q3 01:39,12.35,441,substitution,SUB in: J. Murray,[],Murray,101,85,,False,False,1627750,,substitution,2pt made,,,,1627750|1628971|1629020|1629022|1629060|1630559|1631128|201145|203076|203999,1627750|1628971|1631128|201145|203999,1629020|1629022|1629060|1630559|203076,,,1610612743.0,42200311
3,PT01M19.00S,01:19,Q3 01:19,12.683333333333334,443,2pt,N. Jokic 10' turnaround fadeaway Jump Shot (28 PTS),['pointsinthepaint'],Jokic,103,86,Made,True,False,203999,,substitution,2pt made,,,,1627750|1628971|1629020|1629022|1629060|1630559|1631128|201145|203076|203999,1627750|1628971|1631128|201145|203999,1629020|1629022|1629060|1630559|203076,-17.0,103.0,1610612743.0,42200311
3,PT01M03.00S,01:03,Q3 01:03,12.95,444,2pt,R. Hachimura driving Layup (13 PTS),['pointsinthepaint'],Hachimura,103,88,Made,True,False,1629060,,2pt made,turnover,,,,1627750|1628971|1629020|1629022|1629060|1630559|1631128|201145|203076|203999,1629020|1629022|1629060|1630559|203076,1627750|1628971|1631128|201145|203999,29.0,15.0,1610612747.0,42200311
3,PT00M42.20S,00:42,Q3 00:42,11.3,445,turnover,J. Murray bad pass TURNOVER (1 TO),[],Murray,103,88,,False,False,1627750,,2pt made,steal,,1629020.0,,1627750|1628971|1629020|1629022|1629060|1630559|1631128|201145|203076|203999,1627750|1628971|1631128|201145|203999,1629020|1629022|1629060|1630559|203076,,,1610612743.0,42200311
3,PT00M42.20S,00:42,Q3 00:42,11.3,446,steal,J. Vanderbilt STEAL (1 STL),[],Vanderbilt,103,88,,False,False,1629020,,turnover,foul,,,,1627750|1628971|1629020|1629022|1629060|1630559|1631128|201145|203076|203999,1629020|1629022|1629060|1630559|203076,1627750|1628971|1631128|201145|203999,,,1610612747.0,42200311
3,PT00M36.60S,00:36,Q3 00:36,11.4,447,foul,B. Brown shooting personal FOUL (1 PF) (Reaves 2 FT),"['inpenalty', '2freethrow']",Brown,103,88,,False,False,1628971,,steal,freethrow,1630559.0,,,1627750|1628971|1629020|1629022|1629060|1630559|1631128|201145|203076|203999,1627750|1628971|1631128|201145|203999,1629020|1629022|1629060|1630559|203076,,,1610612743.0,42200311
3,PT00M36.60S,00:36,Q3 00:36,11.4,449,freethrow,A. Reaves Free Throw 1 of 2 (11 PTS),"['fromturnover', 'fastbreak']",Reaves,103,89,Made,False,False,1630559,,foul,freethrow,,,,1627750|1628971|1629020|1629022|1629060|1630559|1631128|201145|203076|203999,1629020|1629022|1629060|1630559|203076,1627750|1628971|1631128|201145|203999,,,1610612747.0,42200311
3,PT00M36.60S,00:36,Q3 00:36,11.4,450,freethrow,A. Reaves Free Throw 2 of 2 (12 PTS),"['fastbreak', 'fromturnover']",Reaves,103,90,Made,False,False,1630559,,freethrow,3pt missed,,,,1627750|1628971|1629020|1629022|1629060|1630559|1631128|201145|203076|203999,1629020|1629022|1629060|1630559|203076,1627750|1628971|1631128|201145|203999,,,1610612747.0,42200311
3,PT00M14.60S,00:14,Q3 00:14,11.766666666666667,451,3pt,MISS J. Murray 24' step back 3PT,[],Murray,103,90,Missed,True,False,1627750,,freethrow,rebound,,,,1627750|1628971|1629020|1629022|1629060|1630559|1631128|201145|203076|203999,1627750|1628971|1631128|201145|203999,1629020|1629022|1629060|1630559|203076,32.0,241.0,1610612743.0,42200311
3,PT00M10.10S,00:10,Q3 00:10,11.833333333333334,452,rebound,J. Vanderbilt REBOUND (Off:0 Def:1),[],Vanderbilt,103,90,,False,False,1629020,,3pt missed,foul,,,,1627750|1628971|1629020|1629022|1629060|1630559|1631128|201145|203076|203999,1629020|1629022|1629060|1630559|203076,1627750|1628971|1631128|201145|203999,,,1610612747.0,42200311
3,PT00M06.70S,00:06,Q3 00:06,11.9,453,foul,J. Murray shooting personal FOUL (3 PF) (Davis 2 FT),"['inpenalty', '2freethrow']",Murray,103,90,,False,False,1627750,,rebound,freethrow,203076.0,,,1627750|1628971|1629020|1629022|1629060|1630559|1631128|201145|203076|203999,1627750|1628971|1631128|201145|203999,1629020|1629022|1629060|1630559|203076,,,1610612743.0,42200311
3,PT00M06.70S,00:06,Q3 00:06,11.9,455,freethrow,A. Davis Free Throw 1 of 2 (30 PTS),['fastbreak'],Davis,103,91,Made,False,False,203076,,foul,freethrow,,,,1627750|1628971|1629020|1629022|1629060|1630559|1631128|201145|203076|203999,1629020|1629022|1629060|1630559|203076,1627750|1628971|1631128|201145|203999,,,1610612747.0,42200311
3,PT00M06.70S,00:06,Q3 00:06,11.9,460,freethrow,A. Davis Free Throw 2 of 2 (31 PTS),['fastbreak'],Davis,103,92,Made,False,False,203076,,freethrow,substitution,,,,1627750|1628971|1629020|1629022|1629060|1630559|1631128|201145|203076|203999,1629020|1629022|1629060|1630559|203076,1627750|1628971|1631128|201145|203999,,,1610612747.0,42200311
3,PT00M06.70S,00:06,Q3 00:06,11.9,456,substitution,SUB out: C. Braun,[],Braun,103,91,,False,False,1631128,,freethrow,substitution,,,,1627750|1628971|1629020|1629022|1629060|1630559|201145|203076|203999,1627750|1628971|201145|203999,1629020|1629022|1629060|1630559|203076,,,1610612743.0,42200311
3,PT00M06.70S,00:06,Q3 00:06,11.9,457,substitution,SUB out: A. Reaves,[],Reaves,103,91,,False,False,1630559,,substitution,substitution,,,,1627750|1628971|1629020|1629022|1629060|201145|203076|203999,1629020|1629022|1629060|203076,1627750|1628971|201145|203999,,,1610612747.0,42200311
3,PT00M06.70S,00:06,Q3 00:06,11.9,458,substitution,SUB in: M. Porter Jr.,[],Porter Jr.,103,91,,False,False,1629008,,substitution,substitution,,,,1627750|1628971|1629008|1629020|1629022|1629060|201145|203076|203999,1627750|1628971|1629008|201145|203999,1629020|1629022|1629060|203076,,,1610612743.0,42200311
3,PT00M06.70S,00:06,Q3 00:06,11.9,459,substitution,SUB in: D. Schroder,[],Schroder,103,91,,False,False,203471,,substitution,3pt made,,,,1627750|1628971|1629008|1629020|1629022|1629060|201145|203076|203471|203999,1629020|1629022|1629060|203076|203471,1627750|1628971|1629008|201145|203999,,,1610612747.0,42200311
3,PT00M00.00S,00:00,Q3 00:00,12.0,461,3pt,N. Jokic 28' 3PT step back (31 PTS),[],Jokic,106,92,Made,True,False,203999,,substitution,substitution,,,,1627750|1628971|1629008|1629020|1629022|1629060|201145|203076|203471|203999,1627750|1628971|1629008|201145|203999,1629020|1629022|1629060|203076|203471,157.0,234.0,1610612743.0,42200311
4,PT12M00.00S,12:00,Q4 12:00,12.0,465,substitution,SUB out: N. Jokic,['startperiod'],Jokic,106,92,,False,False,203999,,3pt made,substitution,,,,1627750|1628971|1629008|1629020|1629022|1629060|201145|203076|203471,1627750|1628971|1629008|201145,1629020|1629022|1629060|203076|203471,,,1610612743.0,42200311
4,PT12M00.00S,12:00,Q4 12:00,12.0,466,substitution,SUB out: M. Porter Jr.,['startperiod'],Porter Jr.,106,92,,False,False,1629008,,substitution,substitution,,,,1627750|1628971|1629020|1629022|1629060|201145|203076|203471,1627750|1628971|201145,1629020|1629022|1629060|203076|203471,,,1610612743.0,42200311
4,PT12M00.00S,12:00,Q4 12:00,12.0,467,substitution,SUB out: A. Davis,['startperiod'],Davis,106,92,,False,False,203076,,substitution,substitution,,,,1627750|1628971|1629020|1629022|1629060|201145|203471,1629020|1629022|1629060|203471,1627750|1628971|201145,,,1610612747.0,42200311
4,PT12M00.00S,12:00,Q4 12:00,12.0,468,substitution,SUB out: D. Schroder,['startperiod'],Schroder,106,92,,False,False,203471,,substitution,substitution,,,,1627750|1628971|1629020|1629022|1629060|201145,1629020|1629022|1629060,1627750|1628971|201145,,,1610612747.0,42200311
4,PT12M00.00S,12:00,Q4 12:00,12.0,469,substitution,SUB in: A. Gordon,['startperiod'],Gordon,106,92,,False,False,203932,,substitution,substitution,,,,1627750|1628971|1629020|1629022|1629060|201145|203932,1627750|1628971|201145|203932,1629020|1629022|1629060,,,1610612743.0,42200311
4,PT12M00.00S,12:00,Q4 12:00,12.0,470,substitution,SUB in: C. Braun,['startperiod'],Braun,106,92,,False,False,1631128,,substitution,substitution,,,,1627750|1628971|1629020|1629022|1629060|1631128|201145|203932,1627750|1628971|1631128|201145|203932,1629020|1629022|1629060,,,1610612743.0,42200311
4,PT12M00.00S,12:00,Q4 12:00,12.0,471,substitution,SUB in: L. James,['startperiod'],James,106,92,,False,False,2544,,substitution,substitution,,,,1627750|1628971|1629020|1629022|1629060|1631128|201145|203932|2544,1629020|1629022|1629060|2544,1627750|1628971|1631128|201145|203932,,,1610612747.0,42200311
4,PT12M00.00S,12:00,Q4 12:00,12.0,472,substitution,SUB in: A. Reaves,['startperiod'],Reaves,106,92,,False,False,1630559,,substitution,turnover,,,,1627750|1628971|1629020|1629022|1629060|1630559|1631128|201145|203932|2544,1629020|1629022|1629060|1630559|2544,1627750|1628971|1631128|201145|203932,,,1610612747.0,42200311
4,PT11M42.00S,11:42,Q4 11:42,10.3,474,turnover,L. James bad pass TURNOVER (2 TO),[],James,106,92,,False,False,2544,,substitution,steal,,1627750.0,,1627750|1628971|1629020|1629022|1629060|1630559|1631128|201145|203932|2544,1629020|1629022|1629060|1630559|2544,1627750|1628971|1631128|201145|203932,,,1610612747.0,42200311
4,PT11M42.00S,11:42,Q4 11:42,10.3,475,steal,J. Murray STEAL (2 STL),[],Murray,106,92,,False,False,1627750,,turnover,foul,,,,1627750|1628971|1629020|1629022|1629060|1630559|1631128|201145|203932|2544,1627750|1628971|1631128|201145|203932,1629020|1629022|1629060|1630559|2544,,,1610612743.0,42200311
4,PT11M39.00S,11:39,Q4 11:39,10.35,476,foul,J. Vanderbilt shooting personal FOUL (2 PF) (Gordon 2 FT),['2freethrow'],Vanderbilt,106,92,,False,False,1629020,,steal,freethrow,203932.0,,,1627750|1628971|1629020|1629022|1629060|1630559|1631128|201145|203932|2544,1629020|1629022|1629060|1630559|2544,1627750|1628971|1631128|201145|203932,,,1610612747.0,42200311
4,PT11M39.00S,11:39,Q4 11:39,10.35,478,freethrow,MISS A. Gordon Free Throw 1 of 2,"['fromturnover', 'fastbreak']",Gordon,106,92,Missed,False,False,203932,,foul,rebound,,,,1627750|1628971|1629020|1629022|1629060|1630559|1631128|201145|203932|2544,1627750|1628971|1631128|201145|203932,1629020|1629022|1629060|1630559|2544,,,1610612743.0,42200311
4,PT11M39.00S,11:39,Q4 11:39,10.35,479,rebound,TEAM offensive REBOUND,"['team', 'deadball']",,106,92,,False,False,0,,freethrow,freethrow,,,,1627750|1628971|1629020|1629022|1629060|1630559|1631128|201145|203932|2544,1627750|1628971|1631128|201145|203932,1629020|1629022|1629060|1630559|2544,,,1610612743.0,42200311
4,PT11M39.00S,11:39,Q4 11:39,10.35,480,freethrow,MISS A. Gordon Free Throw 2 of 2,"['fastbreak', 'fromturnover']",Gordon,106,92,Missed,False,False,203932,,rebound,rebound,,,,1627750|1628971|1629020|1629022|1629060|1630559|1631128|201145|203932|2544,1627750|1628971|1631128|201145|203932,1629020|1629022|1629060|1630559|2544,,,1610612743.0,42200311
4,PT11M37.00S,11:37,Q4 11:37,10.383333333333333,481,rebound,L. James REBOUND (Off:2 Def:7),[],James,106,92,,False,False,2544,,freethrow,2pt made,,,,1627750|1628971|1629020|1629022|1629060|1630559|1631128|201145|203932|2544,1629020|1629022|1629060|1630559|2544,1627750|1628971|1631128|201145|203932,,,1610612747.0,42200311
4,PT11M18.00S,11:18,Q4 11:18,10.7,482,2pt,L. James driving Layup (21 PTS),['pointsinthepaint'],James,106,94,Made,True,False,2544,,rebound,foul,,,,1627750|1628971|1629020|1629022|1629060|1630559|1631128|201145|203932|2544,1629020|1629022|1629060|1630559|2544,1627750|1628971|1631128|201145|203932,36.0,26.0,1610612747.0,42200311
4,PT11M18.00S,11:18,Q4 11:18,10.7,483,foul,J. Murray shooting personal FOUL (4 PF) (James 1 FT),['1freethrow'],Murray,106,94,,False,False,1627750,,2pt made,freethrow,2544.0,,,1627750|1628971|1629020|1629022|1629060|1630559|1631128|201145|203932|2544,1627750|1628971|1631128|201145|203932,1629020|1629022|1629060|1630559|2544,,,1610612743.0,42200311
4,PT11M18.00S,11:18,Q4 11:18,10.7,485,freethrow,L. James Free Throw 1 of 1 (22 PTS),[],James,106,95,Made,False,False,2544,,foul,2pt made,,,,1627750|1628971|1629020|1629022|1629060|1630559|1631128|201145|203932|2544,1629020|1629022|1629060|1630559|2544,1627750|1628971|1631128|201145|203932,,,1610612747.0,42200311
4,PT10M52.00S,10:52,Q4 10:52,9.133333333333333,486,2pt,J. Murray 23' step back Jump Shot (25 PTS),[],Murray,108,95,Made,True,False,1627750,,freethrow,2pt made,,,,1627750|1628971|1629020|1629022|1629060|1630559|1631128|201145|203932|2544,1627750|1628971|1631128|201145|203932,1629020|1629022|1629060|1630559|2544,97.0,209.0,1610612743.0,42200311
4,PT10M39.00S,10:39,Q4 10:39,9.35,487,2pt,R. Hachimura driving finger roll Layup (15 PTS) (A. Reaves 8 AST),['pointsinthepaint'],Hachimura,108,97,Made,True,True,1629060,1630559.0,2pt made,3pt missed,,,,1627750|1628971|1629020|1629022|1629060|1630559|1631128|201145|203932|2544,1629020|1629022|1629060|1630559|2544,1627750|1628971|1631128|201145|203932,20.0,20.0,1610612747.0,42200311
4,PT10M20.00S,10:20,Q4 10:20,9.666666666666666,489,3pt,MISS C. Braun 24' step back 3PT,[],Braun,108,97,Missed,True,False,1631128,,2pt made,rebound,,,,1627750|1628971|1629020|1629022|1629060|1630559|1631128|201145|203932|2544,1627750|1628971|1631128|201145|203932,1629020|1629022|1629060|1630559|2544,-118.0,218.0,1610612743.0,42200311
4,PT10M17.00S,10:17,Q4 10:17,9.716666666666667,490,rebound,L. Walker IV REBOUND (Off:0 Def:2),[],Walker IV,108,97,,False,False,1629022,,3pt missed,3pt made,,,,1627750|1628971|1629020|1629022|1629060|1630559|1631128|201145|203932|2544,1629020|1629022|1629060|1630559|2544,1627750|1628971|1631128|201145|203932,,,1610612747.0,42200311
4,PT10M10.00S,10:10,Q4 10:10,9.833333333333334,491,3pt,A. Reaves 26' 3PT  (15 PTS) (R. Hachimura 1 AST),[],Reaves,108,100,Made,True,True,1630559,1629060.0,rebound,timeout,,,,1627750|1628971|1629020|1629022|1629060|1630559|1631128|201145|203932|2544,1629020|1629022|1629060|1630559|2544,1627750|1628971|1631128|201145|203932,145.0,223.0,1610612747.0,42200311
4,PT10M09.00S,10:09,Q4 10:09,9.85,493,timeout,DEN Timeout,"['team', 'mandatory']",,108,100,,False,False,0,,3pt made,substitution,,,,1627750|1628971|1629020|1629022|1629060|1630559|1631128|201145|203932|2544,1627750|1628971|1631128|201145|203932,1629020|1629022|1629060|1630559|2544,,,1610612743.0,42200311
4,PT10M09.00S,10:09,Q4 10:09,9.85,495,substitution,SUB out: A. Gordon,[],Gordon,108,100,,False,False,203932,,timeout,substitution,,,,1627750|1628971|1629020|1629022|1629060|1630559|1631128|201145|2544,1627750|1628971|1631128|201145,1629020|1629022|1629060|1630559|2544,,,1610612743.0,42200311
4,PT10M09.00S,10:09,Q4 10:09,9.85,496,substitution,SUB out: C. Braun,[],Braun,108,100,,False,False,1631128,,substitution,substitution,,,,1627750|1628971|1629020|1629022|1629060|1630559|201145|2544,1627750|1628971|201145,1629020|1629022|1629060|1630559|2544,,,1610612743.0,42200311
4,PT10M09.00S,10:09,Q4 10:09,9.85,497,substitution,SUB in: M. Porter Jr.,[],Porter Jr.,108,100,,False,False,1629008,,substitution,substitution,,,,1627750|1628971|1629008|1629020|1629022|1629060|1630559|201145|2544,1627750|1628971|1629008|201145,1629020|1629022|1629060|1630559|2544,,,1610612743.0,42200311
4,PT10M09.00S,10:09,Q4 10:09,9.85,498,substitution,SUB in: N. Jokic,[],Jokic,108,100,,False,False,203999,,substitution,3pt made,,,,1627750|1628971|1629008|1629020|1629022|1629060|1630559|201145|203999|2544,1627750|1628971|1629008|201145|203999,1629020|1629022|1629060|1630559|2544,,,1610612743.0,42200311
4,PT09M54.00S,09:54,Q4 09:54,8.1,499,3pt,M. Porter Jr. 3PT step back (15 PTS) (J. Murray 4 AST),[],Porter Jr.,111,100,Made,True,True,1629008,1627750.0,substitution,foul,,,,1627750|1628971|1629008|1629020|1629022|1629060|1630559|201145|203999|2544,1627750|1628971|1629008|201145|203999,1629020|1629022|1629060|1630559|2544,-228.0,-18.0,1610612743.0,42200311
4,PT09M33.00S,09:33,Q4 09:33,8.45,501,foul,J. Vanderbilt offensive FOUL (3 PF),[],Vanderbilt,111,100,,False,False,1629020,,3pt made,turnover,201145.0,,,1627750|1628971|1629008|1629020|1629022|1629060|1630559|201145|203999|2544,1629020|1629022|1629060|1630559|2544,1627750|1628971|1629008|201145|203999,,,1610612747.0,42200311
4,PT09M33.00S,09:33,Q4 09:33,8.45,503,turnover,J. Vanderbilt offensive foul TURNOVER (1 TO),[],Vanderbilt,111,100,,False,False,1629020,,foul,substitution,,,,1627750|1628971|1629008|1629020|1629022|1629060|1630559|201145|203999|2544,1629020|1629022|1629060|1630559|2544,1627750|1628971|1629008|201145|203999,,,1610612747.0,42200311
4,PT09M33.00S,09:33,Q4 09:33,8.45,504,substitution,SUB out: J. Vanderbilt,[],Vanderbilt,111,100,,False,False,1629020,,turnover,substitution,,,,1627750|1628971|1629008|1629022|1629060|1630559|201145|203999|2544,1629022|1629060|1630559|2544,1627750|1628971|1629008|201145|203999,,,1610612747.0,42200311
4,PT09M33.00S,09:33,Q4 09:33,8.45,505,substitution,SUB in: A. Davis,[],Davis,111,100,,False,False,203076,,substitution,foul,,,,1627750|1628971|1629008|1629022|1629060|1630559|201145|203076|203999|2544,1629022|1629060|1630559|203076|2544,1627750|1628971|1629008|201145|203999,,,1610612747.0,42200311
4,PT09M14.00S,09:14,Q4 09:14,8.766666666666667,506,foul,A. Reaves personal FOUL (3 PF),[],Reaves,111,100,,False,False,1630559,,substitution,2pt missed,203999.0,,,1627750|1628971|1629008|1629022|1629060|1630559|201145|203076|203999|2544,1629022|1629060|1630559|203076|2544,1627750|1628971|1629008|201145|203999,,,1610612747.0,42200311
4,PT09M03.00S,09:03,Q4 09:03,8.95,508,2pt,MISS N. Jokic 7' driving floating Shot,"['pointsinthepaint', 'fromturnover']",Jokic,111,100,Missed,True,False,203999,,foul,rebound,,,,1627750|1628971|1629008|1629022|1629060|1630559|201145|203076|203999|2544,1627750|1628971|1629008|201145|203999,1629022|1629060|1630559|203076|2544,55.0,56.0,1610612743.0,42200311
4,PT09M01.00S,09:01,Q4 09:01,8.983333333333333,509,rebound,A. Davis REBOUND (Off:0 Def:7),[],Davis,111,100,,False,False,203076,,2pt missed,2pt made,,,,1627750|1628971|1629008|1629022|1629060|1630559|201145|203076|203999|2544,1629022|1629060|1630559|203076|2544,1627750|1628971|1629008|201145|203999,,,1610612747.0,42200311
4,PT08M50.00S,08:50,Q4 08:50,7.166666666666667,510,2pt,R. Hachimura DUNK (17 PTS) (A. Davis 3 AST),['pointsinthepaint'],Hachimura,111,102,Made,True,True,1629060,203076.0,rebound,3pt made,,,,1627750|1628971|1629008|1629022|1629060|1630559|201145|203076|203999|2544,1629022|1629060|1630559|203076|2544,1627750|1628971|1629008|201145|203999,-6.0,15.0,1610612747.0,42200311
4,PT08M25.00S,08:25,Q4 08:25,7.583333333333333,512,3pt,J. Green 3PT  (3 PTS) (M. Porter Jr. 2 AST),[],Green,114,102,Made,True,True,201145,1629008.0,2pt made,foul,,,,1627750|1628971|1629008|1629022|1629060|1630559|201145|203076|203999|2544,1627750|1628971|1629008|201145|203999,1629022|1629060|1630559|203076|2544,-229.0,14.0,1610612743.0,42200311
4,PT08M15.00S,08:15,Q4 08:15,7.75,514,foul,B. Brown shooting personal FOUL (2 PF) (Davis 2 FT),['2freethrow'],Brown,114,102,,False,False,1628971,,3pt made,freethrow,203076.0,,,1627750|1628971|1629008|1629022|1629060|1630559|201145|203076|203999|2544,1627750|1628971|1629008|201145|203999,1629022|1629060|1630559|203076|2544,,,1610612743.0,42200311
4,PT08M15.00S,08:15,Q4 08:15,7.75,516,freethrow,A. Davis Free Throw 1 of 2 (32 PTS),[],Davis,114,103,Made,False,False,203076,,foul,freethrow,,,,1627750|1628971|1629008|1629022|1629060|1630559|201145|203076|203999|2544,1629022|1629060|1630559|203076|2544,1627750|1628971|1629008|201145|203999,,,1610612747.0,42200311
4,PT08M15.00S,08:15,Q4 08:15,7.75,519,freethrow,A. Davis Free Throw 2 of 2 (33 PTS),[],Davis,114,104,Made,False,False,203076,,freethrow,substitution,,,,1627750|1628971|1629008|1629022|1629060|1630559|201145|203076|203999|2544,1629022|1629060|1630559|203076|2544,1627750|1628971|1629008|201145|203999,,,1610612747.0,42200311
4,PT08M15.00S,08:15,Q4 08:15,7.75,517,substitution,SUB out: B. Brown,[],Brown,114,103,,False,False,1628971,,freethrow,substitution,,,,1627750|1629008|1629022|1629060|1630559|201145|203076|203999|2544,1627750|1629008|201145|203999,1629022|1629060|1630559|203076|2544,,,1610612743.0,42200311
4,PT08M15.00S,08:15,Q4 08:15,7.75,518,substitution,SUB in: K. Caldwell-Pope,[],Caldwell-Pope,114,103,,False,False,203484,,substitution,foul,,,,1627750|1629008|1629022|1629060|1630559|201145|203076|203484|203999|2544,1627750|1629008|201145|203484|203999,1629022|1629060|1630559|203076|2544,,,1610612743.0,42200311
4,PT08M07.00S,08:07,Q4 08:07,7.883333333333334,520,foul,R. Hachimura personal FOUL (4 PF),[],Hachimura,114,104,,False,False,1629060,,substitution,2pt made,203999.0,,,1627750|1629008|1629022|1629060|1630559|201145|203076|203484|203999|2544,1629022|1629060|1630559|203076|2544,1627750|1629008|201145|203484|203999,,,1610612747.0,42200311
4,PT07M51.00S,07:51,Q4 07:51,6.15,522,2pt,J. Murray driving finger roll Layup (27 PTS),['pointsinthepaint'],Murray,116,104,Made,True,False,1627750,,foul,2pt missed,,,,1627750|1629008|1629022|1629060|1630559|201145|203076|203484|203999|2544,1627750|1629008|201145|203484|203999,1629022|1629060|1630559|203076|2544,31.0,11.0,1610612743.0,42200311
4,PT07M38.00S,07:38,Q4 07:38,6.366666666666667,523,2pt,MISS R. Hachimura 16' pullup Shot - blocked,[],Hachimura,116,104,Missed,True,False,1629060,,2pt made,block,,,1629008.0,1627750|1629008|1629022|1629060|1630559|201145|203076|203484|203999|2544,1629022|1629060|1630559|203076|2544,1627750|1629008|201145|203484|203999,-69.0,146.0,1610612747.0,42200311
4,PT07M38.00S,07:38,Q4 07:38,6.366666666666667,524,block,M. Porter Jr. BLOCK (2 BLK),[],Porter Jr.,116,104,,False,False,1629008,,2pt missed,rebound,,,,1627750|1629008|1629022|1629060|1630559|201145|203076|203484|203999|2544,1627750|1629008|201145|203484|203999,1629022|1629060|1630559|203076|2544,,,1610612743.0,42200311
4,PT07M36.00S,07:36,Q4 07:36,6.4,525,rebound,M. Porter Jr. REBOUND (Off:3 Def:6),[],Porter Jr.,116,104,,False,False,1629008,,block,2pt made,,,,1627750|1629008|1629022|1629060|1630559|201145|203076|203484|203999|2544,1627750|1629008|201145|203484|203999,1629022|1629060|1630559|203076|2544,,,1610612743.0,42200311
4,PT07M15.00S,07:15,Q4 07:15,6.75,526,2pt,J. Murray 8' turnaround fadeaway Jump Shot (29 PTS),['pointsinthepaint'],Murray,118,104,Made,True,False,1627750,,rebound,timeout,,,,1627750|1629008|1629022|1629060|1630559|201145|203076|203484|203999|2544,1627750|1629008|201145|203484|203999,1629022|1629060|1630559|203076|2544,4.0,82.0,1610612743.0,42200311
4,PT07M14.00S,07:14,Q4 07:14,6.766666666666667,527,timeout,LAL Timeout,"['team', 'mandatory']",,118,104,,False,False,0,,2pt made,substitution,,,,1627750|1629008|1629022|1629060|1630559|201145|203076|203484|203999|2544,1629022|1629060|1630559|203076|2544,1627750|1629008|201145|203484|203999,,,1610612747.0,42200311
4,PT07M14.00S,07:14,Q4 07:14,6.766666666666667,528,substitution,SUB out: L. Walker IV,[],Walker IV,118,104,,False,False,1629022,,timeout,substitution,,,,1627750|1629008|1629060|1630559|201145|203076|203484|203999|2544,1629060|1630559|203076|2544,1627750|1629008|201145|203484|203999,,,1610612747.0,42200311
4,PT07M14.00S,07:14,Q4 07:14,6.766666666666667,529,substitution,SUB in: D. Schroder,[],Schroder,118,104,,False,False,203471,,substitution,foul,,,,1627750|1629008|1629060|1630559|201145|203076|203471|203484|203999|2544,1629060|1630559|203076|203471|2544,1627750|1629008|201145|203484|203999,,,1610612747.0,42200311
4,PT07M02.00S,07:02,Q4 07:02,6.966666666666667,530,foul,N. Jokic personal FOUL (3 PF),[],Jokic,118,104,,False,False,203999,,substitution,timeout,203471.0,,,1627750|1629008|1629060|1630559|201145|203076|203471|203484|203999|2544,1627750|1629008|201145|203484|203999,1629060|1630559|203076|203471|2544,,,1610612743.0,42200311
4,PT07M02.00S,07:02,Q4 07:02,6.966666666666667,532,timeout,DEN Timeout,['team'],,118,104,,False,False,0,,foul,3pt made,,,,1627750|1629008|1629060|1630559|201145|203076|203471|203484|203999|2544,1627750|1629008|201145|203484|203999,1629060|1630559|203076|203471|2544,,,1610612743.0,42200311
4,PT06M57.00S,06:57,Q4 06:57,5.05,534,3pt,A. Davis 3PT  (36 PTS) (L. James 6 AST),[],Davis,118,107,Made,True,True,203076,2544.0,timeout,3pt made,,,,1627750|1629008|1629060|1630559|201145|203076|203471|203484|203999|2544,1629060|1630559|203076|203471|2544,1627750|1629008|201145|203484|203999,-227.0,18.0,1610612747.0,42200311
4,PT06M33.00S,06:33,Q4 06:33,5.45,536,3pt,K. Caldwell-Pope 25' 3PT  (19 PTS) (N. Jokic 13 AST),[],Caldwell-Pope,121,107,Made,True,True,203484,203999.0,3pt made,2pt missed,,,,1627750|1629008|1629060|1630559|201145|203076|203471|203484|203999|2544,1627750|1629008|201145|203484|203999,1629060|1630559|203076|203471|2544,197.0,167.0,1610612743.0,42200311
4,PT06M12.00S,06:12,Q4 06:12,5.8,538,2pt,MISS A. Davis 14' turnaround fadeaway Shot,[],Davis,121,107,Missed,True,False,203076,,3pt made,rebound,,,,1627750|1629008|1629060|1630559|201145|203076|203471|203484|203999|2544,1629060|1630559|203076|203471|2544,1627750|1629008|201145|203484|203999,141.0,6.0,1610612747.0,42200311
4,PT06M11.00S,06:11,Q4 06:11,5.816666666666666,539,rebound,L. James REBOUND (Off:3 Def:7),[],James,121,107,,False,False,2544,,2pt missed,3pt made,,,,1627750|1629008|1629060|1630559|201145|203076|203471|203484|203999|2544,1629060|1630559|203076|203471|2544,1627750|1629008|201145|203484|203999,,,1610612747.0,42200311
4,PT06M09.00S,06:09,Q4 06:09,5.85,540,3pt,D. Schroder 25' 3PT  (6 PTS) (L. James 7 AST),['2ndchance'],Schroder,121,110,Made,True,True,203471,2544.0,rebound,foul,,,,1627750|1629008|1629060|1630559|201145|203076|203471|203484|203999|2544,1629060|1630559|203076|203471|2544,1627750|1629008|201145|203484|203999,-249.0,63.0,1610612747.0,42200311
4,PT05M58.00S,05:58,Q4 05:58,4.033333333333333,542,foul,A. Davis personal FOUL (2 PF),[],Davis,121,110,,False,False,203076,,3pt made,foul,203999.0,,,1627750|1629008|1629060|1630559|201145|203076|203471|203484|203999|2544,1629060|1630559|203076|203471|2544,1627750|1629008|201145|203484|203999,,,1610612747.0,42200311
4,PT05M48.00S,05:48,Q4 05:48,4.2,544,foul,D. Schroder personal FOUL (3 PF) (Murray 2 FT),"['inpenalty', '2freethrow']",Schroder,121,110,,False,False,203471,,foul,timeout,1627750.0,,,1627750|1629008|1629060|1630559|201145|203076|203471|203484|203999|2544,1629060|1630559|203076|203471|2544,1627750|1629008|201145|203484|203999,,,1610612747.0,42200311
4,PT05M48.00S,05:48,Q4 05:48,4.2,546,timeout,LAL Timeout,['team'],,121,110,,False,False,0,,foul,freethrow,,,,1627750|1629008|1629060|1630559|201145|203076|203471|203484|203999|2544,1629060|1630559|203076|203471|2544,1627750|1629008|201145|203484|203999,,,1610612747.0,42200311
4,PT05M48.00S,05:48,Q4 05:48,4.2,548,freethrow,J. Murray Free Throw 1 of 2 (30 PTS),[],Murray,122,110,Made,False,False,1627750,,timeout,freethrow,,,,1627750|1629008|1629060|1630559|201145|203076|203471|203484|203999|2544,1627750|1629008|201145|203484|203999,1629060|1630559|203076|203471|2544,,,1610612743.0,42200311
4,PT05M48.00S,05:48,Q4 05:48,4.2,551,freethrow,J. Murray Free Throw 2 of 2 (31 PTS),[],Murray,123,110,Made,False,False,1627750,,freethrow,substitution,,,,1627750|1629008|1629060|1630559|201145|203076|203471|203484|203999|2544,1627750|1629008|201145|203484|203999,1629060|1630559|203076|203471|2544,,,1610612743.0,42200311
4,PT05M48.00S,05:48,Q4 05:48,4.2,549,substitution,SUB out: J. Green,[],Green,121,110,,False,False,201145,,freethrow,substitution,,,,1627750|1629008|1629060|1630559|203076|203471|203484|203999|2544,1627750|1629008|203484|203999,1629060|1630559|203076|203471|2544,,,1610612743.0,42200311
4,PT05M48.00S,05:48,Q4 05:48,4.2,550,substitution,SUB in: A. Gordon,[],Gordon,121,110,,False,False,203932,,substitution,2pt made,,,,1627750|1629008|1629060|1630559|203076|203471|203484|203932|203999|2544,1627750|1629008|203484|203932|203999,1629060|1630559|203076|203471|2544,,,1610612743.0,42200311
4,PT05M35.00S,05:35,Q4 05:35,4.416666666666667,552,2pt,A. Davis 6' floating Jump Shot (38 PTS) (D. Schroder 5 AST),['pointsinthepaint'],Davis,123,112,Made,True,True,203076,203471.0,substitution,2pt missed,,,,1627750|1629008|1629060|1630559|203076|203471|203484|203932|203999|2544,1629060|1630559|203076|203471|2544,1627750|1629008|203484|203932|203999,58.0,23.0,1610612747.0,42200311
4,PT05M11.00S,05:11,Q4 05:11,4.816666666666666,554,2pt,MISS M. Porter Jr. driving floating Shot,['pointsinthepaint'],Porter Jr.,123,112,Missed,True,False,1629008,,2pt made,rebound,,,,1627750|1629008|1629060|1630559|203076|203471|203484|203932|203999|2544,1627750|1629008|203484|203932|203999,1629060|1630559|203076|203471|2544,-33.0,43.0,1610612743.0,42200311
4,PT05M11.00S,05:11,Q4 05:11,4.816666666666666,555,rebound,A. Gordon REBOUND (Off:2 Def:0),[],Gordon,123,112,,False,False,203932,,2pt missed,foul,,,,1627750|1629008|1629060|1630559|203076|203471|203484|203932|203999|2544,1627750|1629008|203484|203932|203999,1629060|1630559|203076|203471|2544,,,1610612743.0,42200311
4,PT05M11.00S,05:11,Q4 05:11,4.816666666666666,556,foul,L. James personal FOUL (1 PF) (Gordon 2 FT),"['inpenalty', '2freethrow']",James,123,112,,False,False,2544,,rebound,freethrow,203932.0,,,1627750|1629008|1629060|1630559|203076|203471|203484|203932|203999|2544,1629060|1630559|203076|203471|2544,1627750|1629008|203484|203932|203999,,,1610612747.0,42200311
4,PT05M11.00S,05:11,Q4 05:11,4.816666666666666,558,freethrow,A. Gordon Free Throw 1 of 2 (9 PTS),['2ndchance'],Gordon,124,112,Made,False,False,203932,,foul,freethrow,,,,1627750|1629008|1629060|1630559|203076|203471|203484|203932|203999|2544,1627750|1629008|203484|203932|203999,1629060|1630559|203076|203471|2544,,,1610612743.0,42200311
4,PT05M11.00S,05:11,Q4 05:11,4.816666666666666,559,freethrow,MISS A. Gordon Free Throw 2 of 2,['2ndchance'],Gordon,124,112,Missed,False,False,203932,,freethrow,rebound,,,,1627750|1629008|1629060|1630559|203076|203471|203484|203932|203999|2544,1627750|1629008|203484|203932|203999,1629060|1630559|203076|203471|2544,,,1610612743.0,42200311
4,PT05M08.00S,05:08,Q4 05:08,4.866666666666666,560,rebound,A. Davis REBOUND (Off:0 Def:8),[],Davis,124,112,,False,False,203076,,freethrow,foul,,,,1627750|1629008|1629060|1630559|203076|203471|203484|203932|203999|2544,1629060|1630559|203076|203471|2544,1627750|1629008|203484|203932|203999,,,1610612747.0,42200311
4,PT04M53.00S,04:53,Q4 04:53,3.1166666666666667,561,foul,J. Murray shooting personal FOUL (5 PF) (James 2 FT),['2freethrow'],Murray,124,112,,False,False,1627750,,rebound,freethrow,2544.0,,,1627750|1629008|1629060|1630559|203076|203471|203484|203932|203999|2544,1627750|1629008|203484|203932|203999,1629060|1630559|203076|203471|2544,,,1610612743.0,42200311
4,PT04M53.00S,04:53,Q4 04:53,3.1166666666666667,563,freethrow,MISS L. James Free Throw 1 of 2,[],James,124,112,Missed,False,False,2544,,foul,rebound,,,,1627750|1629008|1629060|1630559|203076|203471|203484|203932|203999|2544,1629060|1630559|203076|203471|2544,1627750|1629008|203484|203932|203999,,,1610612747.0,42200311
4,PT04M53.00S,04:53,Q4 04:53,3.1166666666666667,564,rebound,TEAM offensive REBOUND,"['deadball', 'team']",,124,112,,False,False,0,,freethrow,freethrow,,,,1627750|1629008|1629060|1630559|203076|203471|203484|203932|203999|2544,1629060|1630559|203076|203471|2544,1627750|1629008|203484|203932|203999,,,1610612747.0,42200311
4,PT04M53.00S,04:53,Q4 04:53,3.1166666666666667,565,freethrow,L. James Free Throw 2 of 2 (23 PTS),[],James,124,113,Made,False,False,2544,,rebound,3pt missed,,,,1627750|1629008|1629060|1630559|203076|203471|203484|203932|203999|2544,1629060|1630559|203076|203471|2544,1627750|1629008|203484|203932|203999,,,1610612747.0,42200311
4,PT04M40.00S,04:40,Q4 04:40,3.3333333333333335,566,3pt,MISS J. Murray 25' pullup 3PT,[],Murray,124,113,Missed,True,False,1627750,,freethrow,rebound,,,,1627750|1629008|1629060|1630559|203076|203471|203484|203932|203999|2544,1627750|1629008|203484|203932|203999,1629060|1630559|203076|203471|2544,-15.0,250.0,1610612743.0,42200311
4,PT04M39.00S,04:39,Q4 04:39,3.35,567,rebound,TEAM defensive REBOUND,['team'],,124,113,,False,False,0,,3pt missed,foul,,,,1627750|1629008|1629060|1630559|203076|203471|203484|203932|203999|2544,1629060|1630559|203076|203471|2544,1627750|1629008|203484|203932|203999,,,1610612747.0,42200311
4,PT04M39.00S,04:39,Q4 04:39,3.35,568,foul,N. Jokic loose ball personal FOUL (4 PF) (Davis 2 FT),"['inpenalty', '2freethrow']",Jokic,124,113,,False,False,203999,,rebound,freethrow,203076.0,,,1627750|1629008|1629060|1630559|203076|203471|203484|203932|203999|2544,1627750|1629008|203484|203932|203999,1629060|1630559|203076|203471|2544,,,1610612743.0,42200311
4,PT04M39.00S,04:39,Q4 04:39,3.35,570,freethrow,A. Davis Free Throw 1 of 2 (39 PTS),[],Davis,124,114,Made,False,False,203076,,foul,freethrow,,,,1627750|1629008|1629060|1630559|203076|203471|203484|203932|203999|2544,1629060|1630559|203076|203471|2544,1627750|1629008|203484|203932|203999,,,1610612747.0,42200311
4,PT04M39.00S,04:39,Q4 04:39,3.35,571,freethrow,A. Davis Free Throw 2 of 2 (40 PTS),[],Davis,124,115,Made,False,False,203076,,freethrow,3pt missed,,,,1627750|1629008|1629060|1630559|203076|203471|203484|203932|203999|2544,1629060|1630559|203076|203471|2544,1627750|1629008|203484|203932|203999,,,1610612747.0,42200311
4,PT04M20.00S,04:20,Q4 04:20,3.6666666666666665,572,3pt,MISS K. Caldwell-Pope 24' 3PT,[],Caldwell-Pope,124,115,Missed,True,False,203484,,freethrow,rebound,,,,1627750|1629008|1629060|1630559|203076|203471|203484|203932|203999|2544,1627750|1629008|203484|203932|203999,1629060|1630559|203076|203471|2544,-115.0,214.0,1610612743.0,42200311
4,PT04M17.00S,04:17,Q4 04:17,3.716666666666667,573,rebound,L. James REBOUND (Off:3 Def:8),[],James,124,115,,False,False,2544,,3pt missed,foul,,,,1627750|1629008|1629060|1630559|203076|203471|203484|203932|203999|2544,1629060|1630559|203076|203471|2544,1627750|1629008|203484|203932|203999,,,1610612747.0,42200311
4,PT04M12.00S,04:12,Q4 04:12,3.8,574,foul,K. Caldwell-Pope personal FOUL (4 PF) (Reaves 2 FT),"['inpenalty', '2freethrow']",Caldwell-Pope,124,115,,False,False,203484,,rebound,freethrow,1630559.0,,,1627750|1629008|1629060|1630559|203076|203471|203484|203932|203999|2544,1627750|1629008|203484|203932|203999,1629060|1630559|203076|203471|2544,,,1610612743.0,42200311
4,PT04M12.00S,04:12,Q4 04:12,3.8,576,freethrow,A. Reaves Free Throw 1 of 2 (16 PTS),[],Reaves,124,116,Made,False,False,1630559,,foul,freethrow,,,,1627750|1629008|1629060|1630559|203076|203471|203484|203932|203999|2544,1629060|1630559|203076|203471|2544,1627750|1629008|203484|203932|203999,,,1610612747.0,42200311
4,PT04M12.00S,04:12,Q4 04:12,3.8,577,freethrow,A. Reaves Free Throw 2 of 2 (17 PTS),[],Reaves,124,117,Made,False,False,1630559,,freethrow,turnover,,,,1627750|1629008|1629060|1630559|203076|203471|203484|203932|203999|2544,1629060|1630559|203076|203471|2544,1627750|1629008|203484|203932|203999,,,1610612747.0,42200311
4,PT03M56.00S,03:56,Q4 03:56,2.0666666666666664,598,turnover,N. Jokic bad pass TURNOVER (4 TO),[],Jokic,124,117,,False,False,203999,,freethrow,steal,,203076.0,,1627750|1629008|1629060|1630559|203076|203471|203484|203932|203999|2544,1627750|1629008|203484|203932|203999,1629060|1630559|203076|203471|2544,,,1610612743.0,42200311
4,PT03M56.00S,03:56,Q4 03:56,2.0666666666666664,599,steal,A. Davis STEAL (3 STL),[],Davis,124,117,,False,False,203076,,turnover,foul,,,,1627750|1629008|1629060|1630559|203076|203471|203484|203932|203999|2544,1629060|1630559|203076|203471|2544,1627750|1629008|203484|203932|203999,,,1610612747.0,42200311
4,PT03M53.00S,03:53,Q4 03:53,2.1166666666666667,581,foul,K. Caldwell-Pope shooting personal FOUL (5 PF) (James 2 FT),"['inpenalty', '2freethrow']",Caldwell-Pope,124,117,,False,False,203484,,steal,freethrow,2544.0,,,1627750|1629008|1629060|1630559|203076|203471|203484|203932|203999|2544,1627750|1629008|203484|203932|203999,1629060|1630559|203076|203471|2544,,,1610612743.0,42200311
4,PT03M53.00S,03:53,Q4 03:53,2.1166666666666667,583,freethrow,L. James Free Throw 1 of 2 (24 PTS),"['fastbreak', 'fromturnover']",James,124,118,Made,False,False,2544,,foul,freethrow,,,,1627750|1629008|1629060|1630559|203076|203471|203484|203932|203999|2544,1629060|1630559|203076|203471|2544,1627750|1629008|203484|203932|203999,,,1610612747.0,42200311
4,PT03M53.00S,03:53,Q4 03:53,2.1166666666666667,584,freethrow,MISS L. James Free Throw 2 of 2,"['fastbreak', 'fromturnover']",James,124,118,Missed,False,False,2544,,freethrow,rebound,,,,1627750|1629008|1629060|1630559|203076|203471|203484|203932|203999|2544,1629060|1630559|203076|203471|2544,1627750|1629008|203484|203932|203999,,,1610612747.0,42200311
4,PT03M51.00S,03:51,Q4 03:51,2.15,585,rebound,N. Jokic REBOUND (Off:6 Def:14),[],Jokic,124,118,,False,False,203999,,freethrow,turnover,,,,1627750|1629008|1629060|1630559|203076|203471|203484|203932|203999|2544,1627750|1629008|203484|203932|203999,1629060|1630559|203076|203471|2544,,,1610612743.0,42200311
4,PT03M33.00S,03:33,Q4 03:33,2.45,586,turnover,N. Jokic bad pass out-of-bounds TURNOVER (5 TO),[],Jokic,124,118,,False,False,203999,,rebound,3pt made,,,,1627750|1629008|1629060|1630559|203076|203471|203484|203932|203999|2544,1627750|1629008|203484|203932|203999,1629060|1630559|203076|203471|2544,,,1610612743.0,42200311
4,PT03M23.00S,03:23,Q4 03:23,2.6166666666666667,588,3pt,A. Reaves 29' 3PT  (20 PTS) (L. James 8 AST),['fromturnover'],Reaves,124,121,Made,True,True,1630559,2544.0,turnover,timeout,,,,1627750|1629008|1629060|1630559|203076|203471|203484|203932|203999|2544,1629060|1630559|203076|203471|2544,1627750|1629008|203484|203932|203999,-152.0,256.0,1610612747.0,42200311
4,PT03M22.00S,03:22,Q4 03:22,2.6333333333333333,590,timeout,DEN Timeout,['team'],,124,121,,False,False,0,,3pt made,2pt missed,,,,1627750|1629008|1629060|1630559|203076|203471|203484|203932|203999|2544,1627750|1629008|203484|203932|203999,1629060|1630559|203076|203471|2544,,,1610612743.0,42200311
4,PT03M02.00S,03:02,Q4 03:02,2.966666666666667,591,2pt,MISS N. Jokic 12' turnaround fadeaway Shot,['pointsinthepaint'],Jokic,124,121,Missed,True,False,203999,,timeout,rebound,,,,1627750|1629008|1629060|1630559|203076|203471|203484|203932|203999|2544,1627750|1629008|203484|203932|203999,1629060|1630559|203076|203471|2544,49.0,111.0,1610612743.0,42200311
4,PT03M00.00S,03:00,Q4 03:00,3.0,592,rebound,A. Gordon REBOUND (Off:3 Def:0),[],Gordon,124,121,,False,False,203932,,2pt missed,foul,,,,1627750|1629008|1629060|1630559|203076|203471|203484|203932|203999|2544,1627750|1629008|203484|203932|203999,1629060|1630559|203076|203471|2544,,,1610612743.0,42200311
4,PT03M00.00S,03:00,Q4 03:00,3.0,593,foul,A. Reaves personal FOUL (4 PF) (Gordon 2 FT),"['inpenalty', '2freethrow']",Reaves,124,121,,False,False,1630559,,rebound,freethrow,203932.0,,,1627750|1629008|1629060|1630559|203076|203471|203484|203932|203999|2544,1629060|1630559|203076|203471|2544,1627750|1629008|203484|203932|203999,,,1610612747.0,42200311
4,PT03M00.00S,03:00,Q4 03:00,3.0,595,freethrow,A. Gordon Free Throw 1 of 2 (10 PTS),['2ndchance'],Gordon,125,121,Made,False,False,203932,,foul,freethrow,,,,1627750|1629008|1629060|1630559|203076|203471|203484|203932|203999|2544,1627750|1629008|203484|203932|203999,1629060|1630559|203076|203471|2544,,,1610612743.0,42200311
4,PT03M00.00S,03:00,Q4 03:00,3.0,596,freethrow,MISS A. Gordon Free Throw 2 of 2,['2ndchance'],Gordon,125,121,Missed,False,False,203932,,freethrow,rebound,,,,1627750|1629008|1629060|1630559|203076|203471|203484|203932|203999|2544,1627750|1629008|203484|203932|203999,1629060|1630559|203076|203471|2544,,,1610612743.0,42200311
4,PT02M58.00S,02:58,Q4 02:58,1.0333333333333332,597,rebound,L. James REBOUND (Off:3 Def:9),[],James,125,121,,False,False,2544,,freethrow,2pt missed,,,,1627750|1629008|1629060|1630559|203076|203471|203484|203932|203999|2544,1629060|1630559|203076|203471|2544,1627750|1629008|203484|203932|203999,,,1610612747.0,42200311
4,PT02M37.00S,02:37,Q4 02:37,1.3833333333333333,602,2pt,MISS L. James 12' driving floating Shot,[],James,125,121,Missed,True,False,2544,,rebound,rebound,,,,1627750|1629008|1629060|1630559|203076|203471|203484|203932|203999|2544,1629060|1630559|203076|203471|2544,1627750|1629008|203484|203932|203999,-86.0,97.0,1610612747.0,42200311
4,PT02M34.00S,02:34,Q4 02:34,1.4333333333333333,603,rebound,A. Davis REBOUND (Off:1 Def:8),[],Davis,125,121,,False,False,203076,,2pt missed,2pt missed,,,,1627750|1629008|1629060|1630559|203076|203471|203484|203932|203999|2544,1629060|1630559|203076|203471|2544,1627750|1629008|203484|203932|203999,,,1610612747.0,42200311
4,PT02M34.00S,02:34,Q4 02:34,1.4333333333333333,604,2pt,MISS A. Davis tip Layup,"['pointsinthepaint', '2ndchance']",Davis,125,121,Missed,True,False,203076,,rebound,rebound,,,,1627750|1629008|1629060|1630559|203076|203471|203484|203932|203999|2544,1629060|1630559|203076|203471|2544,1627750|1629008|203484|203932|203999,0.0,0.0,1610612747.0,42200311
4,PT02M32.00S,02:32,Q4 02:32,1.4666666666666668,605,rebound,M. Porter Jr. REBOUND (Off:3 Def:7),[],Porter Jr.,125,121,,False,False,1629008,,2pt missed,2pt made,,,,1627750|1629008|1629060|1630559|203076|203471|203484|203932|203999|2544,1627750|1629008|203484|203932|203999,1629060|1630559|203076|203471|2544,,,1610612743.0,42200311
4,PT02M27.00S,02:27,Q4 02:27,1.55,606,2pt,A. Gordon running alley-oop DUNK (12 PTS) (J. Murray 5 AST),"['fastbreak', 'pointsinthepaint']",Gordon,127,121,Made,True,True,203932,1627750.0,rebound,3pt made,,,,1627750|1629008|1629060|1630559|203076|203471|203484|203932|203999|2544,1627750|1629008|203484|203932|203999,1629060|1630559|203076|203471|2544,7.0,6.0,1610612743.0,42200311
4,PT02M18.00S,02:18,Q4 02:18,1.7,609,3pt,A. Reaves 28' 3PT  (23 PTS) (L. James 9 AST),[],Reaves,127,124,Made,True,True,1630559,2544.0,2pt made,2pt made,,,,1627750|1629008|1629060|1630559|203076|203471|203484|203932|203999|2544,1629060|1630559|203076|203471|2544,1627750|1629008|203484|203932|203999,-156.0,242.0,1610612747.0,42200311
4,PT01M53.00S,01:53,Q4 01:53,0.1166666666666667,611,2pt,K. Caldwell-Pope driving finger roll Layup (21 PTS) (N. Jokic 14 AST),['pointsinthepaint'],Caldwell-Pope,129,124,Made,True,True,203484,203999.0,3pt made,3pt missed,,,,1627750|1629008|1629060|1630559|203076|203471|203484|203932|203999|2544,1627750|1629008|203484|203932|203999,1629060|1630559|203076|203471|2544,-28.0,0.0,1610612743.0,42200311
4,PT01M39.00S,01:39,Q4 01:39,0.35,613,3pt,MISS A. Reaves 31' 3PT,[],Reaves,129,124,Missed,True,False,1630559,,2pt made,rebound,,,,1627750|1629008|1629060|1630559|203076|203471|203484|203932|203999|2544,1629060|1630559|203076|203471|2544,1627750|1629008|203484|203932|203999,-211.0,233.0,1610612747.0,42200311
4,PT01M36.00S,01:36,Q4 01:36,0.4,614,rebound,N. Jokic REBOUND (Off:6 Def:15),[],Jokic,129,124,,False,False,203999,,3pt missed,3pt missed,,,,1627750|1629008|1629060|1630559|203076|203471|203484|203932|203999|2544,1627750|1629008|203484|203932|203999,1629060|1630559|203076|203471|2544,,,1610612743.0,42200311
4,PT01M16.00S,01:16,Q4 01:16,0.7333333333333334,615,3pt,MISS J. Murray 24' pullup 3PT,[],Murray,129,124,Missed,True,False,1627750,,rebound,rebound,,,,1627750|1629008|1629060|1630559|203076|203471|203484|203932|203999|2544,1627750|1629008|203484|203932|203999,1629060|1630559|203076|203471|2544,-49.0,237.0,1610612743.0,42200311
4,PT01M12.00S,01:12,Q4 01:12,0.8,616,rebound,D. Schroder REBOUND (Off:0 Def:3),[],Schroder,129,124,,False,False,203471,,3pt missed,foul,,,,1627750|1629008|1629060|1630559|203076|203471|203484|203932|203999|2544,1629060|1630559|203076|203471|2544,1627750|1629008|203484|203932|203999,,,1610612747.0,42200311
4,PT01M12.00S,01:12,Q4 01:12,0.8,617,foul,M. Porter Jr. personal FOUL (2 PF) (James 2 FT),"['inpenalty', '2freethrow']",Porter Jr.,129,124,,False,False,1629008,,rebound,freethrow,2544.0,,,1627750|1629008|1629060|1630559|203076|203471|203484|203932|203999|2544,1627750|1629008|203484|203932|203999,1629060|1630559|203076|203471|2544,,,1610612743.0,42200311
4,PT01M12.00S,01:12,Q4 01:12,0.8,619,freethrow,L. James Free Throw 1 of 2 (25 PTS),[],James,129,125,Made,False,False,2544,,foul,freethrow,,,,1627750|1629008|1629060|1630559|203076|203471|203484|203932|203999|2544,1629060|1630559|203076|203471|2544,1627750|1629008|203484|203932|203999,,,1610612747.0,42200311
4,PT01M12.00S,01:12,Q4 01:12,0.8,620,freethrow,L. James Free Throw 2 of 2 (26 PTS),[],James,129,126,Made,False,False,2544,,freethrow,3pt missed,,,,1627750|1629008|1629060|1630559|203076|203471|203484|203932|203999|2544,1629060|1630559|203076|203471|2544,1627750|1629008|203484|203932|203999,,,1610612747.0,42200311
4,PT00M56.70S,00:56,Q4 00:56,-0.9333333333333333,621,3pt,MISS K. Caldwell-Pope 3PT,[],Caldwell-Pope,129,126,Missed,True,False,203484,,freethrow,rebound,,,,1627750|1629008|1629060|1630559|203076|203471|203484|203932|203999|2544,1627750|1629008|203484|203932|203999,1629060|1630559|203076|203471|2544,-176.0,162.0,1610612743.0,42200311
4,PT00M54.20S,00:54,Q4 00:54,-0.9,622,rebound,A. Davis REBOUND (Off:1 Def:9),[],Davis,129,126,,False,False,203076,,3pt missed,3pt missed,,,,1627750|1629008|1629060|1630559|203076|203471|203484|203932|203999|2544,1629060|1630559|203076|203471|2544,1627750|1629008|203484|203932|203999,,,1610612747.0,42200311
4,PT00M45.20S,00:45,Q4 00:45,-0.75,623,3pt,MISS L. James 27' pullup 3PT,[],James,129,126,Missed,True,False,2544,,rebound,rebound,,,,1627750|1629008|1629060|1630559|203076|203471|203484|203932|203999|2544,1629060|1630559|203076|203471|2544,1627750|1629008|203484|203932|203999,-91.0,257.0,1610612747.0,42200311
4,PT00M42.20S,00:42,Q4 00:42,-0.7,624,rebound,TEAM defensive REBOUND,['team'],,129,126,,False,False,0,,3pt missed,foul,,,,1627750|1629008|1629060|1630559|203076|203471|203484|203932|203999|2544,1627750|1629008|203484|203932|203999,1629060|1630559|203076|203471|2544,,,1610612743.0,42200311
4,PT00M26.30S,00:26,Q4 00:26,-0.43333333333333335,626,foul,A. Davis shooting personal FOUL (3 PF) (Jokic 2 FT),"['inpenalty', '2freethrow']",Davis,129,126,,False,False,203076,,rebound,freethrow,203999.0,,,1627750|1629008|1629060|1630559|203076|203471|203484|203932|203999|2544,1629060|1630559|203076|203471|2544,1627750|1629008|203484|203932|203999,,,1610612747.0,42200311
4,PT00M26.30S,00:26,Q4 00:26,-0.43333333333333335,628,freethrow,N. Jokic Free Throw 1 of 2 (32 PTS),[],Jokic,130,126,Made,False,False,203999,,foul,freethrow,,,,1627750|1629008|1629060|1630559|203076|203471|203484|203932|203999|2544,1627750|1629008|203484|203932|203999,1629060|1630559|203076|203471|2544,,,1610612743.0,42200311
4,PT00M26.30S,00:26,Q4 00:26,-0.43333333333333335,629,freethrow,N. Jokic Free Throw 2 of 2 (33 PTS),[],Jokic,131,126,Made,False,False,203999,,freethrow,timeout,,,,1627750|1629008|1629060|1630559|203076|203471|203484|203932|203999|2544,1627750|1629008|203484|203932|203999,1629060|1630559|203076|203471|2544,,,1610612743.0,42200311
4,PT00M26.30S,00:26,Q4 00:26,-0.43333333333333335,630,timeout,LAL Timeout,['team'],,131,126,,False,False,0,,freethrow,substitution,,,,1627750|1629008|1629060|1630559|203076|203471|203484|203932|203999|2544,1629060|1630559|203076|203471|2544,1627750|1629008|203484|203932|203999,,,1610612747.0,42200311
4,PT00M26.30S,00:26,Q4 00:26,-0.43333333333333335,631,substitution,SUB out: M. Porter Jr.,[],Porter Jr.,131,126,,False,False,1629008,,timeout,substitution,,,,1627750|1629060|1630559|203076|203471|203484|203932|203999|2544,1627750|203484|203932|203999,1629060|1630559|203076|203471|2544,,,1610612743.0,42200311
4,PT00M26.30S,00:26,Q4 00:26,-0.43333333333333335,632,substitution,SUB in: B. Brown,[],Brown,131,126,,False,False,1628971,,substitution,turnover,,,,1627750|1628971|1629060|1630559|203076|203471|203484|203932|203999|2544,1627750|1628971|203484|203932|203999,1629060|1630559|203076|203471|2544,,,1610612743.0,42200311
4,PT00M18.20S,00:18,Q4 00:18,-0.3,633,turnover,L. James lost ball TURNOVER (3 TO),[],James,131,126,,False,False,2544,,substitution,steal,,1627750.0,,1627750|1628971|1629060|1630559|203076|203471|203484|203932|203999|2544,1629060|1630559|203076|203471|2544,1627750|1628971|203484|203932|203999,,,1610612747.0,42200311
4,PT00M18.20S,00:18,Q4 00:18,-0.3,634,steal,J. Murray STEAL (3 STL),[],Murray,131,126,,False,False,1627750,,turnover,foul,,,,1627750|1628971|1629060|1630559|203076|203471|203484|203932|203999|2544,1627750|1628971|203484|203932|203999,1629060|1630559|203076|203471|2544,,,1610612743.0,42200311
4,PT00M10.90S,00:10,Q4 00:10,-0.16666666666666666,635,foul,A. Reaves take personal FOUL (5 PF) (Jokic 2 FT),"['inpenalty', '2freethrow']",Reaves,131,126,,False,False,1630559,,steal,freethrow,203999.0,,,1627750|1628971|1629060|1630559|203076|203471|203484|203932|203999|2544,1629060|1630559|203076|203471|2544,1627750|1628971|203484|203932|203999,,,1610612747.0,42200311
4,PT00M10.90S,00:10,Q4 00:10,-0.16666666666666666,637,freethrow,MISS N. Jokic Free Throw 1 of 2,['fromturnover'],Jokic,131,126,Missed,False,False,203999,,foul,rebound,,,,1627750|1628971|1629060|1630559|203076|203471|203484|203932|203999|2544,1627750|1628971|203484|203932|203999,1629060|1630559|203076|203471|2544,,,1610612743.0,42200311
4,PT00M10.90S,00:10,Q4 00:10,-0.16666666666666666,638,rebound,TEAM offensive REBOUND,"['deadball', 'team']",,131,126,,False,False,0,,freethrow,freethrow,,,,1627750|1628971|1629060|1630559|203076|203471|203484|203932|203999|2544,1627750|1628971|203484|203932|203999,1629060|1630559|203076|203471|2544,,,1610612743.0,42200311
4,PT00M10.90S,00:10,Q4 00:10,-0.16666666666666666,639,freethrow,N. Jokic Free Throw 2 of 2 (34 PTS),['fromturnover'],Jokic,132,126,Made,False,False,203999,,rebound,timeout,,,,1627750|1628971|1629060|1630559|203076|203471|203484|203932|203999|2544,1627750|1628971|203484|203932|203999,1629060|1630559|203076|203471|2544,,,1610612743.0,42200311
4,PT00M10.90S,00:10,Q4 00:10,-0.16666666666666666,640,timeout,LAL Timeout,['team'],,132,126,,False,False,0,,freethrow,3pt missed,,,,1627750|1628971|1629060|1630559|203076|203471|203484|203932|203999|2544,1629060|1630559|203076|203471|2544,1627750|1628971|203484|203932|203999,,,1610612747.0,42200311
4,PT00M09.00S,00:09,Q4 00:09,-0.15,641,3pt,MISS L. James 29' 3PT,[],James,132,126,Missed,True,False,2544,,timeout,rebound,,,,1627750|1628971|1629060|1630559|203076|203471|203484|203932|203999|2544,1629060|1630559|203076|203471|2544,1627750|1628971|203484|203932|203999,-51.0,290.0,1610612747.0,42200311
4,PT00M06.00S,00:06,Q4 00:06,-0.1,642,rebound,J. Murray REBOUND (Off:1 Def:4),[],Murray,132,126,,False,False,1627750,,3pt missed,,,,,1627750|1628971|1629060|1630559|203076|203471|203484|203932|203999|2544,1627750|1628971|203484|203932|203999,1629060|1630559|203076|203471|2544,,,1610612743.0,42200311
