period,clock,clock_display,game_clock,minutes_left_in_game,actionNumber,actionType,description,qualifier,playerName,scoreHome,scoreAway,shotResult,isFieldGoal,assisted,person_id,assister_id,previous_action,next_action,foulDrawnPersonId,stealPersonId,blockPersonId,players_on,off_players_on,def_players_on,xLegacy,yLegacy,teamId,game_id
1,PT11M38.00S,11:38,Q1 11:38,46.36666666666667,8,3pt,B. Beal 27' 3PT  (3 PTS) (D. Booker 1 AST),[],Beal,3,0,Made,True,True,203078,1626164.0,,turnover,,,,1626164|1626172|1629002|1629006|201939|202691|203078|203110|203952|203994,1626164|1629002|1629006|203078|203994,1626172|201939|202691|203110|203952,-94.0,262.0,1610612756.0,22300308
1,PT11M21.00S,11:21,Q1 11:21,46.65,10,turnover,A. Wiggins bad pass TURNOVER (1 TO),[],Wiggins,3,0,,False,False,203952,,3pt made,steal,,203078.0,,1626164|1626172|1629002|1629006|201939|202691|203078|203110|203952|203994,1626172|201939|202691|203110|203952,1626164|1629002|1629006|203078|203994,,,1610612744.0,22300308
1,PT11M21.00S,11:21,Q1 11:21,46.65,11,steal,B. Beal STEAL (1 STL),[],Beal,3,0,,False,False,203078,,turnover,3pt missed,,,,1626164|1626172|1629002|1629006|201939|202691|203078|203110|203952|203994,1626164|1629002|1629006|203078|203994,1626172|201939|202691|203110|203952,,,1610612756.0,22300308
1,PT11M02.00S,11:02,Q1 11:02,46.96666666666667,12,3pt,MISS C. Metu 26' 3PT,['fromturnover'],Metu,3,0,Missed,True,False,1629002,,steal,rebound,,,,1626164|1626172|1629002|1629006|201939|202691|203078|203110|203952|203994,1626164|1629002|1629006|203078|203994,1626172|201939|202691|203110|203952,150.0,218.0,1610612756.0,22300308
1,PT10M59.00S,10:59,Q1 10:59,45.016666666666666,13,rebound,J. Okogie REBOUND (Off:1 Def:0),[],Okogie,3,0,,False,False,1629006,,3pt missed,foul,,,,1626164|1626172|1629002|1629006|201939|202691|203078|203110|203952|203994,1626164|1629002|1629006|203078|203994,1626172|201939|202691|203110|203952,,,1610612756.0,22300308
1,PT10M59.00S,10:59,Q1 10:59,45.016666666666666,14,foul,K. Thompson shooting personal FOUL (1 PF) (Okogie 2 FT),['2freethrow'],Thompson,3,0,,False,False,202691,,rebound,freethrow,1629006.0,,,1626164|1626172|1629002|1629006|201939|202691|203078|203110|203952|203994,1626172|201939|202691|203110|203952,1626164|1629002|1629006|203078|203994,,,1610612744.0,22300308
1,PT10M59.00S,10:59,Q1 10:59,45.016666666666666,16,freethrow,MISS J. Okogie Free Throw 1 of 2,"['fromturnover', '2ndchance']",Okogie,3,0,Missed,False,False,1629006,,foul,rebound,,,,1626164|1626172|1629002|1629006|201939|202691|203078|203110|203952|203994,1626164|1629002|1629006|203078|203994,1626172|201939|202691|203110|203952,,,1610612756.0,22300308
1,PT10M59.00S,10:59,Q1 10:59,45.016666666666666,17,rebound,TEAM offensive REBOUND,"['deadball', 'team']",,3,0,,False,False,0,,freethrow,freethrow,,,,1626164|1626172|1629002|1629006|201939|202691|203078|203110|203952|203994,1626164|1629002|1629006|203078|203994,1626172|201939|202691|203110|203952,,,1610612756.0,22300308
1,PT10M59.00S,10:59,Q1 10:59,45.016666666666666,18,freethrow,J. Okogie Free Throw 2 of 2 (1 PTS),"['fromturnover', '2ndchance']",Okogie,4,0,Made,False,False,1629006,,rebound,foul,,,,1626164|1626172|1629002|1629006|201939|202691|203078|203110|203952|203994,1626164|1629002|1629006|203078|203994,1626172|201939|202691|203110|203952,,,1610612756.0,22300308
1,PT10M48.00S,10:48,Q1 10:48,45.2,19,foul,D. Booker personal FOUL (1 PF),[],Booker,4,0,,False,False,1626164,,freethrow,2pt missed,203110.0,,,1626164|1626172|1629002|1629006|201939|202691|203078|203110|203952|203994,1626164|1629002|1629006|203078|203994,1626172|201939|202691|203110|203952,,,1610612756.0,22300308
1,PT10M34.00S,10:34,Q1 10:34,45.43333333333333,21,2pt,MISS A. Wiggins turnaround Hook,['pointsinthepaint'],Wiggins,4,0,Missed,True,False,203952,,foul,rebound,,,,1626164|1626172|1629002|1629006|201939|202691|203078|203110|203952|203994,1626172|201939|202691|203110|203952,1626164|1629002|1629006|203078|203994,-23.0,37.0,1610612744.0,22300308
1,PT10M34.00S,10:34,Q1 10:34,45.43333333333333,22,rebound,TEAM offensive REBOUND,['team'],,4,0,,False,False,0,,2pt missed,3pt missed,,,,1626164|1626172|1629002|1629006|201939|202691|203078|203110|203952|203994,1626172|201939|202691|203110|203952,1626164|1629002|1629006|203078|203994,,,1610612744.0,22300308
1,PT10M30.00S,10:30,Q1 10:30,45.5,23,3pt,MISS S. Curry 24' step back 3PT - blocked,['2ndchance'],Curry,4,0,Missed,True,False,201939,,rebound,block,,,1629006.0,1626164|1626172|1629002|1629006|201939|202691|203078|203110|203952|203994,1626172|201939|202691|203110|203952,1626164|1629002|1629006|203078|203994,-248.0,4.0,1610612744.0,22300308
1,PT10M30.00S,10:30,Q1 10:30,45.5,24,block,J. Okogie BLOCK (1 BLK),[],Okogie,4,0,,False,False,1629006,,3pt missed,rebound,,,,1626164|1626172|1629002|1629006|201939|202691|203078|203110|203952|203994,1626164|1629002|1629006|203078|203994,1626172|201939|202691|203110|203952,,,1610612756.0,22300308
1,PT10M30.00S,10:30,Q1 10:30,45.5,25,rebound,TEAM offensive REBOUND,['team'],,4,0,,False,False,0,,block,3pt missed,,,,1626164|1626172|1629002|1629006|201939|202691|203078|203110|203952|203994,1626172|201939|202691|203110|203952,1626164|1629002|1629006|203078|203994,,,1610612744.0,22300308
1,PT10M28.00S,10:28,Q1 10:28,45.53333333333333,27,3pt,MISS D. Green 27' 3PT,['2ndchance'],Green,4,0,Missed,True,False,203110,,rebound,rebound,,,,1626164|1626172|1629002|1629006|201939|202691|203078|203110|203952|203994,1626172|201939|202691|203110|203952,1626164|1629002|1629006|203078|203994,136.0,238.0,1610612744.0,22300308
1,PT10M24.00S,10:24,Q1 10:24,45.6,28,rebound,J. Nurkic REBOUND (Off:0 Def:1),[],Nurkic,4,0,,False,False,203994,,3pt missed,foul,,,,1626164|1626172|1629002|1629006|201939|202691|203078|203110|203952|203994,1626164|1629002|1629006|203078|203994,1626172|201939|202691|203110|203952,,,1610612756.0,22300308
1,PT10M14.00S,10:14,Q1 10:14,45.766666666666666,29,foul,A. Wiggins personal FOUL (1 PF),[],Wiggins,4,0,,False,False,203952,,rebound,turnover,1626164.0,,,1626164|1626172|1629002|1629006|201939|202691|203078|203110|203952|203994,1626172|201939|202691|203110|203952,1626164|1629002|1629006|203078|203994,,,1610612744.0,22300308
1,PT10M00.00S,10:00,Q1 10:00,46.0,32,turnover,PHX shot clock Team TURNOVER,['team'],,4,0,,False,False,0,,foul,turnover,,,,1626164|1626172|1629002|1629006|201939|202691|203078|203110|203952|203994,1626164|1629002|1629006|203078|203994,1626172|201939|202691|203110|203952,,,1610612756.0,22300308
1,PT09M53.00S,09:53,Q1 09:53,44.11666666666667,33,turnover,D. Green lost ball out-of-bounds TURNOVER (1 TO),[],Green,4,0,,False,False,203110,,turnover,3pt made,,,,1626164|1626172|1629002|1629006|201939|202691|203078|203110|203952|203994,1626172|201939|202691|203110|203952,1626164|1629002|1629006|203078|203994,,,1610612744.0,22300308
1,PT09M39.00S,09:39,Q1 09:39,44.35,34,3pt,J. Okogie 26' 3PT pullup (4 PTS) (D. Booker 2 AST),['fromturnover'],Okogie,7,0,Made,True,True,1629006,1626164.0,turnover,3pt made,,,,1626164|1626172|1629002|1629006|201939|202691|203078|203110|203952|203994,1626164|1629002|1629006|203078|203994,1626172|201939|202691|203110|203952,124.0,240.0,1610612756.0,22300308
1,PT09M28.00S,09:28,Q1 09:28,44.53333333333333,36,3pt,A. Wiggins 26' 3PT  (3 PTS) (K. Looney 1 AST),[],Wiggins,7,3,Made,True,True,203952,1626172.0,3pt made,2pt missed,,,,1626164|1626172|1629002|1629006|201939|202691|203078|203110|203952|203994,1626172|201939|202691|203110|203952,1626164|1629002|1629006|203078|203994,152.0,211.0,1610612744.0,22300308
1,PT09M10.00S,09:10,Q1 09:10,44.833333333333336,38,2pt,MISS B. Beal 11' pullup Shot,['pointsinthepaint'],Beal,7,3,Missed,True,False,203078,,3pt made,rebound,,,,1626164|1626172|1629002|1629006|201939|202691|203078|203110|203952|203994,1626164|1629002|1629006|203078|203994,1626172|201939|202691|203110|203952,-54.0,104.0,1610612756.0,22300308
1,PT09M08.00S,09:08,Q1 09:08,44.86666666666667,39,rebound,K. Looney REBOUND (Off:0 Def:1),[],Looney,7,3,,False,False,1626172,,2pt missed,2pt missed,,,,1626164|1626172|1629002|1629006|201939|202691|203078|203110|203952|203994,1626172|201939|202691|203110|203952,1626164|1629002|1629006|203078|203994,,,1610612744.0,22300308
1,PT08M57.00S,08:57,Q1 08:57,43.05,40,2pt,MISS A. Wiggins cutting Layup,['pointsinthepaint'],Wiggins,7,3,Missed,True,False,203952,,rebound,rebound,,,,1626164|1626172|1629002|1629006|201939|202691|203078|203110|203952|203994,1626172|201939|202691|203110|203952,1626164|1629002|1629006|203078|203994,-15.0,28.0,1610612744.0,22300308
1,PT08M56.00S,08:56,Q1 08:56,43.06666666666667,41,rebound,J. Nurkic REBOUND (Off:0 Def:2),[],Nurkic,7,3,,False,False,203994,,2pt missed,2pt missed,,,,1626164|1626172|1629002|1629006|201939|202691|203078|203110|203952|203994,1626164|1629002|1629006|203078|203994,1626172|201939|202691|203110|203952,,,1610612756.0,22300308
1,PT08M50.00S,08:50,Q1 08:50,43.166666666666664,42,2pt,MISS D. Booker 13' turnaround Shot,[],Booker,7,3,Missed,True,False,1626164,,rebound,rebound,,,,1626164|1626172|1629002|1629006|201939|202691|203078|203110|203952|203994,1626164|1629002|1629006|203078|203994,1626172|201939|202691|203110|203952,98.0,88.0,1610612756.0,22300308
1,PT08M49.00S,08:49,Q1 08:49,43.18333333333333,43,rebound,D. Green REBOUND (Off:0 Def:1),[],Green,7,3,,False,False,203110,,2pt missed,3pt made,,,,1626164|1626172|1629002|1629006|201939|202691|203078|203110|203952|203994,1626172|201939|202691|203110|203952,1626164|1629002|1629006|203078|203994,,,1610612744.0,22300308
1,PT08M37.00S,08:37,Q1 08:37,43.38333333333333,44,3pt,K. Thompson 27' 3PT  (3 PTS) (S. Curry 1 AST),[],Thompson,7,6,Made,True,True,202691,201939.0,rebound,3pt made,,,,1626164|1626172|1629002|1629006|201939|202691|203078|203110|203952|203994,1626172|201939|202691|203110|203952,1626164|1629002|1629006|203078|203994,167.0,225.0,1610612744.0,22300308
1,PT08M27.00S,08:27,Q1 08:27,43.55,46,3pt,D. Booker 28' 3PT  (3 PTS) (B. Beal 1 AST),[],Booker,10,6,Made,True,True,1626164,203078.0,3pt made,3pt missed,,,,1626164|1626172|1629002|1629006|201939|202691|203078|203110|203952|203994,1626164|1629002|1629006|203078|203994,1626172|201939|202691|203110|203952,174.0,221.0,1610612756.0,22300308
1,PT08M19.00S,08:19,Q1 08:19,43.68333333333333,48,3pt,MISS K. Thompson 29' 3PT,[],Thompson,10,6,Missed,True,False,202691,,3pt made,rebound,,,,1626164|1626172|1629002|1629006|201939|202691|203078|203110|203952|203994,1626172|201939|202691|203110|203952,1626164|1629002|1629006|203078|203994,114.0,269.0,1610612744.0,22300308
1,PT08M16.00S,08:16,Q1 08:16,43.733333333333334,49,rebound,K. Looney REBOUND (Off:1 Def:1),[],Looney,10,6,,False,False,1626172,,3pt missed,3pt missed,,,,1626164|1626172|1629002|1629006|201939|202691|203078|203110|203952|203994,1626172|201939|202691|203110|203952,1626164|1629002|1629006|203078|203994,,,1610612744.0,22300308
1,PT08M12.00S,08:12,Q1 08:12,43.8,50,3pt,MISS S. Curry 24' 3PT,['2ndchance'],Curry,10,6,Missed,True,False,201939,,rebound,rebound,,,,1626164|1626172|1629002|1629006|201939|202691|203078|203110|203952|203994,1626172|201939|202691|203110|203952,1626164|1629002|1629006|203078|203994,-239.0,59.0,1610612744.0,22300308
1,PT08M08.00S,08:08,Q1 08:08,43.86666666666667,51,rebound,J. Nurkic REBOUND (Off:0 Def:3),[],Nurkic,10,6,,False,False,203994,,3pt missed,3pt missed,,,,1626164|1626172|1629002|1629006|201939|202691|203078|203110|203952|203994,1626164|1629002|1629006|203078|203994,1626172|201939|202691|203110|203952,,,1610612756.0,22300308
1,PT08M01.00S,08:01,Q1 08:01,43.983333333333334,52,3pt,MISS C. Metu 26' 3PT,[],Metu,10,6,Missed,True,False,1629002,,rebound,rebound,,,,1626164|1626172|1629002|1629006|201939|202691|203078|203110|203952|203994,1626164|1629002|1629006|203078|203994,1626172|201939|202691|203110|203952,208.0,163.0,1610612756.0,22300308
1,PT07M57.00S,07:57,Q1 07:57,42.05,53,rebound,S. Curry REBOUND (Off:0 Def:1),[],Curry,10,6,,False,False,201939,,3pt missed,3pt missed,,,,1626164|1626172|1629002|1629006|201939|202691|203078|203110|203952|203994,1626172|201939|202691|203110|203952,1626164|1629002|1629006|203078|203994,,,1610612744.0,22300308
1,PT07M46.00S,07:46,Q1 07:46,42.233333333333334,54,3pt,MISS S. Curry 27' 3PT,[],Curry,10,6,Missed,True,False,201939,,rebound,rebound,,,,1626164|1626172|1629002|1629006|201939|202691|203078|203110|203952|203994,1626172|201939|202691|203110|203952,1626164|1629002|1629006|203078|203994,126.0,239.0,1610612744.0,22300308
1,PT07M42.00S,07:42,Q1 07:42,42.3,55,rebound,A. Wiggins REBOUND (Off:1 Def:0),[],Wiggins,10,6,,False,False,203952,,3pt missed,3pt missed,,,,1626164|1626172|1629002|1629006|201939|202691|203078|203110|203952|203994,1626172|201939|202691|203110|203952,1626164|1629002|1629006|203078|203994,,,1610612744.0,22300308
1,PT07M41.00S,07:41,Q1 07:41,42.31666666666667,56,3pt,MISS K. Thompson 25' 3PT,['2ndchance'],Thompson,10,6,Missed,True,False,202691,,rebound,rebound,,,,1626164|1626172|1629002|1629006|201939|202691|203078|203110|203952|203994,1626172|201939|202691|203110|203952,1626164|1629002|1629006|203078|203994,185.0,180.0,1610612744.0,22300308
1,PT07M39.00S,07:39,Q1 07:39,42.35,57,rebound,J. Nurkic REBOUND (Off:0 Def:4),[],Nurkic,10,6,,False,False,203994,,3pt missed,2pt missed,,,,1626164|1626172|1629002|1629006|201939|202691|203078|203110|203952|203994,1626164|1629002|1629006|203078|203994,1626172|201939|202691|203110|203952,,,1610612756.0,22300308
1,PT07M27.00S,07:27,Q1 07:27,42.55,58,2pt,MISS D. Booker 14' turnaround fadeaway Shot,[],Booker,10,6,Missed,True,False,1626164,,rebound,rebound,,,,1626164|1626172|1629002|1629006|201939|202691|203078|203110|203952|203994,1626164|1629002|1629006|203078|203994,1626172|201939|202691|203110|203952,150.0,6.0,1610612756.0,22300308
1,PT07M25.00S,07:25,Q1 07:25,42.583333333333336,59,rebound,A. Wiggins REBOUND (Off:1 Def:1),[],Wiggins,10,6,,False,False,203952,,2pt missed,3pt missed,,,,1626164|1626172|1629002|1629006|201939|202691|203078|203110|203952|203994,1626172|201939|202691|203110|203952,1626164|1629002|1629006|203078|203994,,,1610612744.0,22300308
1,PT07M18.00S,07:18,Q1 07:18,42.7,60,3pt,MISS A. Wiggins 27' 3PT,[],Wiggins,10,6,Missed,True,False,203952,,rebound,rebound,,,,1626164|1626172|1629002|1629006|201939|202691|203078|203110|203952|203994,1626172|201939|202691|203110|203952,1626164|1629002|1629006|203078|203994,85.0,260.0,1610612744.0,22300308
1,PT07M15.00S,07:15,Q1 07:15,42.75,61,rebound,K. Looney REBOUND (Off:2 Def:1),[],Looney,10,6,,False,False,1626172,,3pt missed,3pt made,,,,1626164|1626172|1629002|1629006|201939|202691|203078|203110|203952|203994,1626172|201939|202691|203110|203952,1626164|1629002|1629006|203078|203994,,,1610612744.0,22300308
1,PT07M13.00S,07:13,Q1 07:13,42.78333333333333,62,3pt,S. Curry 3PT  (3 PTS) (A. Wiggins 1 AST),['2ndchance'],Curry,10,9,Made,True,True,201939,203952.0,rebound,timeout,,,,1626164|1626172|1629002|1629006|201939|202691|203078|203110|203952|203994,1626172|201939|202691|203110|203952,1626164|1629002|1629006|203078|203994,227.0,17.0,1610612744.0,22300308
1,PT07M10.00S,07:10,Q1 07:10,42.833333333333336,64,timeout,PHX Timeout,"['team', 'mandatory']",,10,9,,False,False,0,,3pt made,substitution,,,,1626164|1626172|1629002|1629006|201939|202691|203078|203110|203952|203994,1626164|1629002|1629006|203078|203994,1626172|201939|202691|203110|203952,,,1610612756.0,22300308
1,PT07M10.00S,07:10,Q1 07:10,42.833333333333336,65,substitution,SUB out: K. Looney,[],Looney,10,9,,False,False,1626172,,timeout,substitution,,,,1626164|1629002|1629006|201939|202691|203078|203110|203952|203994,201939|202691|203110|203952,1626164|1629002|1629006|203078|203994,,,1610612744.0,22300308
1,PT07M10.00S,07:10,Q1 07:10,42.833333333333336,66,substitution,SUB in: C. Paul,[],Paul,10,9,,False,False,101108,,substitution,substitution,,,,101108|1626164|1629002|1629006|201939|202691|203078|203110|203952|203994,101108|201939|202691|203110|203952,1626164|1629002|1629006|203078|203994,,,1610612744.0,22300308
1,PT07M10.00S,07:10,Q1 07:10,42.833333333333336,67,substitution,SUB out: B. Beal,[],Beal,10,9,,False,False,203078,,substitution,substitution,,,,101108|1626164|1629002|1629006|201939|202691|203110|203952|203994,1626164|1629002|1629006|203994,101108|201939|202691|203110|203952,,,1610612756.0,22300308
1,PT07M10.00S,07:10,Q1 07:10,42.833333333333336,68,substitution,SUB in: E. Gordon,[],Gordon,10,9,,False,False,201569,,substitution,3pt made,,,,101108|1626164|1629002|1629006|201569|201939|202691|203110|203952|203994,1626164|1629002|1629006|201569|203994,101108|201939|202691|203110|203952,,,1610612756.0,22300308
1,PT06M53.00S,06:53,Q1 06:53,41.11666666666667,69,3pt,J. Okogie 3PT  (7 PTS) (D. Booker 3 AST),[],Okogie,13,9,Made,True,True,1629006,1626164.0,substitution,foul,,,,101108|1626164|1629002|1629006|201569|201939|202691|203110|203952|203994,1626164|1629002|1629006|201569|203994,101108|201939|202691|203110|203952,-227.0,22.0,1610612756.0,22300308
1,PT06M39.00S,06:39,Q1 06:39,41.35,71,foul,J. Nurkic personal FOUL (1 PF),[],Nurkic,13,9,,False,False,203994,,3pt made,3pt missed,201939.0,,,101108|1626164|1629002|1629006|201569|201939|202691|203110|203952|203994,1626164|1629002|1629006|201569|203994,101108|201939|202691|203110|203952,,,1610612756.0,22300308
1,PT06M31.00S,06:31,Q1 06:31,41.483333333333334,73,3pt,MISS C. Paul 3PT,[],Paul,13,9,Missed,True,False,101108,,foul,rebound,,,,101108|1626164|1629002|1629006|201569|201939|202691|203110|203952|203994,101108|201939|202691|203110|203952,1626164|1629002|1629006|201569|203994,225.0,-14.0,1610612744.0,22300308
1,PT06M28.00S,06:28,Q1 06:28,41.53333333333333,74,rebound,J. Okogie REBOUND (Off:1 Def:1),[],Okogie,13,9,,False,False,1629006,,3pt missed,3pt missed,,,,101108|1626164|1629002|1629006|201569|201939|202691|203110|203952|203994,1626164|1629002|1629006|201569|203994,101108|201939|202691|203110|203952,,,1610612756.0,22300308
1,PT06M21.00S,06:21,Q1 06:21,41.65,75,3pt,MISS J. Okogie 26' 3PT,[],Okogie,13,9,Missed,True,False,1629006,,rebound,rebound,,,,101108|1626164|1629002|1629006|201569|201939|202691|203110|203952|203994,1626164|1629002|1629006|201569|203994,101108|201939|202691|203110|203952,164.0,210.0,1610612756.0,22300308
1,PT06M18.00S,06:18,Q1 06:18,41.7,76,rebound,C. Metu REBOUND (Off:1 Def:0),[],Metu,13,9,,False,False,1629002,,3pt missed,3pt missed,,,,101108|1626164|1629002|1629006|201569|201939|202691|203110|203952|203994,1626164|1629002|1629006|201569|203994,101108|201939|202691|203110|203952,,,1610612756.0,22300308
1,PT06M14.00S,06:14,Q1 06:14,41.766666666666666,77,3pt,MISS J. Nurkic 27' 3PT,['2ndchance'],Nurkic,13,9,Missed,True,False,203994,,rebound,rebound,,,,101108|1626164|1629002|1629006|201569|201939|202691|203110|203952|203994,1626164|1629002|1629006|201569|203994,101108|201939|202691|203110|203952,-159.0,224.0,1610612756.0,22300308
1,PT06M11.00S,06:11,Q1 06:11,41.81666666666667,78,rebound,C. Paul REBOUND (Off:0 Def:1),[],Paul,13,9,,False,False,101108,,3pt missed,3pt missed,,,,101108|1626164|1629002|1629006|201569|201939|202691|203110|203952|203994,101108|201939|202691|203110|203952,1626164|1629002|1629006|201569|203994,,,1610612744.0,22300308
1,PT06M06.00S,06:06,Q1 06:06,41.9,79,3pt,MISS D. Green 27' 3PT,[],Green,13,9,Missed,True,False,203110,,rebound,rebound,,,,101108|1626164|1629002|1629006|201569|201939|202691|203110|203952|203994,101108|201939|202691|203110|203952,1626164|1629002|1629006|201569|203994,115.0,247.0,1610612744.0,22300308
1,PT06M03.00S,06:03,Q1 06:03,41.95,80,rebound,J. Nurkic REBOUND (Off:0 Def:5),[],Nurkic,13,9,,False,False,203994,,3pt missed,foul,,,,101108|1626164|1629002|1629006|201569|201939|202691|203110|203952|203994,1626164|1629002|1629006|201569|203994,101108|201939|202691|203110|203952,,,1610612756.0,22300308
1,PT05M48.00S,05:48,Q1 05:48,40.2,83,foul,D. Green shooting personal FOUL (1 PF) (Metu 2 FT),['2freethrow'],Green,13,9,,False,False,203110,,rebound,freethrow,1629002.0,,,101108|1626164|1629002|1629006|201569|201939|202691|203110|203952|203994,101108|201939|202691|203110|203952,1626164|1629002|1629006|201569|203994,,,1610612744.0,22300308
1,PT05M48.00S,05:48,Q1 05:48,40.2,85,freethrow,C. Metu Free Throw 1 of 2 (1 PTS),[],Metu,14,9,Made,False,False,1629002,,foul,freethrow,,,,101108|1626164|1629002|1629006|201569|201939|202691|203110|203952|203994,1626164|1629002|1629006|201569|203994,101108|201939|202691|203110|203952,,,1610612756.0,22300308
1,PT05M48.00S,05:48,Q1 05:48,40.2,88,freethrow,MISS C. Metu Free Throw 2 of 2,[],Metu,14,9,Missed,False,False,1629002,,freethrow,substitution,,,,101108|1626164|1629002|1629006|201569|201939|202691|203110|203952|203994,1626164|1629002|1629006|201569|203994,101108|201939|202691|203110|203952,,,1610612756.0,22300308
1,PT05M48.00S,05:48,Q1 05:48,40.2,86,substitution,SUB out: K. Thompson,[],Thompson,14,9,,False,False,202691,,freethrow,substitution,,,,101108|1626164|1629002|1629006|201569|201939|203110|203952|203994,101108|201939|203110|203952,1626164|1629002|1629006|201569|203994,,,1610612744.0,22300308
1,PT05M48.00S,05:48,Q1 05:48,40.2,87,substitution,SUB in: M. Moody,[],Moody,14,9,,False,False,1630541,,substitution,rebound,,,,101108|1626164|1629002|1629006|1630541|201569|201939|203110|203952|203994,101108|1630541|201939|203110|203952,1626164|1629002|1629006|201569|203994,,,1610612744.0,22300308
1,PT05M46.00S,05:46,Q1 05:46,40.233333333333334,89,rebound,M. Moody REBOUND (Off:0 Def:1),[],Moody,14,9,,False,False,1630541,,substitution,turnover,,,,101108|1626164|1629002|1629006|1630541|201569|201939|203110|203952|203994,101108|1630541|201939|203110|203952,1626164|1629002|1629006|201569|203994,,,1610612744.0,22300308
1,PT05M32.00S,05:32,Q1 05:32,40.46666666666667,90,turnover,D. Green bad pass out-of-bounds TURNOVER (2 TO),[],Green,14,9,,False,False,203110,,rebound,2pt made,,,,101108|1626164|1629002|1629006|1630541|201569|201939|203110|203952|203994,101108|1630541|201939|203110|203952,1626164|1629002|1629006|201569|203994,,,1610612744.0,22300308
1,PT05M10.00S,05:10,Q1 05:10,40.833333333333336,91,2pt,J. Nurkic Layup (2 PTS) (J. Okogie 1 AST),"['pointsinthepaint', 'fromturnover']",Nurkic,16,9,Made,True,True,203994,1629006.0,turnover,timeout,,,,101108|1626164|1629002|1629006|1630541|201569|201939|203110|203952|203994,1626164|1629002|1629006|201569|203994,101108|1630541|201939|203110|203952,4.0,24.0,1610612756.0,22300308
1,PT05M08.00S,05:08,Q1 05:08,40.86666666666667,93,timeout,GSW Timeout,"['team', 'mandatory']",,16,9,,False,False,0,,2pt made,substitution,,,,101108|1626164|1629002|1629006|1630541|201569|201939|203110|203952|203994,101108|1630541|201939|203110|203952,1626164|1629002|1629006|201569|203994,,,1610612744.0,22300308
1,PT05M08.00S,05:08,Q1 05:08,40.86666666666667,94,substitution,SUB out: C. Metu,[],Metu,16,9,,False,False,1629002,,timeout,substitution,,,,101108|1626164|1629006|1630541|201569|201939|203110|203952|203994,1626164|1629006|201569|203994,101108|1630541|201939|203110|203952,,,1610612756.0,22300308
1,PT05M08.00S,05:08,Q1 05:08,40.86666666666667,95,substitution,SUB out: A. Wiggins,[],Wiggins,16,9,,False,False,203952,,substitution,substitution,,,,101108|1626164|1629006|1630541|201569|201939|203110|203994,101108|1630541|201939|203110,1626164|1629006|201569|203994,,,1610612744.0,22300308
1,PT05M08.00S,05:08,Q1 05:08,40.86666666666667,96,substitution,SUB out: D. Green,[],Green,16,9,,False,False,203110,,substitution,substitution,,,,101108|1626164|1629006|1630541|201569|201939|203994,101108|1630541|201939,1626164|1629006|201569|203994,,,1610612744.0,22300308
1,PT05M08.00S,05:08,Q1 05:08,40.86666666666667,97,substitution,SUB in: Y. Watanabe,[],Watanabe,16,9,,False,False,1629139,,substitution,substitution,,,,101108|1626164|1629006|1629139|1630541|201569|201939|203994,1626164|1629006|1629139|201569|203994,101108|1630541|201939,,,1610612756.0,22300308
1,PT05M08.00S,05:08,Q1 05:08,40.86666666666667,98,substitution,SUB in: D. Saric,[],Saric,16,9,,False,False,203967,,substitution,substitution,,,,101108|1626164|1629006|1629139|1630541|201569|201939|203967|203994,101108|1630541|201939|203967,1626164|1629006|1629139|201569|203994,,,1610612744.0,22300308
1,PT05M08.00S,05:08,Q1 05:08,40.86666666666667,99,substitution,SUB in: J. Kuminga,[],Kuminga,16,9,,False,False,1630228,,substitution,2pt made,,,,101108|1626164|1629006|1629139|1630228|1630541|201569|201939|203967|203994,101108|1630228|1630541|201939|203967,1626164|1629006|1629139|201569|203994,,,1610612744.0,22300308
1,PT04M51.00S,04:51,Q1 04:51,39.15,100,2pt,S. Curry 20' driving floating Jump Shot (5 PTS) (C. Paul 1 AST),[],Curry,16,11,Made,True,True,201939,101108.0,substitution,foul,,,,101108|1626164|1629006|1629139|1630228|1630541|201569|201939|203967|203994,101108|1630228|1630541|201939|203967,1626164|1629006|1629139|201569|203994,42.0,196.0,1610612744.0,22300308
1,PT04M51.00S,04:51,Q1 04:51,39.15,102,foul,Y. Watanabe shooting personal FOUL (1 PF) (Curry 1 FT),['1freethrow'],Watanabe,16,11,,False,False,1629139,,2pt made,freethrow,201939.0,,,101108|1626164|1629006|1629139|1630228|1630541|201569|201939|203967|203994,1626164|1629006|1629139|201569|203994,101108|1630228|1630541|201939|203967,,,1610612756.0,22300308
1,PT04M51.00S,04:51,Q1 04:51,39.15,104,freethrow,S. Curry Free Throw 1 of 1 (6 PTS),[],Curry,16,12,Made,False,False,201939,,foul,foul,,,,101108|1626164|1629006|1629139|1630228|1630541|201569|201939|203967|203994,101108|1630228|1630541|201939|203967,1626164|1629006|1629139|201569|203994,,,1610612744.0,22300308
1,PT04M32.00S,04:32,Q1 04:32,39.46666666666667,105,foul,M. Moody shooting personal FOUL (1 PF) (Nurkic 2 FT),['2freethrow'],Moody,16,12,,False,False,1630541,,freethrow,freethrow,203994.0,,,101108|1626164|1629006|1629139|1630228|1630541|201569|201939|203967|203994,101108|1630228|1630541|201939|203967,1626164|1629006|1629139|201569|203994,,,1610612744.0,22300308
1,PT04M32.00S,04:32,Q1 04:32,39.46666666666667,107,freethrow,MISS J. Nurkic Free Throw 1 of 2,[],Nurkic,16,12,Missed,False,False,203994,,foul,rebound,,,,101108|1626164|1629006|1629139|1630228|1630541|201569|201939|203967|203994,1626164|1629006|1629139|201569|203994,101108|1630228|1630541|201939|203967,,,1610612756.0,22300308
1,PT04M32.00S,04:32,Q1 04:32,39.46666666666667,108,rebound,TEAM offensive REBOUND,"['deadball', 'team']",,16,12,,False,False,0,,freethrow,freethrow,,,,101108|1626164|1629006|1629139|1630228|1630541|201569|201939|203967|203994,1626164|1629006|1629139|201569|203994,101108|1630228|1630541|201939|203967,,,1610612756.0,22300308
1,PT04M32.00S,04:32,Q1 04:32,39.46666666666667,109,freethrow,J. Nurkic Free Throw 2 of 2 (3 PTS),[],Nurkic,17,12,Made,False,False,203994,,rebound,2pt made,,,,101108|1626164|1629006|1629139|1630228|1630541|201569|201939|203967|203994,1626164|1629006|1629139|201569|203994,101108|1630228|1630541|201939|203967,,,1610612756.0,22300308
1,PT04M18.00S,04:18,Q1 04:18,39.7,110,2pt,J. Kuminga driving Layup (2 PTS) (C. Paul 2 AST),['pointsinthepaint'],Kuminga,17,14,Made,True,True,1630228,101108.0,freethrow,3pt missed,,,,101108|1626164|1629006|1629139|1630228|1630541|201569|201939|203967|203994,101108|1630228|1630541|201939|203967,1626164|1629006|1629139|201569|203994,7.0,11.0,1610612744.0,22300308
1,PT04M07.00S,04:07,Q1 04:07,39.88333333333333,113,3pt,MISS E. Gordon 25' pullup 3PT,[],Gordon,17,14,Missed,True,False,201569,,2pt made,rebound,,,,101108|1626164|1629006|1629139|1630228|1630541|201569|201939|203967|203994,1626164|1629006|1629139|201569|203994,101108|1630228|1630541|201939|203967,-32.0,255.0,1610612756.0,22300308
1,PT04M04.00S,04:04,Q1 04:04,39.93333333333333,114,rebound,J. Nurkic REBOUND (Off:1 Def:5),[],Nurkic,17,14,,False,False,203994,,3pt missed,3pt missed,,,,101108|1626164|1629006|1629139|1630228|1630541|201569|201939|203967|203994,1626164|1629006|1629139|201569|203994,101108|1630228|1630541|201939|203967,,,1610612756.0,22300308
1,PT04M01.00S,04:01,Q1 04:01,39.983333333333334,115,3pt,MISS Y. Watanabe 25' 3PT,['2ndchance'],Watanabe,17,14,Missed,True,False,1629139,,rebound,rebound,,,,101108|1626164|1629006|1629139|1630228|1630541|201569|201939|203967|203994,1626164|1629006|1629139|201569|203994,101108|1630228|1630541|201939|203967,222.0,124.0,1610612756.0,22300308
1,PT03M58.00S,03:58,Q1 03:58,38.03333333333333,116,rebound,J. Nurkic REBOUND (Off:2 Def:5),[],Nurkic,17,14,,False,False,203994,,3pt missed,2pt missed,,,,101108|1626164|1629006|1629139|1630228|1630541|201569|201939|203967|203994,1626164|1629006|1629139|201569|203994,101108|1630228|1630541|201939|203967,,,1610612756.0,22300308
1,PT03M57.00S,03:57,Q1 03:57,38.05,117,2pt,MISS J. Nurkic putback Layup,"['pointsinthepaint', '2ndchance']",Nurkic,17,14,Missed,True,False,203994,,rebound,rebound,,,,101108|1626164|1629006|1629139|1630228|1630541|201569|201939|203967|203994,1626164|1629006|1629139|201569|203994,101108|1630228|1630541|201939|203967,-10.0,32.0,1610612756.0,22300308
1,PT03M57.00S,03:57,Q1 03:57,38.05,118,rebound,S. Curry REBOUND (Off:0 Def:2),[],Curry,17,14,,False,False,201939,,2pt missed,substitution,,,,101108|1626164|1629006|1629139|1630228|1630541|201569|201939|203967|203994,101108|1630228|1630541|201939|203967,1626164|1629006|1629139|201569|203994,,,1610612744.0,22300308
1,PT03M54.00S,03:54,Q1 03:54,38.1,120,substitution,SUB out: S. Curry,[],Curry,17,14,,False,False,201939,,rebound,substitution,,,,101108|1626164|1629006|1629139|1630228|1630541|201569|203967|203994,101108|1630228|1630541|203967,1626164|1629006|1629139|201569|203994,,,1610612744.0,22300308
1,PT03M54.00S,03:54,Q1 03:54,38.1,121,substitution,SUB in: B. Podziemski,[],Podziemski,17,14,,False,False,1641764,,substitution,substitution,,,,101108|1626164|1629006|1629139|1630228|1630541|1641764|201569|203967|203994,101108|1630228|1630541|1641764|203967,1626164|1629006|1629139|201569|203994,,,1610612744.0,22300308
1,PT03M54.00S,03:54,Q1 03:54,38.1,122,substitution,SUB out: J. Nurkic,[],Nurkic,17,14,,False,False,203994,,substitution,substitution,,,,101108|1626164|1629006|1629139|1630228|1630541|1641764|201569|203967,1626164|1629006|1629139|201569,101108|1630228|1630541|1641764|203967,,,1610612756.0,22300308
1,PT03M54.00S,03:54,Q1 03:54,38.1,123,substitution,SUB in: D. Eubanks,[],Eubanks,17,14,,False,False,1629234,,substitution,substitution,,,,101108|1626164|1629006|1629139|1629234|1630228|1630541|1641764|201569|203967,1626164|1629006|1629139|1629234|201569,101108|1630228|1630541|1641764|203967,,,1610612756.0,22300308
1,PT03M54.00S,03:54,Q1 03:54,38.1,124,substitution,SUB out: J. Okogie,[],Okogie,17,14,,False,False,1629006,,substitution,substitution,,,,101108|1626164|1629139|1629234|1630228|1630541|1641764|201569|203967,1626164|1629139|1629234|201569,101108|1630228|1630541|1641764|203967,,,1610612756.0,22300308
1,PT03M54.00S,03:54,Q1 03:54,38.1,125,substitution,SUB in: J. Goodwin,[],Goodwin,17,14,,False,False,1630692,,substitution,2pt missed,,,,101108|1626164|1629139|1629234|1630228|1630541|1630692|1641764|201569|203967,1626164|1629139|1629234|1630692|201569,101108|1630228|1630541|1641764|203967,,,1610612756.0,22300308
1,PT03M45.00S,03:45,Q1 03:45,38.25,126,2pt,MISS M. Moody 9' pullup Shot,['pointsinthepaint'],Moody,17,14,Missed,True,False,1630541,,substitution,rebound,,,,101108|1626164|1629139|1629234|1630228|1630541|1630692|1641764|201569|203967,101108|1630228|1630541|1641764|203967,1626164|1629139|1629234|1630692|201569,78.0,48.0,1610612744.0,22300308
1,PT03M43.00S,03:43,Q1 03:43,38.28333333333333,127,rebound,D. Eubanks REBOUND (Off:0 Def:1),[],Eubanks,17,14,,False,False,1629234,,2pt missed,3pt made,,,,101108|1626164|1629139|1629234|1630228|1630541|1630692|1641764|201569|203967,1626164|1629139|1629234|1630692|201569,101108|1630228|1630541|1641764|203967,,,1610612756.0,22300308
1,PT03M28.00S,03:28,Q1 03:28,38.53333333333333,128,3pt,E. Gordon 27' 3PT  (3 PTS) (J. Goodwin 1 AST),[],Gordon,20,14,Made,True,True,201569,1630692.0,rebound,3pt made,,,,101108|1626164|1629139|1629234|1630228|1630541|1630692|1641764|201569|203967,1626164|1629139|1629234|1630692|201569,101108|1630228|1630541|1641764|203967,119.0,250.0,1610612756.0,22300308
1,PT03M10.00S,03:10,Q1 03:10,38.833333333333336,130,3pt,J. Kuminga 3PT  (5 PTS) (B. Podziemski 1 AST),[],Kuminga,20,17,Made,True,True,1630228,1641764.0,3pt made,2pt missed,,,,101108|1626164|1629139|1629234|1630228|1630541|1630692|1641764|201569|203967,101108|1630228|1630541|1641764|203967,1626164|1629139|1629234|1630692|201569,232.0,22.0,1610612744.0,22300308
1,PT02M52.00S,02:52,Q1 02:52,37.13333333333333,132,2pt,MISS E. Gordon driving Layup,['pointsinthepaint'],Gordon,20,17,Missed,True,False,201569,,3pt made,rebound,,,,101108|1626164|1629139|1629234|1630228|1630541|1630692|1641764|201569|203967,1626164|1629139|1629234|1630692|201569,101108|1630228|1630541|1641764|203967,-2.0,27.0,1610612756.0,22300308
1,PT02M50.00S,02:50,Q1 02:50,37.166666666666664,133,rebound,D. Saric REBOUND (Off:0 Def:1),[],Saric,20,17,,False,False,203967,,2pt missed,turnover,,,,101108|1626164|1629139|1629234|1630228|1630541|1630692|1641764|201569|203967,101108|1630228|1630541|1641764|203967,1626164|1629139|1629234|1630692|201569,,,1610612744.0,22300308
1,PT02M48.00S,02:48,Q1 02:48,37.2,134,turnover,M. Moody lost ball TURNOVER (1 TO),[],Moody,20,17,,False,False,1630541,,rebound,steal,,1629139.0,,101108|1626164|1629139|1629234|1630228|1630541|1630692|1641764|201569|203967,101108|1630228|1630541|1641764|203967,1626164|1629139|1629234|1630692|201569,,,1610612744.0,22300308
1,PT02M48.00S,02:48,Q1 02:48,37.2,135,steal,Y. Watanabe STEAL (1 STL),[],Watanabe,20,17,,False,False,1629139,,turnover,3pt missed,,,,101108|1626164|1629139|1629234|1630228|1630541|1630692|1641764|201569|203967,1626164|1629139|1629234|1630692|201569,101108|1630228|1630541|1641764|203967,,,1610612756.0,22300308
1,PT02M44.00S,02:44,Q1 02:44,37.266666666666666,136,3pt,MISS Y. Watanabe 27' 3PT,['fromturnover'],Watanabe,20,17,Missed,True,False,1629139,,steal,rebound,,,,101108|1626164|1629139|1629234|1630228|1630541|1630692|1641764|201569|203967,1626164|1629139|1629234|1630692|201569,101108|1630228|1630541|1641764|203967,124.0,246.0,1610612756.0,22300308
1,PT02M40.00S,02:40,Q1 02:40,37.333333333333336,137,rebound,M. Moody REBOUND (Off:0 Def:2),[],Moody,20,17,,False,False,1630541,,3pt missed,3pt made,,,,101108|1626164|1629139|1629234|1630228|1630541|1630692|1641764|201569|203967,101108|1630228|1630541|1641764|203967,1626164|1629139|1629234|1630692|201569,,,1610612744.0,22300308
1,PT02M33.00S,02:33,Q1 02:33,37.45,138,3pt,D. Saric 27' 3PT  (3 PTS) (C. Paul 3 AST),[],Saric,20,20,Made,True,True,203967,101108.0,rebound,2pt missed,,,,101108|1626164|1629139|1629234|1630228|1630541|1630692|1641764|201569|203967,101108|1630228|1630541|1641764|203967,1626164|1629139|1629234|1630692|201569,23.0,273.0,1610612744.0,22300308
1,PT02M18.00S,02:18,Q1 02:18,37.7,140,2pt,MISS D. Booker driving Layup,['pointsinthepaint'],Booker,20,20,Missed,True,False,1626164,,3pt made,rebound,,,,101108|1626164|1629139|1629234|1630228|1630541|1630692|1641764|201569|203967,1626164|1629139|1629234|1630692|201569,101108|1630228|1630541|1641764|203967,-1.0,11.0,1610612756.0,22300308
1,PT02M17.00S,02:17,Q1 02:17,37.71666666666667,141,rebound,D. Booker REBOUND (Off:1 Def:0),[],Booker,20,20,,False,False,1626164,,2pt missed,2pt made,,,,101108|1626164|1629139|1629234|1630228|1630541|1630692|1641764|201569|203967,1626164|1629139|1629234|1630692|201569,101108|1630228|1630541|1641764|203967,,,1610612756.0,22300308
1,PT02M16.00S,02:16,Q1 02:16,37.733333333333334,142,2pt,D. Booker tip Layup (5 PTS),"['pointsinthepaint', '2ndchance']",Booker,22,20,Made,True,False,1626164,,rebound,3pt missed,,,,101108|1626164|1629139|1629234|1630228|1630541|1630692|1641764|201569|203967,1626164|1629139|1629234|1630692|201569,101108|1630228|1630541|1641764|203967,5.0,17.0,1610612756.0,22300308
1,PT01M57.00S,01:57,Q1 01:57,36.05,143,3pt,MISS J. Kuminga 3PT,[],Kuminga,22,20,Missed,True,False,1630228,,2pt made,rebound,,,,101108|1626164|1629139|1629234|1630228|1630541|1630692|1641764|201569|203967,101108|1630228|1630541|1641764|203967,1626164|1629139|1629234|1630692|201569,225.0,23.0,1610612744.0,22300308
1,PT01M54.00S,01:54,Q1 01:54,36.1,144,rebound,B. Podziemski REBOUND (Off:1 Def:0),[],Podziemski,22,20,,False,False,1641764,,3pt missed,2pt missed,,,,101108|1626164|1629139|1629234|1630228|1630541|1630692|1641764|201569|203967,101108|1630228|1630541|1641764|203967,1626164|1629139|1629234|1630692|201569,,,1610612744.0,22300308
1,PT01M51.00S,01:51,Q1 01:51,36.15,145,2pt,MISS B. Podziemski Layup,"['pointsinthepaint', '2ndchance']",Podziemski,22,20,Missed,True,False,1641764,,rebound,rebound,,,,101108|1626164|1629139|1629234|1630228|1630541|1630692|1641764|201569|203967,101108|1630228|1630541|1641764|203967,1626164|1629139|1629234|1630692|201569,-48.0,17.0,1610612744.0,22300308
1,PT01M51.00S,01:51,Q1 01:51,36.15,146,rebound,D. Eubanks REBOUND (Off:0 Def:2),[],Eubanks,22,20,,False,False,1629234,,2pt missed,3pt missed,,,,101108|1626164|1629139|1629234|1630228|1630541|1630692|1641764|201569|203967,1626164|1629139|1629234|1630692|201569,101108|1630228|1630541|1641764|203967,,,1610612756.0,22300308
1,PT01M34.00S,01:34,Q1 01:34,36.43333333333333,147,3pt,MISS E. Gordon 25' 3PT,[],Gordon,22,20,Missed,True,False,201569,,rebound,rebound,,,,101108|1626164|1629139|1629234|1630228|1630541|1630692|1641764|201569|203967,1626164|1629139|1629234|1630692|201569,101108|1630228|1630541|1641764|203967,-203.0,159.0,1610612756.0,22300308
1,PT01M31.00S,01:31,Q1 01:31,36.483333333333334,148,rebound,J. Kuminga REBOUND (Off:0 Def:1),[],Kuminga,22,20,,False,False,1630228,,3pt missed,2pt missed,,,,101108|1626164|1629139|1629234|1630228|1630541|1630692|1641764|201569|203967,101108|1630228|1630541|1641764|203967,1626164|1629139|1629234|1630692|201569,,,1610612744.0,22300308
1,PT01M19.00S,01:19,Q1 01:19,36.68333333333333,149,2pt,MISS J. Kuminga 15' pullup Shot,[],Kuminga,22,20,Missed,True,False,1630228,,rebound,rebound,,,,101108|1626164|1629139|1629234|1630228|1630541|1630692|1641764|201569|203967,101108|1630228|1630541|1641764|203967,1626164|1629139|1629234|1630692|201569,1.0,154.0,1610612744.0,22300308
1,PT01M16.00S,01:16,Q1 01:16,36.733333333333334,150,rebound,J. Kuminga REBOUND (Off:1 Def:1),[],Kuminga,22,20,,False,False,1630228,,2pt missed,2pt missed,,,,101108|1626164|1629139|1629234|1630228|1630541|1630692|1641764|201569|203967,101108|1630228|1630541|1641764|203967,1626164|1629139|1629234|1630692|201569,,,1610612744.0,22300308
1,PT01M13.00S,01:13,Q1 01:13,36.78333333333333,151,2pt,MISS J. Kuminga 7' pullup Shot - blocked,"['pointsinthepaint', '2ndchance']",Kuminga,22,20,Missed,True,False,1630228,,rebound,block,,,1629234.0,101108|1626164|1629139|1629234|1630228|1630541|1630692|1641764|201569|203967,101108|1630228|1630541|1641764|203967,1626164|1629139|1629234|1630692|201569,-7.0,71.0,1610612744.0,22300308
1,PT01M13.00S,01:13,Q1 01:13,36.78333333333333,152,block,D. Eubanks BLOCK (1 BLK),[],Eubanks,22,20,,False,False,1629234,,2pt missed,rebound,,,,101108|1626164|1629139|1629234|1630228|1630541|1630692|1641764|201569|203967,1626164|1629139|1629234|1630692|201569,101108|1630228|1630541|1641764|203967,,,1610612756.0,22300308
1,PT01M12.00S,01:12,Q1 01:12,36.8,153,rebound,J. Goodwin REBOUND (Off:0 Def:1),[],Goodwin,22,20,,False,False,1630692,,block,2pt missed,,,,101108|1626164|1629139|1629234|1630228|1630541|1630692|1641764|201569|203967,1626164|1629139|1629234|1630692|201569,101108|1630228|1630541|1641764|203967,,,1610612756.0,22300308
1,PT00M59.90S,00:59,Q1 00:59,35.016666666666666,154,2pt,MISS E. Gordon driving Layup,['pointsinthepaint'],Gordon,22,20,Missed,True,False,201569,,rebound,rebound,,,,101108|1626164|1629139|1629234|1630228|1630541|1630692|1641764|201569|203967,1626164|1629139|1629234|1630692|201569,101108|1630228|1630541|1641764|203967,-21.0,22.0,1610612756.0,22300308
1,PT00M58.40S,00:58,Q1 00:58,35.03333333333333,155,rebound,C. Paul REBOUND (Off:0 Def:2),[],Paul,22,20,,False,False,101108,,2pt missed,2pt missed,,,,101108|1626164|1629139|1629234|1630228|1630541|1630692|1641764|201569|203967,101108|1630228|1630541|1641764|203967,1626164|1629139|1629234|1630692|201569,,,1610612744.0,22300308
1,PT00M38.90S,00:38,Q1 00:38,35.36666666666667,156,2pt,MISS D. Saric driving Layup - blocked,['pointsinthepaint'],Saric,22,20,Missed,True,False,203967,,rebound,block,,,1629234.0,101108|1626164|1629139|1629234|1630228|1630541|1630692|1641764|201569|203967,101108|1630228|1630541|1641764|203967,1626164|1629139|1629234|1630692|201569,25.0,37.0,1610612744.0,22300308
1,PT00M38.90S,00:38,Q1 00:38,35.36666666666667,157,block,D. Eubanks BLOCK (2 BLK),[],Eubanks,22,20,,False,False,1629234,,2pt missed,rebound,,,,101108|1626164|1629139|1629234|1630228|1630541|1630692|1641764|201569|203967,1626164|1629139|1629234|1630692|201569,101108|1630228|1630541|1641764|203967,,,1610612756.0,22300308
1,PT00M37.60S,00:37,Q1 00:37,35.38333333333333,158,rebound,D. Saric REBOUND (Off:1 Def:1),[],Saric,22,20,,False,False,203967,,block,2pt made,,,,101108|1626164|1629139|1629234|1630228|1630541|1630692|1641764|201569|203967,101108|1630228|1630541|1641764|203967,1626164|1629139|1629234|1630692|201569,,,1610612744.0,22300308
1,PT00M37.60S,00:37,Q1 00:37,35.38333333333333,159,2pt,D. Saric putback Layup (5 PTS),"['pointsinthepaint', '2ndchance']",Saric,22,22,Made,True,False,203967,,rebound,2pt made,,,,101108|1626164|1629139|1629234|1630228|1630541|1630692|1641764|201569|203967,101108|1630228|1630541|1641764|203967,1626164|1629139|1629234|1630692|201569,1.0,10.0,1610612744.0,22300308
1,PT00M28.50S,00:28,Q1 00:28,35.53333333333333,160,2pt,D. Booker 17' pullup Jump Shot (7 PTS) (D. Eubanks 1 AST),[],Booker,24,22,Made,True,True,1626164,1629234.0,2pt made,foul,,,,101108|1626164|1629139|1629234|1630228|1630541|1630692|1641764|201569|203967,1626164|1629139|1629234|1630692|201569,101108|1630228|1630541|1641764|203967,2.0,173.0,1610612756.0,22300308
1,PT00M28.50S,00:28,Q1 00:28,35.53333333333333,162,foul,D. Saric loose ball personal FOUL (1 PF) (Eubanks 1 FT),"['inpenalty', '1freethrow']",Saric,24,22,,False,False,203967,,2pt made,freethrow,1629234.0,,,101108|1626164|1629139|1629234|1630228|1630541|1630692|1641764|201569|203967,101108|1630228|1630541|1641764|203967,1626164|1629139|1629234|1630692|201569,,,1610612744.0,22300308
1,PT00M28.50S,00:28,Q1 00:28,35.53333333333333,170,freethrow,D. Eubanks Free Throw 1 of 1 (1 PTS),[],Eubanks,25,22,Made,False,False,1629234,,foul,substitution,,,,101108|1626164|1629139|1629234|1630228|1630541|1630692|1641764|201569|203967,1626164|1629139|1629234|1630692|201569,101108|1630228|1630541|1641764|203967,,,1610612756.0,22300308
1,PT00M28.50S,00:28,Q1 00:28,35.53333333333333,164,substitution,SUB out: Y. Watanabe,[],Watanabe,24,22,,False,False,1629139,,freethrow,substitution,,,,101108|1626164|1629234|1630228|1630541|1630692|1641764|201569|203967,1626164|1629234|1630692|201569,101108|1630228|1630541|1641764|203967,,,1610612756.0,22300308
1,PT00M28.50S,00:28,Q1 00:28,35.53333333333333,165,substitution,SUB in: J. Okogie,[],Okogie,24,22,,False,False,1629006,,substitution,substitution,,,,101108|1626164|1629006|1629234|1630228|1630541|1630692|1641764|201569|203967,1626164|1629006|1629234|1630692|201569,101108|1630228|1630541|1641764|203967,,,1610612756.0,22300308
1,PT00M28.50S,00:28,Q1 00:28,35.53333333333333,166,substitution,SUB out: D. Booker,[],Booker,24,22,,False,False,1626164,,substitution,substitution,,,,101108|1629006|1629234|1630228|1630541|1630692|1641764|201569|203967,1629006|1629234|1630692|201569,101108|1630228|1630541|1641764|203967,,,1610612756.0,22300308
1,PT00M28.50S,00:28,Q1 00:28,35.53333333333333,167,substitution,SUB out: J. Kuminga,[],Kuminga,24,22,,False,False,1630228,,substitution,substitution,,,,101108|1629006|1629234|1630541|1630692|1641764|201569|203967,101108|1630541|1641764|203967,1629006|1629234|1630692|201569,,,1610612744.0,22300308
1,PT00M28.50S,00:28,Q1 00:28,35.53333333333333,168,substitution,SUB in: B. Bol,[],Bol,24,22,,False,False,1629626,,substitution,substitution,,,,101108|1629006|1629234|1629626|1630541|1630692|1641764|201569|203967,1629006|1629234|1629626|1630692|201569,101108|1630541|1641764|203967,,,1610612756.0,22300308
1,PT00M28.50S,00:28,Q1 00:28,35.53333333333333,169,substitution,SUB in: S. Curry,[],Curry,24,22,,False,False,201939,,substitution,3pt made,,,,101108|1629006|1629234|1629626|1630541|1630692|1641764|201569|201939|203967,101108|1630541|1641764|201939|203967,1629006|1629234|1629626|1630692|201569,,,1610612744.0,22300308
1,PT00M04.30S,00:04,Q1 00:04,35.93333333333333,171,3pt,C. Paul 26' 3PT  (3 PTS) (S. Curry 2 AST),[],Paul,25,25,Made,True,True,101108,201939.0,substitution,turnover,,,,101108|1629006|1629234|1629626|1630541|1630692|1641764|201569|201939|203967,101108|1630541|1641764|201939|203967,1629006|1629234|1629626|1630692|201569,-18.0,263.0,1610612744.0,22300308
1,PT00M01.10S,00:01,Q1 00:01,35.983333333333334,173,turnover,E. Gordon lost ball TURNOVER (1 TO),[],Gordon,25,25,,False,False,201569,,3pt made,steal,,201939.0,,101108|1629006|1629234|1629626|1630541|1630692|1641764|201569|201939|203967,1629006|1629234|1629626|1630692|201569,101108|1630541|1641764|201939|203967,,,1610612756.0,22300308
1,PT00M01.10S,00:01,Q1 00:01,35.983333333333334,174,steal,S. Curry STEAL (1 STL),[],Curry,25,25,,False,False,201939,,turnover,foul,,,,101108|1629006|1629234|1629626|1630541|1630692|1641764|201569|201939|203967,101108|1630541|1641764|201939|203967,1629006|1629234|1629626|1630692|201569,,,1610612744.0,22300308
1,PT00M00.70S,00:00,Q1 00:00,36.0,175,foul,E. Gordon personal FOUL (1 PF),[],Gordon,25,25,,False,False,201569,,steal,substitution,1641764.0,,,101108|1629006|1629234|1629626|1630541|1630692|1641764|201569|201939|203967,1629006|1629234|1629626|1630692|201569,101108|1630541|1641764|201939|203967,,,1610612756.0,22300308
1,PT00M00.70S,00:00,Q1 00:00,36.0,178,substitution,SUB out: D. Eubanks,[],Eubanks,25,25,,False,False,1629234,,foul,substitution,,,,101108|1629006|1629626|1630541|1630692|1641764|201569|201939|203967,1629006|1629626|1630692|201569,101108|1630541|1641764|201939|203967,,,1610612756.0,22300308
1,PT00M00.70S,00:00,Q1 00:00,36.0,179,substitution,SUB out: D. Saric,[],Saric,25,25,,False,False,203967,,substitution,substitution,,,,101108|1629006|1629626|1630541|1630692|1641764|201569|201939,101108|1630541|1641764|201939,1629006|1629626|1630692|201569,,,1610612744.0,22300308
1,PT00M00.70S,00:00,Q1 00:00,36.0,180,substitution,SUB in: C. Metu,[],Metu,25,25,,False,False,1629002,,substitution,substitution,,,,101108|1629002|1629006|1629626|1630541|1630692|1641764|201569|201939,1629002|1629006|1629626|1630692|201569,101108|1630541|1641764|201939,,,1610612756.0,22300308
1,PT00M00.70S,00:00,Q1 00:00,36.0,181,substitution,SUB in: J. Kuminga,[],Kuminga,25,25,,False,False,1630228,,substitution,substitution,,,,101108|1629002|1629006|1629626|1630228|1630541|1630692|1641764|201569|201939,101108|1630228|1630541|1641764|201939,1629002|1629006|1629626|1630692|201569,,,1610612744.0,22300308
2,PT12M00.00S,12:00,Q2 12:00,36.0,183,substitution,SUB out: J. Okogie,['startperiod'],Okogie,25,25,,False,False,1629006,,substitution,substitution,,,,101108|1629002|1629626|1630228|1630541|1630692|1641764|201569|201939,1629002|1629626|1630692|201569,101108|1630228|1630541|1641764|201939,,,1610612756.0,22300308
2,PT12M00.00S,12:00,Q2 12:00,36.0,184,substitution,SUB out: C. Metu,['startperiod'],Metu,25,25,,False,False,1629002,,substitution,substitution,,,,101108|1629626|1630228|1630541|1630692|1641764|201569|201939,1629626|1630692|201569,101108|1630228|1630541|1641764|201939,,,1610612756.0,22300308
2,PT12M00.00S,12:00,Q2 12:00,36.0,185,substitution,SUB out: M. Moody,['startperiod'],Moody,25,25,,False,False,1630541,,substitution,substitution,,,,101108|1629626|1630228|1630692|1641764|201569|201939,101108|1630228|1641764|201939,1629626|1630692|201569,,,1610612744.0,22300308
2,PT12M00.00S,12:00,Q2 12:00,36.0,186,substitution,SUB out: S. Curry,['startperiod'],Curry,25,25,,False,False,201939,,substitution,substitution,,,,101108|1629626|1630228|1630692|1641764|201569,101108|1630228|1641764,1629626|1630692|201569,,,1610612744.0,22300308
2,PT12M00.00S,12:00,Q2 12:00,36.0,187,substitution,SUB in: D. Eubanks,['startperiod'],Eubanks,25,25,,False,False,1629234,,substitution,substitution,,,,101108|1629234|1629626|1630228|1630692|1641764|201569,1629234|1629626|1630692|201569,101108|1630228|1641764,,,1610612756.0,22300308
2,PT12M00.00S,12:00,Q2 12:00,36.0,188,substitution,SUB in: B. Beal,['startperiod'],Beal,25,25,,False,False,203078,,substitution,substitution,,,,101108|1629234|1629626|1630228|1630692|1641764|201569|203078,1629234|1629626|1630692|201569|203078,101108|1630228|1641764,,,1610612756.0,22300308
2,PT12M00.00S,12:00,Q2 12:00,36.0,189,substitution,SUB in: D. Saric,['startperiod'],Saric,25,25,,False,False,203967,,substitution,substitution,,,,101108|1629234|1629626|1630228|1630692|1641764|201569|203078|203967,101108|1630228|1641764|203967,1629234|1629626|1630692|201569|203078,,,1610612744.0,22300308
2,PT12M00.00S,12:00,Q2 12:00,36.0,190,substitution,SUB in: K. Thompson,['startperiod'],Thompson,25,25,,False,False,202691,,substitution,2pt missed,,,,101108|1629234|1629626|1630228|1630692|1641764|201569|202691|203078|203967,101108|1630228|1641764|202691|203967,1629234|1629626|1630692|201569|203078,,,1610612744.0,22300308
2,PT11M41.00S,11:41,Q2 11:41,34.31666666666667,192,2pt,MISS B. Podziemski driving floating Shot,['pointsinthepaint'],Podziemski,25,25,Missed,True,False,1641764,,substitution,rebound,,,,101108|1629234|1629626|1630228|1630692|1641764|201569|202691|203078|203967,101108|1630228|1641764|202691|203967,1629234|1629626|1630692|201569|203078,16.0,46.0,1610612744.0,22300308
2,PT11M39.00S,11:39,Q2 11:39,34.35,193,rebound,J. Kuminga REBOUND (Off:2 Def:1),[],Kuminga,25,25,,False,False,1630228,,2pt missed,3pt missed,,,,101108|1629234|1629626|1630228|1630692|1641764|201569|202691|203078|203967,101108|1630228|1641764|202691|203967,1629234|1629626|1630692|201569|203078,,,1610612744.0,22300308
2,PT11M37.00S,11:37,Q2 11:37,34.38333333333333,194,3pt,MISS D. Saric 28' 3PT,['2ndchance'],Saric,25,25,Missed,True,False,203967,,rebound,rebound,,,,101108|1629234|1629626|1630228|1630692|1641764|201569|202691|203078|203967,101108|1630228|1641764|202691|203967,1629234|1629626|1630692|201569|203078,192.0,207.0,1610612744.0,22300308
2,PT11M37.00S,11:37,Q2 11:37,34.38333333333333,195,rebound,B. Bol REBOUND (Off:0 Def:1),[],Bol,25,25,,False,False,1629626,,3pt missed,turnover,,,,101108|1629234|1629626|1630228|1630692|1641764|201569|202691|203078|203967,1629234|1629626|1630692|201569|203078,101108|1630228|1641764|202691|203967,,,1610612756.0,22300308
2,PT11M22.00S,11:22,Q2 11:22,34.63333333333333,196,turnover,B. Beal bad pass TURNOVER (1 TO),[],Beal,25,25,,False,False,203078,,rebound,steal,,1641764.0,,101108|1629234|1629626|1630228|1630692|1641764|201569|202691|203078|203967,1629234|1629626|1630692|201569|203078,101108|1630228|1641764|202691|203967,,,1610612756.0,22300308
2,PT11M22.00S,11:22,Q2 11:22,34.63333333333333,197,steal,B. Podziemski STEAL (1 STL),[],Podziemski,25,25,,False,False,1641764,,turnover,2pt made,,,,101108|1629234|1629626|1630228|1630692|1641764|201569|202691|203078|203967,101108|1630228|1641764|202691|203967,1629234|1629626|1630692|201569|203078,,,1610612744.0,22300308
2,PT11M20.00S,11:20,Q2 11:20,34.666666666666664,198,2pt,B. Podziemski running Layup (2 PTS),"['pointsinthepaint', 'fromturnover', 'fastbreak']",Podziemski,25,27,Made,True,False,1641764,,steal,foul,,,,101108|1629234|1629626|1630228|1630692|1641764|201569|202691|203078|203967,101108|1630228|1641764|202691|203967,1629234|1629626|1630692|201569|203078,2.0,31.0,1610612744.0,22300308
2,PT11M20.00S,11:20,Q2 11:20,34.666666666666664,199,foul,B. Beal shooting personal FOUL (1 PF) (Podziemski 1 FT),['1freethrow'],Beal,25,27,,False,False,203078,,2pt made,freethrow,1641764.0,,,101108|1629234|1629626|1630228|1630692|1641764|201569|202691|203078|203967,1629234|1629626|1630692|201569|203078,101108|1630228|1641764|202691|203967,,,1610612756.0,22300308
2,PT11M20.00S,11:20,Q2 11:20,34.666666666666664,201,freethrow,MISS B. Podziemski Free Throw 1 of 1,"['fromturnover', 'fastbreak']",Podziemski,25,27,Missed,False,False,1641764,,foul,rebound,,,,101108|1629234|1629626|1630228|1630692|1641764|201569|202691|203078|203967,101108|1630228|1641764|202691|203967,1629234|1629626|1630692|201569|203078,,,1610612744.0,22300308
2,PT11M18.00S,11:18,Q2 11:18,34.7,202,rebound,B. Bol REBOUND (Off:0 Def:2),[],Bol,25,27,,False,False,1629626,,freethrow,foul,,,,101108|1629234|1629626|1630228|1630692|1641764|201569|202691|203078|203967,1629234|1629626|1630692|201569|203078,101108|1630228|1641764|202691|203967,,,1610612756.0,22300308
2,PT11M03.00S,11:03,Q2 11:03,34.95,203,foul,B. Podziemski personal FOUL (1 PF),[],Podziemski,25,27,,False,False,1641764,,rebound,3pt missed,203078.0,,,101108|1629234|1629626|1630228|1630692|1641764|201569|202691|203078|203967,101108|1630228|1641764|202691|203967,1629234|1629626|1630692|201569|203078,,,1610612744.0,22300308
2,PT10M56.00S,10:56,Q2 10:56,33.06666666666667,205,3pt,MISS E. Gordon 3PT,[],Gordon,25,27,Missed,True,False,201569,,foul,rebound,,,,101108|1629234|1629626|1630228|1630692|1641764|201569|202691|203078|203967,1629234|1629626|1630692|201569|203078,101108|1630228|1641764|202691|203967,233.0,41.0,1610612756.0,22300308
2,PT10M51.00S,10:51,Q2 10:51,33.15,206,rebound,D. Saric REBOUND (Off:1 Def:2),[],Saric,25,27,,False,False,203967,,3pt missed,3pt missed,,,,101108|1629234|1629626|1630228|1630692|1641764|201569|202691|203078|203967,101108|1630228|1641764|202691|203967,1629234|1629626|1630692|201569|203078,,,1610612744.0,22300308
2,PT10M47.00S,10:47,Q2 10:47,33.21666666666667,207,3pt,MISS K. Thompson 28' 3PT,['fastbreak'],Thompson,25,27,Missed,True,False,202691,,rebound,rebound,,,,101108|1629234|1629626|1630228|1630692|1641764|201569|202691|203078|203967,101108|1630228|1641764|202691|203967,1629234|1629626|1630692|201569|203078,-163.0,238.0,1610612744.0,22300308
2,PT10M44.00S,10:44,Q2 10:44,33.266666666666666,208,rebound,J. Goodwin REBOUND (Off:0 Def:2),[],Goodwin,25,27,,False,False,1630692,,3pt missed,3pt missed,,,,101108|1629234|1629626|1630228|1630692|1641764|201569|202691|203078|203967,1629234|1629626|1630692|201569|203078,101108|1630228|1641764|202691|203967,,,1610612756.0,22300308
2,PT10M32.00S,10:32,Q2 10:32,33.46666666666667,209,3pt,MISS J. Goodwin 28' pullup 3PT,[],Goodwin,25,27,Missed,True,False,1630692,,rebound,rebound,,,,101108|1629234|1629626|1630228|1630692|1641764|201569|202691|203078|203967,1629234|1629626|1630692|201569|203078,101108|1630228|1641764|202691|203967,-145.0,241.0,1610612756.0,22300308
2,PT10M30.00S,10:30,Q2 10:30,33.5,210,rebound,D. Eubanks REBOUND (Off:1 Def:2),[],Eubanks,25,27,,False,False,1629234,,3pt missed,3pt missed,,,,101108|1629234|1629626|1630228|1630692|1641764|201569|202691|203078|203967,1629234|1629626|1630692|201569|203078,101108|1630228|1641764|202691|203967,,,1610612756.0,22300308
2,PT10M29.00S,10:29,Q2 10:29,33.516666666666666,211,3pt,MISS E. Gordon 29' 3PT,['2ndchance'],Gordon,25,27,Missed,True,False,201569,,rebound,rebound,,,,101108|1629234|1629626|1630228|1630692|1641764|201569|202691|203078|203967,1629234|1629626|1630692|201569|203078,101108|1630228|1641764|202691|203967,127.0,268.0,1610612756.0,22300308
2,PT10M26.00S,10:26,Q2 10:26,33.56666666666667,212,rebound,J. Kuminga REBOUND (Off:2 Def:2),[],Kuminga,25,27,,False,False,1630228,,3pt missed,2pt made,,,,101108|1629234|1629626|1630228|1630692|1641764|201569|202691|203078|203967,101108|1630228|1641764|202691|203967,1629234|1629626|1630692|201569|203078,,,1610612744.0,22300308
2,PT10M21.00S,10:21,Q2 10:21,33.65,213,2pt,D. Saric running Layup (7 PTS) (B. Podziemski 2 AST),"['pointsinthepaint', 'fastbreak']",Saric,25,29,Made,True,True,203967,1641764.0,rebound,foul,,,,101108|1629234|1629626|1630228|1630692|1641764|201569|202691|203078|203967,101108|1630228|1641764|202691|203967,1629234|1629626|1630692|201569|203078,-12.0,15.0,1610612744.0,22300308
2,PT10M09.00S,10:09,Q2 10:09,33.85,215,foul,D. Eubanks charge offensive FOUL (1 PF),[],Eubanks,25,29,,False,False,1629234,,2pt made,turnover,203967.0,,,101108|1629234|1629626|1630228|1630692|1641764|201569|202691|203078|203967,1629234|1629626|1630692|201569|203078,101108|1630228|1641764|202691|203967,,,1610612756.0,22300308
2,PT10M09.00S,10:09,Q2 10:09,33.85,217,turnover,D. Eubanks offensive foul TURNOVER (1 TO),[],Eubanks,25,29,,False,False,1629234,,foul,foul,,,,101108|1629234|1629626|1630228|1630692|1641764|201569|202691|203078|203967,1629234|1629626|1630692|201569|203078,101108|1630228|1641764|202691|203967,,,1610612756.0,22300308
2,PT09M48.00S,09:48,Q2 09:48,32.2,219,foul,B. Bol shooting personal FOUL (1 PF) (Thompson 2 FT),['2freethrow'],Bol,25,29,,False,False,1629626,,turnover,freethrow,202691.0,,,101108|1629234|1629626|1630228|1630692|1641764|201569|202691|203078|203967,1629234|1629626|1630692|201569|203078,101108|1630228|1641764|202691|203967,,,1610612756.0,22300308
2,PT09M48.00S,09:48,Q2 09:48,32.2,221,freethrow,K. Thompson Free Throw 1 of 2 (4 PTS),['fromturnover'],Thompson,25,30,Made,False,False,202691,,foul,freethrow,,,,101108|1629234|1629626|1630228|1630692|1641764|201569|202691|203078|203967,101108|1630228|1641764|202691|203967,1629234|1629626|1630692|201569|203078,,,1610612744.0,22300308
2,PT09M48.00S,09:48,Q2 09:48,32.2,222,freethrow,K. Thompson Free Throw 2 of 2 (5 PTS),['fromturnover'],Thompson,25,31,Made,False,False,202691,,freethrow,turnover,,,,101108|1629234|1629626|1630228|1630692|1641764|201569|202691|203078|203967,101108|1630228|1641764|202691|203967,1629234|1629626|1630692|201569|203078,,,1610612744.0,22300308
2,PT09M36.00S,09:36,Q2 09:36,32.4,223,turnover,D. Eubanks bad pass TURNOVER (2 TO),[],Eubanks,25,31,,False,False,1629234,,freethrow,steal,,101108.0,,101108|1629234|1629626|1630228|1630692|1641764|201569|202691|203078|203967,1629234|1629626|1630692|201569|203078,101108|1630228|1641764|202691|203967,,,1610612756.0,22300308
2,PT09M36.00S,09:36,Q2 09:36,32.4,224,steal,C. Paul STEAL (1 STL),[],Paul,25,31,,False,False,101108,,turnover,foul,,,,101108|1629234|1629626|1630228|1630692|1641764|201569|202691|203078|203967,101108|1630228|1641764|202691|203967,1629234|1629626|1630692|201569|203078,,,1610612744.0,22300308
2,PT09M33.00S,09:33,Q2 09:33,32.45,225,foul,J. Goodwin shooting personal FOUL (1 PF) (Saric 2 FT),['2freethrow'],Goodwin,25,31,,False,False,1630692,,steal,freethrow,203967.0,,,101108|1629234|1629626|1630228|1630692|1641764|201569|202691|203078|203967,1629234|1629626|1630692|201569|203078,101108|1630228|1641764|202691|203967,,,1610612756.0,22300308
2,PT09M33.00S,09:33,Q2 09:33,32.45,227,freethrow,D. Saric Free Throw 1 of 2 (8 PTS),"['fromturnover', 'fastbreak']",Saric,25,32,Made,False,False,203967,,foul,timeout,,,,101108|1629234|1629626|1630228|1630692|1641764|201569|202691|203078|203967,101108|1630228|1641764|202691|203967,1629234|1629626|1630692|201569|203078,,,1610612744.0,22300308
2,PT09M33.00S,09:33,Q2 09:33,32.45,228,timeout,PHX Timeout,"['team', 'mandatory']",,25,32,,False,False,0,,freethrow,freethrow,,,,101108|1629234|1629626|1630228|1630692|1641764|201569|202691|203078|203967,1629234|1629626|1630692|201569|203078,101108|1630228|1641764|202691|203967,,,1610612756.0,22300308
2,PT09M33.00S,09:33,Q2 09:33,32.45,229,freethrow,MISS D. Saric Free Throw 2 of 2,"['fastbreak', 'fromturnover']",Saric,25,32,Missed,False,False,203967,,timeout,rebound,,,,101108|1629234|1629626|1630228|1630692|1641764|201569|202691|203078|203967,101108|1630228|1641764|202691|203967,1629234|1629626|1630692|201569|203078,,,1610612744.0,22300308
2,PT09M31.00S,09:31,Q2 09:31,32.483333333333334,230,rebound,B. Podziemski REBOUND (Off:2 Def:0),[],Podziemski,25,32,,False,False,1641764,,freethrow,3pt made,,,,101108|1629234|1629626|1630228|1630692|1641764|201569|202691|203078|203967,101108|1630228|1641764|202691|203967,1629234|1629626|1630692|201569|203078,,,1610612744.0,22300308
2,PT09M27.00S,09:27,Q2 09:27,32.55,231,3pt,C. Paul 26' 3PT pullup (6 PTS) (B. Podziemski 3 AST),"['fromturnover', '2ndchance']",Paul,25,35,Made,True,True,101108,1641764.0,rebound,2pt made,,,,101108|1629234|1629626|1630228|1630692|1641764|201569|202691|203078|203967,101108|1630228|1641764|202691|203967,1629234|1629626|1630692|201569|203078,81.0,253.0,1610612744.0,22300308
2,PT09M04.00S,09:04,Q2 09:04,32.93333333333333,233,2pt,J. Goodwin driving Layup (2 PTS),['pointsinthepaint'],Goodwin,27,35,Made,True,False,1630692,,3pt made,3pt missed,,,,101108|1629234|1629626|1630228|1630692|1641764|201569|202691|203078|203967,1629234|1629626|1630692|201569|203078,101108|1630228|1641764|202691|203967,-22.0,22.0,1610612756.0,22300308
2,PT08M47.00S,08:47,Q2 08:47,31.216666666666665,234,3pt,MISS K. Thompson 27' 3PT,[],Thompson,27,35,Missed,True,False,202691,,2pt made,rebound,,,,101108|1629234|1629626|1630228|1630692|1641764|201569|202691|203078|203967,101108|1630228|1641764|202691|203967,1629234|1629626|1630692|201569|203078,53.0,265.0,1610612744.0,22300308
2,PT08M46.00S,08:46,Q2 08:46,31.233333333333334,235,rebound,TEAM defensive REBOUND,['team'],,27,35,,False,False,0,,3pt missed,3pt missed,,,,101108|1629234|1629626|1630228|1630692|1641764|201569|202691|203078|203967,1629234|1629626|1630692|201569|203078,101108|1630228|1641764|202691|203967,,,1610612756.0,22300308
2,PT08M27.00S,08:27,Q2 08:27,31.55,237,3pt,MISS B. Bol 3PT,[],Bol,27,35,Missed,True,False,1629626,,rebound,rebound,,,,101108|1629234|1629626|1630228|1630692|1641764|201569|202691|203078|203967,1629234|1629626|1630692|201569|203078,101108|1630228|1641764|202691|203967,-228.0,4.0,1610612756.0,22300308
2,PT08M24.00S,08:24,Q2 08:24,31.6,238,rebound,C. Paul REBOUND (Off:0 Def:3),[],Paul,27,35,,False,False,101108,,3pt missed,3pt made,,,,101108|1629234|1629626|1630228|1630692|1641764|201569|202691|203078|203967,101108|1630228|1641764|202691|203967,1629234|1629626|1630692|201569|203078,,,1610612744.0,22300308
2,PT08M19.00S,08:19,Q2 08:19,31.683333333333334,239,3pt,D. Saric 26' 3PT  (11 PTS) (C. Paul 4 AST),[],Saric,27,38,Made,True,True,203967,101108.0,rebound,foul,,,,101108|1629234|1629626|1630228|1630692|1641764|201569|202691|203078|203967,101108|1630228|1641764|202691|203967,1629234|1629626|1630692|201569|203078,163.0,204.0,1610612744.0,22300308
2,PT08M05.00S,08:05,Q2 08:05,31.916666666666668,241,foul,B. Beal offensive FOUL (2 PF),[],Beal,27,38,,False,False,203078,,3pt made,turnover,1630228.0,,,101108|1629234|1629626|1630228|1630692|1641764|201569|202691|203078|203967,1629234|1629626|1630692|201569|203078,101108|1630228|1641764|202691|203967,,,1610612756.0,22300308
2,PT08M05.00S,08:05,Q2 08:05,31.916666666666668,243,turnover,B. Beal offensive foul TURNOVER (2 TO),[],Beal,27,38,,False,False,203078,,foul,2pt made,,,,101108|1629234|1629626|1630228|1630692|1641764|201569|202691|203078|203967,1629234|1629626|1630692|201569|203078,101108|1630228|1641764|202691|203967,,,1610612756.0,22300308
2,PT07M53.00S,07:53,Q2 07:53,30.116666666666667,244,2pt,J. Kuminga alley-oop DUNK (7 PTS) (C. Paul 5 AST),"['pointsinthepaint', 'fromturnover']",Kuminga,27,40,Made,True,True,1630228,101108.0,turnover,timeout,,,,101108|1629234|1629626|1630228|1630692|1641764|201569|202691|203078|203967,101108|1630228|1641764|202691|203967,1629234|1629626|1630692|201569|203078,0.0,17.0,1610612744.0,22300308
2,PT07M53.00S,07:53,Q2 07:53,30.116666666666667,246,timeout,PHX Timeout,"['team', 'mandatory']",,27,40,,False,False,0,,2pt made,substitution,,,,101108|1629234|1629626|1630228|1630692|1641764|201569|202691|203078|203967,1629234|1629626|1630692|201569|203078,101108|1630228|1641764|202691|203967,,,1610612756.0,22300308
2,PT07M53.00S,07:53,Q2 07:53,30.116666666666667,247,substitution,SUB out: B. Bol,[],Bol,27,40,,False,False,1629626,,timeout,substitution,,,,101108|1629234|1630228|1630692|1641764|201569|202691|203078|203967,1629234|1630692|201569|203078,101108|1630228|1641764|202691|203967,,,1610612756.0,22300308
2,PT07M53.00S,07:53,Q2 07:53,30.116666666666667,248,substitution,SUB out: D. Eubanks,[],Eubanks,27,40,,False,False,1629234,,substitution,substitution,,,,101108|1630228|1630692|1641764|201569|202691|203078|203967,1630692|201569|203078,101108|1630228|1641764|202691|203967,,,1610612756.0,22300308
2,PT07M53.00S,07:53,Q2 07:53,30.116666666666667,249,substitution,SUB in: C. Metu,[],Metu,27,40,,False,False,1629002,,substitution,substitution,,,,101108|1629002|1630228|1630692|1641764|201569|202691|203078|203967,1629002|1630692|201569|203078,101108|1630228|1641764|202691|203967,,,1610612756.0,22300308
2,PT07M53.00S,07:53,Q2 07:53,30.116666666666667,250,substitution,SUB in: J. Nurkic,[],Nurkic,27,40,,False,False,203994,,substitution,2pt made,,,,101108|1629002|1630228|1630692|1641764|201569|202691|203078|203967|203994,1629002|1630692|201569|203078|203994,101108|1630228|1641764|202691|203967,,,1610612756.0,22300308
2,PT07M35.00S,07:35,Q2 07:35,30.416666666666668,251,2pt,B. Beal cutting Layup (5 PTS) (J. Nurkic 1 AST),['pointsinthepaint'],Beal,29,40,Made,True,True,203078,203994.0,substitution,3pt missed,,,,101108|1629002|1630228|1630692|1641764|201569|202691|203078|203967|203994,1629002|1630692|201569|203078|203994,101108|1630228|1641764|202691|203967,-9.0,17.0,1610612756.0,22300308
2,PT07M20.00S,07:20,Q2 07:20,30.666666666666668,253,3pt,MISS D. Saric 26' 3PT,[],Saric,29,40,Missed,True,False,203967,,2pt made,rebound,,,,101108|1629002|1630228|1630692|1641764|201569|202691|203078|203967|203994,101108|1630228|1641764|202691|203967,1629002|1630692|201569|203078|203994,0.0,268.0,1610612744.0,22300308
2,PT07M18.00S,07:18,Q2 07:18,30.7,254,rebound,J. Goodwin REBOUND (Off:0 Def:3),[],Goodwin,29,40,,False,False,1630692,,3pt missed,foul,,,,101108|1629002|1630228|1630692|1641764|201569|202691|203078|203967|203994,1629002|1630692|201569|203078|203994,101108|1630228|1641764|202691|203967,,,1610612756.0,22300308
2,PT07M15.00S,07:15,Q2 07:15,30.75,255,foul,D. Saric personal FOUL (2 PF),[],Saric,29,40,,False,False,203967,,rebound,substitution,203994.0,,,101108|1629002|1630228|1630692|1641764|201569|202691|203078|203967|203994,101108|1630228|1641764|202691|203967,1629002|1630692|201569|203078|203994,,,1610612744.0,22300308
2,PT07M15.00S,07:15,Q2 07:15,30.75,257,substitution,SUB out: C. Paul,[],Paul,29,40,,False,False,101108,,foul,substitution,,,,1629002|1630228|1630692|1641764|201569|202691|203078|203967|203994,1630228|1641764|202691|203967,1629002|1630692|201569|203078|203994,,,1610612744.0,22300308
2,PT07M15.00S,07:15,Q2 07:15,30.75,258,substitution,SUB out: D. Saric,[],Saric,29,40,,False,False,203967,,substitution,substitution,,,,1629002|1630228|1630692|1641764|201569|202691|203078|203994,1630228|1641764|202691,1629002|1630692|201569|203078|203994,,,1610612744.0,22300308
2,PT07M15.00S,07:15,Q2 07:15,30.75,259,substitution,SUB in: S. Curry,[],Curry,29,40,,False,False,201939,,substitution,substitution,,,,1629002|1630228|1630692|1641764|201569|201939|202691|203078|203994,1630228|1641764|201939|202691,1629002|1630692|201569|203078|203994,,,1610612744.0,22300308
2,PT07M15.00S,07:15,Q2 07:15,30.75,260,substitution,SUB in: K. Looney,[],Looney,29,40,,False,False,1626172,,substitution,substitution,,,,1626172|1629002|1630228|1630692|1641764|201569|201939|202691|203078|203994,1626172|1630228|1641764|201939|202691,1629002|1630692|201569|203078|203994,,,1610612744.0,22300308
2,PT07M15.00S,07:15,Q2 07:15,30.75,261,substitution,SUB out: J. Goodwin,[],Goodwin,29,40,,False,False,1630692,,substitution,substitution,,,,1626172|1629002|1630228|1641764|201569|201939|202691|203078|203994,1629002|201569|203078|203994,1626172|1630228|1641764|201939|202691,,,1610612756.0,22300308
2,PT07M15.00S,07:15,Q2 07:15,30.75,262,substitution,SUB in: J. Okogie,[],Okogie,29,40,,False,False,1629006,,substitution,2pt missed,,,,1626172|1629002|1629006|1630228|1641764|201569|201939|202691|203078|203994,1629002|1629006|201569|203078|203994,1626172|1630228|1641764|201939|202691,,,1610612756.0,22300308
2,PT07M08.00S,07:08,Q2 07:08,30.866666666666667,263,2pt,MISS B. Beal driving Hook,['pointsinthepaint'],Beal,29,40,Missed,True,False,203078,,substitution,rebound,,,,1626172|1629002|1629006|1630228|1641764|201569|201939|202691|203078|203994,1629002|1629006|201569|203078|203994,1626172|1630228|1641764|201939|202691,16.0,25.0,1610612756.0,22300308
2,PT07M07.00S,07:07,Q2 07:07,30.883333333333333,264,rebound,J. Nurkic REBOUND (Off:3 Def:5),[],Nurkic,29,40,,False,False,203994,,2pt missed,2pt missed,,,,1626172|1629002|1629006|1630228|1641764|201569|201939|202691|203078|203994,1629002|1629006|201569|203078|203994,1626172|1630228|1641764|201939|202691,,,1610612756.0,22300308
2,PT07M05.00S,07:05,Q2 07:05,30.916666666666668,265,2pt,MISS J. Nurkic DUNK,"['pointsinthepaint', '2ndchance']",Nurkic,29,40,Missed,True,False,203994,,rebound,rebound,,,,1626172|1629002|1629006|1630228|1641764|201569|201939|202691|203078|203994,1629002|1629006|201569|203078|203994,1626172|1630228|1641764|201939|202691,-20.0,-1.0,1610612756.0,22300308
2,PT07M02.00S,07:02,Q2 07:02,30.966666666666665,266,rebound,K. Thompson REBOUND (Off:0 Def:1),[],Thompson,29,40,,False,False,202691,,2pt missed,turnover,,,,1626172|1629002|1629006|1630228|1641764|201569|201939|202691|203078|203994,1626172|1630228|1641764|201939|202691,1629002|1629006|201569|203078|203994,,,1610612744.0,22300308
2,PT06M44.00S,06:44,Q2 06:44,29.266666666666666,267,turnover,B. Podziemski bad pass TURNOVER (1 TO),[],Podziemski,29,40,,False,False,1641764,,rebound,steal,,1629002.0,,1626172|1629002|1629006|1630228|1641764|201569|201939|202691|203078|203994,1626172|1630228|1641764|201939|202691,1629002|1629006|201569|203078|203994,,,1610612744.0,22300308
2,PT06M44.00S,06:44,Q2 06:44,29.266666666666666,268,steal,C. Metu STEAL (1 STL),[],Metu,29,40,,False,False,1629002,,turnover,foul,,,,1626172|1629002|1629006|1630228|1641764|201569|201939|202691|203078|203994,1629002|1629006|201569|203078|203994,1626172|1630228|1641764|201939|202691,,,1610612756.0,22300308
2,PT06M43.00S,06:43,Q2 06:43,29.283333333333335,269,foul,S. Curry personal FOUL (1 PF),[],Curry,29,40,,False,False,201939,,steal,substitution,1629006.0,,,1626172|1629002|1629006|1630228|1641764|201569|201939|202691|203078|203994,1626172|1630228|1641764|201939|202691,1629002|1629006|201569|203078|203994,,,1610612744.0,22300308
2,PT06M43.00S,06:43,Q2 06:43,29.283333333333335,271,substitution,SUB out: B. Beal,[],Beal,29,40,,False,False,203078,,foul,substitution,,,,1626172|1629002|1629006|1630228|1641764|201569|201939|202691|203994,1629002|1629006|201569|203994,1626172|1630228|1641764|201939|202691,,,1610612756.0,22300308
2,PT06M43.00S,06:43,Q2 06:43,29.283333333333335,272,substitution,SUB in: D. Booker,[],Booker,29,40,,False,False,1626164,,substitution,substitution,,,,1626164|1626172|1629002|1629006|1630228|1641764|201569|201939|202691|203994,1626164|1629002|1629006|201569|203994,1626172|1630228|1641764|201939|202691,,,1610612756.0,22300308
2,PT06M43.00S,06:43,Q2 06:43,29.283333333333335,273,substitution,SUB out: B. Podziemski,[],Podziemski,29,40,,False,False,1641764,,substitution,substitution,,,,1626164|1626172|1629002|1629006|1630228|201569|201939|202691|203994,1626172|1630228|201939|202691,1626164|1629002|1629006|201569|203994,,,1610612744.0,22300308
2,PT06M43.00S,06:43,Q2 06:43,29.283333333333335,274,substitution,SUB out: K. Looney,[],Looney,29,40,,False,False,1626172,,substitution,substitution,,,,1626164|1629002|1629006|1630228|201569|201939|202691|203994,1630228|201939|202691,1626164|1629002|1629006|201569|203994,,,1610612744.0,22300308
2,PT06M43.00S,06:43,Q2 06:43,29.283333333333335,275,substitution,SUB out: K. Thompson,[],Thompson,29,40,,False,False,202691,,substitution,substitution,,,,1626164|1629002|1629006|1630228|201569|201939|203994,1630228|201939,1626164|1629002|1629006|201569|203994,,,1610612744.0,22300308
2,PT06M43.00S,06:43,Q2 06:43,29.283333333333335,276,substitution,SUB in: M. Moody,[],Moody,29,40,,False,False,1630541,,substitution,substitution,,,,1626164|1629002|1629006|1630228|1630541|201569|201939|203994,1630228|1630541|201939,1626164|1629002|1629006|201569|203994,,,1610612744.0,22300308
2,PT06M43.00S,06:43,Q2 06:43,29.283333333333335,277,substitution,SUB in: D. Green,[],Green,29,40,,False,False,203110,,substitution,substitution,,,,1626164|1629002|1629006|1630228|1630541|201569|201939|203110|203994,1630228|1630541|201939|203110,1626164|1629002|1629006|201569|203994,,,1610612744.0,22300308
2,PT06M43.00S,06:43,Q2 06:43,29.283333333333335,278,substitution,SUB in: A. Wiggins,[],Wiggins,29,40,,False,False,203952,,substitution,substitution,,,,1626164|1629002|1629006|1630228|1630541|201569|201939|203110|203952|203994,1630228|1630541|201939|203110|203952,1626164|1629002|1629006|201569|203994,,,1610612744.0,22300308
2,PT06M43.00S,06:43,Q2 06:43,29.283333333333335,279,substitution,SUB out: J. Kuminga,[],Kuminga,29,40,,False,False,1630228,,substitution,substitution,,,,1626164|1629002|1629006|1630541|201569|201939|203110|203952|203994,1630541|201939|203110|203952,1626164|1629002|1629006|201569|203994,,,1610612744.0,22300308
2,PT06M43.00S,06:43,Q2 06:43,29.283333333333335,280,substitution,SUB in: K. Looney,[],Looney,29,40,,False,False,1626172,,substitution,foul,,,,1626164|1626172|1629002|1629006|1630541|201569|201939|203110|203952|203994,1626172|1630541|201939|203110|203952,1626164|1629002|1629006|201569|203994,,,1610612744.0,22300308
2,PT06M30.00S,06:30,Q2 06:30,29.5,281,foul,K. Looney personal FOUL (1 PF),[],Looney,29,40,,False,False,1626172,,substitution,3pt missed,1626164.0,,,1626164|1626172|1629002|1629006|1630541|201569|201939|203110|203952|203994,1626172|1630541|201939|203110|203952,1626164|1629002|1629006|201569|203994,,,1610612744.0,22300308
2,PT06M24.00S,06:24,Q2 06:24,29.6,283,3pt,MISS D. Booker 26' pullup 3PT,['fromturnover'],Booker,29,40,Missed,True,False,1626164,,foul,rebound,,,,1626164|1626172|1629002|1629006|1630541|201569|201939|203110|203952|203994,1626164|1629002|1629006|201569|203994,1626172|1630541|201939|203110|203952,12.0,262.0,1610612756.0,22300308
2,PT06M21.00S,06:21,Q2 06:21,29.65,284,rebound,A. Wiggins REBOUND (Off:1 Def:2),[],Wiggins,29,40,,False,False,203952,,3pt missed,3pt missed,,,,1626164|1626172|1629002|1629006|1630541|201569|201939|203110|203952|203994,1626172|1630541|201939|203110|203952,1626164|1629002|1629006|201569|203994,,,1610612744.0,22300308
2,PT06M16.00S,06:16,Q2 06:16,29.733333333333334,285,3pt,MISS A. Wiggins 26' 3PT,[],Wiggins,29,40,Missed,True,False,203952,,rebound,rebound,,,,1626164|1626172|1629002|1629006|1630541|201569|201939|203110|203952|203994,1626172|1630541|201939|203110|203952,1626164|1629002|1629006|201569|203994,-156.0,216.0,1610612744.0,22300308
2,PT06M14.00S,06:14,Q2 06:14,29.766666666666666,286,rebound,J. Nurkic REBOUND (Off:3 Def:6),[],Nurkic,29,40,,False,False,203994,,3pt missed,foul,,,,1626164|1626172|1629002|1629006|1630541|201569|201939|203110|203952|203994,1626164|1629002|1629006|201569|203994,1626172|1630541|201939|203110|203952,,,1610612756.0,22300308
2,PT06M14.00S,06:14,Q2 06:14,29.766666666666666,287,foul,K. Looney personal FOUL (2 PF) (Nurkic 2 FT),"['inpenalty', '2freethrow']",Looney,29,40,,False,False,1626172,,rebound,freethrow,203994.0,,,1626164|1626172|1629002|1629006|1630541|201569|201939|203110|203952|203994,1626172|1630541|201939|203110|203952,1626164|1629002|1629006|201569|203994,,,1610612744.0,22300308
2,PT06M14.00S,06:14,Q2 06:14,29.766666666666666,289,freethrow,J. Nurkic Free Throw 1 of 2 (4 PTS),[],Nurkic,30,40,Made,False,False,203994,,foul,freethrow,,,,1626164|1626172|1629002|1629006|1630541|201569|201939|203110|203952|203994,1626164|1629002|1629006|201569|203994,1626172|1630541|201939|203110|203952,,,1610612756.0,22300308
2,PT06M14.00S,06:14,Q2 06:14,29.766666666666666,292,freethrow,J. Nurkic Free Throw 2 of 2 (5 PTS),[],Nurkic,31,40,Made,False,False,203994,,freethrow,substitution,,,,1626164|1626172|1629002|1629006|1630541|201569|201939|203110|203952|203994,1626164|1629002|1629006|201569|203994,1626172|1630541|201939|203110|203952,,,1610612756.0,22300308
2,PT06M14.00S,06:14,Q2 06:14,29.766666666666666,290,substitution,SUB out: E. Gordon,[],Gordon,30,40,,False,False,201569,,freethrow,substitution,,,,1626164|1626172|1629002|1629006|1630541|201939|203110|203952|203994,1626164|1629002|1629006|203994,1626172|1630541|201939|203110|203952,,,1610612756.0,22300308
2,PT06M14.00S,06:14,Q2 06:14,29.766666666666666,291,substitution,SUB in: Y. Watanabe,[],Watanabe,30,40,,False,False,1629139,,substitution,foul,,,,1626164|1626172|1629002|1629006|1629139|1630541|201939|203110|203952|203994,1626164|1629002|1629006|1629139|203994,1626172|1630541|201939|203110|203952,,,1610612756.0,22300308
2,PT05M59.00S,05:59,Q2 05:59,28.016666666666666,293,foul,J. Okogie shooting personal FOUL (1 PF) (Curry 2 FT),['2freethrow'],Okogie,31,40,,False,False,1629006,,substitution,freethrow,201939.0,,,1626164|1626172|1629002|1629006|1629139|1630541|201939|203110|203952|203994,1626164|1629002|1629006|1629139|203994,1626172|1630541|201939|203110|203952,,,1610612756.0,22300308
2,PT05M59.00S,05:59,Q2 05:59,28.016666666666666,295,freethrow,S. Curry Free Throw 1 of 2 (7 PTS),[],Curry,31,41,Made,False,False,201939,,foul,freethrow,,,,1626164|1626172|1629002|1629006|1629139|1630541|201939|203110|203952|203994,1626172|1630541|201939|203110|203952,1626164|1629002|1629006|1629139|203994,,,1610612744.0,22300308
2,PT05M59.00S,05:59,Q2 05:59,28.016666666666666,296,freethrow,S. Curry Free Throw 2 of 2 (8 PTS),[],Curry,31,42,Made,False,False,201939,,freethrow,3pt made,,,,1626164|1626172|1629002|1629006|1629139|1630541|201939|203110|203952|203994,1626172|1630541|201939|203110|203952,1626164|1629002|1629006|1629139|203994,,,1610612744.0,22300308
2,PT05M37.00S,05:37,Q2 05:37,28.383333333333333,297,3pt,C. Metu 3PT  (4 PTS) (J. Okogie 2 AST),[],Metu,34,42,Made,True,True,1629002,1629006.0,freethrow,2pt missed,,,,1626164|1626172|1629002|1629006|1629139|1630541|201939|203110|203952|203994,1626164|1629002|1629006|1629139|203994,1626172|1630541|201939|203110|203952,232.0,51.0,1610612756.0,22300308
2,PT05M26.00S,05:26,Q2 05:26,28.566666666666666,299,2pt,MISS A. Wiggins driving Layup,['pointsinthepaint'],Wiggins,34,42,Missed,True,False,203952,,3pt made,rebound,,,,1626164|1626172|1629002|1629006|1629139|1630541|201939|203110|203952|203994,1626172|1630541|201939|203110|203952,1626164|1629002|1629006|1629139|203994,-9.0,26.0,1610612744.0,22300308
2,PT05M26.00S,05:26,Q2 05:26,28.566666666666666,300,rebound,A. Wiggins REBOUND (Off:2 Def:2),[],Wiggins,34,42,,False,False,203952,,2pt missed,2pt missed,,,,1626164|1626172|1629002|1629006|1629139|1630541|201939|203110|203952|203994,1626172|1630541|201939|203110|203952,1626164|1629002|1629006|1629139|203994,,,1610612744.0,22300308
2,PT05M26.00S,05:26,Q2 05:26,28.566666666666666,301,2pt,MISS A. Wiggins tip Layup,"['pointsinthepaint', '2ndchance']",Wiggins,34,42,Missed,True,False,203952,,rebound,rebound,,,,1626164|1626172|1629002|1629006|1629139|1630541|201939|203110|203952|203994,1626172|1630541|201939|203110|203952,1626164|1629002|1629006|1629139|203994,-1.0,29.0,1610612744.0,22300308
2,PT05M26.00S,05:26,Q2 05:26,28.566666666666666,302,rebound,TEAM defensive REBOUND,['team'],,34,42,,False,False,0,,2pt missed,3pt made,,,,1626164|1626172|1629002|1629006|1629139|1630541|201939|203110|203952|203994,1626164|1629002|1629006|1629139|203994,1626172|1630541|201939|203110|203952,,,1610612756.0,22300308
2,PT05M13.00S,05:13,Q2 05:13,28.783333333333335,304,3pt,J. Okogie 26' 3PT  (10 PTS) (J. Nurkic 2 AST),[],Okogie,37,42,Made,True,True,1629006,203994.0,rebound,3pt made,,,,1626164|1626172|1629002|1629006|1629139|1630541|201939|203110|203952|203994,1626164|1629002|1629006|1629139|203994,1626172|1630541|201939|203110|203952,-201.0,169.0,1610612756.0,22300308
2,PT04M54.00S,04:54,Q2 04:54,27.1,306,3pt,M. Moody 26' 3PT  (3 PTS) (K. Looney 2 AST),[],Moody,37,45,Made,True,True,1630541,1626172.0,3pt made,3pt made,,,,1626164|1626172|1629002|1629006|1629139|1630541|201939|203110|203952|203994,1626172|1630541|201939|203110|203952,1626164|1629002|1629006|1629139|203994,103.0,241.0,1610612744.0,22300308
2,PT04M39.00S,04:39,Q2 04:39,27.35,308,3pt,C. Metu 24' 3PT  (7 PTS) (Y. Watanabe 1 AST),[],Metu,40,45,Made,True,True,1629002,1629139.0,3pt made,turnover,,,,1626164|1626172|1629002|1629006|1629139|1630541|201939|203110|203952|203994,1626164|1629002|1629006|1629139|203994,1626172|1630541|201939|203110|203952,-234.0,74.0,1610612756.0,22300308
2,PT04M20.00S,04:20,Q2 04:20,27.666666666666668,310,turnover,A. Wiggins lost ball out-of-bounds TURNOVER (2 TO),[],Wiggins,40,45,,False,False,203952,,3pt made,substitution,,,,1626164|1626172|1629002|1629006|1629139|1630541|201939|203110|203952|203994,1626172|1630541|201939|203110|203952,1626164|1629002|1629006|1629139|203994,,,1610612744.0,22300308
2,PT04M20.00S,04:20,Q2 04:20,27.666666666666668,311,substitution,SUB out: J. Okogie,[],Okogie,40,45,,False,False,1629006,,turnover,substitution,,,,1626164|1626172|1629002|1629139|1630541|201939|203110|203952|203994,1626164|1629002|1629139|203994,1626172|1630541|201939|203110|203952,,,1610612756.0,22300308
2,PT04M20.00S,04:20,Q2 04:20,27.666666666666668,312,substitution,SUB in: J. Goodwin,[],Goodwin,40,45,,False,False,1630692,,substitution,3pt made,,,,1626164|1626172|1629002|1629139|1630541|1630692|201939|203110|203952|203994,1626164|1629002|1629139|1630692|203994,1626172|1630541|201939|203110|203952,,,1610612756.0,22300308
2,PT04M08.00S,04:08,Q2 04:08,27.866666666666667,313,3pt,J. Nurkic 24' 3PT  (8 PTS) (J. Goodwin 2 AST),['fromturnover'],Nurkic,43,45,Made,True,True,203994,1630692.0,substitution,timeout,,,,1626164|1626172|1629002|1629139|1630541|1630692|201939|203110|203952|203994,1626164|1629002|1629139|1630692|203994,1626172|1630541|201939|203110|203952,-233.0,72.0,1610612756.0,22300308
2,PT04M04.00S,04:04,Q2 04:04,27.933333333333334,315,timeout,GSW Timeout,['team'],,43,45,,False,False,0,,3pt made,substitution,,,,1626164|1626172|1629002|1629139|1630541|1630692|201939|203110|203952|203994,1626172|1630541|201939|203110|203952,1626164|1629002|1629139|1630692|203994,,,1610612744.0,22300308
2,PT04M04.00S,04:04,Q2 04:04,27.933333333333334,316,substitution,SUB out: K. Looney,[],Looney,43,45,,False,False,1626172,,timeout,substitution,,,,1626164|1629002|1629139|1630541|1630692|201939|203110|203952|203994,1630541|201939|203110|203952,1626164|1629002|1629139|1630692|203994,,,1610612744.0,22300308
2,PT04M04.00S,04:04,Q2 04:04,27.933333333333334,317,substitution,SUB out: A. Wiggins,[],Wiggins,43,45,,False,False,203952,,substitution,substitution,,,,1626164|1629002|1629139|1630541|1630692|201939|203110|203994,1630541|201939|203110,1626164|1629002|1629139|1630692|203994,,,1610612744.0,22300308
2,PT04M04.00S,04:04,Q2 04:04,27.933333333333334,318,substitution,SUB in: J. Kuminga,[],Kuminga,43,45,,False,False,1630228,,substitution,substitution,,,,1626164|1629002|1629139|1630228|1630541|1630692|201939|203110|203994,1630228|1630541|201939|203110,1626164|1629002|1629139|1630692|203994,,,1610612744.0,22300308
2,PT04M04.00S,04:04,Q2 04:04,27.933333333333334,319,substitution,SUB in: K. Thompson,[],Thompson,43,45,,False,False,202691,,substitution,3pt made,,,,1626164|1629002|1629139|1630228|1630541|1630692|201939|202691|203110|203994,1630228|1630541|201939|202691|203110,1626164|1629002|1629139|1630692|203994,,,1610612744.0,22300308
2,PT03M54.00S,03:54,Q2 03:54,26.1,321,3pt,S. Curry 28' 3PT step back (11 PTS),[],Curry,43,48,Made,True,False,201939,,substitution,2pt made,,,,1626164|1629002|1629139|1630228|1630541|1630692|201939|202691|203110|203994,1630228|1630541|201939|202691|203110,1626164|1629002|1629139|1630692|203994,74.0,270.0,1610612744.0,22300308
2,PT03M39.00S,03:39,Q2 03:39,26.35,322,2pt,D. Booker 18' Jump Shot (9 PTS) (J. Goodwin 3 AST),[],Booker,45,48,Made,True,True,1626164,1630692.0,3pt made,3pt missed,,,,1626164|1629002|1629139|1630228|1630541|1630692|201939|202691|203110|203994,1626164|1629002|1629139|1630692|203994,1630228|1630541|201939|202691|203110,-15.0,183.0,1610612756.0,22300308
2,PT03M31.00S,03:31,Q2 03:31,26.483333333333334,324,3pt,MISS S. Curry 27' step back 3PT,[],Curry,45,48,Missed,True,False,201939,,2pt made,rebound,,,,1626164|1629002|1629139|1630228|1630541|1630692|201939|202691|203110|203994,1630228|1630541|201939|202691|203110,1626164|1629002|1629139|1630692|203994,-134.0,242.0,1610612744.0,22300308
2,PT03M30.00S,03:30,Q2 03:30,26.5,325,rebound,TEAM offensive REBOUND,['team'],,45,48,,False,False,0,,3pt missed,foul,,,,1626164|1629002|1629139|1630228|1630541|1630692|201939|202691|203110|203994,1630228|1630541|201939|202691|203110,1626164|1629002|1629139|1630692|203994,,,1610612744.0,22300308
2,PT03M30.00S,03:30,Q2 03:30,26.5,326,foul,D. Booker loose ball personal FOUL (2 PF) (Moody 2 FT),"['inpenalty', '2freethrow']",Booker,45,48,,False,False,1626164,,rebound,freethrow,1630541.0,,,1626164|1629002|1629139|1630228|1630541|1630692|201939|202691|203110|203994,1626164|1629002|1629139|1630692|203994,1630228|1630541|201939|202691|203110,,,1610612756.0,22300308
2,PT03M30.00S,03:30,Q2 03:30,26.5,328,freethrow,MISS M. Moody Free Throw 1 of 2,['2ndchance'],Moody,45,48,Missed,False,False,1630541,,foul,rebound,,,,1626164|1629002|1629139|1630228|1630541|1630692|201939|202691|203110|203994,1630228|1630541|201939|202691|203110,1626164|1629002|1629139|1630692|203994,,,1610612744.0,22300308
2,PT03M30.00S,03:30,Q2 03:30,26.5,329,rebound,TEAM offensive REBOUND,"['deadball', 'team']",,45,48,,False,False,0,,freethrow,freethrow,,,,1626164|1629002|1629139|1630228|1630541|1630692|201939|202691|203110|203994,1630228|1630541|201939|202691|203110,1626164|1629002|1629139|1630692|203994,,,1610612744.0,22300308
2,PT03M30.00S,03:30,Q2 03:30,26.5,330,freethrow,MISS M. Moody Free Throw 2 of 2,['2ndchance'],Moody,45,48,Missed,False,False,1630541,,rebound,rebound,,,,1626164|1629002|1629139|1630228|1630541|1630692|201939|202691|203110|203994,1630228|1630541|201939|202691|203110,1626164|1629002|1629139|1630692|203994,,,1610612744.0,22300308
2,PT03M27.00S,03:27,Q2 03:27,26.55,331,rebound,J. Nurkic REBOUND (Off:3 Def:7),[],Nurkic,45,48,,False,False,203994,,freethrow,2pt missed,,,,1626164|1629002|1629139|1630228|1630541|1630692|201939|202691|203110|203994,1626164|1629002|1629139|1630692|203994,1630228|1630541|201939|202691|203110,,,1610612756.0,22300308
2,PT03M07.00S,03:07,Q2 03:07,26.883333333333333,332,2pt,MISS J. Nurkic 11' turnaround Shot,['pointsinthepaint'],Nurkic,45,48,Missed,True,False,203994,,rebound,rebound,,,,1626164|1629002|1629139|1630228|1630541|1630692|201939|202691|203110|203994,1626164|1629002|1629139|1630692|203994,1630228|1630541|201939|202691|203110,-72.0,93.0,1610612756.0,22300308
2,PT03M05.00S,03:05,Q2 03:05,26.916666666666668,333,rebound,K. Thompson REBOUND (Off:0 Def:2),[],Thompson,45,48,,False,False,202691,,2pt missed,3pt missed,,,,1626164|1629002|1629139|1630228|1630541|1630692|201939|202691|203110|203994,1630228|1630541|201939|202691|203110,1626164|1629002|1629139|1630692|203994,,,1610612744.0,22300308
2,PT02M56.00S,02:56,Q2 02:56,25.066666666666666,334,3pt,MISS M. Moody 3PT,[],Moody,45,48,Missed,True,False,1630541,,rebound,rebound,,,,1626164|1629002|1629139|1630228|1630541|1630692|201939|202691|203110|203994,1630228|1630541|201939|202691|203110,1626164|1629002|1629139|1630692|203994,-239.0,-14.0,1610612744.0,22300308
2,PT02M52.00S,02:52,Q2 02:52,25.133333333333333,335,rebound,J. Nurkic REBOUND (Off:3 Def:8),[],Nurkic,45,48,,False,False,203994,,3pt missed,3pt missed,,,,1626164|1629002|1629139|1630228|1630541|1630692|201939|202691|203110|203994,1626164|1629002|1629139|1630692|203994,1630228|1630541|201939|202691|203110,,,1610612756.0,22300308
2,PT02M39.00S,02:39,Q2 02:39,25.35,336,3pt,MISS J. Goodwin 26' 3PT,[],Goodwin,45,48,Missed,True,False,1630692,,rebound,rebound,,,,1626164|1629002|1629139|1630228|1630541|1630692|201939|202691|203110|203994,1626164|1629002|1629139|1630692|203994,1630228|1630541|201939|202691|203110,97.0,245.0,1610612756.0,22300308
2,PT02M34.00S,02:34,Q2 02:34,25.433333333333334,337,rebound,J. Kuminga REBOUND (Off:2 Def:3),[],Kuminga,45,48,,False,False,1630228,,3pt missed,3pt missed,,,,1626164|1629002|1629139|1630228|1630541|1630692|201939|202691|203110|203994,1630228|1630541|201939|202691|203110,1626164|1629002|1629139|1630692|203994,,,1610612744.0,22300308
2,PT02M28.00S,02:28,Q2 02:28,25.533333333333335,338,3pt,MISS K. Thompson 26' 3PT,[],Thompson,45,48,Missed,True,False,202691,,rebound,rebound,,,,1626164|1629002|1629139|1630228|1630541|1630692|201939|202691|203110|203994,1630228|1630541|201939|202691|203110,1626164|1629002|1629139|1630692|203994,148.0,218.0,1610612744.0,22300308
2,PT02M26.00S,02:26,Q2 02:26,25.566666666666666,339,rebound,C. Metu REBOUND (Off:1 Def:1),[],Metu,45,48,,False,False,1629002,,3pt missed,2pt made,,,,1626164|1629002|1629139|1630228|1630541|1630692|201939|202691|203110|203994,1626164|1629002|1629139|1630692|203994,1630228|1630541|201939|202691|203110,,,1610612756.0,22300308
2,PT02M17.00S,02:17,Q2 02:17,25.716666666666665,340,2pt,D. Booker cutting Layup (11 PTS) (J. Nurkic 3 AST),['pointsinthepaint'],Booker,47,48,Made,True,True,1626164,203994.0,rebound,timeout,,,,1626164|1629002|1629139|1630228|1630541|1630692|201939|202691|203110|203994,1626164|1629002|1629139|1630692|203994,1630228|1630541|201939|202691|203110,-10.0,1.0,1610612756.0,22300308
2,PT02M13.00S,02:13,Q2 02:13,25.783333333333335,342,timeout,GSW Timeout,['team'],,47,48,,False,False,0,,2pt made,substitution,,,,1626164|1629002|1629139|1630228|1630541|1630692|201939|202691|203110|203994,1630228|1630541|201939|202691|203110,1626164|1629002|1629139|1630692|203994,,,1610612744.0,22300308
2,PT02M13.00S,02:13,Q2 02:13,25.783333333333335,343,substitution,SUB out: Y. Watanabe,[],Watanabe,47,48,,False,False,1629139,,timeout,substitution,,,,1626164|1629002|1630228|1630541|1630692|201939|202691|203110|203994,1626164|1629002|1630692|203994,1630228|1630541|201939|202691|203110,,,1610612756.0,22300308
2,PT02M13.00S,02:13,Q2 02:13,25.783333333333335,344,substitution,SUB out: M. Moody,[],Moody,47,48,,False,False,1630541,,substitution,substitution,,,,1626164|1629002|1630228|1630692|201939|202691|203110|203994,1630228|201939|202691|203110,1626164|1629002|1630692|203994,,,1610612744.0,22300308
2,PT02M13.00S,02:13,Q2 02:13,25.783333333333335,345,substitution,SUB in: B. Beal,[],Beal,47,48,,False,False,203078,,substitution,substitution,,,,1626164|1629002|1630228|1630692|201939|202691|203078|203110|203994,1626164|1629002|1630692|203078|203994,1630228|201939|202691|203110,,,1610612756.0,22300308
2,PT02M13.00S,02:13,Q2 02:13,25.783333333333335,346,substitution,SUB in: C. Paul,[],Paul,47,48,,False,False,101108,,substitution,2pt made,,,,101108|1626164|1629002|1630228|1630692|201939|202691|203078|203110|203994,101108|1630228|201939|202691|203110,1626164|1629002|1630692|203078|203994,,,1610612744.0,22300308
2,PT01M55.00S,01:55,Q2 01:55,24.083333333333332,347,2pt,K. Thompson driving finger roll Layup (7 PTS) (D. Green 1 AST),['pointsinthepaint'],Thompson,47,50,Made,True,True,202691,203110.0,substitution,3pt made,,,,101108|1626164|1629002|1630228|1630692|201939|202691|203078|203110|203994,101108|1630228|201939|202691|203110,1626164|1629002|1630692|203078|203994,9.0,20.0,1610612744.0,22300308
2,PT01M37.00S,01:37,Q2 01:37,24.383333333333333,349,3pt,C. Metu 25' 3PT  (10 PTS) (D. Booker 4 AST),[],Metu,50,50,Made,True,True,1629002,1626164.0,2pt made,2pt made,,,,101108|1626164|1629002|1630228|1630692|201939|202691|203078|203110|203994,1626164|1629002|1630692|203078|203994,101108|1630228|201939|202691|203110,-168.0,198.0,1610612756.0,22300308
2,PT01M25.00S,01:25,Q2 01:25,24.583333333333332,351,2pt,S. Curry driving Layup (13 PTS),['pointsinthepaint'],Curry,50,52,Made,True,False,201939,,3pt made,2pt made,,,,101108|1626164|1629002|1630228|1630692|201939|202691|203078|203110|203994,101108|1630228|201939|202691|203110,1626164|1629002|1630692|203078|203994,6.0,11.0,1610612744.0,22300308
2,PT01M05.00S,01:05,Q2 01:05,24.916666666666668,352,2pt,D. Booker 17' pullup Jump Shot (13 PTS),[],Booker,52,52,Made,True,False,1626164,,2pt made,foul,,,,101108|1626164|1629002|1630228|1630692|201939|202691|203078|203110|203994,1626164|1629002|1630692|203078|203994,101108|1630228|201939|202691|203110,-87.0,151.0,1610612756.0,22300308
2,PT00M51.50S,00:51,Q2 00:51,23.15,353,foul,D. Booker shooting personal FOUL (3 PF) (Kuminga 2 FT),"['inpenalty', '2freethrow']",Booker,52,52,,False,False,1626164,,2pt made,freethrow,1630228.0,,,101108|1626164|1629002|1630228|1630692|201939|202691|203078|203110|203994,1626164|1629002|1630692|203078|203994,101108|1630228|201939|202691|203110,,,1610612756.0,22300308
2,PT00M51.50S,00:51,Q2 00:51,23.15,355,freethrow,J. Kuminga Free Throw 1 of 2 (8 PTS),[],Kuminga,52,53,Made,False,False,1630228,,foul,freethrow,,,,101108|1626164|1629002|1630228|1630692|201939|202691|203078|203110|203994,101108|1630228|201939|202691|203110,1626164|1629002|1630692|203078|203994,,,1610612744.0,22300308
2,PT00M51.50S,00:51,Q2 00:51,23.15,356,freethrow,MISS J. Kuminga Free Throw 2 of 2,[],Kuminga,52,53,Missed,False,False,1630228,,freethrow,rebound,,,,101108|1626164|1629002|1630228|1630692|201939|202691|203078|203110|203994,101108|1630228|201939|202691|203110,1626164|1629002|1630692|203078|203994,,,1610612744.0,22300308
2,PT00M49.20S,00:49,Q2 00:49,23.183333333333334,357,rebound,B. Beal REBOUND (Off:0 Def:1),[],Beal,52,53,,False,False,203078,,freethrow,2pt missed,,,,101108|1626164|1629002|1630228|1630692|201939|202691|203078|203110|203994,1626164|1629002|1630692|203078|203994,101108|1630228|201939|202691|203110,,,1610612756.0,22300308
2,PT00M29.30S,00:29,Q2 00:29,23.516666666666666,358,2pt,MISS J. Nurkic 16' Jump Shot,[],Nurkic,52,53,Missed,True,False,203994,,rebound,rebound,,,,101108|1626164|1629002|1630228|1630692|201939|202691|203078|203110|203994,1626164|1629002|1630692|203078|203994,101108|1630228|201939|202691|203110,-125.0,110.0,1610612756.0,22300308
2,PT00M26.90S,00:26,Q2 00:26,23.566666666666666,359,rebound,D. Green REBOUND (Off:0 Def:2),[],Green,52,53,,False,False,203110,,2pt missed,3pt missed,,,,101108|1626164|1629002|1630228|1630692|201939|202691|203078|203110|203994,101108|1630228|201939|202691|203110,1626164|1629002|1630692|203078|203994,,,1610612744.0,22300308
2,PT00M19.90S,00:19,Q2 00:19,23.683333333333334,360,3pt,MISS K. Thompson 24' 3PT,[],Thompson,52,53,Missed,True,False,202691,,rebound,rebound,,,,101108|1626164|1629002|1630228|1630692|201939|202691|203078|203110|203994,101108|1630228|201939|202691|203110,1626164|1629002|1630692|203078|203994,225.0,95.0,1610612744.0,22300308
2,PT00M18.20S,00:18,Q2 00:18,23.7,361,rebound,TEAM defensive REBOUND,['team'],,52,53,,False,False,0,,3pt missed,foul,,,,101108|1626164|1629002|1630228|1630692|201939|202691|203078|203110|203994,1626164|1629002|1630692|203078|203994,101108|1630228|201939|202691|203110,,,1610612756.0,22300308
2,PT00M18.20S,00:18,Q2 00:18,23.7,362,foul,J. Kuminga loose ball personal FOUL (1 PF) (Beal 2 FT),"['inpenalty', '2freethrow']",Kuminga,52,53,,False,False,1630228,,rebound,freethrow,203078.0,,,101108|1626164|1629002|1630228|1630692|201939|202691|203078|203110|203994,101108|1630228|201939|202691|203110,1626164|1629002|1630692|203078|203994,,,1610612744.0,22300308
2,PT00M18.20S,00:18,Q2 00:18,23.7,364,freethrow,B. Beal Free Throw 1 of 2 (6 PTS),[],Beal,53,53,Made,False,False,203078,,foul,freethrow,,,,101108|1626164|1629002|1630228|1630692|201939|202691|203078|203110|203994,1626164|1629002|1630692|203078|203994,101108|1630228|201939|202691|203110,,,1610612756.0,22300308
2,PT00M18.20S,00:18,Q2 00:18,23.7,372,freethrow,MISS B. Beal Free Throw 2 of 2,[],Beal,53,53,Missed,False,False,203078,,freethrow,rebound,,,,101108|1626164|1629002|1630228|1630692|201939|202691|203078|203110|203994,1626164|1629002|1630692|203078|203994,101108|1630228|201939|202691|203110,,,1610612756.0,22300308
2,PT00M18.20S,00:18,Q2 00:18,23.7,373,rebound,K. Thompson REBOUND (Off:0 Def:3),[],Thompson,53,53,,False,False,202691,,freethrow,substitution,,,,101108|1626164|1629002|1630228|1630692|201939|202691|203078|203110|203994,101108|1630228|201939|202691|203110,1626164|1629002|1630692|203078|203994,,,1610612744.0,22300308
2,PT00M18.20S,00:18,Q2 00:18,23.7,365,substitution,SUB out: D. Booker,[],Booker,53,53,,False,False,1626164,,rebound,substitution,,,,101108|1629002|1630228|1630692|201939|202691|203078|203110|203994,1629002|1630692|203078|203994,101108|1630228|201939|202691|203110,,,1610612756.0,22300308
2,PT00M18.20S,00:18,Q2 00:18,23.7,366,substitution,SUB in: E. Gordon,[],Gordon,53,53,,False,False,201569,,substitution,3pt made,,,,101108|1629002|1630228|1630692|201569|201939|202691|203078|203110|203994,1629002|1630692|201569|203078|203994,101108|1630228|201939|202691|203110,,,1610612756.0,22300308
2,PT00M03.10S,00:03,Q2 00:03,23.95,367,3pt,S. Curry 27' 3PT  (16 PTS) (C. Paul 6 AST),[],Curry,53,56,Made,True,True,201939,101108.0,substitution,3pt missed,,,,101108|1629002|1630228|1630692|201569|201939|202691|203078|203110|203994,101108|1630228|201939|202691|203110,1629002|1630692|201569|203078|203994,-137.0,241.0,1610612744.0,22300308
2,PT00M00.20S,00:00,Q2 00:00,24.0,369,3pt,MISS J. Goodwin 41' 3PT,[],Goodwin,53,56,Missed,True,False,1630692,,3pt made,rebound,,,,101108|1629002|1630228|1630692|201569|201939|202691|203078|203110|203994,1629002|1630692|201569|203078|203994,101108|1630228|201939|202691|203110,197.0,366.0,1610612756.0,22300308
2,PT00M00.10S,00:00,Q2 00:00,24.0,370,rebound,TEAM offensive REBOUND,['team'],,53,56,,False,False,0,,3pt missed,substitution,,,,101108|1629002|1630228|1630692|201569|201939|202691|203078|203110|203994,1629002|1630692|201569|203078|203994,101108|1630228|201939|202691|203110,,,1610612756.0,22300308
3,PT12M00.00S,12:00,Q3 12:00,24.0,374,substitution,SUB out: J. Goodwin,['startperiod'],Goodwin,53,56,,False,False,1630692,,rebound,substitution,,,,101108|1629002|1630228|201569|201939|202691|203078|203110|203994,1629002|201569|203078|203994,101108|1630228|201939|202691|203110,,,1610612756.0,22300308
3,PT12M00.00S,12:00,Q3 12:00,24.0,375,substitution,SUB out: C. Paul,['startperiod'],Paul,53,56,,False,False,101108,,substitution,substitution,,,,1629002|1630228|201569|201939|202691|203078|203110|203994,1630228|201939|202691|203110,1629002|201569|203078|203994,,,1610612744.0,22300308
3,PT12M00.00S,12:00,Q3 12:00,24.0,376,substitution,SUB in: D. Booker,['startperiod'],Booker,53,56,,False,False,1626164,,substitution,substitution,,,,1626164|1629002|1630228|201569|201939|202691|203078|203110|203994,1626164|1629002|201569|203078|203994,1630228|201939|202691|203110,,,1610612756.0,22300308
3,PT12M00.00S,12:00,Q3 12:00,24.0,377,substitution,SUB in: B. Podziemski,['startperiod'],Podziemski,53,56,,False,False,1641764,,substitution,2pt made,,,,1626164|1629002|1630228|1641764|201569|201939|202691|203078|203110|203994,1630228|1641764|201939|202691|203110,1626164|1629002|201569|203078|203994,,,1610612744.0,22300308
3,PT11M46.00S,11:46,Q3 11:46,22.233333333333334,379,2pt,D. Green driving Layup (2 PTS) (B. Podziemski 4 AST),['pointsinthepaint'],Green,53,58,Made,True,True,203110,1641764.0,substitution,foul,,,,1626164|1629002|1630228|1641764|201569|201939|202691|203078|203110|203994,1630228|1641764|201939|202691|203110,1626164|1629002|201569|203078|203994,-13.0,0.0,1610612744.0,22300308
3,PT11M25.00S,11:25,Q3 11:25,22.583333333333332,382,foul,D. Green defensive-3-second technical FOUL (1 Tech),['1freethrow'],Green,53,58,,False,False,203110,,2pt made,freethrow,,,,1626164|1629002|1630228|1641764|201569|201939|202691|203078|203110|203994,1630228|1641764|201939|202691|203110,1626164|1629002|201569|203078|203994,,,1610612744.0,22300308
3,PT11M25.00S,11:25,Q3 11:25,22.583333333333332,383,freethrow,D. Booker technical Free Throw 1 of 1 (14 PTS),[],Booker,54,58,Made,False,False,1626164,,foul,foul,,,,1626164|1629002|1630228|1641764|201569|201939|202691|203078|203110|203994,1626164|1629002|201569|203078|203994,1630228|1641764|201939|202691|203110,,,1610612756.0,22300308
3,PT11M15.00S,11:15,Q3 11:15,22.75,387,foul,D. Green shooting personal FOUL (2 PF) (Beal 2 FT),['2freethrow'],Green,54,58,,False,False,203110,,freethrow,freethrow,203078.0,,,1626164|1629002|1630228|1641764|201569|201939|202691|203078|203110|203994,1630228|1641764|201939|202691|203110,1626164|1629002|201569|203078|203994,,,1610612744.0,22300308
3,PT11M15.00S,11:15,Q3 11:15,22.75,389,freethrow,B. Beal Free Throw 1 of 2 (7 PTS),[],Beal,55,58,Made,False,False,203078,,foul,freethrow,,,,1626164|1629002|1630228|1641764|201569|201939|202691|203078|203110|203994,1626164|1629002|201569|203078|203994,1630228|1641764|201939|202691|203110,,,1610612756.0,22300308
3,PT11M15.00S,11:15,Q3 11:15,22.75,390,freethrow,B. Beal Free Throw 2 of 2 (8 PTS),[],Beal,56,58,Made,False,False,203078,,freethrow,2pt made,,,,1626164|1629002|1630228|1641764|201569|201939|202691|203078|203110|203994,1626164|1629002|201569|203078|203994,1630228|1641764|201939|202691|203110,,,1610612756.0,22300308
3,PT11M06.00S,11:06,Q3 11:06,22.9,391,2pt,S. Curry driving finger roll Layup (18 PTS),['pointsinthepaint'],Curry,56,60,Made,True,False,201939,,freethrow,3pt missed,,,,1626164|1629002|1630228|1641764|201569|201939|202691|203078|203110|203994,1630228|1641764|201939|202691|203110,1626164|1629002|201569|203078|203994,-9.0,10.0,1610612744.0,22300308
3,PT10M55.00S,10:55,Q3 10:55,21.083333333333332,392,3pt,MISS B. Beal 27' pullup 3PT,[],Beal,56,60,Missed,True,False,203078,,2pt made,rebound,,,,1626164|1629002|1630228|1641764|201569|201939|202691|203078|203110|203994,1626164|1629002|201569|203078|203994,1630228|1641764|201939|202691|203110,91.0,254.0,1610612756.0,22300308
3,PT10M53.00S,10:53,Q3 10:53,21.116666666666667,393,rebound,B. Podziemski REBOUND (Off:2 Def:1),[],Podziemski,56,60,,False,False,1641764,,3pt missed,3pt missed,,,,1626164|1629002|1630228|1641764|201569|201939|202691|203078|203110|203994,1630228|1641764|201939|202691|203110,1626164|1629002|201569|203078|203994,,,1610612744.0,22300308
3,PT10M46.00S,10:46,Q3 10:46,21.233333333333334,394,3pt,MISS S. Curry 26' pullup 3PT,[],Curry,56,60,Missed,True,False,201939,,rebound,rebound,,,,1626164|1629002|1630228|1641764|201569|201939|202691|203078|203110|203994,1630228|1641764|201939|202691|203110,1626164|1629002|201569|203078|203994,96.0,246.0,1610612744.0,22300308
3,PT10M42.00S,10:42,Q3 10:42,21.3,395,rebound,J. Nurkic REBOUND (Off:3 Def:9),[],Nurkic,56,60,,False,False,203994,,3pt missed,2pt made,,,,1626164|1629002|1630228|1641764|201569|201939|202691|203078|203110|203994,1626164|1629002|201569|203078|203994,1630228|1641764|201939|202691|203110,,,1610612756.0,22300308
3,PT10M31.00S,10:31,Q3 10:31,21.483333333333334,396,2pt,D. Booker 16' pullup Jump Shot (16 PTS) (J. Nurkic 4 AST),[],Booker,58,60,Made,True,True,1626164,203994.0,rebound,2pt made,,,,1626164|1629002|1630228|1641764|201569|201939|202691|203078|203110|203994,1626164|1629002|201569|203078|203994,1630228|1641764|201939|202691|203110,-108.0,125.0,1610612756.0,22300308
3,PT10M05.00S,10:05,Q3 10:05,21.916666666666668,398,2pt,J. Kuminga driving Layup (10 PTS),['pointsinthepaint'],Kuminga,58,62,Made,True,False,1630228,,2pt made,foul,,,,1626164|1629002|1630228|1641764|201569|201939|202691|203078|203110|203994,1630228|1641764|201939|202691|203110,1626164|1629002|201569|203078|203994,-5.0,19.0,1610612744.0,22300308
3,PT10M05.00S,10:05,Q3 10:05,21.916666666666668,399,foul,C. Metu shooting personal FOUL (1 PF) (Kuminga 1 FT),['1freethrow'],Metu,58,62,,False,False,1629002,,2pt made,freethrow,1630228.0,,,1626164|1629002|1630228|1641764|201569|201939|202691|203078|203110|203994,1626164|1629002|201569|203078|203994,1630228|1641764|201939|202691|203110,,,1610612756.0,22300308
3,PT10M05.00S,10:05,Q3 10:05,21.916666666666668,401,freethrow,J. Kuminga Free Throw 1 of 1 (11 PTS),[],Kuminga,58,63,Made,False,False,1630228,,foul,2pt made,,,,1626164|1629002|1630228|1641764|201569|201939|202691|203078|203110|203994,1630228|1641764|201939|202691|203110,1626164|1629002|201569|203078|203994,,,1610612744.0,22300308
3,PT09M49.00S,09:49,Q3 09:49,20.183333333333334,402,2pt,C. Metu driving Layup (12 PTS) (D. Booker 5 AST),['pointsinthepaint'],Metu,60,63,Made,True,True,1629002,1626164.0,freethrow,2pt missed,,,,1626164|1629002|1630228|1641764|201569|201939|202691|203078|203110|203994,1626164|1629002|201569|203078|203994,1630228|1641764|201939|202691|203110,2.0,17.0,1610612756.0,22300308
3,PT09M36.00S,09:36,Q3 09:36,20.4,404,2pt,MISS K. Thompson 18' pullup Shot,[],Thompson,60,63,Missed,True,False,202691,,2pt made,rebound,,,,1626164|1629002|1630228|1641764|201569|201939|202691|203078|203110|203994,1630228|1641764|201939|202691|203110,1626164|1629002|201569|203078|203994,146.0,116.0,1610612744.0,22300308
3,PT09M33.00S,09:33,Q3 09:33,20.45,405,rebound,J. Nurkic REBOUND (Off:3 Def:10),[],Nurkic,60,63,,False,False,203994,,2pt missed,2pt missed,,,,1626164|1629002|1630228|1641764|201569|201939|202691|203078|203110|203994,1626164|1629002|201569|203078|203994,1630228|1641764|201939|202691|203110,,,1610612756.0,22300308
3,PT09M27.00S,09:27,Q3 09:27,20.55,406,2pt,MISS D. Booker 23' pullup Shot,[],Booker,60,63,Missed,True,False,1626164,,rebound,rebound,,,,1626164|1629002|1630228|1641764|201569|201939|202691|203078|203110|203994,1626164|1629002|201569|203078|203994,1630228|1641764|201939|202691|203110,114.0,201.0,1610612756.0,22300308
3,PT09M25.00S,09:25,Q3 09:25,20.583333333333332,407,rebound,B. Podziemski REBOUND (Off:2 Def:2),[],Podziemski,60,63,,False,False,1641764,,2pt missed,turnover,,,,1626164|1629002|1630228|1641764|201569|201939|202691|203078|203110|203994,1630228|1641764|201939|202691|203110,1626164|1629002|201569|203078|203994,,,1610612744.0,22300308
3,PT09M18.00S,09:18,Q3 09:18,20.7,408,turnover,J. Kuminga lost ball out-of-bounds TURNOVER (1 TO),[],Kuminga,60,63,,False,False,1630228,,rebound,foul,,,,1626164|1629002|1630228|1641764|201569|201939|202691|203078|203110|203994,1630228|1641764|201939|202691|203110,1626164|1629002|201569|203078|203994,,,1610612744.0,22300308
3,PT09M03.00S,09:03,Q3 09:03,20.95,409,foul,D. Booker charge offensive FOUL (4 PF),[],Booker,60,63,,False,False,1626164,,turnover,turnover,1641764.0,,,1626164|1629002|1630228|1641764|201569|201939|202691|203078|203110|203994,1626164|1629002|201569|203078|203994,1630228|1641764|201939|202691|203110,,,1610612756.0,22300308
3,PT09M03.00S,09:03,Q3 09:03,20.95,411,turnover,D. Booker offensive foul TURNOVER (1 TO),[],Booker,60,63,,False,False,1626164,,foul,2pt made,,,,1626164|1629002|1630228|1641764|201569|201939|202691|203078|203110|203994,1626164|1629002|201569|203078|203994,1630228|1641764|201939|202691|203110,,,1610612756.0,22300308
3,PT08M49.00S,08:49,Q3 08:49,19.183333333333334,412,2pt,B. Podziemski cutting Layup (4 PTS) (D. Green 2 AST),"['pointsinthepaint', 'fromturnover']",Podziemski,60,65,Made,True,True,1641764,203110.0,turnover,2pt missed,,,,1626164|1629002|1630228|1641764|201569|201939|202691|203078|203110|203994,1630228|1641764|201939|202691|203110,1626164|1629002|201569|203078|203994,-11.0,20.0,1610612744.0,22300308
3,PT08M33.00S,08:33,Q3 08:33,19.45,414,2pt,MISS B. Beal 15' pullup Shot,[],Beal,60,65,Missed,True,False,203078,,2pt made,rebound,,,,1626164|1629002|1630228|1641764|201569|201939|202691|203078|203110|203994,1626164|1629002|201569|203078|203994,1630228|1641764|201939|202691|203110,7.0,155.0,1610612756.0,22300308
3,PT08M31.00S,08:31,Q3 08:31,19.483333333333334,415,rebound,S. Curry REBOUND (Off:0 Def:3),[],Curry,60,65,,False,False,201939,,2pt missed,foul,,,,1626164|1629002|1630228|1641764|201569|201939|202691|203078|203110|203994,1630228|1641764|201939|202691|203110,1626164|1629002|201569|203078|203994,,,1610612744.0,22300308
3,PT08M23.00S,08:23,Q3 08:23,19.616666666666667,416,foul,B. Beal personal FOUL (3 PF),[],Beal,60,65,,False,False,203078,,rebound,foul,203110.0,,,1626164|1629002|1630228|1641764|201569|201939|202691|203078|203110|203994,1626164|1629002|201569|203078|203994,1630228|1641764|201939|202691|203110,,,1610612756.0,22300308
3,PT08M23.00S,08:23,Q3 08:23,19.616666666666667,418,foul,D. Green flagrant-type-2 personal FOUL (3 PF) (Nurkic 2 FT),['2freethrow'],Green,60,65,,False,False,203110,,foul,turnover,203994.0,,,1626164|1629002|1630228|1641764|201569|201939|202691|203078|203110|203994,1630228|1641764|201939|202691|203110,1626164|1629002|201569|203078|203994,,,1610612744.0,22300308
3,PT08M23.00S,08:23,Q3 08:23,19.616666666666667,420,turnover,D. Green offensive foul TURNOVER (3 TO),[],Green,60,65,,False,False,203110,,foul,freethrow,,,,1626164|1629002|1630228|1641764|201569|201939|202691|203078|203110|203994,1630228|1641764|201939|202691|203110,1626164|1629002|201569|203078|203994,,,1610612744.0,22300308
3,PT08M23.00S,08:23,Q3 08:23,19.616666666666667,423,freethrow,J. Nurkic flagrant Free Throw 1 of 2 (9 PTS),[],Nurkic,61,65,Made,False,False,203994,,turnover,freethrow,,,,1626164|1629002|1630228|1641764|201569|201939|202691|203078|203110|203994,1626164|1629002|201569|203078|203994,1630228|1641764|201939|202691|203110,,,1610612756.0,22300308
3,PT08M23.00S,08:23,Q3 08:23,19.616666666666667,424,freethrow,J. Nurkic flagrant Free Throw 2 of 2 (10 PTS),[],Nurkic,62,65,Made,False,False,203994,,freethrow,substitution,,,,1626164|1629002|1630228|1641764|201569|201939|202691|203078|203110|203994,1626164|1629002|201569|203078|203994,1630228|1641764|201939|202691|203110,,,1610612756.0,22300308
3,PT08M23.00S,08:23,Q3 08:23,19.616666666666667,428,substitution,SUB out: D. Green,[],Green,62,65,,False,False,203110,,freethrow,substitution,,,,1626164|1629002|1630228|1641764|201569|201939|202691|203078|203994,1630228|1641764|201939|202691,1626164|1629002|201569|203078|203994,,,1610612744.0,22300308
3,PT08M23.00S,08:23,Q3 08:23,19.616666666666667,429,substitution,SUB in: K. Looney,[],Looney,62,65,,False,False,1626172,,substitution,3pt missed,,,,1626164|1626172|1629002|1630228|1641764|201569|201939|202691|203078|203994,1626172|1630228|1641764|201939|202691,1626164|1629002|201569|203078|203994,,,1610612744.0,22300308
3,PT08M13.00S,08:13,Q3 08:13,19.783333333333335,425,3pt,MISS B. Beal 28' 3PT,['fromturnover'],Beal,62,65,Missed,True,False,203078,,substitution,rebound,,,,1626164|1626172|1629002|1630228|1641764|201569|201939|202691|203078|203994,1626164|1629002|201569|203078|203994,1626172|1630228|1641764|201939|202691,-159.0,231.0,1610612756.0,22300308
3,PT08M10.00S,08:10,Q3 08:10,19.833333333333332,426,rebound,K. Looney REBOUND (Off:2 Def:2),[],Looney,62,65,,False,False,1626172,,3pt missed,3pt made,,,,1626164|1626172|1629002|1630228|1641764|201569|201939|202691|203078|203994,1626172|1630228|1641764|201939|202691,1626164|1629002|201569|203078|203994,,,1610612744.0,22300308
3,PT08M02.00S,08:02,Q3 08:02,19.966666666666665,427,3pt,B. Podziemski 24' 3PT running (7 PTS),['fastbreak'],Podziemski,62,68,Made,True,False,1641764,,rebound,2pt made,,,,1626164|1626172|1629002|1630228|1641764|201569|201939|202691|203078|203994,1626172|1630228|1641764|201939|202691,1626164|1629002|201569|203078|203994,143.0,203.0,1610612744.0,22300308
3,PT07M43.00S,07:43,Q3 07:43,18.283333333333335,430,2pt,C. Metu floating Jump Shot (14 PTS) (B. Beal 2 AST),['pointsinthepaint'],Metu,64,68,Made,True,True,1629002,203078.0,3pt made,2pt made,,,,1626164|1626172|1629002|1630228|1641764|201569|201939|202691|203078|203994,1626164|1629002|201569|203078|203994,1626172|1630228|1641764|201939|202691,-1.0,28.0,1610612756.0,22300308
3,PT07M23.00S,07:23,Q3 07:23,18.616666666666667,432,2pt,B. Podziemski driving finger roll Layup (9 PTS),['pointsinthepaint'],Podziemski,64,70,Made,True,False,1641764,,2pt made,2pt made,,,,1626164|1626172|1629002|1630228|1641764|201569|201939|202691|203078|203994,1626172|1630228|1641764|201939|202691,1626164|1629002|201569|203078|203994,27.0,27.0,1610612744.0,22300308
3,PT07M08.00S,07:08,Q3 07:08,18.866666666666667,433,2pt,D. Booker 16' pullup Jump Shot (18 PTS),[],Booker,66,70,Made,True,False,1626164,,2pt made,2pt missed,,,,1626164|1626172|1629002|1630228|1641764|201569|201939|202691|203078|203994,1626164|1629002|201569|203078|203994,1626172|1630228|1641764|201939|202691,-6.0,167.0,1610612756.0,22300308
3,PT06M51.00S,06:51,Q3 06:51,17.15,434,2pt,MISS S. Curry 19' pullup Shot,[],Curry,66,70,Missed,True,False,201939,,2pt made,rebound,,,,1626164|1626172|1629002|1630228|1641764|201569|201939|202691|203078|203994,1626172|1630228|1641764|201939|202691,1626164|1629002|201569|203078|203994,92.0,171.0,1610612744.0,22300308
3,PT06M51.00S,06:51,Q3 06:51,17.15,435,rebound,C. Metu REBOUND (Off:1 Def:2),[],Metu,66,70,,False,False,1629002,,2pt missed,2pt missed,,,,1626164|1626172|1629002|1630228|1641764|201569|201939|202691|203078|203994,1626164|1629002|201569|203078|203994,1626172|1630228|1641764|201939|202691,,,1610612756.0,22300308
3,PT06M44.00S,06:44,Q3 06:44,17.266666666666666,436,2pt,MISS D. Booker 11' fadeaway Shot,[],Booker,66,70,Missed,True,False,1626164,,rebound,rebound,,,,1626164|1626172|1629002|1630228|1641764|201569|201939|202691|203078|203994,1626164|1629002|201569|203078|203994,1626172|1630228|1641764|201939|202691,118.0,8.0,1610612756.0,22300308
3,PT06M42.00S,06:42,Q3 06:42,17.3,437,rebound,K. Looney REBOUND (Off:2 Def:3),[],Looney,66,70,,False,False,1626172,,2pt missed,foul,,,,1626164|1626172|1629002|1630228|1641764|201569|201939|202691|203078|203994,1626172|1630228|1641764|201939|202691,1626164|1629002|201569|203078|203994,,,1610612744.0,22300308
3,PT06M39.00S,06:39,Q3 06:39,17.35,438,foul,C. Metu transition take personal FOUL (2 PF) (Curry 1 FT),['1freethrow'],Metu,66,70,,False,False,1629002,,rebound,timeout,201939.0,,,1626164|1626172|1629002|1630228|1641764|201569|201939|202691|203078|203994,1626164|1629002|201569|203078|203994,1626172|1630228|1641764|201939|202691,,,1610612756.0,22300308
3,PT06M39.00S,06:39,Q3 06:39,17.35,440,timeout,PHX Timeout,"['team', 'mandatory']",,66,70,,False,False,0,,foul,freethrow,,,,1626164|1626172|1629002|1630228|1641764|201569|201939|202691|203078|203994,1626164|1629002|201569|203078|203994,1626172|1630228|1641764|201939|202691,,,1610612756.0,22300308
3,PT06M39.00S,06:39,Q3 06:39,17.35,447,freethrow,S. Curry transition take Free Throw 1 of 1 (19 PTS),[],Curry,66,71,Made,False,False,201939,,timeout,substitution,,,,1626164|1626172|1629002|1630228|1641764|201569|201939|202691|203078|203994,1626172|1630228|1641764|201939|202691,1626164|1629002|201569|203078|203994,,,1610612744.0,22300308
3,PT06M39.00S,06:39,Q3 06:39,17.35,441,substitution,SUB out: B. Beal,[],Beal,66,70,,False,False,203078,,freethrow,substitution,,,,1626164|1626172|1629002|1630228|1641764|201569|201939|202691|203994,1626164|1629002|201569|203994,1626172|1630228|1641764|201939|202691,,,1610612756.0,22300308
3,PT06M39.00S,06:39,Q3 06:39,17.35,442,substitution,SUB out: J. Nurkic,[],Nurkic,66,70,,False,False,203994,,substitution,substitution,,,,1626164|1626172|1629002|1630228|1641764|201569|201939|202691,1626164|1629002|201569,1626172|1630228|1641764|201939|202691,,,1610612756.0,22300308
3,PT06M39.00S,06:39,Q3 06:39,17.35,443,substitution,SUB out: B. Podziemski,[],Podziemski,66,70,,False,False,1641764,,substitution,substitution,,,,1626164|1626172|1629002|1630228|201569|201939|202691,1626172|1630228|201939|202691,1626164|1629002|201569,,,1610612744.0,22300308
3,PT06M39.00S,06:39,Q3 06:39,17.35,444,substitution,SUB in: D. Eubanks,[],Eubanks,66,70,,False,False,1629234,,substitution,substitution,,,,1626164|1626172|1629002|1629234|1630228|201569|201939|202691,1626164|1629002|1629234|201569,1626172|1630228|201939|202691,,,1610612756.0,22300308
3,PT06M39.00S,06:39,Q3 06:39,17.35,445,substitution,SUB in: J. Goodwin,[],Goodwin,66,70,,False,False,1630692,,substitution,substitution,,,,1626164|1626172|1629002|1629234|1630228|1630692|201569|201939|202691,1626164|1629002|1629234|1630692|201569,1626172|1630228|201939|202691,,,1610612756.0,22300308
3,PT06M39.00S,06:39,Q3 06:39,17.35,446,substitution,SUB in: C. Paul,[],Paul,66,70,,False,False,101108,,substitution,turnover,,,,101108|1626164|1626172|1629002|1629234|1630228|1630692|201569|201939|202691,101108|1626172|1630228|201939|202691,1626164|1629002|1629234|1630692|201569,,,1610612744.0,22300308
3,PT06M31.00S,06:31,Q3 06:31,17.483333333333334,448,turnover,C. Paul bad pass TURNOVER (1 TO),[],Paul,66,71,,False,False,101108,,substitution,steal,,1630692.0,,101108|1626164|1626172|1629002|1629234|1630228|1630692|201569|201939|202691,101108|1626172|1630228|201939|202691,1626164|1629002|1629234|1630692|201569,,,1610612744.0,22300308
3,PT06M31.00S,06:31,Q3 06:31,17.483333333333334,449,steal,J. Goodwin STEAL (1 STL),[],Goodwin,66,71,,False,False,1630692,,turnover,2pt made,,,,101108|1626164|1626172|1629002|1629234|1630228|1630692|201569|201939|202691,1626164|1629002|1629234|1630692|201569,101108|1626172|1630228|201939|202691,,,1610612756.0,22300308
3,PT06M27.00S,06:27,Q3 06:27,17.55,450,2pt,J. Goodwin running Layup (4 PTS),"['pointsinthepaint', 'fromturnover', 'fastbreak']",Goodwin,68,71,Made,True,False,1630692,,steal,turnover,,,,101108|1626164|1626172|1629002|1629234|1630228|1630692|201569|201939|202691,1626164|1629002|1629234|1630692|201569,101108|1626172|1630228|201939|202691,0.0,17.0,1610612756.0,22300308
3,PT06M15.00S,06:15,Q3 06:15,17.75,451,turnover,S. Curry bad pass TURNOVER (1 TO),[],Curry,68,71,,False,False,201939,,2pt made,steal,,1626164.0,,101108|1626164|1626172|1629002|1629234|1630228|1630692|201569|201939|202691,101108|1626172|1630228|201939|202691,1626164|1629002|1629234|1630692|201569,,,1610612744.0,22300308
3,PT06M15.00S,06:15,Q3 06:15,17.75,452,steal,D. Booker STEAL (1 STL),[],Booker,68,71,,False,False,1626164,,turnover,foul,,,,101108|1626164|1626172|1629002|1629234|1630228|1630692|201569|201939|202691,1626164|1629002|1629234|1630692|201569,101108|1626172|1630228|201939|202691,,,1610612756.0,22300308
3,PT06M14.00S,06:14,Q3 06:14,17.766666666666666,453,foul,J. Kuminga personal FOUL (2 PF),[],Kuminga,68,71,,False,False,1630228,,steal,substitution,1626164.0,,,101108|1626164|1626172|1629002|1629234|1630228|1630692|201569|201939|202691,101108|1626172|1630228|201939|202691,1626164|1629002|1629234|1630692|201569,,,1610612744.0,22300308
3,PT06M14.00S,06:14,Q3 06:14,17.766666666666666,455,substitution,SUB out: K. Thompson,[],Thompson,68,71,,False,False,202691,,foul,substitution,,,,101108|1626164|1626172|1629002|1629234|1630228|1630692|201569|201939,101108|1626172|1630228|201939,1626164|1629002|1629234|1630692|201569,,,1610612744.0,22300308
3,PT06M14.00S,06:14,Q3 06:14,17.766666666666666,456,substitution,SUB in: M. Moody,[],Moody,68,71,,False,False,1630541,,substitution,turnover,,,,101108|1626164|1626172|1629002|1629234|1630228|1630541|1630692|201569|201939,101108|1626172|1630228|1630541|201939,1626164|1629002|1629234|1630692|201569,,,1610612744.0,22300308
3,PT06M01.00S,06:01,Q3 06:01,17.983333333333334,457,turnover,C. Metu bad pass TURNOVER (1 TO),[],Metu,68,71,,False,False,1629002,,substitution,steal,,1626172.0,,101108|1626164|1626172|1629002|1629234|1630228|1630541|1630692|201569|201939,1626164|1629002|1629234|1630692|201569,101108|1626172|1630228|1630541|201939,,,1610612756.0,22300308
3,PT06M01.00S,06:01,Q3 06:01,17.983333333333334,458,steal,K. Looney STEAL (1 STL),[],Looney,68,71,,False,False,1626172,,turnover,foul,,,,101108|1626164|1626172|1629002|1629234|1630228|1630541|1630692|201569|201939,101108|1626172|1630228|1630541|201939,1626164|1629002|1629234|1630692|201569,,,1610612744.0,22300308
3,PT05M51.00S,05:51,Q3 05:51,16.15,459,foul,J. Goodwin shooting personal FOUL (2 PF) (Moody 2 FT),['2freethrow'],Goodwin,68,71,,False,False,1630692,,steal,freethrow,1630541.0,,,101108|1626164|1626172|1629002|1629234|1630228|1630541|1630692|201569|201939,1626164|1629002|1629234|1630692|201569,101108|1626172|1630228|1630541|201939,,,1610612756.0,22300308
3,PT05M51.00S,05:51,Q3 05:51,16.15,461,freethrow,M. Moody Free Throw 1 of 2 (4 PTS),['fromturnover'],Moody,68,72,Made,False,False,1630541,,foul,freethrow,,,,101108|1626164|1626172|1629002|1629234|1630228|1630541|1630692|201569|201939,101108|1626172|1630228|1630541|201939,1626164|1629002|1629234|1630692|201569,,,1610612744.0,22300308
3,PT05M51.00S,05:51,Q3 05:51,16.15,462,freethrow,M. Moody Free Throw 2 of 2 (5 PTS),['fromturnover'],Moody,68,73,Made,False,False,1630541,,freethrow,3pt made,,,,101108|1626164|1626172|1629002|1629234|1630228|1630541|1630692|201569|201939,101108|1626172|1630228|1630541|201939,1626164|1629002|1629234|1630692|201569,,,1610612744.0,22300308
3,PT05M28.00S,05:28,Q3 05:28,16.533333333333335,463,3pt,J. Goodwin 27' 3PT  (7 PTS) (D. Booker 6 AST),[],Goodwin,71,73,Made,True,True,1630692,1626164.0,freethrow,3pt missed,,,,101108|1626164|1626172|1629002|1629234|1630228|1630541|1630692|201569|201939,1626164|1629002|1629234|1630692|201569,101108|1626172|1630228|1630541|201939,130.0,241.0,1610612756.0,22300308
3,PT05M16.00S,05:16,Q3 05:16,16.733333333333334,465,3pt,MISS S. Curry 28' pullup 3PT,[],Curry,71,73,Missed,True,False,201939,,3pt made,rebound,,,,101108|1626164|1626172|1629002|1629234|1630228|1630541|1630692|201569|201939,101108|1626172|1630228|1630541|201939,1626164|1629002|1629234|1630692|201569,26.0,281.0,1610612744.0,22300308
3,PT05M14.00S,05:14,Q3 05:14,16.766666666666666,466,rebound,C. Metu REBOUND (Off:1 Def:3),[],Metu,71,73,,False,False,1629002,,3pt missed,foul,,,,101108|1626164|1626172|1629002|1629234|1630228|1630541|1630692|201569|201939,1626164|1629002|1629234|1630692|201569,101108|1626172|1630228|1630541|201939,,,1610612756.0,22300308
3,PT05M09.00S,05:09,Q3 05:09,16.85,467,foul,J. Kuminga personal FOUL (3 PF),[],Kuminga,71,73,,False,False,1630228,,rebound,substitution,1626164.0,,,101108|1626164|1626172|1629002|1629234|1630228|1630541|1630692|201569|201939,101108|1626172|1630228|1630541|201939,1626164|1629002|1629234|1630692|201569,,,1610612744.0,22300308
3,PT05M09.00S,05:09,Q3 05:09,16.85,469,substitution,SUB out: J. Kuminga,[],Kuminga,71,73,,False,False,1630228,,foul,substitution,,,,101108|1626164|1626172|1629002|1629234|1630541|1630692|201569|201939,101108|1626172|1630541|201939,1626164|1629002|1629234|1630692|201569,,,1610612744.0,22300308
3,PT05M09.00S,05:09,Q3 05:09,16.85,470,substitution,SUB in: A. Wiggins,[],Wiggins,71,73,,False,False,203952,,substitution,foul,,,,101108|1626164|1626172|1629002|1629234|1630541|1630692|201569|201939|203952,101108|1626172|1630541|201939|203952,1626164|1629002|1629234|1630692|201569,,,1610612744.0,22300308
3,PT04M56.00S,04:56,Q3 04:56,15.066666666666666,471,foul,S. Curry personal FOUL (2 PF) (Booker 2 FT),"['inpenalty', '2freethrow']",Curry,71,73,,False,False,201939,,substitution,freethrow,1626164.0,,,101108|1626164|1626172|1629002|1629234|1630541|1630692|201569|201939|203952,101108|1626172|1630541|201939|203952,1626164|1629002|1629234|1630692|201569,,,1610612744.0,22300308
3,PT04M56.00S,04:56,Q3 04:56,15.066666666666666,473,freethrow,D. Booker Free Throw 1 of 2 (19 PTS),[],Booker,72,73,Made,False,False,1626164,,foul,timeout,,,,101108|1626164|1626172|1629002|1629234|1630541|1630692|201569|201939|203952,1626164|1629002|1629234|1630692|201569,101108|1626172|1630541|201939|203952,,,1610612756.0,22300308
3,PT04M56.00S,04:56,Q3 04:56,15.066666666666666,474,timeout,GSW Timeout,"['team', 'mandatory']",,72,73,,False,False,0,,freethrow,freethrow,,,,101108|1626164|1626172|1629002|1629234|1630541|1630692|201569|201939|203952,101108|1626172|1630541|201939|203952,1626164|1629002|1629234|1630692|201569,,,1610612744.0,22300308
3,PT04M56.00S,04:56,Q3 04:56,15.066666666666666,479,freethrow,D. Booker Free Throw 2 of 2 (20 PTS),[],Booker,73,73,Made,False,False,1626164,,timeout,substitution,,,,101108|1626164|1626172|1629002|1629234|1630541|1630692|201569|201939|203952,1626164|1629002|1629234|1630692|201569,101108|1626172|1630541|201939|203952,,,1610612756.0,22300308
3,PT04M56.00S,04:56,Q3 04:56,15.066666666666666,475,substitution,SUB out: C. Metu,[],Metu,72,73,,False,False,1629002,,freethrow,substitution,,,,101108|1626164|1626172|1629234|1630541|1630692|201569|201939|203952,1626164|1629234|1630692|201569,101108|1626172|1630541|201939|203952,,,1610612756.0,22300308
3,PT04M56.00S,04:56,Q3 04:56,15.066666666666666,476,substitution,SUB out: K. Looney,[],Looney,72,73,,False,False,1626172,,substitution,substitution,,,,101108|1626164|1629234|1630541|1630692|201569|201939|203952,101108|1630541|201939|203952,1626164|1629234|1630692|201569,,,1610612744.0,22300308
3,PT04M56.00S,04:56,Q3 04:56,15.066666666666666,477,substitution,SUB in: Y. Watanabe,[],Watanabe,72,73,,False,False,1629139,,substitution,substitution,,,,101108|1626164|1629139|1629234|1630541|1630692|201569|201939|203952,1626164|1629139|1629234|1630692|201569,101108|1630541|201939|203952,,,1610612756.0,22300308
3,PT04M56.00S,04:56,Q3 04:56,15.066666666666666,478,substitution,SUB in: D. Saric,[],Saric,72,73,,False,False,203967,,substitution,2pt made,,,,101108|1626164|1629139|1629234|1630541|1630692|201569|201939|203952|203967,101108|1630541|201939|203952|203967,1626164|1629139|1629234|1630692|201569,,,1610612744.0,22300308
3,PT04M40.00S,04:40,Q3 04:40,15.333333333333334,480,2pt,S. Curry driving Layup (21 PTS),['pointsinthepaint'],Curry,73,75,Made,True,False,201939,,substitution,foul,,,,101108|1626164|1629139|1629234|1630541|1630692|201569|201939|203952|203967,101108|1630541|201939|203952|203967,1626164|1629139|1629234|1630692|201569,4.0,21.0,1610612744.0,22300308
3,PT04M28.00S,04:28,Q3 04:28,15.533333333333333,481,foul,M. Moody shooting personal FOUL (2 PF) (Goodwin 2 FT),"['inpenalty', '2freethrow']",Moody,73,75,,False,False,1630541,,2pt made,freethrow,1630692.0,,,101108|1626164|1629139|1629234|1630541|1630692|201569|201939|203952|203967,101108|1630541|201939|203952|203967,1626164|1629139|1629234|1630692|201569,,,1610612744.0,22300308
3,PT04M28.00S,04:28,Q3 04:28,15.533333333333333,483,freethrow,J. Goodwin Free Throw 1 of 2 (8 PTS),[],Goodwin,74,75,Made,False,False,1630692,,foul,freethrow,,,,101108|1626164|1629139|1629234|1630541|1630692|201569|201939|203952|203967,1626164|1629139|1629234|1630692|201569,101108|1630541|201939|203952|203967,,,1610612756.0,22300308
3,PT04M28.00S,04:28,Q3 04:28,15.533333333333333,484,freethrow,J. Goodwin Free Throw 2 of 2 (9 PTS),[],Goodwin,75,75,Made,False,False,1630692,,freethrow,3pt missed,,,,101108|1626164|1629139|1629234|1630541|1630692|201569|201939|203952|203967,1626164|1629139|1629234|1630692|201569,101108|1630541|201939|203952|203967,,,1610612756.0,22300308
3,PT04M16.00S,04:16,Q3 04:16,15.733333333333333,485,3pt,MISS S. Curry 25' pullup 3PT,[],Curry,75,75,Missed,True,False,201939,,freethrow,rebound,,,,101108|1626164|1629139|1629234|1630541|1630692|201569|201939|203952|203967,101108|1630541|201939|203952|203967,1626164|1629139|1629234|1630692|201569,15.0,256.0,1610612744.0,22300308
3,PT04M13.00S,04:13,Q3 04:13,15.783333333333333,486,rebound,D. Eubanks REBOUND (Off:1 Def:3),[],Eubanks,75,75,,False,False,1629234,,3pt missed,2pt made,,,,101108|1626164|1629139|1629234|1630541|1630692|201569|201939|203952|203967,1626164|1629139|1629234|1630692|201569,101108|1630541|201939|203952|203967,,,1610612756.0,22300308
3,PT03M53.00S,03:53,Q3 03:53,14.116666666666667,487,2pt,D. Eubanks floating Jump Shot (3 PTS) (J. Goodwin 4 AST),['pointsinthepaint'],Eubanks,77,75,Made,True,True,1629234,1630692.0,rebound,turnover,,,,101108|1626164|1629139|1629234|1630541|1630692|201569|201939|203952|203967,1626164|1629139|1629234|1630692|201569,101108|1630541|201939|203952|203967,-1.0,54.0,1610612756.0,22300308
3,PT03M38.00S,03:38,Q3 03:38,14.366666666666667,489,turnover,A. Wiggins lost ball TURNOVER (3 TO),[],Wiggins,77,75,,False,False,203952,,2pt made,steal,,1629234.0,,101108|1626164|1629139|1629234|1630541|1630692|201569|201939|203952|203967,101108|1630541|201939|203952|203967,1626164|1629139|1629234|1630692|201569,,,1610612744.0,22300308
3,PT03M38.00S,03:38,Q3 03:38,14.366666666666667,490,steal,D. Eubanks STEAL (1 STL),[],Eubanks,77,75,,False,False,1629234,,turnover,2pt missed,,,,101108|1626164|1629139|1629234|1630541|1630692|201569|201939|203952|203967,1626164|1629139|1629234|1630692|201569,101108|1630541|201939|203952|203967,,,1610612756.0,22300308
3,PT03M30.00S,03:30,Q3 03:30,14.5,491,2pt,MISS D. Booker 17' pullup Shot,['fromturnover'],Booker,77,75,Missed,True,False,1626164,,steal,rebound,,,,101108|1626164|1629139|1629234|1630541|1630692|201569|201939|203952|203967,1626164|1629139|1629234|1630692|201569,101108|1630541|201939|203952|203967,88.0,146.0,1610612756.0,22300308
3,PT03M28.00S,03:28,Q3 03:28,14.533333333333333,492,rebound,S. Curry REBOUND (Off:0 Def:4),[],Curry,77,75,,False,False,201939,,2pt missed,2pt missed,,,,101108|1626164|1629139|1629234|1630541|1630692|201569|201939|203952|203967,101108|1630541|201939|203952|203967,1626164|1629139|1629234|1630692|201569,,,1610612744.0,22300308
3,PT03M27.00S,03:27,Q3 03:27,14.55,493,2pt,MISS S. Curry driving Layup - blocked,['pointsinthepaint'],Curry,77,75,Missed,True,False,201939,,rebound,block,,,1629139.0,101108|1626164|1629139|1629234|1630541|1630692|201569|201939|203952|203967,101108|1630541|201939|203952|203967,1626164|1629139|1629234|1630692|201569,20.0,38.0,1610612744.0,22300308
3,PT03M27.00S,03:27,Q3 03:27,14.55,494,block,Y. Watanabe BLOCK (1 BLK),[],Watanabe,77,75,,False,False,1629139,,2pt missed,rebound,,,,101108|1626164|1629139|1629234|1630541|1630692|201569|201939|203952|203967,1626164|1629139|1629234|1630692|201569,101108|1630541|201939|203952|203967,,,1610612756.0,22300308
3,PT03M23.00S,03:23,Q3 03:23,14.616666666666667,495,rebound,TEAM defensive REBOUND,['team'],,77,75,,False,False,0,,block,substitution,,,,101108|1626164|1629139|1629234|1630541|1630692|201569|201939|203952|203967,1626164|1629139|1629234|1630692|201569,101108|1630541|201939|203952|203967,,,1610612756.0,22300308
3,PT03M23.00S,03:23,Q3 03:23,14.616666666666667,496,substitution,SUB out: S. Curry,[],Curry,77,75,,False,False,201939,,rebound,substitution,,,,101108|1626164|1629139|1629234|1630541|1630692|201569|203952|203967,101108|1630541|203952|203967,1626164|1629139|1629234|1630692|201569,,,1610612744.0,22300308
3,PT03M23.00S,03:23,Q3 03:23,14.616666666666667,497,substitution,SUB in: B. Podziemski,[],Podziemski,77,75,,False,False,1641764,,substitution,2pt made,,,,101108|1626164|1629139|1629234|1630541|1630692|1641764|201569|203952|203967,101108|1630541|1641764|203952|203967,1626164|1629139|1629234|1630692|201569,,,1610612744.0,22300308
3,PT03M17.00S,03:17,Q3 03:17,14.716666666666667,503,2pt,E. Gordon driving Layup (5 PTS),['pointsinthepaint'],Gordon,79,75,Made,True,False,201569,,substitution,foul,,,,101108|1626164|1629139|1629234|1630541|1630692|1641764|201569|203952|203967,1626164|1629139|1629234|1630692|201569,101108|1630541|1641764|203952|203967,0.0,13.0,1610612756.0,22300308
3,PT03M17.00S,03:17,Q3 03:17,14.716666666666667,504,foul,D. Saric shooting personal FOUL (3 PF) (Gordon 1 FT),"['inpenalty', '1freethrow']",Saric,79,75,,False,False,203967,,2pt made,freethrow,201569.0,,,101108|1626164|1629139|1629234|1630541|1630692|1641764|201569|203952|203967,101108|1630541|1641764|203952|203967,1626164|1629139|1629234|1630692|201569,,,1610612744.0,22300308
3,PT03M17.00S,03:17,Q3 03:17,14.716666666666667,506,freethrow,E. Gordon Free Throw 1 of 1 (6 PTS),[],Gordon,80,75,Made,False,False,201569,,foul,2pt made,,,,101108|1626164|1629139|1629234|1630541|1630692|1641764|201569|203952|203967,1626164|1629139|1629234|1630692|201569,101108|1630541|1641764|203952|203967,,,1610612756.0,22300308
3,PT03M04.00S,03:04,Q3 03:04,14.933333333333334,507,2pt,M. Moody 6' driving Layup (7 PTS) (C. Paul 7 AST),['pointsinthepaint'],Moody,80,77,Made,True,True,1630541,101108.0,freethrow,turnover,,,,101108|1626164|1629139|1629234|1630541|1630692|1641764|201569|203952|203967,101108|1630541|1641764|203952|203967,1626164|1629139|1629234|1630692|201569,-67.0,4.0,1610612744.0,22300308
3,PT02M42.00S,02:42,Q3 02:42,13.3,514,turnover,Y. Watanabe lost ball out-of-bounds TURNOVER (1 TO),[],Watanabe,80,77,,False,False,1629139,,2pt made,2pt made,,,,101108|1626164|1629139|1629234|1630541|1630692|1641764|201569|203952|203967,1626164|1629139|1629234|1630692|201569,101108|1630541|1641764|203952|203967,,,1610612756.0,22300308
3,PT02M33.00S,02:33,Q3 02:33,13.45,511,2pt,D. Saric Hook (13 PTS) (C. Paul 8 AST),"['pointsinthepaint', 'fromturnover']",Saric,80,79,Made,True,True,203967,101108.0,turnover,3pt missed,,,,101108|1626164|1629139|1629234|1630541|1630692|1641764|201569|203952|203967,101108|1630541|1641764|203952|203967,1626164|1629139|1629234|1630692|201569,13.0,37.0,1610612744.0,22300308
3,PT02M19.00S,02:19,Q3 02:19,13.683333333333334,513,3pt,MISS D. Booker 27' pullup 3PT,[],Booker,80,79,Missed,True,False,1626164,,2pt made,rebound,,,,101108|1626164|1629139|1629234|1630541|1630692|1641764|201569|203952|203967,1626164|1629139|1629234|1630692|201569,101108|1630541|1641764|203952|203967,7.0,274.0,1610612756.0,22300308
3,PT02M16.00S,02:16,Q3 02:16,13.733333333333333,515,rebound,M. Moody REBOUND (Off:0 Def:3),[],Moody,80,79,,False,False,1630541,,3pt missed,3pt made,,,,101108|1626164|1629139|1629234|1630541|1630692|1641764|201569|203952|203967,101108|1630541|1641764|203952|203967,1626164|1629139|1629234|1630692|201569,,,1610612744.0,22300308
3,PT02M10.00S,02:10,Q3 02:10,13.833333333333334,516,3pt,C. Paul 26' 3PT pullup (9 PTS),['fastbreak'],Paul,80,82,Made,True,False,101108,,rebound,3pt made,,,,101108|1626164|1629139|1629234|1630541|1630692|1641764|201569|203952|203967,101108|1630541|1641764|203952|203967,1626164|1629139|1629234|1630692|201569,92.0,243.0,1610612744.0,22300308
3,PT01M56.00S,01:56,Q3 01:56,12.066666666666666,517,3pt,Y. Watanabe 26' 3PT  (3 PTS) (D. Booker 7 AST),[],Watanabe,83,82,Made,True,True,1629139,1626164.0,3pt made,3pt made,,,,101108|1626164|1629139|1629234|1630541|1630692|1641764|201569|203952|203967,1626164|1629139|1629234|1630692|201569,101108|1630541|1641764|203952|203967,194.0,188.0,1610612756.0,22300308
3,PT01M41.00S,01:41,Q3 01:41,12.316666666666666,519,3pt,B. Podziemski 3PT  (12 PTS) (D. Saric 1 AST),[],Podziemski,83,85,Made,True,True,1641764,203967.0,3pt made,3pt missed,,,,101108|1626164|1629139|1629234|1630541|1630692|1641764|201569|203952|203967,101108|1630541|1641764|203952|203967,1626164|1629139|1629234|1630692|201569,-234.0,37.0,1610612744.0,22300308
3,PT01M23.00S,01:23,Q3 01:23,12.616666666666667,521,3pt,MISS Y. Watanabe 3PT,[],Watanabe,83,85,Missed,True,False,1629139,,3pt made,rebound,,,,101108|1626164|1629139|1629234|1630541|1630692|1641764|201569|203952|203967,1626164|1629139|1629234|1630692|201569,101108|1630541|1641764|203952|203967,-225.0,68.0,1610612756.0,22300308
3,PT01M23.00S,01:23,Q3 01:23,12.616666666666667,522,rebound,C. Paul REBOUND (Off:0 Def:4),[],Paul,83,85,,False,False,101108,,3pt missed,foul,,,,101108|1626164|1629139|1629234|1630541|1630692|1641764|201569|203952|203967,101108|1630541|1641764|203952|203967,1626164|1629139|1629234|1630692|201569,,,1610612744.0,22300308
3,PT01M10.00S,01:10,Q3 01:10,12.833333333333334,523,foul,J. Goodwin shooting personal FOUL (3 PF) (Paul 3 FT),"['inpenalty', '3freethrow']",Goodwin,83,85,,False,False,1630692,,rebound,freethrow,101108.0,,,101108|1626164|1629139|1629234|1630541|1630692|1641764|201569|203952|203967,1626164|1629139|1629234|1630692|201569,101108|1630541|1641764|203952|203967,,,1610612756.0,22300308
3,PT01M10.00S,01:10,Q3 01:10,12.833333333333334,525,freethrow,C. Paul Free Throw 1 of 3 (10 PTS),[],Paul,83,86,Made,False,False,101108,,foul,freethrow,,,,101108|1626164|1629139|1629234|1630541|1630692|1641764|201569|203952|203967,101108|1630541|1641764|203952|203967,1626164|1629139|1629234|1630692|201569,,,1610612744.0,22300308
3,PT01M10.00S,01:10,Q3 01:10,12.833333333333334,526,freethrow,MISS C. Paul Free Throw 2 of 3,[],Paul,83,86,Missed,False,False,101108,,freethrow,rebound,,,,101108|1626164|1629139|1629234|1630541|1630692|1641764|201569|203952|203967,101108|1630541|1641764|203952|203967,1626164|1629139|1629234|1630692|201569,,,1610612744.0,22300308
3,PT01M10.00S,01:10,Q3 01:10,12.833333333333334,527,rebound,TEAM offensive REBOUND,"['deadball', 'team']",,83,86,,False,False,0,,freethrow,freethrow,,,,101108|1626164|1629139|1629234|1630541|1630692|1641764|201569|203952|203967,101108|1630541|1641764|203952|203967,1626164|1629139|1629234|1630692|201569,,,1610612744.0,22300308
3,PT01M10.00S,01:10,Q3 01:10,12.833333333333334,534,freethrow,C. Paul Free Throw 3 of 3 (11 PTS),[],Paul,83,87,Made,False,False,101108,,rebound,substitution,,,,101108|1626164|1629139|1629234|1630541|1630692|1641764|201569|203952|203967,101108|1630541|1641764|203952|203967,1626164|1629139|1629234|1630692|201569,,,1610612744.0,22300308
3,PT01M10.00S,01:10,Q3 01:10,12.833333333333334,528,substitution,SUB out: D. Booker,[],Booker,83,86,,False,False,1626164,,freethrow,substitution,,,,101108|1629139|1629234|1630541|1630692|1641764|201569|203952|203967,1629139|1629234|1630692|201569,101108|1630541|1641764|203952|203967,,,1610612756.0,22300308
3,PT01M10.00S,01:10,Q3 01:10,12.833333333333334,529,substitution,SUB out: D. Eubanks,[],Eubanks,83,86,,False,False,1629234,,substitution,substitution,,,,101108|1629139|1630541|1630692|1641764|201569|203952|203967,1629139|1630692|201569,101108|1630541|1641764|203952|203967,,,1610612756.0,22300308
3,PT01M10.00S,01:10,Q3 01:10,12.833333333333334,530,substitution,SUB out: E. Gordon,[],Gordon,83,86,,False,False,201569,,substitution,substitution,,,,101108|1629139|1630541|1630692|1641764|203952|203967,1629139|1630692,101108|1630541|1641764|203952|203967,,,1610612756.0,22300308
3,PT01M10.00S,01:10,Q3 01:10,12.833333333333334,531,substitution,SUB in: J. Nurkic,[],Nurkic,83,86,,False,False,203994,,substitution,substitution,,,,101108|1629139|1630541|1630692|1641764|203952|203967|203994,1629139|1630692|203994,101108|1630541|1641764|203952|203967,,,1610612756.0,22300308
3,PT01M10.00S,01:10,Q3 01:10,12.833333333333334,532,substitution,SUB in: K. Bates-Diop,[],Bates-Diop,83,86,,False,False,1628966,,substitution,substitution,,,,101108|1628966|1629139|1630541|1630692|1641764|203952|203967|203994,1628966|1629139|1630692|203994,101108|1630541|1641764|203952|203967,,,1610612756.0,22300308
3,PT01M10.00S,01:10,Q3 01:10,12.833333333333334,533,substitution,SUB in: B. Beal,[],Beal,83,86,,False,False,203078,,substitution,2pt made,,,,101108|1628966|1629139|1630541|1630692|1641764|203078|203952|203967|203994,1628966|1629139|1630692|203078|203994,101108|1630541|1641764|203952|203967,,,1610612756.0,22300308
3,PT00M57.20S,00:57,Q3 00:57,11.05,535,2pt,J. Goodwin driving Layup (11 PTS) (B. Beal 3 AST),['pointsinthepaint'],Goodwin,85,87,Made,True,True,1630692,203078.0,substitution,foul,,,,101108|1628966|1629139|1630541|1630692|1641764|203078|203952|203967|203994,1628966|1629139|1630692|203078|203994,101108|1630541|1641764|203952|203967,-5.0,22.0,1610612756.0,22300308
3,PT00M57.20S,00:57,Q3 00:57,11.05,536,foul,C. Paul shooting personal FOUL (1 PF) (Goodwin 1 FT),"['inpenalty', '1freethrow']",Paul,85,87,,False,False,101108,,2pt made,freethrow,1630692.0,,,101108|1628966|1629139|1630541|1630692|1641764|203078|203952|203967|203994,101108|1630541|1641764|203952|203967,1628966|1629139|1630692|203078|203994,,,1610612744.0,22300308
3,PT00M57.20S,00:57,Q3 00:57,11.05,538,freethrow,J. Goodwin Free Throw 1 of 1 (12 PTS),[],Goodwin,86,87,Made,False,False,1630692,,foul,2pt missed,,,,101108|1628966|1629139|1630541|1630692|1641764|203078|203952|203967|203994,1628966|1629139|1630692|203078|203994,101108|1630541|1641764|203952|203967,,,1610612756.0,22300308
3,PT00M34.80S,00:34,Q3 00:34,11.433333333333334,586,2pt,MISS D. Saric Layup - blocked,['pointsinthepaint'],Saric,86,87,Missed,True,False,203967,,freethrow,block,,,1630692.0,101108|1628966|1629139|1630541|1630692|1641764|203078|203952|203967|203994,101108|1630541|1641764|203952|203967,1628966|1629139|1630692|203078|203994,-2.0,25.0,1610612744.0,22300308
3,PT00M34.80S,00:34,Q3 00:34,11.433333333333334,587,block,J. Goodwin BLOCK (1 BLK),[],Goodwin,86,87,,False,False,1630692,,2pt missed,rebound,,,,101108|1628966|1629139|1630541|1630692|1641764|203078|203952|203967|203994,1628966|1629139|1630692|203078|203994,101108|1630541|1641764|203952|203967,,,1610612756.0,22300308
3,PT00M34.80S,00:34,Q3 00:34,11.433333333333334,588,rebound,J. Goodwin REBOUND (Off:0 Def:4),[],Goodwin,86,87,,False,False,1630692,,block,3pt missed,,,,101108|1628966|1629139|1630541|1630692|1641764|203078|203952|203967|203994,1628966|1629139|1630692|203078|203994,101108|1630541|1641764|203952|203967,,,1610612756.0,22300308
3,PT00M07.90S,00:07,Q3 00:07,11.883333333333333,541,3pt,MISS K. Bates-Diop 28' 3PT,[],Bates-Diop,86,87,Missed,True,False,1628966,,rebound,rebound,,,,101108|1628966|1629139|1630541|1630692|1641764|203078|203952|203967|203994,1628966|1629139|1630692|203078|203994,101108|1630541|1641764|203952|203967,-22.0,280.0,1610612756.0,22300308
3,PT00M06.80S,00:06,Q3 00:06,11.9,542,rebound,TEAM offensive REBOUND,['team'],,86,87,,False,False,0,,3pt missed,2pt made,,,,101108|1628966|1629139|1630541|1630692|1641764|203078|203952|203967|203994,1628966|1629139|1630692|203078|203994,101108|1630541|1641764|203952|203967,,,1610612756.0,22300308
3,PT00M01.70S,00:01,Q3 00:01,11.983333333333333,544,2pt,B. Beal 19' fadeaway Jump Shot (10 PTS) (J. Nurkic 5 AST),['2ndchance'],Beal,88,87,Made,True,True,203078,203994.0,rebound,foul,,,,101108|1628966|1629139|1630541|1630692|1641764|203078|203952|203967|203994,1628966|1629139|1630692|203078|203994,101108|1630541|1641764|203952|203967,-194.0,1.0,1610612756.0,22300308
3,PT00M01.70S,00:01,Q3 00:01,11.983333333333333,546,foul,D. Saric shooting personal FOUL (4 PF) (Beal 1 FT),"['inpenalty', '1freethrow']",Saric,88,87,,False,False,203967,,2pt made,freethrow,203078.0,,,101108|1628966|1629139|1630541|1630692|1641764|203078|203952|203967|203994,101108|1630541|1641764|203952|203967,1628966|1629139|1630692|203078|203994,,,1610612744.0,22300308
3,PT00M01.70S,00:01,Q3 00:01,11.983333333333333,548,freethrow,MISS B. Beal Free Throw 1 of 1,['2ndchance'],Beal,88,87,Missed,False,False,203078,,foul,rebound,,,,101108|1628966|1629139|1630541|1630692|1641764|203078|203952|203967|203994,1628966|1629139|1630692|203078|203994,101108|1630541|1641764|203952|203967,,,1610612756.0,22300308
3,PT00M00.20S,00:00,Q3 00:00,12.0,549,rebound,B. Podziemski REBOUND (Off:2 Def:3),[],Podziemski,88,87,,False,False,1641764,,freethrow,substitution,,,,101108|1628966|1629139|1630541|1630692|1641764|203078|203952|203967|203994,101108|1630541|1641764|203952|203967,1628966|1629139|1630692|203078|203994,,,1610612744.0,22300308
4,PT12M00.00S,12:00,Q4 12:00,12.0,551,substitution,SUB out: D. Saric,['startperiod'],Saric,88,87,,False,False,203967,,rebound,substitution,,,,101108|1628966|1629139|1630541|1630692|1641764|203078|203952|203994,101108|1630541|1641764|203952,1628966|1629139|1630692|203078|203994,,,1610612744.0,22300308
4,PT12M00.00S,12:00,Q4 12:00,12.0,552,substitution,SUB out: A. Wiggins,['startperiod'],Wiggins,88,87,,False,False,203952,,substitution,substitution,,,,101108|1628966|1629139|1630541|1630692|1641764|203078|203994,101108|1630541|1641764,1628966|1629139|1630692|203078|203994,,,1610612744.0,22300308
4,PT12M00.00S,12:00,Q4 12:00,12.0,553,substitution,SUB in: K. Thompson,['startperiod'],Thompson,88,87,,False,False,202691,,substitution,substitution,,,,101108|1628966|1629139|1630541|1630692|1641764|202691|203078|203994,101108|1630541|1641764|202691,1628966|1629139|1630692|203078|203994,,,1610612744.0,22300308
4,PT12M00.00S,12:00,Q4 12:00,12.0,554,substitution,SUB in: T. Jackson-Davis,['startperiod'],Jackson-Davis,88,87,,False,False,1631218,,substitution,2pt made,,,,101108|1628966|1629139|1630541|1630692|1631218|1641764|202691|203078|203994,101108|1630541|1631218|1641764|202691,1628966|1629139|1630692|203078|203994,,,1610612744.0,22300308
4,PT11M49.00S,11:49,Q4 11:49,10.183333333333334,556,2pt,B. Beal driving Layup (12 PTS) (J. Goodwin 5 AST),['pointsinthepaint'],Beal,90,87,Made,True,True,203078,1630692.0,substitution,foul,,,,101108|1628966|1629139|1630541|1630692|1631218|1641764|202691|203078|203994,1628966|1629139|1630692|203078|203994,101108|1630541|1631218|1641764|202691,13.0,20.0,1610612756.0,22300308
4,PT11M32.00S,11:32,Q4 11:32,10.466666666666667,558,foul,J. Nurkic shooting personal FOUL (2 PF) (Moody 2 FT),['2freethrow'],Nurkic,90,87,,False,False,203994,,2pt made,freethrow,1630541.0,,,101108|1628966|1629139|1630541|1630692|1631218|1641764|202691|203078|203994,1628966|1629139|1630692|203078|203994,101108|1630541|1631218|1641764|202691,,,1610612756.0,22300308
4,PT11M32.00S,11:32,Q4 11:32,10.466666666666667,561,freethrow,M. Moody Free Throw 1 of 2 (8 PTS),[],Moody,90,88,Made,False,False,1630541,,foul,freethrow,,,,101108|1628966|1629139|1630541|1630692|1631218|1641764|202691|203078|203994,101108|1630541|1631218|1641764|202691,1628966|1629139|1630692|203078|203994,,,1610612744.0,22300308
4,PT11M32.00S,11:32,Q4 11:32,10.466666666666667,562,freethrow,M. Moody Free Throw 2 of 2 (9 PTS),[],Moody,90,89,Made,False,False,1630541,,freethrow,2pt missed,,,,101108|1628966|1629139|1630541|1630692|1631218|1641764|202691|203078|203994,101108|1630541|1631218|1641764|202691,1628966|1629139|1630692|203078|203994,,,1610612744.0,22300308
4,PT11M09.00S,11:09,Q4 11:09,10.85,563,2pt,MISS B. Beal driving Layup - blocked,['pointsinthepaint'],Beal,90,89,Missed,True,False,203078,,freethrow,block,,,1631218.0,101108|1628966|1629139|1630541|1630692|1631218|1641764|202691|203078|203994,1628966|1629139|1630692|203078|203994,101108|1630541|1631218|1641764|202691,33.0,46.0,1610612756.0,22300308
4,PT11M09.00S,11:09,Q4 11:09,10.85,564,block,T. Jackson-Davis BLOCK (1 BLK),[],Jackson-Davis,90,89,,False,False,1631218,,2pt missed,rebound,,,,101108|1628966|1629139|1630541|1630692|1631218|1641764|202691|203078|203994,101108|1630541|1631218|1641764|202691,1628966|1629139|1630692|203078|203994,,,1610612744.0,22300308
4,PT11M05.00S,11:05,Q4 11:05,10.916666666666666,565,rebound,K. Thompson REBOUND (Off:0 Def:4),[],Thompson,90,89,,False,False,202691,,block,turnover,,,,101108|1628966|1629139|1630541|1630692|1631218|1641764|202691|203078|203994,101108|1630541|1631218|1641764|202691,1628966|1629139|1630692|203078|203994,,,1610612744.0,22300308
4,PT11M01.00S,11:01,Q4 11:01,10.983333333333333,566,turnover,M. Moody bad pass out-of-bounds TURNOVER (2 TO),[],Moody,90,89,,False,False,1630541,,rebound,3pt missed,,,,101108|1628966|1629139|1630541|1630692|1631218|1641764|202691|203078|203994,101108|1630541|1631218|1641764|202691,1628966|1629139|1630692|203078|203994,,,1610612744.0,22300308
4,PT10M39.00S,10:39,Q4 10:39,9.35,567,3pt,MISS J. Nurkic 26' step back 3PT,['fromturnover'],Nurkic,90,89,Missed,True,False,203994,,turnover,rebound,,,,101108|1628966|1629139|1630541|1630692|1631218|1641764|202691|203078|203994,1628966|1629139|1630692|203078|203994,101108|1630541|1631218|1641764|202691,-202.0,178.0,1610612756.0,22300308
4,PT10M37.00S,10:37,Q4 10:37,9.383333333333333,568,rebound,K. Thompson REBOUND (Off:0 Def:5),[],Thompson,90,89,,False,False,202691,,3pt missed,3pt missed,,,,101108|1628966|1629139|1630541|1630692|1631218|1641764|202691|203078|203994,101108|1630541|1631218|1641764|202691,1628966|1629139|1630692|203078|203994,,,1610612744.0,22300308
4,PT10M26.00S,10:26,Q4 10:26,9.566666666666666,569,3pt,MISS B. Podziemski 25' 3PT,[],Podziemski,90,89,Missed,True,False,1641764,,rebound,rebound,,,,101108|1628966|1629139|1630541|1630692|1631218|1641764|202691|203078|203994,101108|1630541|1631218|1641764|202691,1628966|1629139|1630692|203078|203994,240.0,80.0,1610612744.0,22300308
4,PT10M24.00S,10:24,Q4 10:24,9.6,570,rebound,TEAM defensive REBOUND,['team'],,90,89,,False,False,0,,3pt missed,2pt made,,,,101108|1628966|1629139|1630541|1630692|1631218|1641764|202691|203078|203994,1628966|1629139|1630692|203078|203994,101108|1630541|1631218|1641764|202691,,,1610612756.0,22300308
4,PT10M14.00S,10:14,Q4 10:14,9.766666666666667,572,2pt,J. Nurkic Hook (12 PTS),['pointsinthepaint'],Nurkic,92,89,Made,True,False,203994,,rebound,foul,,,,101108|1628966|1629139|1630541|1630692|1631218|1641764|202691|203078|203994,1628966|1629139|1630692|203078|203994,101108|1630541|1631218|1641764|202691,-4.0,23.0,1610612756.0,22300308
4,PT10M14.00S,10:14,Q4 10:14,9.766666666666667,573,foul,T. Jackson-Davis shooting personal FOUL (1 PF) (Nurkic 1 FT),['1freethrow'],Jackson-Davis,92,89,,False,False,1631218,,2pt made,freethrow,203994.0,,,101108|1628966|1629139|1630541|1630692|1631218|1641764|202691|203078|203994,101108|1630541|1631218|1641764|202691,1628966|1629139|1630692|203078|203994,,,1610612744.0,22300308
4,PT10M14.00S,10:14,Q4 10:14,9.766666666666667,575,freethrow,J. Nurkic Free Throw 1 of 1 (13 PTS),[],Nurkic,93,89,Made,False,False,203994,,foul,turnover,,,,101108|1628966|1629139|1630541|1630692|1631218|1641764|202691|203078|203994,1628966|1629139|1630692|203078|203994,101108|1630541|1631218|1641764|202691,,,1610612756.0,22300308
4,PT09M58.00S,09:58,Q4 09:58,8.033333333333333,576,turnover,B. Podziemski bad pass TURNOVER (2 TO),[],Podziemski,93,89,,False,False,1641764,,freethrow,steal,,203994.0,,101108|1628966|1629139|1630541|1630692|1631218|1641764|202691|203078|203994,101108|1630541|1631218|1641764|202691,1628966|1629139|1630692|203078|203994,,,1610612744.0,22300308
4,PT09M58.00S,09:58,Q4 09:58,8.033333333333333,577,steal,J. Nurkic STEAL (1 STL),[],Nurkic,93,89,,False,False,203994,,turnover,2pt missed,,,,101108|1628966|1629139|1630541|1630692|1631218|1641764|202691|203078|203994,1628966|1629139|1630692|203078|203994,101108|1630541|1631218|1641764|202691,,,1610612756.0,22300308
4,PT09M40.00S,09:40,Q4 09:40,8.333333333333334,578,2pt,MISS B. Beal 10' pullup Shot,"['pointsinthepaint', 'fromturnover']",Beal,93,89,Missed,True,False,203078,,steal,rebound,,,,101108|1628966|1629139|1630541|1630692|1631218|1641764|202691|203078|203994,1628966|1629139|1630692|203078|203994,101108|1630541|1631218|1641764|202691,-4.0,110.0,1610612756.0,22300308
4,PT09M40.00S,09:40,Q4 09:40,8.333333333333334,579,rebound,TEAM offensive REBOUND,['team'],,93,89,,False,False,0,,2pt missed,foul,,,,101108|1628966|1629139|1630541|1630692|1631218|1641764|202691|203078|203994,1628966|1629139|1630692|203078|203994,101108|1630541|1631218|1641764|202691,,,1610612756.0,22300308
4,PT09M40.00S,09:40,Q4 09:40,8.333333333333334,580,foul,B. Podziemski loose ball personal FOUL (2 PF),[],Podziemski,93,89,,False,False,1641764,,rebound,foul,203994.0,,,101108|1628966|1629139|1630541|1630692|1631218|1641764|202691|203078|203994,101108|1630541|1631218|1641764|202691,1628966|1629139|1630692|203078|203994,,,1610612744.0,22300308
4,PT09M29.00S,09:29,Q4 09:29,8.516666666666667,582,foul,M. Moody shooting personal FOUL (3 PF) (Nurkic 2 FT),['2freethrow'],Moody,93,89,,False,False,1630541,,foul,freethrow,203994.0,,,101108|1628966|1629139|1630541|1630692|1631218|1641764|202691|203078|203994,101108|1630541|1631218|1641764|202691,1628966|1629139|1630692|203078|203994,,,1610612744.0,22300308
4,PT09M29.00S,09:29,Q4 09:29,8.516666666666667,584,freethrow,J. Nurkic Free Throw 1 of 2 (14 PTS),"['fromturnover', '2ndchance']",Nurkic,94,89,Made,False,False,203994,,foul,freethrow,,,,101108|1628966|1629139|1630541|1630692|1631218|1641764|202691|203078|203994,1628966|1629139|1630692|203078|203994,101108|1630541|1631218|1641764|202691,,,1610612756.0,22300308
4,PT09M29.00S,09:29,Q4 09:29,8.516666666666667,585,freethrow,J. Nurkic Free Throw 2 of 2 (15 PTS),"['fromturnover', '2ndchance']",Nurkic,95,89,Made,False,False,203994,,freethrow,2pt made,,,,101108|1628966|1629139|1630541|1630692|1631218|1641764|202691|203078|203994,1628966|1629139|1630692|203078|203994,101108|1630541|1631218|1641764|202691,,,1610612756.0,22300308
4,PT09M16.00S,09:16,Q4 09:16,8.733333333333333,589,2pt,C. Paul 10' pullup Jump Shot (13 PTS),[],Paul,95,91,Made,True,False,101108,,freethrow,2pt made,,,,101108|1628966|1629139|1630541|1630692|1631218|1641764|202691|203078|203994,101108|1630541|1631218|1641764|202691,1628966|1629139|1630692|203078|203994,88.0,63.0,1610612744.0,22300308
4,PT09M01.00S,09:01,Q4 09:01,8.983333333333333,590,2pt,B. Beal 6' driving floating Jump Shot (14 PTS),['pointsinthepaint'],Beal,97,91,Made,True,False,203078,,2pt made,2pt missed,,,,101108|1628966|1629139|1630541|1630692|1631218|1641764|202691|203078|203994,1628966|1629139|1630692|203078|203994,101108|1630541|1631218|1641764|202691,-21.0,58.0,1610612756.0,22300308
4,PT08M50.00S,08:50,Q4 08:50,7.166666666666667,591,2pt,MISS C. Paul 16' pullup Shot,[],Paul,97,91,Missed,True,False,101108,,2pt made,rebound,,,,101108|1628966|1629139|1630541|1630692|1631218|1641764|202691|203078|203994,101108|1630541|1631218|1641764|202691,1628966|1629139|1630692|203078|203994,108.0,126.0,1610612744.0,22300308
4,PT08M48.00S,08:48,Q4 08:48,7.2,592,rebound,M. Moody REBOUND (Off:1 Def:3),[],Moody,97,91,,False,False,1630541,,2pt missed,2pt missed,,,,101108|1628966|1629139|1630541|1630692|1631218|1641764|202691|203078|203994,101108|1630541|1631218|1641764|202691,1628966|1629139|1630692|203078|203994,,,1610612744.0,22300308
4,PT08M46.00S,08:46,Q4 08:46,7.233333333333333,593,2pt,MISS M. Moody 8' Layup - blocked,"['pointsinthepaint', '2ndchance']",Moody,97,91,Missed,True,False,1630541,,rebound,block,,,203078.0,101108|1628966|1629139|1630541|1630692|1631218|1641764|202691|203078|203994,101108|1630541|1631218|1641764|202691,1628966|1629139|1630692|203078|203994,74.0,51.0,1610612744.0,22300308
4,PT08M46.00S,08:46,Q4 08:46,7.233333333333333,693,block,B. Beal BLOCK (1 BLK),[],Beal,97,91,,False,False,203078,,2pt missed,rebound,,,,101108|1628966|1629139|1630541|1630692|1631218|1641764|202691|203078|203994,1628966|1629139|1630692|203078|203994,101108|1630541|1631218|1641764|202691,,,1610612756.0,22300308
4,PT08M43.00S,08:43,Q4 08:43,7.283333333333333,594,rebound,Y. Watanabe REBOUND (Off:0 Def:1),[],Watanabe,97,91,,False,False,1629139,,block,turnover,,,,101108|1628966|1629139|1630541|1630692|1631218|1641764|202691|203078|203994,1628966|1629139|1630692|203078|203994,101108|1630541|1631218|1641764|202691,,,1610612756.0,22300308
4,PT08M38.00S,08:38,Q4 08:38,7.366666666666667,595,turnover,K. Bates-Diop bad pass TURNOVER (1 TO),[],Bates-Diop,97,91,,False,False,1628966,,rebound,steal,,101108.0,,101108|1628966|1629139|1630541|1630692|1631218|1641764|202691|203078|203994,1628966|1629139|1630692|203078|203994,101108|1630541|1631218|1641764|202691,,,1610612756.0,22300308
4,PT08M38.00S,08:38,Q4 08:38,7.366666666666667,596,steal,C. Paul STEAL (2 STL),[],Paul,97,91,,False,False,101108,,turnover,2pt made,,,,101108|1628966|1629139|1630541|1630692|1631218|1641764|202691|203078|203994,101108|1630541|1631218|1641764|202691,1628966|1629139|1630692|203078|203994,,,1610612744.0,22300308
4,PT08M33.00S,08:33,Q4 08:33,7.45,597,2pt,T. Jackson-Davis DUNK (2 PTS) (C. Paul 9 AST),"['pointsinthepaint', 'fromturnover']",Jackson-Davis,97,93,Made,True,True,1631218,101108.0,steal,3pt missed,,,,101108|1628966|1629139|1630541|1630692|1631218|1641764|202691|203078|203994,101108|1630541|1631218|1641764|202691,1628966|1629139|1630692|203078|203994,-2.0,8.0,1610612744.0,22300308
4,PT08M17.00S,08:17,Q4 08:17,7.716666666666667,599,3pt,MISS K. Bates-Diop 24' 3PT,[],Bates-Diop,97,93,Missed,True,False,1628966,,2pt made,rebound,,,,101108|1628966|1629139|1630541|1630692|1631218|1641764|202691|203078|203994,1628966|1629139|1630692|203078|203994,101108|1630541|1631218|1641764|202691,-234.0,86.0,1610612756.0,22300308
4,PT08M15.00S,08:15,Q4 08:15,7.75,600,rebound,C. Paul REBOUND (Off:0 Def:5),[],Paul,97,93,,False,False,101108,,3pt missed,3pt missed,,,,101108|1628966|1629139|1630541|1630692|1631218|1641764|202691|203078|203994,101108|1630541|1631218|1641764|202691,1628966|1629139|1630692|203078|203994,,,1610612744.0,22300308
4,PT08M12.00S,08:12,Q4 08:12,7.8,601,3pt,MISS K. Thompson 27' 3PT,['fastbreak'],Thompson,97,93,Missed,True,False,202691,,rebound,rebound,,,,101108|1628966|1629139|1630541|1630692|1631218|1641764|202691|203078|203994,101108|1630541|1631218|1641764|202691,1628966|1629139|1630692|203078|203994,218.0,163.0,1610612744.0,22300308
4,PT08M09.00S,08:09,Q4 08:09,7.85,602,rebound,B. Podziemski REBOUND (Off:3 Def:3),[],Podziemski,97,93,,False,False,1641764,,3pt missed,2pt missed,,,,101108|1628966|1629139|1630541|1630692|1631218|1641764|202691|203078|203994,101108|1630541|1631218|1641764|202691,1628966|1629139|1630692|203078|203994,,,1610612744.0,22300308
4,PT07M58.00S,07:58,Q4 07:58,6.033333333333333,603,2pt,MISS C. Paul 18' pullup Shot,['2ndchance'],Paul,97,93,Missed,True,False,101108,,rebound,rebound,,,,101108|1628966|1629139|1630541|1630692|1631218|1641764|202691|203078|203994,101108|1630541|1631218|1641764|202691,1628966|1629139|1630692|203078|203994,121.0,145.0,1610612744.0,22300308
4,PT07M56.00S,07:56,Q4 07:56,6.066666666666666,604,rebound,B. Beal REBOUND (Off:0 Def:2),[],Beal,97,93,,False,False,203078,,2pt missed,2pt missed,,,,101108|1628966|1629139|1630541|1630692|1631218|1641764|202691|203078|203994,1628966|1629139|1630692|203078|203994,101108|1630541|1631218|1641764|202691,,,1610612756.0,22300308
4,PT07M48.00S,07:48,Q4 07:48,6.2,605,2pt,MISS J. Goodwin Hook,['pointsinthepaint'],Goodwin,97,93,Missed,True,False,1630692,,rebound,rebound,,,,101108|1628966|1629139|1630541|1630692|1631218|1641764|202691|203078|203994,1628966|1629139|1630692|203078|203994,101108|1630541|1631218|1641764|202691,-32.0,36.0,1610612756.0,22300308
4,PT07M45.00S,07:45,Q4 07:45,6.25,606,rebound,B. Podziemski REBOUND (Off:3 Def:4),[],Podziemski,97,93,,False,False,1641764,,2pt missed,3pt made,,,,101108|1628966|1629139|1630541|1630692|1631218|1641764|202691|203078|203994,101108|1630541|1631218|1641764|202691,1628966|1629139|1630692|203078|203994,,,1610612744.0,22300308
4,PT07M40.00S,07:40,Q4 07:40,6.333333333333333,607,3pt,M. Moody 26' 3PT  (12 PTS) (B. Podziemski 5 AST),[],Moody,97,96,Made,True,True,1630541,1641764.0,rebound,timeout,,,,101108|1628966|1629139|1630541|1630692|1631218|1641764|202691|203078|203994,101108|1630541|1631218|1641764|202691,1628966|1629139|1630692|203078|203994,-80.0,255.0,1610612744.0,22300308
4,PT07M38.00S,07:38,Q4 07:38,6.366666666666667,609,timeout,PHX Timeout,"['team', 'mandatory']",,97,96,,False,False,0,,3pt made,substitution,,,,101108|1628966|1629139|1630541|1630692|1631218|1641764|202691|203078|203994,1628966|1629139|1630692|203078|203994,101108|1630541|1631218|1641764|202691,,,1610612756.0,22300308
4,PT07M38.00S,07:38,Q4 07:38,6.366666666666667,610,substitution,SUB out: J. Goodwin,[],Goodwin,97,96,,False,False,1630692,,timeout,substitution,,,,101108|1628966|1629139|1630541|1631218|1641764|202691|203078|203994,1628966|1629139|203078|203994,101108|1630541|1631218|1641764|202691,,,1610612756.0,22300308
4,PT07M38.00S,07:38,Q4 07:38,6.366666666666667,611,substitution,SUB out: B. Beal,[],Beal,97,96,,False,False,203078,,substitution,substitution,,,,101108|1628966|1629139|1630541|1631218|1641764|202691|203994,1628966|1629139|203994,101108|1630541|1631218|1641764|202691,,,1610612756.0,22300308
4,PT07M38.00S,07:38,Q4 07:38,6.366666666666667,612,substitution,SUB out: J. Nurkic,[],Nurkic,97,96,,False,False,203994,,substitution,substitution,,,,101108|1628966|1629139|1630541|1631218|1641764|202691,1628966|1629139,101108|1630541|1631218|1641764|202691,,,1610612756.0,22300308
4,PT07M38.00S,07:38,Q4 07:38,6.366666666666667,613,substitution,SUB out: K. Bates-Diop,[],Bates-Diop,97,96,,False,False,1628966,,substitution,substitution,,,,101108|1629139|1630541|1631218|1641764|202691,1629139,101108|1630541|1631218|1641764|202691,,,1610612756.0,22300308
4,PT07M38.00S,07:38,Q4 07:38,6.366666666666667,614,substitution,SUB out: B. Podziemski,[],Podziemski,97,96,,False,False,1641764,,substitution,substitution,,,,101108|1629139|1630541|1631218|202691,101108|1630541|1631218|202691,1629139,,,1610612744.0,22300308
4,PT07M38.00S,07:38,Q4 07:38,6.366666666666667,615,substitution,SUB out: C. Paul,[],Paul,97,96,,False,False,101108,,substitution,substitution,,,,1629139|1630541|1631218|202691,1630541|1631218|202691,1629139,,,1610612744.0,22300308
4,PT07M38.00S,07:38,Q4 07:38,6.366666666666667,616,substitution,SUB in: C. Metu,[],Metu,97,96,,False,False,1629002,,substitution,substitution,,,,1629002|1629139|1630541|1631218|202691,1629002|1629139,1630541|1631218|202691,,,1610612756.0,22300308
4,PT07M38.00S,07:38,Q4 07:38,6.366666666666667,617,substitution,SUB in: E. Gordon,[],Gordon,97,96,,False,False,201569,,substitution,substitution,,,,1629002|1629139|1630541|1631218|201569|202691,1629002|1629139|201569,1630541|1631218|202691,,,1610612756.0,22300308
4,PT07M38.00S,07:38,Q4 07:38,6.366666666666667,618,substitution,SUB in: D. Eubanks,[],Eubanks,97,96,,False,False,1629234,,substitution,substitution,,,,1629002|1629139|1629234|1630541|1631218|201569|202691,1629002|1629139|1629234|201569,1630541|1631218|202691,,,1610612756.0,22300308
4,PT07M38.00S,07:38,Q4 07:38,6.366666666666667,619,substitution,SUB in: D. Booker,[],Booker,97,96,,False,False,1626164,,substitution,substitution,,,,1626164|1629002|1629139|1629234|1630541|1631218|201569|202691,1626164|1629002|1629139|1629234|201569,1630541|1631218|202691,,,1610612756.0,22300308
4,PT07M38.00S,07:38,Q4 07:38,6.366666666666667,620,substitution,SUB in: S. Curry,[],Curry,97,96,,False,False,201939,,substitution,substitution,,,,1626164|1629002|1629139|1629234|1630541|1631218|201569|201939|202691,1630541|1631218|201939|202691,1626164|1629002|1629139|1629234|201569,,,1610612744.0,22300308
4,PT07M38.00S,07:38,Q4 07:38,6.366666666666667,621,substitution,SUB in: J. Kuminga,[],Kuminga,97,96,,False,False,1630228,,substitution,2pt missed,,,,1626164|1629002|1629139|1629234|1630228|1630541|1631218|201569|201939|202691,1630228|1630541|1631218|201939|202691,1626164|1629002|1629139|1629234|201569,,,1610612744.0,22300308
4,PT07M20.00S,07:20,Q4 07:20,6.666666666666667,622,2pt,MISS D. Booker 18' pullup Shot,[],Booker,97,96,Missed,True,False,1626164,,substitution,rebound,,,,1626164|1629002|1629139|1629234|1630228|1630541|1631218|201569|201939|202691,1626164|1629002|1629139|1629234|201569,1630228|1630541|1631218|201939|202691,81.0,172.0,1610612756.0,22300308
4,PT07M18.00S,07:18,Q4 07:18,6.7,623,rebound,J. Kuminga REBOUND (Off:2 Def:4),[],Kuminga,97,96,,False,False,1630228,,2pt missed,3pt missed,,,,1626164|1629002|1629139|1629234|1630228|1630541|1631218|201569|201939|202691,1630228|1630541|1631218|201939|202691,1626164|1629002|1629139|1629234|201569,,,1610612744.0,22300308
4,PT07M00.00S,07:00,Q4 07:00,7.0,624,3pt,MISS S. Curry 24' 3PT,[],Curry,97,96,Missed,True,False,201939,,rebound,rebound,,,,1626164|1629002|1629139|1629234|1630228|1630541|1631218|201569|201939|202691,1630228|1630541|1631218|201939|202691,1626164|1629002|1629139|1629234|201569,232.0,71.0,1610612744.0,22300308
4,PT06M57.00S,06:57,Q4 06:57,5.05,625,rebound,C. Metu REBOUND (Off:1 Def:4),[],Metu,97,96,,False,False,1629002,,3pt missed,3pt made,,,,1626164|1629002|1629139|1629234|1630228|1630541|1631218|201569|201939|202691,1626164|1629002|1629139|1629234|201569,1630228|1630541|1631218|201939|202691,,,1610612756.0,22300308
4,PT06M47.00S,06:47,Q4 06:47,5.216666666666667,626,3pt,D. Booker 26' 3PT pullup (23 PTS),[],Booker,100,96,Made,True,False,1626164,,rebound,turnover,,,,1626164|1629002|1629139|1629234|1630228|1630541|1631218|201569|201939|202691,1626164|1629002|1629139|1629234|201569,1630228|1630541|1631218|201939|202691,190.0,185.0,1610612756.0,22300308
4,PT06M36.00S,06:36,Q4 06:36,5.4,627,turnover,K. Thompson step out-of-bounds TURNOVER (1 TO),[],Thompson,100,96,,False,False,202691,,3pt made,2pt missed,,,,1626164|1629002|1629139|1629234|1630228|1630541|1631218|201569|201939|202691,1630228|1630541|1631218|201939|202691,1626164|1629002|1629139|1629234|201569,,,1610612744.0,22300308
4,PT06M24.00S,06:24,Q4 06:24,5.6,628,2pt,MISS D. Booker driving Layup,"['pointsinthepaint', 'fromturnover']",Booker,100,96,Missed,True,False,1626164,,turnover,rebound,,,,1626164|1629002|1629139|1629234|1630228|1630541|1631218|201569|201939|202691,1626164|1629002|1629139|1629234|201569,1630228|1630541|1631218|201939|202691,-18.0,49.0,1610612756.0,22300308
4,PT06M24.00S,06:24,Q4 06:24,5.6,629,rebound,TEAM offensive REBOUND,['team'],,100,96,,False,False,0,,2pt missed,turnover,,,,1626164|1629002|1629139|1629234|1630228|1630541|1631218|201569|201939|202691,1626164|1629002|1629139|1629234|201569,1630228|1630541|1631218|201939|202691,,,1610612756.0,22300308
4,PT06M20.00S,06:20,Q4 06:20,5.666666666666667,633,turnover,D. Eubanks lost ball TURNOVER (3 TO),[],Eubanks,100,96,,False,False,1629234,,rebound,steal,,1631218.0,,1626164|1629002|1629139|1629234|1630228|1630541|1631218|201569|201939|202691,1626164|1629002|1629139|1629234|201569,1630228|1630541|1631218|201939|202691,,,1610612756.0,22300308
4,PT06M20.00S,06:20,Q4 06:20,5.666666666666667,634,steal,T. Jackson-Davis STEAL (1 STL),[],Jackson-Davis,100,96,,False,False,1631218,,turnover,foul,,,,1626164|1629002|1629139|1629234|1630228|1630541|1631218|201569|201939|202691,1630228|1630541|1631218|201939|202691,1626164|1629002|1629139|1629234|201569,,,1610612744.0,22300308
4,PT06M19.00S,06:19,Q4 06:19,5.683333333333334,635,foul,Y. Watanabe shooting personal FOUL (2 PF) (Kuminga 2 FT),['2freethrow'],Watanabe,100,96,,False,False,1629139,,steal,freethrow,1630228.0,,,1626164|1629002|1629139|1629234|1630228|1630541|1631218|201569|201939|202691,1626164|1629002|1629139|1629234|201569,1630228|1630541|1631218|201939|202691,,,1610612756.0,22300308
4,PT06M19.00S,06:19,Q4 06:19,5.683333333333334,637,freethrow,MISS J. Kuminga Free Throw 1 of 2,['fromturnover'],Kuminga,100,96,Missed,False,False,1630228,,foul,rebound,,,,1626164|1629002|1629139|1629234|1630228|1630541|1631218|201569|201939|202691,1630228|1630541|1631218|201939|202691,1626164|1629002|1629139|1629234|201569,,,1610612744.0,22300308
4,PT06M19.00S,06:19,Q4 06:19,5.683333333333334,638,rebound,TEAM offensive REBOUND,"['team', 'deadball']",,100,96,,False,False,0,,freethrow,freethrow,,,,1626164|1629002|1629139|1629234|1630228|1630541|1631218|201569|201939|202691,1630228|1630541|1631218|201939|202691,1626164|1629002|1629139|1629234|201569,,,1610612744.0,22300308
4,PT06M19.00S,06:19,Q4 06:19,5.683333333333334,641,freethrow,MISS J. Kuminga Free Throw 2 of 2,['fromturnover'],Kuminga,100,96,Missed,False,False,1630228,,rebound,substitution,,,,1626164|1629002|1629139|1629234|1630228|1630541|1631218|201569|201939|202691,1630228|1630541|1631218|201939|202691,1626164|1629002|1629139|1629234|201569,,,1610612744.0,22300308
4,PT06M19.00S,06:19,Q4 06:19,5.683333333333334,639,substitution,SUB out: K. Thompson,[],Thompson,100,96,,False,False,202691,,freethrow,substitution,,,,1626164|1629002|1629139|1629234|1630228|1630541|1631218|201569|201939,1630228|1630541|1631218|201939,1626164|1629002|1629139|1629234|201569,,,1610612744.0,22300308
4,PT06M19.00S,06:19,Q4 06:19,5.683333333333334,640,substitution,SUB in: B. Podziemski,[],Podziemski,100,96,,False,False,1641764,,substitution,rebound,,,,1626164|1629002|1629139|1629234|1630228|1630541|1631218|1641764|201569|201939,1630228|1630541|1631218|1641764|201939,1626164|1629002|1629139|1629234|201569,,,1610612744.0,22300308
4,PT06M17.00S,06:17,Q4 06:17,5.716666666666667,642,rebound,D. Eubanks REBOUND (Off:1 Def:4),[],Eubanks,100,96,,False,False,1629234,,substitution,3pt missed,,,,1626164|1629002|1629139|1629234|1630228|1630541|1631218|1641764|201569|201939,1626164|1629002|1629139|1629234|201569,1630228|1630541|1631218|1641764|201939,,,1610612756.0,22300308
4,PT05M55.00S,05:55,Q4 05:55,4.083333333333333,643,3pt,MISS D. Booker 30' pullup 3PT,[],Booker,100,96,Missed,True,False,1626164,,rebound,rebound,,,,1626164|1629002|1629139|1629234|1630228|1630541|1631218|1641764|201569|201939,1626164|1629002|1629139|1629234|201569,1630228|1630541|1631218|1641764|201939,-188.0,242.0,1610612756.0,22300308
4,PT05M53.00S,05:53,Q4 05:53,4.116666666666667,644,rebound,B. Podziemski REBOUND (Off:3 Def:5),[],Podziemski,100,96,,False,False,1641764,,3pt missed,3pt missed,,,,1626164|1629002|1629139|1629234|1630228|1630541|1631218|1641764|201569|201939,1630228|1630541|1631218|1641764|201939,1626164|1629002|1629139|1629234|201569,,,1610612744.0,22300308
4,PT05M48.00S,05:48,Q4 05:48,4.2,645,3pt,MISS S. Curry 3PT,[],Curry,100,96,Missed,True,False,201939,,rebound,rebound,,,,1626164|1629002|1629139|1629234|1630228|1630541|1631218|1641764|201569|201939,1630228|1630541|1631218|1641764|201939,1626164|1629002|1629139|1629234|201569,239.0,1.0,1610612744.0,22300308
4,PT05M44.00S,05:44,Q4 05:44,4.266666666666667,646,rebound,D. Booker REBOUND (Off:1 Def:1),[],Booker,100,96,,False,False,1626164,,3pt missed,3pt made,,,,1626164|1629002|1629139|1629234|1630228|1630541|1631218|1641764|201569|201939,1626164|1629002|1629139|1629234|201569,1630228|1630541|1631218|1641764|201939,,,1610612756.0,22300308
4,PT05M41.00S,05:41,Q4 05:41,4.316666666666666,647,3pt,D. Booker 26' 3PT pullup (26 PTS),['fastbreak'],Booker,103,96,Made,True,False,1626164,,rebound,timeout,,,,1626164|1629002|1629139|1629234|1630228|1630541|1631218|1641764|201569|201939,1626164|1629002|1629139|1629234|201569,1630228|1630541|1631218|1641764|201939,60.0,258.0,1610612756.0,22300308
4,PT05M41.00S,05:41,Q4 05:41,4.316666666666666,648,timeout,GSW Timeout,"['team', 'mandatory']",,103,96,,False,False,0,,3pt made,substitution,,,,1626164|1629002|1629139|1629234|1630228|1630541|1631218|1641764|201569|201939,1630228|1630541|1631218|1641764|201939,1626164|1629002|1629139|1629234|201569,,,1610612744.0,22300308
4,PT05M41.00S,05:41,Q4 05:41,4.316666666666666,649,substitution,SUB out: Y. Watanabe,[],Watanabe,103,96,,False,False,1629139,,timeout,substitution,,,,1626164|1629002|1629234|1630228|1630541|1631218|1641764|201569|201939,1626164|1629002|1629234|201569,1630228|1630541|1631218|1641764|201939,,,1610612756.0,22300308
4,PT05M41.00S,05:41,Q4 05:41,4.316666666666666,650,substitution,SUB in: J. Goodwin,[],Goodwin,103,96,,False,False,1630692,,substitution,3pt missed,,,,1626164|1629002|1629234|1630228|1630541|1630692|1631218|1641764|201569|201939,1626164|1629002|1629234|1630692|201569,1630228|1630541|1631218|1641764|201939,,,1610612756.0,22300308
4,PT05M25.00S,05:25,Q4 05:25,4.583333333333333,651,3pt,MISS B. Podziemski 26' 3PT,[],Podziemski,103,96,Missed,True,False,1641764,,substitution,rebound,,,,1626164|1629002|1629234|1630228|1630541|1630692|1631218|1641764|201569|201939,1630228|1630541|1631218|1641764|201939,1626164|1629002|1629234|1630692|201569,162.0,208.0,1610612744.0,22300308
4,PT05M22.00S,05:22,Q4 05:22,4.633333333333334,652,rebound,D. Booker REBOUND (Off:1 Def:2),[],Booker,103,96,,False,False,1626164,,3pt missed,turnover,,,,1626164|1629002|1629234|1630228|1630541|1630692|1631218|1641764|201569|201939,1626164|1629002|1629234|1630692|201569,1630228|1630541|1631218|1641764|201939,,,1610612756.0,22300308
4,PT05M01.00S,05:01,Q4 05:01,4.983333333333333,653,turnover,D. Booker bad pass out-of-bounds TURNOVER (2 TO),[],Booker,103,96,,False,False,1626164,,rebound,substitution,,,,1626164|1629002|1629234|1630228|1630541|1630692|1631218|1641764|201569|201939,1626164|1629002|1629234|1630692|201569,1630228|1630541|1631218|1641764|201939,,,1610612756.0,22300308
4,PT05M01.00S,05:01,Q4 05:01,4.983333333333333,654,substitution,SUB out: M. Moody,[],Moody,103,96,,False,False,1630541,,turnover,substitution,,,,1626164|1629002|1629234|1630228|1630692|1631218|1641764|201569|201939,1630228|1631218|1641764|201939,1626164|1629002|1629234|1630692|201569,,,1610612744.0,22300308
4,PT05M01.00S,05:01,Q4 05:01,4.983333333333333,655,substitution,SUB out: T. Jackson-Davis,[],Jackson-Davis,103,96,,False,False,1631218,,substitution,substitution,,,,1626164|1629002|1629234|1630228|1630692|1641764|201569|201939,1630228|1641764|201939,1626164|1629002|1629234|1630692|201569,,,1610612744.0,22300308
4,PT05M01.00S,05:01,Q4 05:01,4.983333333333333,656,substitution,SUB in: D. Saric,[],Saric,103,96,,False,False,203967,,substitution,substitution,,,,1626164|1629002|1629234|1630228|1630692|1641764|201569|201939|203967,1630228|1641764|201939|203967,1626164|1629002|1629234|1630692|201569,,,1610612744.0,22300308
4,PT05M01.00S,05:01,Q4 05:01,4.983333333333333,657,substitution,SUB in: C. Paul,[],Paul,103,96,,False,False,101108,,substitution,2pt missed,,,,101108|1626164|1629002|1629234|1630228|1630692|1641764|201569|201939|203967,101108|1630228|1641764|201939|203967,1626164|1629002|1629234|1630692|201569,,,1610612744.0,22300308
4,PT04M55.00S,04:55,Q4 04:55,3.0833333333333335,658,2pt,MISS S. Curry 16' pullup Shot,['fromturnover'],Curry,103,96,Missed,True,False,201939,,substitution,rebound,,,,101108|1626164|1629002|1629234|1630228|1630692|1641764|201569|201939|203967,101108|1630228|1641764|201939|203967,1626164|1629002|1629234|1630692|201569,118.0,117.0,1610612744.0,22300308
4,PT04M50.00S,04:50,Q4 04:50,3.1666666666666665,659,rebound,B. Podziemski REBOUND (Off:4 Def:5),[],Podziemski,103,96,,False,False,1641764,,2pt missed,2pt missed,,,,101108|1626164|1629002|1629234|1630228|1630692|1641764|201569|201939|203967,101108|1630228|1641764|201939|203967,1626164|1629002|1629234|1630692|201569,,,1610612744.0,22300308
4,PT04M50.00S,04:50,Q4 04:50,3.1666666666666665,660,2pt,MISS B. Podziemski tip Layup,"['pointsinthepaint', 'fromturnover', '2ndchance']",Podziemski,103,96,Missed,True,False,1641764,,rebound,rebound,,,,101108|1626164|1629002|1629234|1630228|1630692|1641764|201569|201939|203967,101108|1630228|1641764|201939|203967,1626164|1629002|1629234|1630692|201569,-4.0,9.0,1610612744.0,22300308
4,PT04M48.00S,04:48,Q4 04:48,3.2,661,rebound,B. Podziemski REBOUND (Off:5 Def:5),[],Podziemski,103,96,,False,False,1641764,,2pt missed,turnover,,,,101108|1626164|1629002|1629234|1630228|1630692|1641764|201569|201939|203967,101108|1630228|1641764|201939|203967,1626164|1629002|1629234|1630692|201569,,,1610612744.0,22300308
4,PT04M47.00S,04:47,Q4 04:47,3.216666666666667,662,turnover,B. Podziemski lost ball TURNOVER (3 TO),[],Podziemski,103,96,,False,False,1641764,,rebound,steal,,1630692.0,,101108|1626164|1629002|1629234|1630228|1630692|1641764|201569|201939|203967,101108|1630228|1641764|201939|203967,1626164|1629002|1629234|1630692|201569,,,1610612744.0,22300308
4,PT04M47.00S,04:47,Q4 04:47,3.216666666666667,663,steal,J. Goodwin STEAL (2 STL),[],Goodwin,103,96,,False,False,1630692,,turnover,2pt made,,,,101108|1626164|1629002|1629234|1630228|1630692|1641764|201569|201939|203967,1626164|1629002|1629234|1630692|201569,101108|1630228|1641764|201939|203967,,,1610612756.0,22300308
4,PT04M45.00S,04:45,Q4 04:45,3.25,664,2pt,D. Booker running DUNK (28 PTS) (J. Goodwin 6 AST),"['fastbreak', 'pointsinthepaint', 'fromturnover']",Booker,105,96,Made,True,True,1626164,1630692.0,steal,3pt missed,,,,101108|1626164|1629002|1629234|1630228|1630692|1641764|201569|201939|203967,1626164|1629002|1629234|1630692|201569,101108|1630228|1641764|201939|203967,-10.0,12.0,1610612756.0,22300308
4,PT04M29.00S,04:29,Q4 04:29,3.5166666666666666,665,3pt,MISS J. Kuminga 26' 3PT,[],Kuminga,105,96,Missed,True,False,1630228,,2pt made,rebound,,,,101108|1626164|1629002|1629234|1630228|1630692|1641764|201569|201939|203967,101108|1630228|1641764|201939|203967,1626164|1629002|1629234|1630692|201569,-185.0,190.0,1610612744.0,22300308
4,PT04M24.00S,04:24,Q4 04:24,3.6,666,rebound,D. Eubanks REBOUND (Off:1 Def:5),[],Eubanks,105,96,,False,False,1629234,,3pt missed,foul,,,,101108|1626164|1629002|1629234|1630228|1630692|1641764|201569|201939|203967,1626164|1629002|1629234|1630692|201569,101108|1630228|1641764|201939|203967,,,1610612756.0,22300308
4,PT04M14.00S,04:14,Q4 04:14,3.7666666666666666,667,foul,J. Kuminga personal FOUL (4 PF),[],Kuminga,105,96,,False,False,1630228,,rebound,substitution,201569.0,,,101108|1626164|1629002|1629234|1630228|1630692|1641764|201569|201939|203967,101108|1630228|1641764|201939|203967,1626164|1629002|1629234|1630692|201569,,,1610612744.0,22300308
4,PT04M14.00S,04:14,Q4 04:14,3.7666666666666666,669,substitution,SUB out: C. Metu,[],Metu,105,96,,False,False,1629002,,foul,substitution,,,,101108|1626164|1629234|1630228|1630692|1641764|201569|201939|203967,1626164|1629234|1630692|201569,101108|1630228|1641764|201939|203967,,,1610612756.0,22300308
4,PT04M14.00S,04:14,Q4 04:14,3.7666666666666666,670,substitution,SUB out: D. Eubanks,[],Eubanks,105,96,,False,False,1629234,,substitution,substitution,,,,101108|1626164|1630228|1630692|1641764|201569|201939|203967,1626164|1630692|201569,101108|1630228|1641764|201939|203967,,,1610612756.0,22300308
4,PT04M14.00S,04:14,Q4 04:14,3.7666666666666666,671,substitution,SUB in: B. Beal,[],Beal,105,96,,False,False,203078,,substitution,substitution,,,,101108|1626164|1630228|1630692|1641764|201569|201939|203078|203967,1626164|1630692|201569|203078,101108|1630228|1641764|201939|203967,,,1610612756.0,22300308
4,PT04M14.00S,04:14,Q4 04:14,3.7666666666666666,672,substitution,SUB in: J. Nurkic,[],Nurkic,105,96,,False,False,203994,,substitution,foul,,,,101108|1626164|1630228|1630692|1641764|201569|201939|203078|203967|203994,1626164|1630692|201569|203078|203994,101108|1630228|1641764|201939|203967,,,1610612756.0,22300308
4,PT04M08.00S,04:08,Q4 04:08,3.8666666666666667,673,foul,C. Paul shooting personal FOUL (2 PF) (Nurkic 2 FT),"['inpenalty', '2freethrow']",Paul,105,96,,False,False,101108,,substitution,freethrow,203994.0,,,101108|1626164|1630228|1630692|1641764|201569|201939|203078|203967|203994,101108|1630228|1641764|201939|203967,1626164|1630692|201569|203078|203994,,,1610612744.0,22300308
4,PT04M08.00S,04:08,Q4 04:08,3.8666666666666667,675,freethrow,J. Nurkic Free Throw 1 of 2 (16 PTS),[],Nurkic,106,96,Made,False,False,203994,,foul,freethrow,,,,101108|1626164|1630228|1630692|1641764|201569|201939|203078|203967|203994,1626164|1630692|201569|203078|203994,101108|1630228|1641764|201939|203967,,,1610612756.0,22300308
4,PT04M08.00S,04:08,Q4 04:08,3.8666666666666667,676,freethrow,J. Nurkic Free Throw 2 of 2 (17 PTS),[],Nurkic,107,96,Made,False,False,203994,,freethrow,2pt missed,,,,101108|1626164|1630228|1630692|1641764|201569|201939|203078|203967|203994,1626164|1630692|201569|203078|203994,101108|1630228|1641764|201939|203967,,,1610612756.0,22300308
4,PT04M00.00S,04:00,Q4 04:00,4.0,677,2pt,MISS S. Curry 14' pullup Shot,[],Curry,107,96,Missed,True,False,201939,,freethrow,rebound,,,,101108|1626164|1630228|1630692|1641764|201569|201939|203078|203967|203994,101108|1630228|1641764|201939|203967,1626164|1630692|201569|203078|203994,-143.0,15.0,1610612744.0,22300308
4,PT03M57.00S,03:57,Q4 03:57,2.05,678,rebound,D. Booker REBOUND (Off:1 Def:3),[],Booker,107,96,,False,False,1626164,,2pt missed,2pt made,,,,101108|1626164|1630228|1630692|1641764|201569|201939|203078|203967|203994,1626164|1630692|201569|203078|203994,101108|1630228|1641764|201939|203967,,,1610612756.0,22300308
4,PT03M56.00S,03:56,Q4 03:56,2.0666666666666664,679,2pt,D. Booker running Layup (30 PTS),"['fastbreak', 'pointsinthepaint']",Booker,109,96,Made,True,False,1626164,,rebound,timeout,,,,101108|1626164|1630228|1630692|1641764|201569|201939|203078|203967|203994,1626164|1630692|201569|203078|203994,101108|1630228|1641764|201939|203967,33.0,37.0,1610612756.0,22300308
4,PT03M53.00S,03:53,Q4 03:53,2.1166666666666667,680,timeout,GSW Timeout,['team'],,109,96,,False,False,0,,2pt made,2pt missed,,,,101108|1626164|1630228|1630692|1641764|201569|201939|203078|203967|203994,101108|1630228|1641764|201939|203967,1626164|1630692|201569|203078|203994,,,1610612744.0,22300308
4,PT03M36.00S,03:36,Q4 03:36,2.4,681,2pt,MISS S. Curry 7' driving Layup - blocked,['pointsinthepaint'],Curry,109,96,Missed,True,False,201939,,timeout,block,,,1626164.0,101108|1626164|1630228|1630692|1641764|201569|201939|203078|203967|203994,101108|1630228|1641764|201939|203967,1626164|1630692|201569|203078|203994,-12.0,74.0,1610612744.0,22300308
4,PT03M36.00S,03:36,Q4 03:36,2.4,682,block,D. Booker BLOCK (1 BLK),[],Booker,109,96,,False,False,1626164,,2pt missed,rebound,,,,101108|1626164|1630228|1630692|1641764|201569|201939|203078|203967|203994,1626164|1630692|201569|203078|203994,101108|1630228|1641764|201939|203967,,,1610612756.0,22300308
4,PT03M36.00S,03:36,Q4 03:36,2.4,683,rebound,TEAM offensive REBOUND,['team'],,109,96,,False,False,0,,block,2pt made,,,,101108|1626164|1630228|1630692|1641764|201569|201939|203078|203967|203994,101108|1630228|1641764|201939|203967,1626164|1630692|201569|203078|203994,,,1610612744.0,22300308
4,PT03M34.00S,03:34,Q4 03:34,2.4333333333333336,684,2pt,J. Kuminga cutting Layup (13 PTS) (C. Paul 10 AST),"['pointsinthepaint', '2ndchance']",Kuminga,109,98,Made,True,True,1630228,101108.0,rebound,2pt missed,,,,101108|1626164|1630228|1630692|1641764|201569|201939|203078|203967|203994,101108|1630228|1641764|201939|203967,1626164|1630692|201569|203078|203994,7.0,8.0,1610612744.0,22300308
4,PT03M11.00S,03:11,Q4 03:11,2.816666666666667,686,2pt,MISS E. Gordon 7' floating Shot,['pointsinthepaint'],Gordon,109,98,Missed,True,False,201569,,2pt made,rebound,,,,101108|1626164|1630228|1630692|1641764|201569|201939|203078|203967|203994,1626164|1630692|201569|203078|203994,101108|1630228|1641764|201939|203967,-9.0,75.0,1610612756.0,22300308
4,PT03M09.00S,03:09,Q4 03:09,2.85,687,rebound,D. Saric REBOUND (Off:1 Def:3),[],Saric,109,98,,False,False,203967,,2pt missed,foul,,,,101108|1626164|1630228|1630692|1641764|201569|201939|203078|203967|203994,101108|1630228|1641764|201939|203967,1626164|1630692|201569|203078|203994,,,1610612744.0,22300308
4,PT03M03.00S,03:03,Q4 03:03,2.95,688,foul,D. Booker shooting personal FOUL (5 PF) (Kuminga 2 FT),['2freethrow'],Booker,109,98,,False,False,1626164,,rebound,freethrow,1630228.0,,,101108|1626164|1630228|1630692|1641764|201569|201939|203078|203967|203994,1626164|1630692|201569|203078|203994,101108|1630228|1641764|201939|203967,,,1610612756.0,22300308
4,PT03M03.00S,03:03,Q4 03:03,2.95,690,freethrow,MISS J. Kuminga Free Throw 1 of 2,[],Kuminga,109,98,Missed,False,False,1630228,,foul,rebound,,,,101108|1626164|1630228|1630692|1641764|201569|201939|203078|203967|203994,101108|1630228|1641764|201939|203967,1626164|1630692|201569|203078|203994,,,1610612744.0,22300308
4,PT03M03.00S,03:03,Q4 03:03,2.95,691,rebound,TEAM offensive REBOUND,"['deadball', 'team']",,109,98,,False,False,0,,freethrow,freethrow,,,,101108|1626164|1630228|1630692|1641764|201569|201939|203078|203967|203994,101108|1630228|1641764|201939|203967,1626164|1630692|201569|203078|203994,,,1610612744.0,22300308
4,PT03M03.00S,03:03,Q4 03:03,2.95,692,freethrow,J. Kuminga Free Throw 2 of 2 (14 PTS),[],Kuminga,109,99,Made,False,False,1630228,,rebound,2pt made,,,,101108|1626164|1630228|1630692|1641764|201569|201939|203078|203967|203994,101108|1630228|1641764|201939|203967,1626164|1630692|201569|203078|203994,,,1610612744.0,22300308
4,PT02M42.00S,02:42,Q4 02:42,1.3,694,2pt,J. Goodwin cutting Layup (14 PTS) (J. Nurkic 6 AST),['pointsinthepaint'],Goodwin,111,99,Made,True,True,1630692,203994.0,freethrow,foul,,,,101108|1626164|1630228|1630692|1641764|201569|201939|203078|203967|203994,1626164|1630692|201569|203078|203994,101108|1630228|1641764|201939|203967,-21.0,7.0,1610612756.0,22300308
4,PT02M30.00S,02:30,Q4 02:30,1.5,696,foul,J. Nurkic shooting personal FOUL (3 PF) (Saric 2 FT),['2freethrow'],Nurkic,111,99,,False,False,203994,,2pt made,freethrow,203967.0,,,101108|1626164|1630228|1630692|1641764|201569|201939|203078|203967|203994,1626164|1630692|201569|203078|203994,101108|1630228|1641764|201939|203967,,,1610612756.0,22300308
4,PT02M30.00S,02:30,Q4 02:30,1.5,698,freethrow,D. Saric Free Throw 1 of 2 (14 PTS),[],Saric,111,100,Made,False,False,203967,,foul,freethrow,,,,101108|1626164|1630228|1630692|1641764|201569|201939|203078|203967|203994,101108|1630228|1641764|201939|203967,1626164|1630692|201569|203078|203994,,,1610612744.0,22300308
4,PT02M30.00S,02:30,Q4 02:30,1.5,699,freethrow,D. Saric Free Throw 2 of 2 (15 PTS),[],Saric,111,101,Made,False,False,203967,,freethrow,turnover,,,,101108|1626164|1630228|1630692|1641764|201569|201939|203078|203967|203994,101108|1630228|1641764|201939|203967,1626164|1630692|201569|203078|203994,,,1610612744.0,22300308
4,PT02M07.00S,02:07,Q4 02:07,1.8833333333333333,700,turnover,B. Beal bad pass TURNOVER (3 TO),[],Beal,111,101,,False,False,203078,,freethrow,steal,,201939.0,,101108|1626164|1630228|1630692|1641764|201569|201939|203078|203967|203994,1626164|1630692|201569|203078|203994,101108|1630228|1641764|201939|203967,,,1610612756.0,22300308
4,PT02M07.00S,02:07,Q4 02:07,1.8833333333333333,701,steal,S. Curry STEAL (2 STL),[],Curry,111,101,,False,False,201939,,turnover,3pt made,,,,101108|1626164|1630228|1630692|1641764|201569|201939|203078|203967|203994,101108|1630228|1641764|201939|203967,1626164|1630692|201569|203078|203994,,,1610612744.0,22300308
4,PT02M03.00S,02:03,Q4 02:03,1.95,702,3pt,S. Curry 28' 3PT running (24 PTS),"['fastbreak', 'fromturnover']",Curry,111,104,Made,True,False,201939,,steal,2pt made,,,,101108|1626164|1630228|1630692|1641764|201569|201939|203078|203967|203994,101108|1630228|1641764|201939|203967,1626164|1630692|201569|203078|203994,156.0,236.0,1610612744.0,22300308
4,PT01M41.00S,01:41,Q4 01:41,0.31666666666666665,703,2pt,E. Gordon alley-oop Layup (8 PTS) (J. Nurkic 7 AST),['pointsinthepaint'],Gordon,113,104,Made,True,True,201569,203994.0,3pt made,3pt missed,,,,101108|1626164|1630228|1630692|1641764|201569|201939|203078|203967|203994,1626164|1630692|201569|203078|203994,101108|1630228|1641764|201939|203967,-26.0,10.0,1610612756.0,22300308
4,PT01M35.00S,01:35,Q4 01:35,0.41666666666666663,705,3pt,MISS S. Curry 31' pullup 3PT,[],Curry,113,104,Missed,True,False,201939,,2pt made,rebound,,,,101108|1626164|1630228|1630692|1641764|201569|201939|203078|203967|203994,101108|1630228|1641764|201939|203967,1626164|1630692|201569|203078|203994,197.0,251.0,1610612744.0,22300308
4,PT01M32.00S,01:32,Q4 01:32,0.4666666666666667,706,rebound,J. Goodwin REBOUND (Off:0 Def:5),[],Goodwin,113,104,,False,False,1630692,,3pt missed,turnover,,,,101108|1626164|1630228|1630692|1641764|201569|201939|203078|203967|203994,1626164|1630692|201569|203078|203994,101108|1630228|1641764|201939|203967,,,1610612756.0,22300308
4,PT01M31.00S,01:31,Q4 01:31,0.4833333333333333,707,turnover,J. Goodwin bad pass TURNOVER (1 TO),[],Goodwin,113,104,,False,False,1630692,,rebound,steal,,201939.0,,101108|1626164|1630228|1630692|1641764|201569|201939|203078|203967|203994,1626164|1630692|201569|203078|203994,101108|1630228|1641764|201939|203967,,,1610612756.0,22300308
4,PT01M31.00S,01:31,Q4 01:31,0.4833333333333333,708,steal,S. Curry STEAL (3 STL),[],Curry,113,104,,False,False,201939,,turnover,2pt made,,,,101108|1626164|1630228|1630692|1641764|201569|201939|203078|203967|203994,101108|1630228|1641764|201939|203967,1626164|1630692|201569|203078|203994,,,1610612744.0,22300308
4,PT01M26.00S,01:26,Q4 01:26,0.5666666666666667,710,2pt,B. Podziemski reverse Layup (14 PTS) (C. Paul 11 AST),"['pointsinthepaint', 'fromturnover']",Podziemski,113,106,Made,True,True,1641764,101108.0,steal,foul,,,,101108|1626164|1630228|1630692|1641764|201569|201939|203078|203967|203994,101108|1630228|1641764|201939|203967,1626164|1630692|201569|203078|203994,-5.0,20.0,1610612744.0,22300308
4,PT01M19.00S,01:19,Q4 01:19,0.6833333333333333,712,foul,C. Paul personal FOUL (3 PF) (Goodwin 2 FT),"['inpenalty', '2freethrow']",Paul,113,106,,False,False,101108,,2pt made,freethrow,1630692.0,,,101108|1626164|1630228|1630692|1641764|201569|201939|203078|203967|203994,101108|1630228|1641764|201939|203967,1626164|1630692|201569|203078|203994,,,1610612744.0,22300308
4,PT01M19.00S,01:19,Q4 01:19,0.6833333333333333,714,freethrow,J. Goodwin Free Throw 1 of 2 (15 PTS),[],Goodwin,114,106,Made,False,False,1630692,,foul,freethrow,,,,101108|1626164|1630228|1630692|1641764|201569|201939|203078|203967|203994,1626164|1630692|201569|203078|203994,101108|1630228|1641764|201939|203967,,,1610612756.0,22300308
4,PT01M19.00S,01:19,Q4 01:19,0.6833333333333333,715,freethrow,J. Goodwin Free Throw 2 of 2 (16 PTS),[],Goodwin,115,106,Made,False,False,1630692,,freethrow,2pt made,,,,101108|1626164|1630228|1630692|1641764|201569|201939|203078|203967|203994,1626164|1630692|201569|203078|203994,101108|1630228|1641764|201939|203967,,,1610612756.0,22300308
4,PT01M08.00S,01:08,Q4 01:08,0.8666666666666667,716,2pt,C. Paul driving Layup (15 PTS),['pointsinthepaint'],Paul,115,108,Made,True,False,101108,,freethrow,turnover,,,,101108|1626164|1630228|1630692|1641764|201569|201939|203078|203967|203994,101108|1630228|1641764|201939|203967,1626164|1630692|201569|203078|203994,10.0,9.0,1610612744.0,22300308
4,PT01M06.00S,01:06,Q4 01:06,0.9,717,turnover,J. Nurkic bad pass TURNOVER (1 TO),[],Nurkic,115,108,,False,False,203994,,2pt made,steal,,1630228.0,,101108|1626164|1630228|1630692|1641764|201569|201939|203078|203967|203994,1626164|1630692|201569|203078|203994,101108|1630228|1641764|201939|203967,,,1610612756.0,22300308
4,PT01M06.00S,01:06,Q4 01:06,0.9,718,steal,J. Kuminga STEAL (1 STL),[],Kuminga,115,108,,False,False,1630228,,turnover,2pt made,,,,101108|1626164|1630228|1630692|1641764|201569|201939|203078|203967|203994,101108|1630228|1641764|201939|203967,1626164|1630692|201569|203078|203994,,,1610612744.0,22300308
4,PT01M03.00S,01:03,Q4 01:03,0.95,719,2pt,J. Kuminga running DUNK (16 PTS) (S. Curry 3 AST),"['fastbreak', 'pointsinthepaint', 'fromturnover']",Kuminga,115,110,Made,True,True,1630228,201939.0,steal,timeout,,,,101108|1626164|1630228|1630692|1641764|201569|201939|203078|203967|203994,101108|1630228|1641764|201939|203967,1626164|1630692|201569|203078|203994,-1.0,1.0,1610612744.0,22300308
4,PT01M03.00S,01:03,Q4 01:03,0.95,721,timeout,PHX Timeout,['team'],,115,110,,False,False,0,,2pt made,3pt missed,,,,101108|1626164|1630228|1630692|1641764|201569|201939|203078|203967|203994,1626164|1630692|201569|203078|203994,101108|1630228|1641764|201939|203967,,,1610612756.0,22300308
4,PT00M49.60S,00:49,Q4 00:49,-0.8166666666666667,722,3pt,MISS J. Goodwin 3PT,[],Goodwin,115,110,Missed,True,False,1630692,,timeout,rebound,,,,101108|1626164|1630228|1630692|1641764|201569|201939|203078|203967|203994,1626164|1630692|201569|203078|203994,101108|1630228|1641764|201939|203967,-237.0,23.0,1610612756.0,22300308
4,PT00M46.90S,00:46,Q4 00:46,-0.7666666666666667,723,rebound,S. Curry REBOUND (Off:0 Def:5),[],Curry,115,110,,False,False,201939,,3pt missed,2pt made,,,,101108|1626164|1630228|1630692|1641764|201569|201939|203078|203967|203994,101108|1630228|1641764|201939|203967,1626164|1630692|201569|203078|203994,,,1610612744.0,22300308
4,PT00M40.20S,00:40,Q4 00:40,-0.6666666666666666,724,2pt,B. Podziemski driving Layup (16 PTS) (S. Curry 4 AST),['pointsinthepaint'],Podziemski,115,112,Made,True,True,1641764,201939.0,rebound,timeout,,,,101108|1626164|1630228|1630692|1641764|201569|201939|203078|203967|203994,101108|1630228|1641764|201939|203967,1626164|1630692|201569|203078|203994,-2.0,15.0,1610612744.0,22300308
4,PT00M40.20S,00:40,Q4 00:40,-0.6666666666666666,726,timeout,PHX Timeout,['team'],,115,112,,False,False,0,,2pt made,3pt missed,,,,101108|1626164|1630228|1630692|1641764|201569|201939|203078|203967|203994,1626164|1630692|201569|203078|203994,101108|1630228|1641764|201939|203967,,,1610612756.0,22300308
4,PT00M26.50S,00:26,Q4 00:26,-0.43333333333333335,728,3pt,MISS E. Gordon 28' 3PT,[],Gordon,115,112,Missed,True,False,201569,,timeout,rebound,,,,101108|1626164|1630228|1630692|1641764|201569|201939|203078|203967|203994,1626164|1630692|201569|203078|203994,101108|1630228|1641764|201939|203967,-151.0,244.0,1610612756.0,22300308
4,PT00M24.80S,00:24,Q4 00:24,-0.4,729,rebound,B. Podziemski REBOUND (Off:5 Def:6),[],Podziemski,115,112,,False,False,1641764,,3pt missed,2pt made,,,,101108|1626164|1630228|1630692|1641764|201569|201939|203078|203967|203994,101108|1630228|1641764|201939|203967,1626164|1630692|201569|203078|203994,,,1610612744.0,22300308
4,PT00M15.40S,00:15,Q4 00:15,-0.25,730,2pt,B. Podziemski driving Layup (18 PTS),['pointsinthepaint'],Podziemski,115,114,Made,True,False,1641764,,rebound,foul,,,,101108|1626164|1630228|1630692|1641764|201569|201939|203078|203967|203994,101108|1630228|1641764|201939|203967,1626164|1630692|201569|203078|203994,-4.0,14.0,1610612744.0,22300308
4,PT00M09.40S,00:09,Q4 00:09,-0.15,731,foul,D. Saric personal FOUL (5 PF) (Booker 2 FT),"['inpenalty', '2freethrow']",Saric,115,114,,False,False,203967,,2pt made,freethrow,1626164.0,,,101108|1626164|1630228|1630692|1641764|201569|201939|203078|203967|203994,101108|1630228|1641764|201939|203967,1626164|1630692|201569|203078|203994,,,1610612744.0,22300308
4,PT00M09.40S,00:09,Q4 00:09,-0.15,733,freethrow,D. Booker Free Throw 1 of 2 (31 PTS),[],Booker,116,114,Made,False,False,1626164,,foul,freethrow,,,,101108|1626164|1630228|1630692|1641764|201569|201939|203078|203967|203994,1626164|1630692|201569|203078|203994,101108|1630228|1641764|201939|203967,,,1610612756.0,22300308
4,PT00M09.40S,00:09,Q4 00:09,-0.15,738,freethrow,D. Booker Free Throw 2 of 2 (32 PTS),[],Booker,117,114,Made,False,False,1626164,,freethrow,timeout,,,,101108|1626164|1630228|1630692|1641764|201569|201939|203078|203967|203994,1626164|1630692|201569|203078|203994,101108|1630228|1641764|201939|203967,,,1610612756.0,22300308
4,PT00M09.40S,00:09,Q4 00:09,-0.15,739,timeout,GSW Timeout,['team'],,117,114,,False,False,0,,freethrow,substitution,,,,101108|1626164|1630228|1630692|1641764|201569|201939|203078|203967|203994,101108|1630228|1641764|201939|203967,1626164|1630692|201569|203078|203994,,,1610612744.0,22300308
4,PT00M09.40S,00:09,Q4 00:09,-0.15,734,substitution,SUB out: J. Nurkic,[],Nurkic,116,114,,False,False,203994,,timeout,substitution,,,,101108|1626164|1630228|1630692|1641764|201569|201939|203078|203967,1626164|1630692|201569|203078,101108|1630228|1641764|201939|203967,,,1610612756.0,22300308
4,PT00M09.40S,00:09,Q4 00:09,-0.15,735,substitution,SUB out: D. Saric,[],Saric,116,114,,False,False,203967,,substitution,substitution,,,,101108|1626164|1630228|1630692|1641764|201569|201939|203078,101108|1630228|1641764|201939,1626164|1630692|201569|203078,,,1610612744.0,22300308
4,PT00M09.40S,00:09,Q4 00:09,-0.15,736,substitution,SUB in: C. Metu,[],Metu,116,114,,False,False,1629002,,substitution,substitution,,,,101108|1626164|1629002|1630228|1630692|1641764|201569|201939|203078,1626164|1629002|1630692|201569|203078,101108|1630228|1641764|201939,,,1610612756.0,22300308
4,PT00M09.40S,00:09,Q4 00:09,-0.15,737,substitution,SUB in: K. Looney,[],Looney,116,114,,False,False,1626172,,substitution,substitution,,,,101108|1626164|1626172|1629002|1630228|1630692|1641764|201569|201939|203078,101108|1626172|1630228|1641764|201939,1626164|1629002|1630692|201569|203078,,,1610612744.0,22300308
4,PT00M09.40S,00:09,Q4 00:09,-0.15,740,substitution,SUB out: K. Looney,[],Looney,117,114,,False,False,1626172,,substitution,substitution,,,,101108|1626164|1629002|1630228|1630692|1641764|201569|201939|203078,101108|1630228|1641764|201939,1626164|1629002|1630692|201569|203078,,,1610612744.0,22300308
4,PT00M09.40S,00:09,Q4 00:09,-0.15,741,substitution,SUB in: D. Saric,[],Saric,117,114,,False,False,203967,,substitution,3pt missed,,,,101108|1626164|1629002|1630228|1630692|1641764|201569|201939|203078|203967,101108|1630228|1641764|201939|203967,1626164|1629002|1630692|201569|203078,,,1610612744.0,22300308
4,PT00M05.60S,00:05,Q4 00:05,-0.08333333333333333,742,3pt,MISS S. Curry 27' fadeaway 3PT,[],Curry,117,114,Missed,True,False,201939,,substitution,rebound,,,,101108|1626164|1629002|1630228|1630692|1641764|201569|201939|203078|203967,101108|1630228|1641764|201939|203967,1626164|1629002|1630692|201569|203078,-119.0,247.0,1610612744.0,22300308
4,PT00M05.00S,00:05,Q4 00:05,-0.08333333333333333,743,rebound,B. Beal REBOUND (Off:0 Def:3),[],Beal,117,114,,False,False,203078,,3pt missed,foul,,,,101108|1626164|1629002|1630228|1630692|1641764|201569|201939|203078|203967,1626164|1629002|1630692|201569|203078,101108|1630228|1641764|201939|203967,,,1610612756.0,22300308
4,PT00M05.00S,00:05,Q4 00:05,-0.08333333333333333,744,foul,C. Paul take personal FOUL (4 PF) (Beal 2 FT),"['inpenalty', '2freethrow']",Paul,117,114,,False,False,101108,,rebound,freethrow,203078.0,,,101108|1626164|1629002|1630228|1630692|1641764|201569|201939|203078|203967,101108|1630228|1641764|201939|203967,1626164|1629002|1630692|201569|203078,,,1610612744.0,22300308
4,PT00M05.00S,00:05,Q4 00:05,-0.08333333333333333,746,freethrow,B. Beal Free Throw 1 of 2 (15 PTS),[],Beal,118,114,Made,False,False,203078,,foul,freethrow,,,,101108|1626164|1629002|1630228|1630692|1641764|201569|201939|203078|203967,1626164|1629002|1630692|201569|203078,101108|1630228|1641764|201939|203967,,,1610612756.0,22300308
4,PT00M05.00S,00:05,Q4 00:05,-0.08333333333333333,747,freethrow,B. Beal Free Throw 2 of 2 (16 PTS),[],Beal,119,114,Made,False,False,203078,,freethrow,2pt made,,,,101108|1626164|1629002|1630228|1630692|1641764|201569|201939|203078|203967,1626164|1629002|1630692|201569|203078,101108|1630228|1641764|201939|203967,,,1610612756.0,22300308
4,PT00M00.10S,00:00,Q4 00:00,0.0,748,2pt,B. Podziemski driving Layup (20 PTS),['pointsinthepaint'],Podziemski,119,116,Made,True,False,1641764,,freethrow,,,,,101108|1626164|1629002|1630228|1630692|1641764|201569|201939|203078|203967,101108|1630228|1641764|201939|203967,1626164|1629002|1630692|201569|203078,15.0,21.0,1610612744.0,22300308
