period,clock,clock_display,game_clock,minutes_left_in_game,actionNumber,actionType,description,qualifier,playerName,scoreHome,scoreAway,shotResult,isFieldGoal,assisted,person_id,assister_id,previous_action,next_action,foulDrawnPersonId,stealPersonId,blockPersonId,players_on,off_players_on,def_players_on,xLegacy,yLegacy,teamId,game_id
1,PT11M37.00S,11:37,Q1 11:37,46.38333333333333,7,3pt,A. Sarr 28' 3PT  (3 PTS) (B. Coulibaly 1 AST),[],Sarr,3,0,Made,True,True,1642259,1641731.0,,2pt missed,,,,1626157|1627763|1628384|1628404|1628969|1628973|1630551|1641731|1642259|1642267,1627763|1630551|1641731|1642259|1642267,1626157|1628384|1628404|1628969|1628973,-120.0,256.0,1610612764.0,22400443
1,PT11M16.00S,11:16,Q1 11:16,46.733333333333334,9,2pt,MISS J. Hart cutting Layup,['pointsinthepaint'],Hart,3,0,Missed,True,False,1628404,,3pt made,rebound,,,,1626157|1627763|1628384|1628404|1628969|1628973|1630551|1641731|1642259|1642267,1626157|1628384|1628404|1628969|1628973,1627763|1630551|1641731|1642259|1642267,-15.0,26.0,1610612752.0,22400443
1,PT11M14.00S,11:14,Q1 11:14,46.766666666666666,10,rebound,TEAM defensive REBOUND,['team'],,3,0,,False,False,0,,2pt missed,2pt missed,,,,1626157|1627763|1628384|1628404|1628969|1628973|1630551|1641731|1642259|1642267,1627763|1630551|1641731|1642259|1642267,1626157|1628384|1628404|1628969|1628973,,,1610612764.0,22400443
1,PT10M57.00S,10:57,Q1 10:57,45.05,12,2pt,MISS B. Coulibaly 11' floating Shot,['pointsinthepaint'],Coulibaly,3,0,Missed,True,False,1641731,,rebound,rebound,,,,1626157|1627763|1628384|1628404|1628969|1628973|1630551|1641731|1642259|1642267,1627763|1630551|1641731|1642259|1642267,1626157|1628384|1628404|1628969|1628973,-59.0,99.0,1610612764.0,22400443
1,PT10M55.00S,10:55,Q1 10:55,45.083333333333336,13,rebound,K. Towns REBOUND (Off:0 Def:1),[],Towns,3,0,,False,False,1626157,,2pt missed,3pt missed,,,,1626157|1627763|1628384|1628404|1628969|1628973|1630551|1641731|1642259|1642267,1626157|1628384|1628404|1628969|1628973,1627763|1630551|1641731|1642259|1642267,,,1610612752.0,22400443
1,PT10M48.00S,10:48,Q1 10:48,45.2,14,3pt,MISS K. Towns 26' 3PT,[],Towns,3,0,Missed,True,False,1626157,,rebound,rebound,,,,1626157|1627763|1628384|1628404|1628969|1628973|1630551|1641731|1642259|1642267,1626157|1628384|1628404|1628969|1628973,1627763|1630551|1641731|1642259|1642267,-4.0,269.0,1610612752.0,22400443
1,PT10M44.00S,10:44,Q1 10:44,45.266666666666666,15,rebound,B. Coulibaly REBOUND (Off:0 Def:1),[],Coulibaly,3,0,,False,False,1641731,,3pt missed,2pt missed,,,,1626157|1627763|1628384|1628404|1628969|1628973|1630551|1641731|1642259|1642267,1627763|1630551|1641731|1642259|1642267,1626157|1628384|1628404|1628969|1628973,,,1610612764.0,22400443
1,PT10M34.00S,10:34,Q1 10:34,45.43333333333333,16,2pt,MISS M. Brogdon 19' pullup Shot,[],Brogdon,3,0,Missed,True,False,1627763,,rebound,rebound,,,,1626157|1627763|1628384|1628404|1628969|1628973|1630551|1641731|1642259|1642267,1627763|1630551|1641731|1642259|1642267,1626157|1628384|1628404|1628969|1628973,-105.0,162.0,1610612764.0,22400443
1,PT10M29.00S,10:29,Q1 10:29,45.516666666666666,17,rebound,J. Brunson REBOUND (Off:0 Def:1),[],Brunson,3,0,,False,False,1628973,,2pt missed,2pt missed,,,,1626157|1627763|1628384|1628404|1628969|1628973|1630551|1641731|1642259|1642267,1626157|1628384|1628404|1628969|1628973,1627763|1630551|1641731|1642259|1642267,,,1610612752.0,22400443
1,PT10M24.00S,10:24,Q1 10:24,45.6,18,2pt,MISS M. Bridges running Layup,"['fastbreak', 'pointsinthepaint']",Bridges,3,0,Missed,True,False,1628969,,rebound,rebound,,,,1626157|1627763|1628384|1628404|1628969|1628973|1630551|1641731|1642259|1642267,1626157|1628384|1628404|1628969|1628973,1627763|1630551|1641731|1642259|1642267,-16.0,-2.0,1610612752.0,22400443
1,PT10M22.00S,10:22,Q1 10:22,45.63333333333333,19,rebound,A. Sarr REBOUND (Off:0 Def:1),[],Sarr,3,0,,False,False,1642259,,2pt missed,2pt missed,,,,1626157|1627763|1628384|1628404|1628969|1628973|1630551|1641731|1642259|1642267,1627763|1630551|1641731|1642259|1642267,1626157|1628384|1628404|1628969|1628973,,,1610612764.0,22400443
1,PT10M20.00S,10:20,Q1 10:20,45.666666666666664,20,2pt,MISS A. Sarr driving floating bank Shot,"['fastbreak', 'pointsinthepaint']",Sarr,3,0,Missed,True,False,1642259,,rebound,rebound,,,,1626157|1627763|1628384|1628404|1628969|1628973|1630551|1641731|1642259|1642267,1627763|1630551|1641731|1642259|1642267,1626157|1628384|1628404|1628969|1628973,32.0,20.0,1610612764.0,22400443
1,PT10M19.00S,10:19,Q1 10:19,45.68333333333333,21,rebound,J. Brunson REBOUND (Off:0 Def:2),[],Brunson,3,0,,False,False,1628973,,2pt missed,2pt missed,,,,1626157|1627763|1628384|1628404|1628969|1628973|1630551|1641731|1642259|1642267,1626157|1628384|1628404|1628969|1628973,1627763|1630551|1641731|1642259|1642267,,,1610612752.0,22400443
1,PT10M14.00S,10:14,Q1 10:14,45.766666666666666,22,2pt,MISS J. Brunson running Layup,"['fastbreak', 'pointsinthepaint']",Brunson,3,0,Missed,True,False,1628973,,rebound,rebound,,,,1626157|1627763|1628384|1628404|1628969|1628973|1630551|1641731|1642259|1642267,1626157|1628384|1628404|1628969|1628973,1627763|1630551|1641731|1642259|1642267,11.0,-7.0,1610612752.0,22400443
1,PT10M13.00S,10:13,Q1 10:13,45.78333333333333,23,rebound,M. Bridges REBOUND (Off:1 Def:0),[],Bridges,3,0,,False,False,1628969,,2pt missed,2pt made,,,,1626157|1627763|1628384|1628404|1628969|1628973|1630551|1641731|1642259|1642267,1626157|1628384|1628404|1628969|1628973,1627763|1630551|1641731|1642259|1642267,,,1610612752.0,22400443
1,PT10M13.00S,10:13,Q1 10:13,45.78333333333333,24,2pt,M. Bridges tip DUNK (2 PTS),"['2ndchance', 'fastbreak', 'pointsinthepaint']",Bridges,3,2,Made,True,False,1628969,,rebound,foul,,,,1626157|1627763|1628384|1628404|1628969|1628973|1630551|1641731|1642259|1642267,1626157|1628384|1628404|1628969|1628973,1627763|1630551|1641731|1642259|1642267,0.0,0.0,1610612752.0,22400443
1,PT10M05.00S,10:05,Q1 10:05,45.916666666666664,25,foul,O. Anunoby shooting personal FOUL (1 PF) (Sarr 2 FT),['2freethrow'],Anunoby,3,2,,False,False,1628384,,2pt made,freethrow,1642259.0,,,1626157|1627763|1628384|1628404|1628969|1628973|1630551|1641731|1642259|1642267,1626157|1628384|1628404|1628969|1628973,1627763|1630551|1641731|1642259|1642267,,,1610612752.0,22400443
1,PT10M05.00S,10:05,Q1 10:05,45.916666666666664,27,freethrow,A. Sarr Free Throw 1 of 2 (4 PTS),[],Sarr,4,2,Made,False,False,1642259,,foul,freethrow,,,,1626157|1627763|1628384|1628404|1628969|1628973|1630551|1641731|1642259|1642267,1627763|1630551|1641731|1642259|1642267,1626157|1628384|1628404|1628969|1628973,,,1610612764.0,22400443
1,PT10M05.00S,10:05,Q1 10:05,45.916666666666664,28,freethrow,MISS A. Sarr Free Throw 2 of 2,[],Sarr,4,2,Missed,False,False,1642259,,freethrow,rebound,,,,1626157|1627763|1628384|1628404|1628969|1628973|1630551|1641731|1642259|1642267,1627763|1630551|1641731|1642259|1642267,1626157|1628384|1628404|1628969|1628973,,,1610612764.0,22400443
1,PT10M02.00S,10:02,Q1 10:02,45.96666666666667,29,rebound,O. Anunoby REBOUND (Off:0 Def:1),[],Anunoby,4,2,,False,False,1628384,,freethrow,turnover,,,,1626157|1627763|1628384|1628404|1628969|1628973|1630551|1641731|1642259|1642267,1626157|1628384|1628404|1628969|1628973,1627763|1630551|1641731|1642259|1642267,,,1610612752.0,22400443
1,PT09M49.00S,09:49,Q1 09:49,44.18333333333333,30,turnover,J. Hart bad pass TURNOVER (1 TO),[],Hart,4,2,,False,False,1628404,,rebound,steal,,1627763.0,,1626157|1627763|1628384|1628404|1628969|1628973|1630551|1641731|1642259|1642267,1626157|1628384|1628404|1628969|1628973,1627763|1630551|1641731|1642259|1642267,,,1610612752.0,22400443
1,PT09M49.00S,09:49,Q1 09:49,44.18333333333333,31,steal,M. Brogdon STEAL (1 STL),[],Brogdon,4,2,,False,False,1627763,,turnover,3pt made,,,,1626157|1627763|1628384|1628404|1628969|1628973|1630551|1641731|1642259|1642267,1627763|1630551|1641731|1642259|1642267,1626157|1628384|1628404|1628969|1628973,,,1610612764.0,22400443
1,PT09M44.00S,09:44,Q1 09:44,44.266666666666666,32,3pt,J. Champagnie 24' 3PT running (3 PTS) (C. Carrington 1 AST),"['fromturnover', 'fastbreak']",Champagnie,7,2,Made,True,True,1630551,1642267.0,steal,2pt made,,,,1626157|1627763|1628384|1628404|1628969|1628973|1630551|1641731|1642259|1642267,1627763|1630551|1641731|1642259|1642267,1626157|1628384|1628404|1628969|1628973,-243.0,-10.0,1610612764.0,22400443
1,PT09M16.00S,09:16,Q1 09:16,44.733333333333334,34,2pt,K. Towns driving bank Jump Shot (2 PTS),['pointsinthepaint'],Towns,7,4,Made,True,False,1626157,,3pt made,2pt made,,,,1626157|1627763|1628384|1628404|1628969|1628973|1630551|1641731|1642259|1642267,1626157|1628384|1628404|1628969|1628973,1627763|1630551|1641731|1642259|1642267,-26.0,4.0,1610612752.0,22400443
1,PT09M06.00S,09:06,Q1 09:06,44.9,35,2pt,M. Brogdon driving Layup (2 PTS),['pointsinthepaint'],Brogdon,9,4,Made,True,False,1627763,,2pt made,2pt made,,,,1626157|1627763|1628384|1628404|1628969|1628973|1630551|1641731|1642259|1642267,1627763|1630551|1641731|1642259|1642267,1626157|1628384|1628404|1628969|1628973,-20.0,-6.0,1610612764.0,22400443
1,PT08M44.00S,08:44,Q1 08:44,43.266666666666666,36,2pt,K. Towns 16' fadeaway Jump Shot (4 PTS) (M. Bridges 1 AST),[],Towns,9,6,Made,True,True,1626157,1628969.0,2pt made,2pt missed,,,,1626157|1627763|1628384|1628404|1628969|1628973|1630551|1641731|1642259|1642267,1626157|1628384|1628404|1628969|1628973,1627763|1630551|1641731|1642259|1642267,162.0,14.0,1610612752.0,22400443
1,PT08M30.00S,08:30,Q1 08:30,43.5,39,2pt,MISS A. Sarr driving bank Hook,['pointsinthepaint'],Sarr,9,6,Missed,True,False,1642259,,2pt made,rebound,,,,1626157|1627763|1628384|1628404|1628969|1628973|1630551|1641731|1642259|1642267,1627763|1630551|1641731|1642259|1642267,1626157|1628384|1628404|1628969|1628973,34.0,22.0,1610612764.0,22400443
1,PT08M28.00S,08:28,Q1 08:28,43.53333333333333,40,rebound,K. Towns REBOUND (Off:0 Def:2),[],Towns,9,6,,False,False,1626157,,2pt missed,3pt made,,,,1626157|1627763|1628384|1628404|1628969|1628973|1630551|1641731|1642259|1642267,1626157|1628384|1628404|1628969|1628973,1627763|1630551|1641731|1642259|1642267,,,1610612752.0,22400443
1,PT08M24.00S,08:24,Q1 08:24,43.6,41,3pt,J. Brunson 25' 3PT running pullup (3 PTS),['fastbreak'],Brunson,9,9,Made,True,False,1628973,,rebound,foul,,,,1626157|1627763|1628384|1628404|1628969|1628973|1630551|1641731|1642259|1642267,1626157|1628384|1628404|1628969|1628973,1627763|1630551|1641731|1642259|1642267,170.0,189.0,1610612752.0,22400443
1,PT08M14.00S,08:14,Q1 08:14,43.766666666666666,42,foul,M. Bridges shooting personal FOUL (1 PF) (Brogdon 2 FT),['2freethrow'],Bridges,9,9,,False,False,1628969,,3pt made,freethrow,1627763.0,,,1626157|1627763|1628384|1628404|1628969|1628973|1630551|1641731|1642259|1642267,1626157|1628384|1628404|1628969|1628973,1627763|1630551|1641731|1642259|1642267,,,1610612752.0,22400443
1,PT08M14.00S,08:14,Q1 08:14,43.766666666666666,44,freethrow,M. Brogdon Free Throw 1 of 2 (3 PTS),[],Brogdon,10,9,Made,False,False,1627763,,foul,freethrow,,,,1626157|1627763|1628384|1628404|1628969|1628973|1630551|1641731|1642259|1642267,1627763|1630551|1641731|1642259|1642267,1626157|1628384|1628404|1628969|1628973,,,1610612764.0,22400443
1,PT08M14.00S,08:14,Q1 08:14,43.766666666666666,45,freethrow,M. Brogdon Free Throw 2 of 2 (4 PTS),[],Brogdon,11,9,Made,False,False,1627763,,freethrow,2pt made,,,,1626157|1627763|1628384|1628404|1628969|1628973|1630551|1641731|1642259|1642267,1627763|1630551|1641731|1642259|1642267,1626157|1628384|1628404|1628969|1628973,,,1610612764.0,22400443
1,PT08M05.00S,08:05,Q1 08:05,43.916666666666664,46,2pt,M. Bridges 16' pullup Jump Shot (4 PTS) (J. Brunson 1 AST),[],Bridges,11,11,Made,True,True,1628969,1628973.0,freethrow,turnover,,,,1626157|1627763|1628384|1628404|1628969|1628973|1630551|1641731|1642259|1642267,1626157|1628384|1628404|1628969|1628973,1627763|1630551|1641731|1642259|1642267,-16.0,167.0,1610612752.0,22400443
1,PT07M54.00S,07:54,Q1 07:54,42.1,47,turnover,M. Brogdon lost ball TURNOVER (1 TO),[],Brogdon,11,11,,False,False,1627763,,2pt made,steal,,1628969.0,,1626157|1627763|1628384|1628404|1628969|1628973|1630551|1641731|1642259|1642267,1627763|1630551|1641731|1642259|1642267,1626157|1628384|1628404|1628969|1628973,,,1610612764.0,22400443
1,PT07M54.00S,07:54,Q1 07:54,42.1,48,steal,M. Bridges STEAL (1 STL),[],Bridges,11,11,,False,False,1628969,,turnover,2pt missed,,,,1626157|1627763|1628384|1628404|1628969|1628973|1630551|1641731|1642259|1642267,1626157|1628384|1628404|1628969|1628973,1627763|1630551|1641731|1642259|1642267,,,1610612752.0,22400443
1,PT07M45.00S,07:45,Q1 07:45,42.25,49,2pt,MISS M. Bridges driving Layup,"['pointsinthepaint', 'fromturnover']",Bridges,11,11,Missed,True,False,1628969,,steal,rebound,,,,1626157|1627763|1628384|1628404|1628969|1628973|1630551|1641731|1642259|1642267,1626157|1628384|1628404|1628969|1628973,1627763|1630551|1641731|1642259|1642267,26.0,11.0,1610612752.0,22400443
1,PT07M42.00S,07:42,Q1 07:42,42.3,50,rebound,K. Towns REBOUND (Off:1 Def:2),[],Towns,11,11,,False,False,1626157,,2pt missed,2pt made,,,,1626157|1627763|1628384|1628404|1628969|1628973|1630551|1641731|1642259|1642267,1626157|1628384|1628404|1628969|1628973,1627763|1630551|1641731|1642259|1642267,,,1610612752.0,22400443
1,PT07M42.00S,07:42,Q1 07:42,42.3,51,2pt,K. Towns tip Layup (6 PTS),"['pointsinthepaint', 'fromturnover', '2ndchance']",Towns,11,13,Made,True,False,1626157,,rebound,3pt missed,,,,1626157|1627763|1628384|1628404|1628969|1628973|1630551|1641731|1642259|1642267,1626157|1628384|1628404|1628969|1628973,1627763|1630551|1641731|1642259|1642267,0.0,0.0,1610612752.0,22400443
1,PT07M34.00S,07:34,Q1 07:34,42.43333333333333,52,3pt,MISS M. Brogdon 25' pullup 3PT,[],Brogdon,11,13,Missed,True,False,1627763,,2pt made,rebound,,,,1626157|1627763|1628384|1628404|1628969|1628973|1630551|1641731|1642259|1642267,1627763|1630551|1641731|1642259|1642267,1626157|1628384|1628404|1628969|1628973,2.0,258.0,1610612764.0,22400443
1,PT07M31.00S,07:31,Q1 07:31,42.483333333333334,53,rebound,O. Anunoby REBOUND (Off:0 Def:2),[],Anunoby,11,13,,False,False,1628384,,3pt missed,2pt made,,,,1626157|1627763|1628384|1628404|1628969|1628973|1630551|1641731|1642259|1642267,1626157|1628384|1628404|1628969|1628973,1627763|1630551|1641731|1642259|1642267,,,1610612752.0,22400443
1,PT07M26.00S,07:26,Q1 07:26,42.56666666666667,54,2pt,M. Bridges running finger roll Layup (6 PTS) (O. Anunoby 1 AST),"['pointsinthepaint', 'fastbreak']",Bridges,11,15,Made,True,True,1628969,1628384.0,rebound,turnover,,,,1626157|1627763|1628384|1628404|1628969|1628973|1630551|1641731|1642259|1642267,1626157|1628384|1628404|1628969|1628973,1627763|1630551|1641731|1642259|1642267,18.0,3.0,1610612752.0,22400443
1,PT07M07.00S,07:07,Q1 07:07,42.88333333333333,56,turnover,B. Coulibaly lost ball TURNOVER (1 TO),[],Coulibaly,11,15,,False,False,1641731,,2pt made,steal,,1628404.0,,1626157|1627763|1628384|1628404|1628969|1628973|1630551|1641731|1642259|1642267,1627763|1630551|1641731|1642259|1642267,1626157|1628384|1628404|1628969|1628973,,,1610612764.0,22400443
1,PT07M07.00S,07:07,Q1 07:07,42.88333333333333,57,steal,J. Hart STEAL (1 STL),[],Hart,11,15,,False,False,1628404,,turnover,foul,,,,1626157|1627763|1628384|1628404|1628969|1628973|1630551|1641731|1642259|1642267,1626157|1628384|1628404|1628969|1628973,1627763|1630551|1641731|1642259|1642267,,,1610612752.0,22400443
1,PT06M59.00S,06:59,Q1 06:59,41.016666666666666,58,foul,A. Sarr personal FOUL (1 PF),[],Sarr,11,15,,False,False,1642259,,steal,timeout,1626157.0,,,1626157|1627763|1628384|1628404|1628969|1628973|1630551|1641731|1642259|1642267,1627763|1630551|1641731|1642259|1642267,1626157|1628384|1628404|1628969|1628973,,,1610612764.0,22400443
1,PT06M59.00S,06:59,Q1 06:59,41.016666666666666,60,timeout,WAS Timeout,"['team', 'mandatory']",,11,15,,False,False,0,,foul,2pt missed,,,,1626157|1627763|1628384|1628404|1628969|1628973|1630551|1641731|1642259|1642267,1627763|1630551|1641731|1642259|1642267,1626157|1628384|1628404|1628969|1628973,,,1610612764.0,22400443
1,PT06M48.00S,06:48,Q1 06:48,41.2,61,2pt,MISS J. Hart floating Shot,"['pointsinthepaint', 'fromturnover']",Hart,11,15,Missed,True,False,1628404,,timeout,rebound,,,,1626157|1627763|1628384|1628404|1628969|1628973|1630551|1641731|1642259|1642267,1626157|1628384|1628404|1628969|1628973,1627763|1630551|1641731|1642259|1642267,-4.0,42.0,1610612752.0,22400443
1,PT06M46.00S,06:46,Q1 06:46,41.233333333333334,62,rebound,A. Sarr REBOUND (Off:0 Def:2),[],Sarr,11,15,,False,False,1642259,,2pt missed,2pt missed,,,,1626157|1627763|1628384|1628404|1628969|1628973|1630551|1641731|1642259|1642267,1627763|1630551|1641731|1642259|1642267,1626157|1628384|1628404|1628969|1628973,,,1610612764.0,22400443
1,PT06M37.00S,06:37,Q1 06:37,41.38333333333333,63,2pt,MISS J. Champagnie 6' driving Layup,['pointsinthepaint'],Champagnie,11,15,Missed,True,False,1630551,,rebound,rebound,,,,1626157|1627763|1628384|1628404|1628969|1628973|1630551|1641731|1642259|1642267,1627763|1630551|1641731|1642259|1642267,1626157|1628384|1628404|1628969|1628973,61.0,6.0,1610612764.0,22400443
1,PT06M35.00S,06:35,Q1 06:35,41.416666666666664,64,rebound,K. Towns REBOUND (Off:1 Def:3),[],Towns,11,15,,False,False,1626157,,2pt missed,3pt missed,,,,1626157|1627763|1628384|1628404|1628969|1628973|1630551|1641731|1642259|1642267,1626157|1628384|1628404|1628969|1628973,1627763|1630551|1641731|1642259|1642267,,,1610612752.0,22400443
1,PT06M23.00S,06:23,Q1 06:23,41.61666666666667,65,3pt,MISS O. Anunoby 3PT,[],Anunoby,11,15,Missed,True,False,1628384,,rebound,rebound,,,,1626157|1627763|1628384|1628404|1628969|1628973|1630551|1641731|1642259|1642267,1626157|1628384|1628404|1628969|1628973,1627763|1630551|1641731|1642259|1642267,-227.0,-13.0,1610612752.0,22400443
1,PT06M23.00S,06:23,Q1 06:23,41.61666666666667,66,rebound,K. Towns REBOUND (Off:2 Def:3),[],Towns,11,15,,False,False,1626157,,3pt missed,2pt missed,,,,1626157|1627763|1628384|1628404|1628969|1628973|1630551|1641731|1642259|1642267,1626157|1628384|1628404|1628969|1628973,1627763|1630551|1641731|1642259|1642267,,,1610612752.0,22400443
1,PT06M21.00S,06:21,Q1 06:21,41.65,102,2pt,MISS K. Towns tip Layup,"['pointsinthepaint', '2ndchance']",Towns,11,15,Missed,True,False,1626157,,rebound,rebound,,,,1626157|1627763|1628384|1628404|1628969|1628973|1630551|1641731|1642259|1642267,1626157|1628384|1628404|1628969|1628973,1627763|1630551|1641731|1642259|1642267,-2.0,17.0,1610612752.0,22400443
1,PT06M20.00S,06:20,Q1 06:20,41.666666666666664,103,rebound,K. Towns REBOUND (Off:3 Def:3),[],Towns,11,15,,False,False,1626157,,2pt missed,2pt missed,,,,1626157|1627763|1628384|1628404|1628969|1628973|1630551|1641731|1642259|1642267,1626157|1628384|1628404|1628969|1628973,1627763|1630551|1641731|1642259|1642267,,,1610612752.0,22400443
1,PT06M19.00S,06:19,Q1 06:19,41.68333333333333,67,2pt,MISS K. Towns putback Layup - blocked,"['pointsinthepaint', '2ndchance']",Towns,11,15,Missed,True,False,1626157,,rebound,block,,,1642259.0,1626157|1627763|1628384|1628404|1628969|1628973|1630551|1641731|1642259|1642267,1626157|1628384|1628404|1628969|1628973,1627763|1630551|1641731|1642259|1642267,10.0,9.0,1610612752.0,22400443
1,PT06M19.00S,06:19,Q1 06:19,41.68333333333333,69,block,A. Sarr BLOCK (1 BLK),[],Sarr,11,15,,False,False,1642259,,2pt missed,rebound,,,,1626157|1627763|1628384|1628404|1628969|1628973|1630551|1641731|1642259|1642267,1627763|1630551|1641731|1642259|1642267,1626157|1628384|1628404|1628969|1628973,,,1610612764.0,22400443
1,PT06M19.00S,06:19,Q1 06:19,41.68333333333333,68,rebound,M. Brogdon REBOUND (Off:0 Def:1),[],Brogdon,11,15,,False,False,1627763,,block,foul,,,,1626157|1627763|1628384|1628404|1628969|1628973|1630551|1641731|1642259|1642267,1627763|1630551|1641731|1642259|1642267,1626157|1628384|1628404|1628969|1628973,,,1610612764.0,22400443
1,PT06M12.00S,06:12,Q1 06:12,41.8,71,foul,K. Towns shooting personal FOUL (1 PF) (Coulibaly 2 FT),['2freethrow'],Towns,11,15,,False,False,1626157,,rebound,freethrow,1641731.0,,,1626157|1627763|1628384|1628404|1628969|1628973|1630551|1641731|1642259|1642267,1626157|1628384|1628404|1628969|1628973,1627763|1630551|1641731|1642259|1642267,,,1610612752.0,22400443
1,PT06M12.00S,06:12,Q1 06:12,41.8,73,freethrow,B. Coulibaly Free Throw 1 of 2 (1 PTS),['fastbreak'],Coulibaly,12,15,Made,False,False,1641731,,foul,freethrow,,,,1626157|1627763|1628384|1628404|1628969|1628973|1630551|1641731|1642259|1642267,1627763|1630551|1641731|1642259|1642267,1626157|1628384|1628404|1628969|1628973,,,1610612764.0,22400443
1,PT06M12.00S,06:12,Q1 06:12,41.8,78,freethrow,B. Coulibaly Free Throw 2 of 2 (2 PTS),['fastbreak'],Coulibaly,13,15,Made,False,False,1641731,,freethrow,substitution,,,,1626157|1627763|1628384|1628404|1628969|1628973|1630551|1641731|1642259|1642267,1627763|1630551|1641731|1642259|1642267,1626157|1628384|1628404|1628969|1628973,,,1610612764.0,22400443
1,PT06M12.00S,06:12,Q1 06:12,41.8,74,substitution,SUB out: J. Champagnie,[],Champagnie,12,15,,False,False,1630551,,freethrow,substitution,,,,1626157|1627763|1628384|1628404|1628969|1628973|1641731|1642259|1642267,1627763|1641731|1642259|1642267,1626157|1628384|1628404|1628969|1628973,,,1610612764.0,22400443
1,PT06M12.00S,06:12,Q1 06:12,41.8,75,substitution,SUB out: A. Sarr,[],Sarr,12,15,,False,False,1642259,,substitution,substitution,,,,1626157|1627763|1628384|1628404|1628969|1628973|1641731|1642267,1627763|1641731|1642267,1626157|1628384|1628404|1628969|1628973,,,1610612764.0,22400443
1,PT06M12.00S,06:12,Q1 06:12,41.8,76,substitution,SUB in: J. Valančiūnas,[],Valančiūnas,12,15,,False,False,202685,,substitution,substitution,,,,1626157|1627763|1628384|1628404|1628969|1628973|1641731|1642267|202685,1627763|1641731|1642267|202685,1626157|1628384|1628404|1628969|1628973,,,1610612764.0,22400443
1,PT06M12.00S,06:12,Q1 06:12,41.8,77,substitution,SUB in: K. Kuzma,[],Kuzma,12,15,,False,False,1628398,,substitution,2pt made,,,,1626157|1627763|1628384|1628398|1628404|1628969|1628973|1641731|1642267|202685,1627763|1628398|1641731|1642267|202685,1626157|1628384|1628404|1628969|1628973,,,1610612764.0,22400443
1,PT05M56.00S,05:56,Q1 05:56,40.06666666666667,79,2pt,O. Anunoby cutting DUNK (2 PTS) (J. Hart 1 AST),['pointsinthepaint'],Anunoby,13,17,Made,True,True,1628384,1628404.0,substitution,2pt missed,,,,1626157|1627763|1628384|1628398|1628404|1628969|1628973|1641731|1642267|202685,1626157|1628384|1628404|1628969|1628973,1627763|1628398|1641731|1642267|202685,-6.0,27.0,1610612752.0,22400443
1,PT05M45.00S,05:45,Q1 05:45,40.25,81,2pt,MISS C. Carrington 8' fadeaway Shot,['pointsinthepaint'],Carrington,13,17,Missed,True,False,1642267,,2pt made,rebound,,,,1626157|1627763|1628384|1628398|1628404|1628969|1628973|1641731|1642267|202685,1627763|1628398|1641731|1642267|202685,1626157|1628384|1628404|1628969|1628973,64.0,58.0,1610612764.0,22400443
1,PT05M42.00S,05:42,Q1 05:42,40.3,82,rebound,J. Valančiūnas REBOUND (Off:1 Def:0),[],Valančiūnas,13,17,,False,False,202685,,2pt missed,2pt made,,,,1626157|1627763|1628384|1628398|1628404|1628969|1628973|1641731|1642267|202685,1627763|1628398|1641731|1642267|202685,1626157|1628384|1628404|1628969|1628973,,,1610612764.0,22400443
1,PT05M39.00S,05:39,Q1 05:39,40.35,83,2pt,J. Valančiūnas 6' Hook (2 PTS),"['pointsinthepaint', '2ndchance']",Valančiūnas,15,17,Made,True,False,202685,,rebound,2pt made,,,,1626157|1627763|1628384|1628398|1628404|1628969|1628973|1641731|1642267|202685,1627763|1628398|1641731|1642267|202685,1626157|1628384|1628404|1628969|1628973,50.0,41.0,1610612764.0,22400443
1,PT05M25.00S,05:25,Q1 05:25,40.583333333333336,84,2pt,J. Brunson driving floating Jump Shot (5 PTS),['pointsinthepaint'],Brunson,15,19,Made,True,False,1628973,,2pt made,2pt missed,,,,1626157|1627763|1628384|1628398|1628404|1628969|1628973|1641731|1642267|202685,1626157|1628384|1628404|1628969|1628973,1627763|1628398|1641731|1642267|202685,-40.0,43.0,1610612752.0,22400443
1,PT05M05.00S,05:05,Q1 05:05,40.916666666666664,85,2pt,MISS M. Brogdon 12' driving floating Shot,['pointsinthepaint'],Brogdon,15,19,Missed,True,False,1627763,,2pt made,rebound,,,,1626157|1627763|1628384|1628398|1628404|1628969|1628973|1641731|1642267|202685,1627763|1628398|1641731|1642267|202685,1626157|1628384|1628404|1628969|1628973,-6.0,122.0,1610612764.0,22400443
1,PT05M03.00S,05:03,Q1 05:03,40.95,86,rebound,M. Brogdon REBOUND (Off:1 Def:1),[],Brogdon,15,19,,False,False,1627763,,2pt missed,2pt made,,,,1626157|1627763|1628384|1628398|1628404|1628969|1628973|1641731|1642267|202685,1627763|1628398|1641731|1642267|202685,1626157|1628384|1628404|1628969|1628973,,,1610612764.0,22400443
1,PT05M00.00S,05:00,Q1 05:00,41.0,87,2pt,J. Valančiūnas bank Jump Shot (4 PTS) (M. Brogdon 1 AST),"['pointsinthepaint', '2ndchance']",Valančiūnas,17,19,Made,True,True,202685,1627763.0,rebound,3pt missed,,,,1626157|1627763|1628384|1628398|1628404|1628969|1628973|1641731|1642267|202685,1627763|1628398|1641731|1642267|202685,1626157|1628384|1628404|1628969|1628973,54.0,-3.0,1610612764.0,22400443
1,PT04M41.00S,04:41,Q1 04:41,39.31666666666667,89,3pt,MISS J. Brunson 26' step back 3PT - blocked,[],Brunson,17,19,Missed,True,False,1628973,,2pt made,block,,,1641731.0,1626157|1627763|1628384|1628398|1628404|1628969|1628973|1641731|1642267|202685,1626157|1628384|1628404|1628969|1628973,1627763|1628398|1641731|1642267|202685,181.0,199.0,1610612752.0,22400443
1,PT04M41.00S,04:41,Q1 04:41,39.31666666666667,90,block,B. Coulibaly BLOCK (1 BLK),[],Coulibaly,17,19,,False,False,1641731,,3pt missed,rebound,,,,1626157|1627763|1628384|1628398|1628404|1628969|1628973|1641731|1642267|202685,1627763|1628398|1641731|1642267|202685,1626157|1628384|1628404|1628969|1628973,,,1610612764.0,22400443
1,PT04M37.00S,04:37,Q1 04:37,39.38333333333333,91,rebound,C. Carrington REBOUND (Off:0 Def:1),[],Carrington,17,19,,False,False,1642267,,block,3pt missed,,,,1626157|1627763|1628384|1628398|1628404|1628969|1628973|1641731|1642267|202685,1627763|1628398|1641731|1642267|202685,1626157|1628384|1628404|1628969|1628973,,,1610612764.0,22400443
1,PT04M35.00S,04:35,Q1 04:35,39.416666666666664,92,3pt,MISS B. Coulibaly 25' running 3PT,['fastbreak'],Coulibaly,17,19,Missed,True,False,1641731,,rebound,rebound,,,,1626157|1627763|1628384|1628398|1628404|1628969|1628973|1641731|1642267|202685,1627763|1628398|1641731|1642267|202685,1626157|1628384|1628404|1628969|1628973,-208.0,142.0,1610612764.0,22400443
1,PT04M32.00S,04:32,Q1 04:32,39.46666666666667,93,rebound,M. Bridges REBOUND (Off:1 Def:1),[],Bridges,17,19,,False,False,1628969,,3pt missed,foul,,,,1626157|1627763|1628384|1628398|1628404|1628969|1628973|1641731|1642267|202685,1626157|1628384|1628404|1628969|1628973,1627763|1628398|1641731|1642267|202685,,,1610612752.0,22400443
1,PT04M28.00S,04:28,Q1 04:28,39.53333333333333,94,foul,J. Valančiūnas shooting personal FOUL (1 PF) (Towns 2 FT),['2freethrow'],Valančiūnas,17,19,,False,False,202685,,rebound,freethrow,1626157.0,,,1626157|1627763|1628384|1628398|1628404|1628969|1628973|1641731|1642267|202685,1627763|1628398|1641731|1642267|202685,1626157|1628384|1628404|1628969|1628973,,,1610612764.0,22400443
1,PT04M28.00S,04:28,Q1 04:28,39.53333333333333,97,freethrow,K. Towns Free Throw 1 of 2 (7 PTS),[],Towns,17,20,Made,False,False,1626157,,foul,freethrow,,,,1626157|1627763|1628384|1628398|1628404|1628969|1628973|1641731|1642267|202685,1626157|1628384|1628404|1628969|1628973,1627763|1628398|1641731|1642267|202685,,,1610612752.0,22400443
1,PT04M28.00S,04:28,Q1 04:28,39.53333333333333,104,freethrow,K. Towns Free Throw 2 of 2 (8 PTS),[],Towns,17,21,Made,False,False,1626157,,freethrow,substitution,,,,1626157|1627763|1628384|1628398|1628404|1628969|1628973|1641731|1642267|202685,1626157|1628384|1628404|1628969|1628973,1627763|1628398|1641731|1642267|202685,,,1610612752.0,22400443
1,PT04M28.00S,04:28,Q1 04:28,39.53333333333333,98,substitution,SUB out: M. Brogdon,[],Brogdon,17,20,,False,False,1627763,,freethrow,substitution,,,,1626157|1628384|1628398|1628404|1628969|1628973|1641731|1642267|202685,1628398|1641731|1642267|202685,1626157|1628384|1628404|1628969|1628973,,,1610612764.0,22400443
1,PT04M28.00S,04:28,Q1 04:28,39.53333333333333,99,substitution,SUB out: J. Hart,[],Hart,17,20,,False,False,1628404,,substitution,substitution,,,,1626157|1628384|1628398|1628969|1628973|1641731|1642267|202685,1626157|1628384|1628969|1628973,1628398|1641731|1642267|202685,,,1610612752.0,22400443
1,PT04M28.00S,04:28,Q1 04:28,39.53333333333333,100,substitution,SUB in: C. Kispert,[],Kispert,17,20,,False,False,1630557,,substitution,substitution,,,,1626157|1628384|1628398|1628969|1628973|1630557|1641731|1642267|202685,1628398|1630557|1641731|1642267|202685,1626157|1628384|1628969|1628973,,,1610612764.0,22400443
1,PT04M28.00S,04:28,Q1 04:28,39.53333333333333,101,substitution,SUB in: M. McBride,[],McBride,17,20,,False,False,1630540,,substitution,3pt missed,,,,1626157|1628384|1628398|1628969|1628973|1630540|1630557|1641731|1642267|202685,1626157|1628384|1628969|1628973|1630540,1628398|1630557|1641731|1642267|202685,,,1610612752.0,22400443
1,PT04M17.00S,04:17,Q1 04:17,39.71666666666667,105,3pt,MISS C. Kispert 28' 3PT,[],Kispert,17,21,Missed,True,False,1630557,,substitution,rebound,,,,1626157|1628384|1628398|1628969|1628973|1630540|1630557|1641731|1642267|202685,1628398|1630557|1641731|1642267|202685,1626157|1628384|1628969|1628973|1630540,-175.0,223.0,1610612764.0,22400443
1,PT04M13.00S,04:13,Q1 04:13,39.78333333333333,106,rebound,J. Valančiūnas REBOUND (Off:2 Def:0),[],Valančiūnas,17,21,,False,False,202685,,3pt missed,turnover,,,,1626157|1628384|1628398|1628969|1628973|1630540|1630557|1641731|1642267|202685,1628398|1630557|1641731|1642267|202685,1626157|1628384|1628969|1628973|1630540,,,1610612764.0,22400443
1,PT04M11.00S,04:11,Q1 04:11,39.81666666666667,107,turnover,J. Valančiūnas bad pass TURNOVER (1 TO),[],Valančiūnas,17,21,,False,False,202685,,rebound,steal,,1628973.0,,1626157|1628384|1628398|1628969|1628973|1630540|1630557|1641731|1642267|202685,1628398|1630557|1641731|1642267|202685,1626157|1628384|1628969|1628973|1630540,,,1610612764.0,22400443
1,PT04M11.00S,04:11,Q1 04:11,39.81666666666667,108,steal,J. Brunson STEAL (1 STL),[],Brunson,17,21,,False,False,1628973,,turnover,foul,,,,1626157|1628384|1628398|1628969|1628973|1630540|1630557|1641731|1642267|202685,1626157|1628384|1628969|1628973|1630540,1628398|1630557|1641731|1642267|202685,,,1610612752.0,22400443
1,PT04M11.00S,04:11,Q1 04:11,39.81666666666667,109,foul,B. Coulibaly personal FOUL (1 PF),[],Coulibaly,17,21,,False,False,1641731,,steal,substitution,1628973.0,,,1626157|1628384|1628398|1628969|1628973|1630540|1630557|1641731|1642267|202685,1628398|1630557|1641731|1642267|202685,1626157|1628384|1628969|1628973|1630540,,,1610612764.0,22400443
1,PT04M11.00S,04:11,Q1 04:11,39.81666666666667,111,substitution,SUB out: K. Towns,[],Towns,17,21,,False,False,1626157,,foul,substitution,,,,1628384|1628398|1628969|1628973|1630540|1630557|1641731|1642267|202685,1628384|1628969|1628973|1630540,1628398|1630557|1641731|1642267|202685,,,1610612752.0,22400443
1,PT04M11.00S,04:11,Q1 04:11,39.81666666666667,112,substitution,SUB in: P. Achiuwa,[],Achiuwa,17,21,,False,False,1630173,,substitution,3pt missed,,,,1628384|1628398|1628969|1628973|1630173|1630540|1630557|1641731|1642267|202685,1628384|1628969|1628973|1630173|1630540,1628398|1630557|1641731|1642267|202685,,,1610612752.0,22400443
1,PT04M00.00S,04:00,Q1 04:00,40.0,113,3pt,MISS M. Bridges 26' 3PT,['fromturnover'],Bridges,17,21,Missed,True,False,1628969,,substitution,rebound,,,,1628384|1628398|1628969|1628973|1630173|1630540|1630557|1641731|1642267|202685,1628384|1628969|1628973|1630173|1630540,1628398|1630557|1641731|1642267|202685,-116.0,234.0,1610612752.0,22400443
1,PT03M56.00S,03:56,Q1 03:56,38.06666666666667,114,rebound,O. Anunoby REBOUND (Off:1 Def:2),[],Anunoby,17,21,,False,False,1628384,,3pt missed,3pt missed,,,,1628384|1628398|1628969|1628973|1630173|1630540|1630557|1641731|1642267|202685,1628384|1628969|1628973|1630173|1630540,1628398|1630557|1641731|1642267|202685,,,1610612752.0,22400443
1,PT03M54.00S,03:54,Q1 03:54,38.1,115,3pt,MISS O. Anunoby 25' pullup 3PT,"['fromturnover', '2ndchance']",Anunoby,17,21,Missed,True,False,1628384,,rebound,rebound,,,,1628384|1628398|1628969|1628973|1630173|1630540|1630557|1641731|1642267|202685,1628384|1628969|1628973|1630173|1630540,1628398|1630557|1641731|1642267|202685,-238.0,103.0,1610612752.0,22400443
1,PT03M50.00S,03:50,Q1 03:50,38.166666666666664,116,rebound,M. Bridges REBOUND (Off:2 Def:1),[],Bridges,17,21,,False,False,1628969,,3pt missed,3pt missed,,,,1628384|1628398|1628969|1628973|1630173|1630540|1630557|1641731|1642267|202685,1628384|1628969|1628973|1630173|1630540,1628398|1630557|1641731|1642267|202685,,,1610612752.0,22400443
1,PT03M49.00S,03:49,Q1 03:49,38.18333333333333,117,3pt,MISS M. Bridges 3PT,"['fromturnover', '2ndchance']",Bridges,17,21,Missed,True,False,1628969,,rebound,rebound,,,,1628384|1628398|1628969|1628973|1630173|1630540|1630557|1641731|1642267|202685,1628384|1628969|1628973|1630173|1630540,1628398|1630557|1641731|1642267|202685,237.0,25.0,1610612752.0,22400443
1,PT03M44.00S,03:44,Q1 03:44,38.266666666666666,118,rebound,C. Carrington REBOUND (Off:0 Def:2),[],Carrington,17,21,,False,False,1642267,,3pt missed,2pt made,,,,1628384|1628398|1628969|1628973|1630173|1630540|1630557|1641731|1642267|202685,1628398|1630557|1641731|1642267|202685,1628384|1628969|1628973|1630173|1630540,,,1610612764.0,22400443
1,PT03M40.00S,03:40,Q1 03:40,38.333333333333336,119,2pt,K. Kuzma running Layup (2 PTS) (C. Carrington 2 AST),"['fastbreak', 'pointsinthepaint']",Kuzma,19,21,Made,True,True,1628398,1642267.0,rebound,2pt missed,,,,1628384|1628398|1628969|1628973|1630173|1630540|1630557|1641731|1642267|202685,1628398|1630557|1641731|1642267|202685,1628384|1628969|1628973|1630173|1630540,-21.0,0.0,1610612764.0,22400443
1,PT03M28.00S,03:28,Q1 03:28,38.53333333333333,121,2pt,MISS J. Brunson 6' driving floating Shot,['pointsinthepaint'],Brunson,19,21,Missed,True,False,1628973,,2pt made,rebound,,,,1628384|1628398|1628969|1628973|1630173|1630540|1630557|1641731|1642267|202685,1628384|1628969|1628973|1630173|1630540,1628398|1630557|1641731|1642267|202685,-4.0,62.0,1610612752.0,22400443
1,PT03M26.00S,03:26,Q1 03:26,38.56666666666667,122,rebound,J. Valančiūnas REBOUND (Off:2 Def:1),[],Valančiūnas,19,21,,False,False,202685,,2pt missed,2pt made,,,,1628384|1628398|1628969|1628973|1630173|1630540|1630557|1641731|1642267|202685,1628398|1630557|1641731|1642267|202685,1628384|1628969|1628973|1630173|1630540,,,1610612764.0,22400443
1,PT03M22.00S,03:22,Q1 03:22,38.63333333333333,123,2pt,B. Coulibaly running Layup (4 PTS) (K. Kuzma 1 AST),"['pointsinthepaint', 'fastbreak']",Coulibaly,21,21,Made,True,True,1641731,1628398.0,rebound,foul,,,,1628384|1628398|1628969|1628973|1630173|1630540|1630557|1641731|1642267|202685,1628398|1630557|1641731|1642267|202685,1628384|1628969|1628973|1630173|1630540,25.0,8.0,1610612764.0,22400443
1,PT03M16.00S,03:16,Q1 03:16,38.733333333333334,125,foul,C. Carrington shooting personal FOUL (1 PF) (Brunson 2 FT),['2freethrow'],Carrington,21,21,,False,False,1642267,,2pt made,freethrow,1628973.0,,,1628384|1628398|1628969|1628973|1630173|1630540|1630557|1641731|1642267|202685,1628398|1630557|1641731|1642267|202685,1628384|1628969|1628973|1630173|1630540,,,1610612764.0,22400443
1,PT03M16.00S,03:16,Q1 03:16,38.733333333333334,127,freethrow,J. Brunson Free Throw 1 of 2 (6 PTS),[],Brunson,21,22,Made,False,False,1628973,,foul,freethrow,,,,1628384|1628398|1628969|1628973|1630173|1630540|1630557|1641731|1642267|202685,1628384|1628969|1628973|1630173|1630540,1628398|1630557|1641731|1642267|202685,,,1610612752.0,22400443
1,PT03M16.00S,03:16,Q1 03:16,38.733333333333334,130,freethrow,J. Brunson Free Throw 2 of 2 (7 PTS),[],Brunson,21,23,Made,False,False,1628973,,freethrow,substitution,,,,1628384|1628398|1628969|1628973|1630173|1630540|1630557|1641731|1642267|202685,1628384|1628969|1628973|1630173|1630540,1628398|1630557|1641731|1642267|202685,,,1610612752.0,22400443
1,PT03M16.00S,03:16,Q1 03:16,38.733333333333334,128,substitution,SUB out: B. Coulibaly,[],Coulibaly,21,22,,False,False,1641731,,freethrow,substitution,,,,1628384|1628398|1628969|1628973|1630173|1630540|1630557|1642267|202685,1628398|1630557|1642267|202685,1628384|1628969|1628973|1630173|1630540,,,1610612764.0,22400443
1,PT03M16.00S,03:16,Q1 03:16,38.733333333333334,129,substitution,SUB in: K. George,[],George,21,22,,False,False,1642273,,substitution,3pt made,,,,1628384|1628398|1628969|1628973|1630173|1630540|1630557|1642267|1642273|202685,1628398|1630557|1642267|1642273|202685,1628384|1628969|1628973|1630173|1630540,,,1610612764.0,22400443
1,PT03M03.00S,03:03,Q1 03:03,38.95,131,3pt,C. Kispert 28' 3PT  (3 PTS) (J. Valančiūnas 1 AST),[],Kispert,24,23,Made,True,True,1630557,202685.0,substitution,2pt missed,,,,1628384|1628398|1628969|1628973|1630173|1630540|1630557|1642267|1642273|202685,1628398|1630557|1642267|1642273|202685,1628384|1628969|1628973|1630173|1630540,-130.0,252.0,1610612764.0,22400443
1,PT02M52.00S,02:52,Q1 02:52,37.13333333333333,133,2pt,MISS O. Anunoby driving Layup - blocked,['pointsinthepaint'],Anunoby,24,23,Missed,True,False,1628384,,3pt made,block,,,202685.0,1628384|1628398|1628969|1628973|1630173|1630540|1630557|1642267|1642273|202685,1628384|1628969|1628973|1630173|1630540,1628398|1630557|1642267|1642273|202685,-13.0,56.0,1610612752.0,22400443
1,PT02M52.00S,02:52,Q1 02:52,37.13333333333333,134,block,J. Valančiūnas BLOCK (1 BLK),[],Valančiūnas,24,23,,False,False,202685,,2pt missed,rebound,,,,1628384|1628398|1628969|1628973|1630173|1630540|1630557|1642267|1642273|202685,1628398|1630557|1642267|1642273|202685,1628384|1628969|1628973|1630173|1630540,,,1610612764.0,22400443
1,PT02M50.00S,02:50,Q1 02:50,37.166666666666664,135,rebound,J. Valančiūnas REBOUND (Off:2 Def:2),[],Valančiūnas,24,23,,False,False,202685,,block,2pt made,,,,1628384|1628398|1628969|1628973|1630173|1630540|1630557|1642267|1642273|202685,1628398|1630557|1642267|1642273|202685,1628384|1628969|1628973|1630173|1630540,,,1610612764.0,22400443
1,PT02M43.00S,02:43,Q1 02:43,37.28333333333333,136,2pt,K. Kuzma running Layup (4 PTS),"['fastbreak', 'pointsinthepaint']",Kuzma,26,23,Made,True,False,1628398,,rebound,foul,,,,1628384|1628398|1628969|1628973|1630173|1630540|1630557|1642267|1642273|202685,1628398|1630557|1642267|1642273|202685,1628384|1628969|1628973|1630173|1630540,29.0,17.0,1610612764.0,22400443
1,PT02M33.00S,02:33,Q1 02:33,37.45,137,foul,K. George personal FOUL (1 PF) (Brunson 2 FT),"['inpenalty', '2freethrow']",George,26,23,,False,False,1642273,,2pt made,timeout,1628973.0,,,1628384|1628398|1628969|1628973|1630173|1630540|1630557|1642267|1642273|202685,1628398|1630557|1642267|1642273|202685,1628384|1628969|1628973|1630173|1630540,,,1610612764.0,22400443
1,PT02M33.00S,02:33,Q1 02:33,37.45,139,timeout,NYK Timeout,"['team', 'mandatory']",,26,23,,False,False,0,,foul,freethrow,,,,1628384|1628398|1628969|1628973|1630173|1630540|1630557|1642267|1642273|202685,1628384|1628969|1628973|1630173|1630540,1628398|1630557|1642267|1642273|202685,,,1610612752.0,22400443
1,PT02M33.00S,02:33,Q1 02:33,37.45,140,freethrow,J. Brunson Free Throw 1 of 2 (8 PTS),[],Brunson,26,24,Made,False,False,1628973,,timeout,freethrow,,,,1628384|1628398|1628969|1628973|1630173|1630540|1630557|1642267|1642273|202685,1628384|1628969|1628973|1630173|1630540,1628398|1630557|1642267|1642273|202685,,,1610612752.0,22400443
1,PT02M33.00S,02:33,Q1 02:33,37.45,141,freethrow,J. Brunson Free Throw 2 of 2 (9 PTS),[],Brunson,26,25,Made,False,False,1628973,,freethrow,2pt missed,,,,1628384|1628398|1628969|1628973|1630173|1630540|1630557|1642267|1642273|202685,1628384|1628969|1628973|1630173|1630540,1628398|1630557|1642267|1642273|202685,,,1610612752.0,22400443
1,PT02M16.00S,02:16,Q1 02:16,37.733333333333334,142,2pt,MISS K. Kuzma driving Layup,['pointsinthepaint'],Kuzma,26,25,Missed,True,False,1628398,,freethrow,rebound,,,,1628384|1628398|1628969|1628973|1630173|1630540|1630557|1642267|1642273|202685,1628398|1630557|1642267|1642273|202685,1628384|1628969|1628973|1630173|1630540,51.0,15.0,1610612764.0,22400443
1,PT02M15.00S,02:15,Q1 02:15,37.75,143,rebound,P. Achiuwa REBOUND (Off:0 Def:1),[],Achiuwa,26,25,,False,False,1630173,,2pt missed,3pt missed,,,,1628384|1628398|1628969|1628973|1630173|1630540|1630557|1642267|1642273|202685,1628384|1628969|1628973|1630173|1630540,1628398|1630557|1642267|1642273|202685,,,1610612752.0,22400443
1,PT02M02.00S,02:02,Q1 02:02,37.96666666666667,144,3pt,MISS O. Anunoby 24' 3PT,[],Anunoby,26,25,Missed,True,False,1628384,,rebound,rebound,,,,1628384|1628398|1628969|1628973|1630173|1630540|1630557|1642267|1642273|202685,1628384|1628969|1628973|1630173|1630540,1628398|1630557|1642267|1642273|202685,-238.0,63.0,1610612752.0,22400443
1,PT01M59.00S,01:59,Q1 01:59,36.016666666666666,145,rebound,C. Carrington REBOUND (Off:0 Def:3),[],Carrington,26,25,,False,False,1642267,,3pt missed,3pt missed,,,,1628384|1628398|1628969|1628973|1630173|1630540|1630557|1642267|1642273|202685,1628398|1630557|1642267|1642273|202685,1628384|1628969|1628973|1630173|1630540,,,1610612764.0,22400443
1,PT01M50.00S,01:50,Q1 01:50,36.166666666666664,146,3pt,MISS J. Valančiūnas 25' bank 3PT,[],Valančiūnas,26,25,Missed,True,False,202685,,rebound,rebound,,,,1628384|1628398|1628969|1628973|1630173|1630540|1630557|1642267|1642273|202685,1628398|1630557|1642267|1642273|202685,1628384|1628969|1628973|1630173|1630540,-12.0,256.0,1610612764.0,22400443
1,PT01M45.00S,01:45,Q1 01:45,36.25,147,rebound,P. Achiuwa REBOUND (Off:0 Def:2),[],Achiuwa,26,25,,False,False,1630173,,3pt missed,2pt missed,,,,1628384|1628398|1628969|1628973|1630173|1630540|1630557|1642267|1642273|202685,1628384|1628969|1628973|1630173|1630540,1628398|1630557|1642267|1642273|202685,,,1610612752.0,22400443
1,PT01M32.00S,01:32,Q1 01:32,36.46666666666667,148,2pt,MISS M. McBride 20' Jump Shot,[],McBride,26,25,Missed,True,False,1630540,,rebound,rebound,,,,1628384|1628398|1628969|1628973|1630173|1630540|1630557|1642267|1642273|202685,1628384|1628969|1628973|1630173|1630540,1628398|1630557|1642267|1642273|202685,-208.0,15.0,1610612752.0,22400443
1,PT01M30.00S,01:30,Q1 01:30,36.5,149,rebound,K. George REBOUND (Off:0 Def:1),[],George,26,25,,False,False,1642273,,2pt missed,3pt missed,,,,1628384|1628398|1628969|1628973|1630173|1630540|1630557|1642267|1642273|202685,1628398|1630557|1642267|1642273|202685,1628384|1628969|1628973|1630173|1630540,,,1610612764.0,22400443
1,PT01M21.00S,01:21,Q1 01:21,36.65,150,3pt,MISS K. Kuzma 26' 3PT,[],Kuzma,26,25,Missed,True,False,1628398,,rebound,rebound,,,,1628384|1628398|1628969|1628973|1630173|1630540|1630557|1642267|1642273|202685,1628398|1630557|1642267|1642273|202685,1628384|1628969|1628973|1630173|1630540,-20.0,263.0,1610612764.0,22400443
1,PT01M19.00S,01:19,Q1 01:19,36.68333333333333,151,rebound,C. Kispert REBOUND (Off:1 Def:0),[],Kispert,26,25,,False,False,1630557,,3pt missed,2pt missed,,,,1628384|1628398|1628969|1628973|1630173|1630540|1630557|1642267|1642273|202685,1628398|1630557|1642267|1642273|202685,1628384|1628969|1628973|1630173|1630540,,,1610612764.0,22400443
1,PT01M16.00S,01:16,Q1 01:16,36.733333333333334,152,2pt,MISS C. Kispert driving Layup,"['pointsinthepaint', '2ndchance']",Kispert,26,25,Missed,True,False,1630557,,rebound,rebound,,,,1628384|1628398|1628969|1628973|1630173|1630540|1630557|1642267|1642273|202685,1628398|1630557|1642267|1642273|202685,1628384|1628969|1628973|1630173|1630540,-43.0,20.0,1610612764.0,22400443
1,PT01M14.00S,01:14,Q1 01:14,36.766666666666666,153,rebound,J. Valančiūnas REBOUND (Off:3 Def:2),[],Valančiūnas,26,25,,False,False,202685,,2pt missed,2pt made,,,,1628384|1628398|1628969|1628973|1630173|1630540|1630557|1642267|1642273|202685,1628398|1630557|1642267|1642273|202685,1628384|1628969|1628973|1630173|1630540,,,1610612764.0,22400443
1,PT01M13.00S,01:13,Q1 01:13,36.78333333333333,154,2pt,J. Valančiūnas tip Layup (6 PTS),"['pointsinthepaint', '2ndchance']",Valančiūnas,28,25,Made,True,False,202685,,rebound,3pt missed,,,,1628384|1628398|1628969|1628973|1630173|1630540|1630557|1642267|1642273|202685,1628398|1630557|1642267|1642273|202685,1628384|1628969|1628973|1630173|1630540,6.0,6.0,1610612764.0,22400443
1,PT01M03.00S,01:03,Q1 01:03,36.95,155,3pt,MISS M. McBride 26' 3PT,[],McBride,28,25,Missed,True,False,1630540,,2pt made,rebound,,,,1628384|1628398|1628969|1628973|1630173|1630540|1630557|1642267|1642273|202685,1628384|1628969|1628973|1630173|1630540,1628398|1630557|1642267|1642273|202685,85.0,255.0,1610612752.0,22400443
1,PT01M00.00S,01:00,Q1 01:00,37.0,156,rebound,J. Valančiūnas REBOUND (Off:3 Def:3),[],Valančiūnas,28,25,,False,False,202685,,3pt missed,2pt made,,,,1628384|1628398|1628969|1628973|1630173|1630540|1630557|1642267|1642273|202685,1628398|1630557|1642267|1642273|202685,1628384|1628969|1628973|1630173|1630540,,,1610612764.0,22400443
1,PT00M52.40S,00:52,Q1 00:52,35.13333333333333,157,2pt,K. Kuzma driving DUNK (6 PTS) (J. Valančiūnas 2 AST),['pointsinthepaint'],Kuzma,30,25,Made,True,True,1628398,202685.0,rebound,2pt made,,,,1628384|1628398|1628969|1628973|1630173|1630540|1630557|1642267|1642273|202685,1628398|1630557|1642267|1642273|202685,1628384|1628969|1628973|1630173|1630540,4.0,4.0,1610612764.0,22400443
1,PT00M35.40S,00:35,Q1 00:35,35.416666666666664,159,2pt,J. Brunson 7' driving floating Jump Shot (11 PTS),['pointsinthepaint'],Brunson,30,27,Made,True,False,1628973,,2pt made,3pt missed,,,,1628384|1628398|1628969|1628973|1630173|1630540|1630557|1642267|1642273|202685,1628384|1628969|1628973|1630173|1630540,1628398|1630557|1642267|1642273|202685,-47.0,56.0,1610612752.0,22400443
1,PT00M19.50S,00:19,Q1 00:19,35.68333333333333,160,3pt,MISS K. Kuzma 26' pullup 3PT,[],Kuzma,30,27,Missed,True,False,1628398,,2pt made,rebound,,,,1628384|1628398|1628969|1628973|1630173|1630540|1630557|1642267|1642273|202685,1628398|1630557|1642267|1642273|202685,1628384|1628969|1628973|1630173|1630540,135.0,226.0,1610612764.0,22400443
1,PT00M16.60S,00:16,Q1 00:16,35.733333333333334,161,rebound,M. Bridges REBOUND (Off:2 Def:2),[],Bridges,30,27,,False,False,1628969,,3pt missed,3pt missed,,,,1628384|1628398|1628969|1628973|1630173|1630540|1630557|1642267|1642273|202685,1628384|1628969|1628973|1630173|1630540,1628398|1630557|1642267|1642273|202685,,,1610612752.0,22400443
1,PT00M00.10S,00:00,Q1 00:00,36.0,162,3pt,MISS M. McBride 25' 3PT,[],McBride,30,27,Missed,True,False,1630540,,rebound,rebound,,,,1628384|1628398|1628969|1628973|1630173|1630540|1630557|1642267|1642273|202685,1628384|1628969|1628973|1630173|1630540,1628398|1630557|1642267|1642273|202685,-222.0,122.0,1610612752.0,22400443
1,PT00M00.10S,00:00,Q1 00:00,36.0,163,rebound,TEAM offensive REBOUND,['team'],,30,27,,False,False,0,,3pt missed,substitution,,,,1628384|1628398|1628969|1628973|1630173|1630540|1630557|1642267|1642273|202685,1628384|1628969|1628973|1630173|1630540,1628398|1630557|1642267|1642273|202685,,,1610612752.0,22400443
2,PT12M00.00S,12:00,Q2 12:00,36.0,165,substitution,SUB out: C. Carrington,['startperiod'],Carrington,30,27,,False,False,1642267,,rebound,substitution,,,,1628384|1628398|1628969|1628973|1630173|1630540|1630557|1642273|202685,1628398|1630557|1642273|202685,1628384|1628969|1628973|1630173|1630540,,,1610612764.0,22400443
2,PT12M00.00S,12:00,Q2 12:00,36.0,166,substitution,SUB out: O. Anunoby,['startperiod'],Anunoby,30,27,,False,False,1628384,,substitution,substitution,,,,1628398|1628969|1628973|1630173|1630540|1630557|1642273|202685,1628969|1628973|1630173|1630540,1628398|1630557|1642273|202685,,,1610612752.0,22400443
2,PT12M00.00S,12:00,Q2 12:00,36.0,167,substitution,SUB out: J. Brunson,['startperiod'],Brunson,30,27,,False,False,1628973,,substitution,substitution,,,,1628398|1628969|1630173|1630540|1630557|1642273|202685,1628969|1630173|1630540,1628398|1630557|1642273|202685,,,1610612752.0,22400443
2,PT12M00.00S,12:00,Q2 12:00,36.0,168,substitution,SUB in: M. Brogdon,['startperiod'],Brogdon,30,27,,False,False,1627763,,substitution,substitution,,,,1627763|1628398|1628969|1630173|1630540|1630557|1642273|202685,1627763|1628398|1630557|1642273|202685,1628969|1630173|1630540,,,1610612764.0,22400443
2,PT12M00.00S,12:00,Q2 12:00,36.0,169,substitution,SUB in: C. Payne,['startperiod'],Payne,30,27,,False,False,1626166,,substitution,substitution,,,,1626166|1627763|1628398|1628969|1630173|1630540|1630557|1642273|202685,1626166|1628969|1630173|1630540,1627763|1628398|1630557|1642273|202685,,,1610612752.0,22400443
2,PT12M00.00S,12:00,Q2 12:00,36.0,170,substitution,SUB in: K. Towns,['startperiod'],Towns,30,27,,False,False,1626157,,substitution,2pt made,,,,1626157|1626166|1627763|1628398|1628969|1630173|1630540|1630557|1642273|202685,1626157|1626166|1628969|1630173|1630540,1627763|1628398|1630557|1642273|202685,,,1610612752.0,22400443
2,PT11M37.00S,11:37,Q2 11:37,34.38333333333333,172,2pt,K. Towns turnaround bank Hook (10 PTS) (M. McBride 1 AST),['pointsinthepaint'],Towns,30,29,Made,True,True,1626157,1630540.0,substitution,3pt missed,,,,1626157|1626166|1627763|1628398|1628969|1630173|1630540|1630557|1642273|202685,1626157|1626166|1628969|1630173|1630540,1627763|1628398|1630557|1642273|202685,31.0,9.0,1610612752.0,22400443
2,PT11M22.00S,11:22,Q2 11:22,34.63333333333333,175,3pt,MISS K. Kuzma 29' 3PT,[],Kuzma,30,29,Missed,True,False,1628398,,2pt made,rebound,,,,1626157|1626166|1627763|1628398|1628969|1630173|1630540|1630557|1642273|202685,1627763|1628398|1630557|1642273|202685,1626157|1626166|1628969|1630173|1630540,207.0,204.0,1610612764.0,22400443
2,PT11M19.00S,11:19,Q2 11:19,34.68333333333333,176,rebound,TEAM offensive REBOUND,['team'],,30,29,,False,False,0,,3pt missed,foul,,,,1626157|1626166|1627763|1628398|1628969|1630173|1630540|1630557|1642273|202685,1627763|1628398|1630557|1642273|202685,1626157|1626166|1628969|1630173|1630540,,,1610612764.0,22400443
2,PT11M19.00S,11:19,Q2 11:19,34.68333333333333,177,foul,K. Towns loose ball personal FOUL (2 PF),[],Towns,30,29,,False,False,1626157,,rebound,2pt made,202685.0,,,1626157|1626166|1627763|1628398|1628969|1630173|1630540|1630557|1642273|202685,1626157|1626166|1628969|1630173|1630540,1627763|1628398|1630557|1642273|202685,,,1610612752.0,22400443
2,PT11M10.00S,11:10,Q2 11:10,34.833333333333336,179,2pt,J. Valančiūnas 19' Jump Shot (8 PTS) (K. Kuzma 2 AST),['2ndchance'],Valančiūnas,32,29,Made,True,True,202685,1628398.0,foul,foul,,,,1626157|1626166|1627763|1628398|1628969|1630173|1630540|1630557|1642273|202685,1627763|1628398|1630557|1642273|202685,1626157|1626166|1628969|1630173|1630540,-110.0,158.0,1610612764.0,22400443
2,PT10M55.00S,10:55,Q2 10:55,33.083333333333336,181,foul,K. Kuzma shooting personal FOUL (1 PF) (Towns 2 FT),['2freethrow'],Kuzma,32,29,,False,False,1628398,,2pt made,freethrow,1626157.0,,,1626157|1626166|1627763|1628398|1628969|1630173|1630540|1630557|1642273|202685,1627763|1628398|1630557|1642273|202685,1626157|1626166|1628969|1630173|1630540,,,1610612764.0,22400443
2,PT10M55.00S,10:55,Q2 10:55,33.083333333333336,183,freethrow,K. Towns Free Throw 1 of 2 (11 PTS),[],Towns,32,30,Made,False,False,1626157,,foul,freethrow,,,,1626157|1626166|1627763|1628398|1628969|1630173|1630540|1630557|1642273|202685,1626157|1626166|1628969|1630173|1630540,1627763|1628398|1630557|1642273|202685,,,1610612752.0,22400443
2,PT10M55.00S,10:55,Q2 10:55,33.083333333333336,186,freethrow,MISS K. Towns Free Throw 2 of 2,[],Towns,32,30,Missed,False,False,1626157,,freethrow,substitution,,,,1626157|1626166|1627763|1628398|1628969|1630173|1630540|1630557|1642273|202685,1626157|1626166|1628969|1630173|1630540,1627763|1628398|1630557|1642273|202685,,,1610612752.0,22400443
2,PT10M55.00S,10:55,Q2 10:55,33.083333333333336,184,substitution,SUB out: M. Bridges,[],Bridges,32,30,,False,False,1628969,,freethrow,substitution,,,,1626157|1626166|1627763|1628398|1630173|1630540|1630557|1642273|202685,1626157|1626166|1630173|1630540,1627763|1628398|1630557|1642273|202685,,,1610612752.0,22400443
2,PT10M55.00S,10:55,Q2 10:55,33.083333333333336,185,substitution,SUB in: L. Shamet,[],Shamet,32,30,,False,False,1629013,,substitution,rebound,,,,1626157|1626166|1627763|1628398|1629013|1630173|1630540|1630557|1642273|202685,1626157|1626166|1629013|1630173|1630540,1627763|1628398|1630557|1642273|202685,,,1610612752.0,22400443
2,PT10M52.00S,10:52,Q2 10:52,33.13333333333333,187,rebound,K. Kuzma REBOUND (Off:0 Def:1),[],Kuzma,32,30,,False,False,1628398,,substitution,2pt made,,,,1626157|1626166|1627763|1628398|1629013|1630173|1630540|1630557|1642273|202685,1627763|1628398|1630557|1642273|202685,1626157|1626166|1629013|1630173|1630540,,,1610612764.0,22400443
2,PT10M44.00S,10:44,Q2 10:44,33.266666666666666,188,2pt,K. Kuzma driving floating Jump Shot (8 PTS),['pointsinthepaint'],Kuzma,34,30,Made,True,False,1628398,,rebound,foul,,,,1626157|1626166|1627763|1628398|1629013|1630173|1630540|1630557|1642273|202685,1627763|1628398|1630557|1642273|202685,1626157|1626166|1629013|1630173|1630540,4.0,26.0,1610612764.0,22400443
2,PT10M37.00S,10:37,Q2 10:37,33.38333333333333,189,foul,C. Kispert personal FOUL (1 PF),[],Kispert,34,30,,False,False,1630557,,2pt made,substitution,1629013.0,,,1626157|1626166|1627763|1628398|1629013|1630173|1630540|1630557|1642273|202685,1627763|1628398|1630557|1642273|202685,1626157|1626166|1629013|1630173|1630540,,,1610612764.0,22400443
2,PT10M37.00S,10:37,Q2 10:37,33.38333333333333,191,substitution,SUB out: P. Achiuwa,[],Achiuwa,34,30,,False,False,1630173,,foul,substitution,,,,1626157|1626166|1627763|1628398|1629013|1630540|1630557|1642273|202685,1626157|1626166|1629013|1630540,1627763|1628398|1630557|1642273|202685,,,1610612752.0,22400443
2,PT10M37.00S,10:37,Q2 10:37,33.38333333333333,192,substitution,SUB in: J. Hart,[],Hart,34,30,,False,False,1628404,,substitution,turnover,,,,1626157|1626166|1627763|1628398|1628404|1629013|1630540|1630557|1642273|202685,1626157|1626166|1628404|1629013|1630540,1627763|1628398|1630557|1642273|202685,,,1610612752.0,22400443
2,PT10M26.00S,10:26,Q2 10:26,33.56666666666667,193,turnover,C. Payne bad pass TURNOVER (1 TO),[],Payne,34,30,,False,False,1626166,,substitution,steal,,1627763.0,,1626157|1626166|1627763|1628398|1628404|1629013|1630540|1630557|1642273|202685,1626157|1626166|1628404|1629013|1630540,1627763|1628398|1630557|1642273|202685,,,1610612752.0,22400443
2,PT10M26.00S,10:26,Q2 10:26,33.56666666666667,194,steal,M. Brogdon STEAL (2 STL),[],Brogdon,34,30,,False,False,1627763,,turnover,2pt made,,,,1626157|1626166|1627763|1628398|1628404|1629013|1630540|1630557|1642273|202685,1627763|1628398|1630557|1642273|202685,1626157|1626166|1628404|1629013|1630540,,,1610612764.0,22400443
2,PT10M20.00S,10:20,Q2 10:20,33.666666666666664,195,2pt,J. Valančiūnas cutting Layup (10 PTS) (M. Brogdon 2 AST),"['pointsinthepaint', 'fromturnover']",Valančiūnas,36,30,Made,True,True,202685,1627763.0,steal,foul,,,,1626157|1626166|1627763|1628398|1628404|1629013|1630540|1630557|1642273|202685,1627763|1628398|1630557|1642273|202685,1626157|1626166|1628404|1629013|1630540,11.0,-1.0,1610612764.0,22400443
2,PT10M20.00S,10:20,Q2 10:20,33.666666666666664,197,foul,L. Shamet shooting personal FOUL (1 PF) (Valančiūnas 1 FT),['1freethrow'],Shamet,36,30,,False,False,1629013,,2pt made,freethrow,202685.0,,,1626157|1626166|1627763|1628398|1628404|1629013|1630540|1630557|1642273|202685,1626157|1626166|1628404|1629013|1630540,1627763|1628398|1630557|1642273|202685,,,1610612752.0,22400443
2,PT10M20.00S,10:20,Q2 10:20,33.666666666666664,199,freethrow,J. Valančiūnas Free Throw 1 of 1 (11 PTS),['fromturnover'],Valančiūnas,37,30,Made,False,False,202685,,foul,3pt made,,,,1626157|1626166|1627763|1628398|1628404|1629013|1630540|1630557|1642273|202685,1627763|1628398|1630557|1642273|202685,1626157|1626166|1628404|1629013|1630540,,,1610612764.0,22400443
2,PT10M01.00S,10:01,Q2 10:01,33.983333333333334,200,3pt,J. Hart 26' 3PT  (3 PTS) (M. McBride 2 AST),[],Hart,37,33,Made,True,True,1628404,1630540.0,freethrow,3pt made,,,,1626157|1626166|1627763|1628398|1628404|1629013|1630540|1630557|1642273|202685,1626157|1626166|1628404|1629013|1630540,1627763|1628398|1630557|1642273|202685,131.0,234.0,1610612752.0,22400443
2,PT09M46.00S,09:46,Q2 09:46,32.233333333333334,202,3pt,J. Valančiūnas 25' 3PT  (14 PTS) (M. Brogdon 3 AST),[],Valančiūnas,40,33,Made,True,True,202685,1627763.0,3pt made,3pt made,,,,1626157|1626166|1627763|1628398|1628404|1629013|1630540|1630557|1642273|202685,1627763|1628398|1630557|1642273|202685,1626157|1626166|1628404|1629013|1630540,-18.0,254.0,1610612764.0,22400443
2,PT09M32.00S,09:32,Q2 09:32,32.46666666666667,204,3pt,J. Hart 25' 3PT  (6 PTS) (L. Shamet 1 AST),[],Hart,40,36,Made,True,True,1628404,1629013.0,3pt made,foul,,,,1626157|1626166|1627763|1628398|1628404|1629013|1630540|1630557|1642273|202685,1626157|1626166|1628404|1629013|1630540,1627763|1628398|1630557|1642273|202685,-211.0,150.0,1610612752.0,22400443
2,PT09M16.00S,09:16,Q2 09:16,32.733333333333334,206,foul,M. McBride personal FOUL (1 PF),[],McBride,40,36,,False,False,1630540,,3pt made,substitution,1627763.0,,,1626157|1626166|1627763|1628398|1628404|1629013|1630540|1630557|1642273|202685,1626157|1626166|1628404|1629013|1630540,1627763|1628398|1630557|1642273|202685,,,1610612752.0,22400443
2,PT09M16.00S,09:16,Q2 09:16,32.733333333333334,208,substitution,SUB out: K. Kuzma,[],Kuzma,40,36,,False,False,1628398,,foul,substitution,,,,1626157|1626166|1627763|1628404|1629013|1630540|1630557|1642273|202685,1627763|1630557|1642273|202685,1626157|1626166|1628404|1629013|1630540,,,1610612764.0,22400443
2,PT09M16.00S,09:16,Q2 09:16,32.733333333333334,209,substitution,SUB in: J. Champagnie,[],Champagnie,40,36,,False,False,1630551,,substitution,turnover,,,,1626157|1626166|1627763|1628404|1629013|1630540|1630551|1630557|1642273|202685,1627763|1630551|1630557|1642273|202685,1626157|1626166|1628404|1629013|1630540,,,1610612764.0,22400443
2,PT09M10.00S,09:10,Q2 09:10,32.833333333333336,210,turnover,K. George bad pass TURNOVER (1 TO),[],George,40,36,,False,False,1642273,,substitution,steal,,1630540.0,,1626157|1626166|1627763|1628404|1629013|1630540|1630551|1630557|1642273|202685,1627763|1630551|1630557|1642273|202685,1626157|1626166|1628404|1629013|1630540,,,1610612764.0,22400443
2,PT09M10.00S,09:10,Q2 09:10,32.833333333333336,211,steal,M. McBride STEAL (1 STL),[],McBride,40,36,,False,False,1630540,,turnover,2pt missed,,,,1626157|1626166|1627763|1628404|1629013|1630540|1630551|1630557|1642273|202685,1626157|1626166|1628404|1629013|1630540,1627763|1630551|1630557|1642273|202685,,,1610612752.0,22400443
2,PT09M06.00S,09:06,Q2 09:06,32.9,212,2pt,MISS M. McBride running Layup - blocked,"['pointsinthepaint', 'fromturnover', 'fastbreak']",McBride,40,36,Missed,True,False,1630540,,steal,block,,,1642273.0,1626157|1626166|1627763|1628404|1629013|1630540|1630551|1630557|1642273|202685,1626157|1626166|1628404|1629013|1630540,1627763|1630551|1630557|1642273|202685,-25.0,5.0,1610612752.0,22400443
2,PT09M06.00S,09:06,Q2 09:06,32.9,216,block,K. George BLOCK (1 BLK),[],George,40,36,,False,False,1642273,,2pt missed,rebound,,,,1626157|1626166|1627763|1628404|1629013|1630540|1630551|1630557|1642273|202685,1627763|1630551|1630557|1642273|202685,1626157|1626166|1628404|1629013|1630540,,,1610612764.0,22400443
2,PT09M02.00S,09:02,Q2 09:02,32.96666666666667,213,rebound,J. Hart REBOUND (Off:1 Def:0),[],Hart,40,36,,False,False,1628404,,block,3pt made,,,,1626157|1626166|1627763|1628404|1629013|1630540|1630551|1630557|1642273|202685,1626157|1626166|1628404|1629013|1630540,1627763|1630551|1630557|1642273|202685,,,1610612752.0,22400443
2,PT09M00.00S,09:00,Q2 09:00,33.0,214,3pt,J. Hart 25' 3PT step back (9 PTS),"['fromturnover', '2ndchance']",Hart,40,39,Made,True,False,1628404,,rebound,timeout,,,,1626157|1626166|1627763|1628404|1629013|1630540|1630551|1630557|1642273|202685,1626157|1626166|1628404|1629013|1630540,1627763|1630551|1630557|1642273|202685,-230.0,119.0,1610612752.0,22400443
2,PT08M53.00S,08:53,Q2 08:53,31.116666666666667,215,timeout,WAS Timeout,"['team', 'mandatory']",,40,39,,False,False,0,,3pt made,3pt missed,,,,1626157|1626166|1627763|1628404|1629013|1630540|1630551|1630557|1642273|202685,1627763|1630551|1630557|1642273|202685,1626157|1626166|1628404|1629013|1630540,,,1610612764.0,22400443
2,PT08M45.00S,08:45,Q2 08:45,31.25,217,3pt,MISS C. Kispert 25' 3PT,[],Kispert,40,39,Missed,True,False,1630557,,timeout,rebound,,,,1626157|1626166|1627763|1628404|1629013|1630540|1630551|1630557|1642273|202685,1627763|1630551|1630557|1642273|202685,1626157|1626166|1628404|1629013|1630540,104.0,230.0,1610612764.0,22400443
2,PT08M44.00S,08:44,Q2 08:44,31.266666666666666,218,rebound,K. Towns REBOUND (Off:3 Def:4),[],Towns,40,39,,False,False,1626157,,3pt missed,foul,,,,1626157|1626166|1627763|1628404|1629013|1630540|1630551|1630557|1642273|202685,1626157|1626166|1628404|1629013|1630540,1627763|1630551|1630557|1642273|202685,,,1610612752.0,22400443
2,PT08M39.00S,08:39,Q2 08:39,31.35,219,foul,J. Valančiūnas shooting personal FOUL (2 PF) (Hart 2 FT),['2freethrow'],Valančiūnas,40,39,,False,False,202685,,rebound,freethrow,1628404.0,,,1626157|1626166|1627763|1628404|1629013|1630540|1630551|1630557|1642273|202685,1627763|1630551|1630557|1642273|202685,1626157|1626166|1628404|1629013|1630540,,,1610612764.0,22400443
2,PT08M39.00S,08:39,Q2 08:39,31.35,221,freethrow,J. Hart Free Throw 1 of 2 (10 PTS),['fastbreak'],Hart,40,40,Made,False,False,1628404,,foul,freethrow,,,,1626157|1626166|1627763|1628404|1629013|1630540|1630551|1630557|1642273|202685,1626157|1626166|1628404|1629013|1630540,1627763|1630551|1630557|1642273|202685,,,1610612752.0,22400443
2,PT08M39.00S,08:39,Q2 08:39,31.35,222,freethrow,MISS J. Hart Free Throw 2 of 2,['fastbreak'],Hart,40,40,Missed,False,False,1628404,,freethrow,rebound,,,,1626157|1626166|1627763|1628404|1629013|1630540|1630551|1630557|1642273|202685,1626157|1626166|1628404|1629013|1630540,1627763|1630551|1630557|1642273|202685,,,1610612752.0,22400443
2,PT08M35.00S,08:35,Q2 08:35,31.416666666666668,223,rebound,K. Towns REBOUND (Off:4 Def:4),[],Towns,40,40,,False,False,1626157,,freethrow,3pt missed,,,,1626157|1626166|1627763|1628404|1629013|1630540|1630551|1630557|1642273|202685,1626157|1626166|1628404|1629013|1630540,1627763|1630551|1630557|1642273|202685,,,1610612752.0,22400443
2,PT08M33.00S,08:33,Q2 08:33,31.45,224,3pt,MISS K. Towns step back 3PT,['2ndchance'],Towns,40,40,Missed,True,False,1626157,,rebound,rebound,,,,1626157|1626166|1627763|1628404|1629013|1630540|1630551|1630557|1642273|202685,1626157|1626166|1628404|1629013|1630540,1627763|1630551|1630557|1642273|202685,232.0,-5.0,1610612752.0,22400443
2,PT08M33.00S,08:33,Q2 08:33,31.45,225,rebound,TEAM defensive REBOUND,['team'],,40,40,,False,False,0,,3pt missed,foul,,,,1626157|1626166|1627763|1628404|1629013|1630540|1630551|1630557|1642273|202685,1627763|1630551|1630557|1642273|202685,1626157|1626166|1628404|1629013|1630540,,,1610612764.0,22400443
2,PT08M33.00S,08:33,Q2 08:33,31.45,226,foul,J. Hart loose ball personal FOUL (1 PF),[],Hart,40,40,,False,False,1628404,,rebound,foul,1630551.0,,,1626157|1626166|1627763|1628404|1629013|1630540|1630551|1630557|1642273|202685,1626157|1626166|1628404|1629013|1630540,1627763|1630551|1630557|1642273|202685,,,1610612752.0,22400443
2,PT08M20.00S,08:20,Q2 08:20,31.666666666666668,228,foul,C. Payne shooting personal FOUL (1 PF) (George 2 FT),"['inpenalty', '2freethrow']",Payne,40,40,,False,False,1626166,,foul,freethrow,1642273.0,,,1626157|1626166|1627763|1628404|1629013|1630540|1630551|1630557|1642273|202685,1626157|1626166|1628404|1629013|1630540,1627763|1630551|1630557|1642273|202685,,,1610612752.0,22400443
2,PT08M20.00S,08:20,Q2 08:20,31.666666666666668,230,freethrow,MISS K. George Free Throw 1 of 2,[],George,40,40,Missed,False,False,1642273,,foul,rebound,,,,1626157|1626166|1627763|1628404|1629013|1630540|1630551|1630557|1642273|202685,1627763|1630551|1630557|1642273|202685,1626157|1626166|1628404|1629013|1630540,,,1610612764.0,22400443
2,PT08M20.00S,08:20,Q2 08:20,31.666666666666668,231,rebound,TEAM offensive REBOUND,"['deadball', 'team']",,40,40,,False,False,0,,freethrow,freethrow,,,,1626157|1626166|1627763|1628404|1629013|1630540|1630551|1630557|1642273|202685,1627763|1630551|1630557|1642273|202685,1626157|1626166|1628404|1629013|1630540,,,1610612764.0,22400443
2,PT08M20.00S,08:20,Q2 08:20,31.666666666666668,232,freethrow,K. George Free Throw 2 of 2 (1 PTS),[],George,41,40,Made,False,False,1642273,,rebound,2pt made,,,,1626157|1626166|1627763|1628404|1629013|1630540|1630551|1630557|1642273|202685,1627763|1630551|1630557|1642273|202685,1626157|1626166|1628404|1629013|1630540,,,1610612764.0,22400443
2,PT08M04.00S,08:04,Q2 08:04,31.933333333333334,233,2pt,J. Hart Layup (12 PTS) (K. Towns 1 AST),['pointsinthepaint'],Hart,41,42,Made,True,True,1628404,1626157.0,freethrow,2pt missed,,,,1626157|1626166|1627763|1628404|1629013|1630540|1630551|1630557|1642273|202685,1626157|1626166|1628404|1629013|1630540,1627763|1630551|1630557|1642273|202685,13.0,3.0,1610612752.0,22400443
2,PT07M47.00S,07:47,Q2 07:47,30.216666666666665,235,2pt,MISS J. Valančiūnas 8' turnaround fadeaway Shot,['pointsinthepaint'],Valančiūnas,41,42,Missed,True,False,202685,,2pt made,rebound,,,,1626157|1626166|1627763|1628404|1629013|1630540|1630551|1630557|1642273|202685,1627763|1630551|1630557|1642273|202685,1626157|1626166|1628404|1629013|1630540,-65.0,54.0,1610612764.0,22400443
2,PT07M45.00S,07:45,Q2 07:45,30.25,236,rebound,J. Hart REBOUND (Off:1 Def:1),[],Hart,41,42,,False,False,1628404,,2pt missed,3pt missed,,,,1626157|1626166|1627763|1628404|1629013|1630540|1630551|1630557|1642273|202685,1626157|1626166|1628404|1629013|1630540,1627763|1630551|1630557|1642273|202685,,,1610612752.0,22400443
2,PT07M38.00S,07:38,Q2 07:38,30.366666666666667,237,3pt,MISS C. Payne 26' 3PT,[],Payne,41,42,Missed,True,False,1626166,,rebound,rebound,,,,1626157|1626166|1627763|1628404|1629013|1630540|1630551|1630557|1642273|202685,1626157|1626166|1628404|1629013|1630540,1627763|1630551|1630557|1642273|202685,207.0,161.0,1610612752.0,22400443
2,PT07M35.00S,07:35,Q2 07:35,30.416666666666668,238,rebound,M. McBride REBOUND (Off:1 Def:0),[],McBride,41,42,,False,False,1630540,,3pt missed,2pt missed,,,,1626157|1626166|1627763|1628404|1629013|1630540|1630551|1630557|1642273|202685,1626157|1626166|1628404|1629013|1630540,1627763|1630551|1630557|1642273|202685,,,1610612752.0,22400443
2,PT07M33.00S,07:33,Q2 07:33,30.45,239,2pt,MISS L. Shamet 13' pullup Shot,['2ndchance'],Shamet,41,42,Missed,True,False,1629013,,rebound,rebound,,,,1626157|1626166|1627763|1628404|1629013|1630540|1630551|1630557|1642273|202685,1626157|1626166|1628404|1629013|1630540,1627763|1630551|1630557|1642273|202685,-130.0,48.0,1610612752.0,22400443
2,PT07M28.00S,07:28,Q2 07:28,30.533333333333335,240,rebound,M. Brogdon REBOUND (Off:1 Def:2),[],Brogdon,41,42,,False,False,1627763,,2pt missed,2pt made,,,,1626157|1626166|1627763|1628404|1629013|1630540|1630551|1630557|1642273|202685,1627763|1630551|1630557|1642273|202685,1626157|1626166|1628404|1629013|1630540,,,1610612764.0,22400443
2,PT07M12.00S,07:12,Q2 07:12,30.8,241,2pt,J. Valančiūnas 8' turnaround fadeaway Jump Shot (16 PTS) (M. Brogdon 4 AST),['pointsinthepaint'],Valančiūnas,43,42,Made,True,True,202685,1627763.0,rebound,2pt made,,,,1626157|1626166|1627763|1628404|1629013|1630540|1630551|1630557|1642273|202685,1627763|1630551|1630557|1642273|202685,1626157|1626166|1628404|1629013|1630540,-65.0,54.0,1610612764.0,22400443
2,PT07M00.00S,07:00,Q2 07:00,31.0,243,2pt,J. Hart 11' step back Jump Shot (14 PTS) (M. McBride 3 AST),['pointsinthepaint'],Hart,43,44,Made,True,True,1628404,1630540.0,2pt made,substitution,,,,1626157|1626166|1627763|1628404|1629013|1630540|1630551|1630557|1642273|202685,1626157|1626166|1628404|1629013|1630540,1627763|1630551|1630557|1642273|202685,-59.0,96.0,1610612752.0,22400443
2,PT06M48.00S,06:48,Q2 06:48,29.2,246,substitution,SUB out: M. Brogdon,[],Brogdon,43,44,,False,False,1627763,,2pt made,substitution,,,,1626157|1626166|1628404|1629013|1630540|1630551|1630557|1642273|202685,1630551|1630557|1642273|202685,1626157|1626166|1628404|1629013|1630540,,,1610612764.0,22400443
2,PT06M48.00S,06:48,Q2 06:48,29.2,247,substitution,SUB out: J. Valančiūnas,[],Valančiūnas,43,44,,False,False,202685,,substitution,substitution,,,,1626157|1626166|1628404|1629013|1630540|1630551|1630557|1642273,1630551|1630557|1642273,1626157|1626166|1628404|1629013|1630540,,,1610612764.0,22400443
2,PT06M48.00S,06:48,Q2 06:48,29.2,248,substitution,SUB out: C. Kispert,[],Kispert,43,44,,False,False,1630557,,substitution,substitution,,,,1626157|1626166|1628404|1629013|1630540|1630551|1642273,1630551|1642273,1626157|1626166|1628404|1629013|1630540,,,1610612764.0,22400443
2,PT06M48.00S,06:48,Q2 06:48,29.2,249,substitution,SUB out: M. McBride,[],McBride,43,44,,False,False,1630540,,substitution,substitution,,,,1626157|1626166|1628404|1629013|1630551|1642273,1626157|1626166|1628404|1629013,1630551|1642273,,,1610612752.0,22400443
2,PT06M48.00S,06:48,Q2 06:48,29.2,250,substitution,SUB in: B. Coulibaly,[],Coulibaly,43,44,,False,False,1641731,,substitution,substitution,,,,1626157|1626166|1628404|1629013|1630551|1641731|1642273,1630551|1641731|1642273,1626157|1626166|1628404|1629013,,,1610612764.0,22400443
2,PT06M48.00S,06:48,Q2 06:48,29.2,251,substitution,SUB in: A. Sarr,[],Sarr,43,44,,False,False,1642259,,substitution,substitution,,,,1626157|1626166|1628404|1629013|1630551|1641731|1642259|1642273,1630551|1641731|1642259|1642273,1626157|1626166|1628404|1629013,,,1610612764.0,22400443
2,PT06M48.00S,06:48,Q2 06:48,29.2,252,substitution,SUB in: C. Carrington,[],Carrington,43,44,,False,False,1642267,,substitution,substitution,,,,1626157|1626166|1628404|1629013|1630551|1641731|1642259|1642267|1642273,1630551|1641731|1642259|1642267|1642273,1626157|1626166|1628404|1629013,,,1610612764.0,22400443
2,PT06M48.00S,06:48,Q2 06:48,29.2,253,substitution,SUB in: M. Bridges,[],Bridges,43,44,,False,False,1628969,,substitution,2pt missed,,,,1626157|1626166|1628404|1628969|1629013|1630551|1641731|1642259|1642267|1642273,1626157|1626166|1628404|1628969|1629013,1630551|1641731|1642259|1642267|1642273,,,1610612752.0,22400443
2,PT06M34.00S,06:34,Q2 06:34,29.433333333333334,254,2pt,MISS B. Coulibaly driving bank Shot,['pointsinthepaint'],Coulibaly,43,44,Missed,True,False,1641731,,substitution,rebound,,,,1626157|1626166|1628404|1628969|1629013|1630551|1641731|1642259|1642267|1642273,1630551|1641731|1642259|1642267|1642273,1626157|1626166|1628404|1628969|1629013,53.0,25.0,1610612764.0,22400443
2,PT06M32.00S,06:32,Q2 06:32,29.466666666666665,255,rebound,J. Hart REBOUND (Off:1 Def:2),[],Hart,43,44,,False,False,1628404,,2pt missed,3pt missed,,,,1626157|1626166|1628404|1628969|1629013|1630551|1641731|1642259|1642267|1642273,1626157|1626166|1628404|1628969|1629013,1630551|1641731|1642259|1642267|1642273,,,1610612752.0,22400443
2,PT06M27.00S,06:27,Q2 06:27,29.55,256,3pt,MISS M. Bridges 25' 3PT,[],Bridges,43,44,Missed,True,False,1628969,,rebound,rebound,,,,1626157|1626166|1628404|1628969|1629013|1630551|1641731|1642259|1642267|1642273,1626157|1626166|1628404|1628969|1629013,1630551|1641731|1642259|1642267|1642273,-219.0,127.0,1610612752.0,22400443
2,PT06M24.00S,06:24,Q2 06:24,29.6,257,rebound,J. Champagnie REBOUND (Off:0 Def:1),[],Champagnie,43,44,,False,False,1630551,,3pt missed,3pt missed,,,,1626157|1626166|1628404|1628969|1629013|1630551|1641731|1642259|1642267|1642273,1630551|1641731|1642259|1642267|1642273,1626157|1626166|1628404|1628969|1629013,,,1610612764.0,22400443
2,PT06M19.00S,06:19,Q2 06:19,29.683333333333334,258,3pt,MISS J. Champagnie 26' running 3PT,['fastbreak'],Champagnie,43,44,Missed,True,False,1630551,,rebound,rebound,,,,1626157|1626166|1628404|1628969|1629013|1630551|1641731|1642259|1642267|1642273,1630551|1641731|1642259|1642267|1642273,1626157|1626166|1628404|1628969|1629013,69.0,256.0,1610612764.0,22400443
2,PT06M17.00S,06:17,Q2 06:17,29.716666666666665,259,rebound,K. Towns REBOUND (Off:4 Def:5),[],Towns,43,44,,False,False,1626157,,3pt missed,3pt made,,,,1626157|1626166|1628404|1628969|1629013|1630551|1641731|1642259|1642267|1642273,1626157|1626166|1628404|1628969|1629013,1630551|1641731|1642259|1642267|1642273,,,1610612752.0,22400443
2,PT06M03.00S,06:03,Q2 06:03,29.95,260,3pt,C. Payne 24' 3PT  (3 PTS) (J. Hart 2 AST),[],Payne,43,47,Made,True,True,1626166,1628404.0,rebound,3pt missed,,,,1626157|1626166|1628404|1628969|1629013|1630551|1641731|1642259|1642267|1642273,1626157|1626166|1628404|1628969|1629013,1630551|1641731|1642259|1642267|1642273,239.0,61.0,1610612752.0,22400443
2,PT05M45.00S,05:45,Q2 05:45,28.25,262,3pt,MISS B. Coulibaly 29' 3PT,[],Coulibaly,43,47,Missed,True,False,1641731,,3pt made,rebound,,,,1626157|1626166|1628404|1628969|1629013|1630551|1641731|1642259|1642267|1642273,1630551|1641731|1642259|1642267|1642273,1626157|1626166|1628404|1628969|1629013,-172.0,246.0,1610612764.0,22400443
2,PT05M42.00S,05:42,Q2 05:42,28.3,263,rebound,L. Shamet REBOUND (Off:0 Def:1),[],Shamet,43,47,,False,False,1629013,,3pt missed,3pt missed,,,,1626157|1626166|1628404|1628969|1629013|1630551|1641731|1642259|1642267|1642273,1626157|1626166|1628404|1628969|1629013,1630551|1641731|1642259|1642267|1642273,,,1610612752.0,22400443
2,PT05M37.00S,05:37,Q2 05:37,28.383333333333333,264,3pt,MISS C. Payne 30' running 3PT - blocked,['fastbreak'],Payne,43,47,Missed,True,False,1626166,,rebound,block,,,1630551.0,1626157|1626166|1628404|1628969|1629013|1630551|1641731|1642259|1642267|1642273,1626157|1626166|1628404|1628969|1629013,1630551|1641731|1642259|1642267|1642273,227.0,209.0,1610612752.0,22400443
2,PT05M37.00S,05:37,Q2 05:37,28.383333333333333,265,block,J. Champagnie BLOCK (1 BLK),[],Champagnie,43,47,,False,False,1630551,,3pt missed,rebound,,,,1626157|1626166|1628404|1628969|1629013|1630551|1641731|1642259|1642267|1642273,1630551|1641731|1642259|1642267|1642273,1626157|1626166|1628404|1628969|1629013,,,1610612764.0,22400443
2,PT05M33.00S,05:33,Q2 05:33,28.45,266,rebound,B. Coulibaly REBOUND (Off:0 Def:2),[],Coulibaly,43,47,,False,False,1641731,,block,3pt missed,,,,1626157|1626166|1628404|1628969|1629013|1630551|1641731|1642259|1642267|1642273,1630551|1641731|1642259|1642267|1642273,1626157|1626166|1628404|1628969|1629013,,,1610612764.0,22400443
2,PT05M29.00S,05:29,Q2 05:29,28.516666666666666,267,3pt,MISS C. Carrington 26' running pullup 3PT,['fastbreak'],Carrington,43,47,Missed,True,False,1642267,,rebound,rebound,,,,1626157|1626166|1628404|1628969|1629013|1630551|1641731|1642259|1642267|1642273,1630551|1641731|1642259|1642267|1642273,1626157|1626166|1628404|1628969|1629013,-140.0,227.0,1610612764.0,22400443
2,PT05M26.00S,05:26,Q2 05:26,28.566666666666666,268,rebound,J. Hart REBOUND (Off:1 Def:3),[],Hart,43,47,,False,False,1628404,,3pt missed,2pt made,,,,1626157|1626166|1628404|1628969|1629013|1630551|1641731|1642259|1642267|1642273,1626157|1626166|1628404|1628969|1629013,1630551|1641731|1642259|1642267|1642273,,,1610612752.0,22400443
2,PT05M18.00S,05:18,Q2 05:18,28.7,269,2pt,J. Hart 10' driving floating Jump Shot (16 PTS) (C. Payne 1 AST),['pointsinthepaint'],Hart,43,49,Made,True,True,1628404,1626166.0,rebound,foul,,,,1626157|1626166|1628404|1628969|1629013|1630551|1641731|1642259|1642267|1642273,1626157|1626166|1628404|1628969|1629013,1630551|1641731|1642259|1642267|1642273,-53.0,92.0,1610612752.0,22400443
2,PT05M18.00S,05:18,Q2 05:18,28.7,270,foul,J. Champagnie personal FOUL (1 PF) (Hart 1 FT),['1freethrow'],Champagnie,43,49,,False,False,1630551,,2pt made,timeout,1628404.0,,,1626157|1626166|1628404|1628969|1629013|1630551|1641731|1642259|1642267|1642273,1630551|1641731|1642259|1642267|1642273,1626157|1626166|1628404|1628969|1629013,,,1610612764.0,22400443
2,PT05M18.00S,05:18,Q2 05:18,28.7,276,timeout,WAS Timeout,"['team', 'mandatory']",,43,49,,False,False,0,,foul,freethrow,,,,1626157|1626166|1628404|1628969|1629013|1630551|1641731|1642259|1642267|1642273,1630551|1641731|1642259|1642267|1642273,1626157|1626166|1628404|1628969|1629013,,,1610612764.0,22400443
2,PT05M18.00S,05:18,Q2 05:18,28.7,277,freethrow,J. Hart Free Throw 1 of 1 (17 PTS),[],Hart,43,50,Made,False,False,1628404,,timeout,substitution,,,,1626157|1626166|1628404|1628969|1629013|1630551|1641731|1642259|1642267|1642273,1626157|1626166|1628404|1628969|1629013,1630551|1641731|1642259|1642267|1642273,,,1610612752.0,22400443
2,PT05M18.00S,05:18,Q2 05:18,28.7,272,substitution,SUB out: C. Payne,[],Payne,43,49,,False,False,1626166,,freethrow,substitution,,,,1626157|1628404|1628969|1629013|1630551|1641731|1642259|1642267|1642273,1626157|1628404|1628969|1629013,1630551|1641731|1642259|1642267|1642273,,,1610612752.0,22400443
2,PT05M18.00S,05:18,Q2 05:18,28.7,273,substitution,SUB out: L. Shamet,[],Shamet,43,49,,False,False,1629013,,substitution,substitution,,,,1626157|1628404|1628969|1630551|1641731|1642259|1642267|1642273,1626157|1628404|1628969,1630551|1641731|1642259|1642267|1642273,,,1610612752.0,22400443
2,PT05M18.00S,05:18,Q2 05:18,28.7,274,substitution,SUB in: J. Brunson,[],Brunson,43,49,,False,False,1628973,,substitution,substitution,,,,1626157|1628404|1628969|1628973|1630551|1641731|1642259|1642267|1642273,1626157|1628404|1628969|1628973,1630551|1641731|1642259|1642267|1642273,,,1610612752.0,22400443
2,PT05M18.00S,05:18,Q2 05:18,28.7,275,substitution,SUB in: O. Anunoby,[],Anunoby,43,49,,False,False,1628384,,substitution,3pt made,,,,1626157|1628384|1628404|1628969|1628973|1630551|1641731|1642259|1642267|1642273,1626157|1628384|1628404|1628969|1628973,1630551|1641731|1642259|1642267|1642273,,,1610612752.0,22400443
2,PT05M02.00S,05:02,Q2 05:02,28.966666666666665,278,3pt,A. Sarr 26' 3PT  (7 PTS) (B. Coulibaly 2 AST),[],Sarr,46,50,Made,True,True,1642259,1641731.0,substitution,foul,,,,1626157|1628384|1628404|1628969|1628973|1630551|1641731|1642259|1642267|1642273,1630551|1641731|1642259|1642267|1642273,1626157|1628384|1628404|1628969|1628973,-13.0,268.0,1610612764.0,22400443
2,PT04M47.00S,04:47,Q2 04:47,27.216666666666665,280,foul,K. George personal FOUL (2 PF) (Anunoby 2 FT),"['inpenalty', '2freethrow']",George,46,50,,False,False,1642273,,3pt made,freethrow,1628384.0,,,1626157|1628384|1628404|1628969|1628973|1630551|1641731|1642259|1642267|1642273,1630551|1641731|1642259|1642267|1642273,1626157|1628384|1628404|1628969|1628973,,,1610612764.0,22400443
2,PT04M47.00S,04:47,Q2 04:47,27.216666666666665,282,freethrow,O. Anunoby Free Throw 1 of 2 (3 PTS),[],Anunoby,46,51,Made,False,False,1628384,,foul,freethrow,,,,1626157|1628384|1628404|1628969|1628973|1630551|1641731|1642259|1642267|1642273,1626157|1628384|1628404|1628969|1628973,1630551|1641731|1642259|1642267|1642273,,,1610612752.0,22400443
2,PT04M47.00S,04:47,Q2 04:47,27.216666666666665,283,freethrow,O. Anunoby Free Throw 2 of 2 (4 PTS),[],Anunoby,46,52,Made,False,False,1628384,,freethrow,foul,,,,1626157|1628384|1628404|1628969|1628973|1630551|1641731|1642259|1642267|1642273,1626157|1628384|1628404|1628969|1628973,1630551|1641731|1642259|1642267|1642273,,,1610612752.0,22400443
2,PT04M35.00S,04:35,Q2 04:35,27.416666666666668,284,foul,O. Anunoby shooting personal FOUL (2 PF) (Coulibaly 2 FT),"['inpenalty', '2freethrow']",Anunoby,46,52,,False,False,1628384,,freethrow,freethrow,1641731.0,,,1626157|1628384|1628404|1628969|1628973|1630551|1641731|1642259|1642267|1642273,1626157|1628384|1628404|1628969|1628973,1630551|1641731|1642259|1642267|1642273,,,1610612752.0,22400443
2,PT04M35.00S,04:35,Q2 04:35,27.416666666666668,286,freethrow,B. Coulibaly Free Throw 1 of 2 (5 PTS),[],Coulibaly,47,52,Made,False,False,1641731,,foul,freethrow,,,,1626157|1628384|1628404|1628969|1628973|1630551|1641731|1642259|1642267|1642273,1630551|1641731|1642259|1642267|1642273,1626157|1628384|1628404|1628969|1628973,,,1610612764.0,22400443
2,PT04M35.00S,04:35,Q2 04:35,27.416666666666668,287,freethrow,B. Coulibaly Free Throw 2 of 2 (6 PTS),[],Coulibaly,48,52,Made,False,False,1641731,,freethrow,2pt missed,,,,1626157|1628384|1628404|1628969|1628973|1630551|1641731|1642259|1642267|1642273,1630551|1641731|1642259|1642267|1642273,1626157|1628384|1628404|1628969|1628973,,,1610612764.0,22400443
2,PT04M20.00S,04:20,Q2 04:20,27.666666666666668,288,2pt,MISS J. Brunson driving Layup,['pointsinthepaint'],Brunson,48,52,Missed,True,False,1628973,,freethrow,rebound,,,,1626157|1628384|1628404|1628969|1628973|1630551|1641731|1642259|1642267|1642273,1626157|1628384|1628404|1628969|1628973,1630551|1641731|1642259|1642267|1642273,-27.0,16.0,1610612752.0,22400443
2,PT04M20.00S,04:20,Q2 04:20,27.666666666666668,289,rebound,K. George REBOUND (Off:0 Def:2),[],George,48,52,,False,False,1642273,,2pt missed,2pt made,,,,1626157|1628384|1628404|1628969|1628973|1630551|1641731|1642259|1642267|1642273,1630551|1641731|1642259|1642267|1642273,1626157|1628384|1628404|1628969|1628973,,,1610612764.0,22400443
2,PT04M16.00S,04:16,Q2 04:16,27.733333333333334,290,2pt,A. Sarr running finger roll Layup (9 PTS) (C. Carrington 3 AST),"['fastbreak', 'pointsinthepaint']",Sarr,50,52,Made,True,True,1642259,1642267.0,rebound,3pt made,,,,1626157|1628384|1628404|1628969|1628973|1630551|1641731|1642259|1642267|1642273,1630551|1641731|1642259|1642267|1642273,1626157|1628384|1628404|1628969|1628973,4.0,34.0,1610612764.0,22400443
2,PT03M57.00S,03:57,Q2 03:57,26.05,292,3pt,O. Anunoby 3PT  (7 PTS) (M. Bridges 2 AST),[],Anunoby,50,55,Made,True,True,1628384,1628969.0,2pt made,3pt missed,,,,1626157|1628384|1628404|1628969|1628973|1630551|1641731|1642259|1642267|1642273,1626157|1628384|1628404|1628969|1628973,1630551|1641731|1642259|1642267|1642273,-234.0,-16.0,1610612752.0,22400443
2,PT03M44.00S,03:44,Q2 03:44,26.266666666666666,294,3pt,MISS K. George 26' pullup 3PT,[],George,50,55,Missed,True,False,1642273,,3pt made,rebound,,,,1626157|1628384|1628404|1628969|1628973|1630551|1641731|1642259|1642267|1642273,1630551|1641731|1642259|1642267|1642273,1626157|1628384|1628404|1628969|1628973,18.0,263.0,1610612764.0,22400443
2,PT03M44.00S,03:44,Q2 03:44,26.266666666666666,295,rebound,K. Towns REBOUND (Off:4 Def:6),[],Towns,50,55,,False,False,1626157,,3pt missed,3pt missed,,,,1626157|1628384|1628404|1628969|1628973|1630551|1641731|1642259|1642267|1642273,1626157|1628384|1628404|1628969|1628973,1630551|1641731|1642259|1642267|1642273,,,1610612752.0,22400443
2,PT03M36.00S,03:36,Q2 03:36,26.4,296,3pt,MISS J. Brunson 25' running 3PT,['fastbreak'],Brunson,50,55,Missed,True,False,1628973,,rebound,rebound,,,,1626157|1628384|1628404|1628969|1628973|1630551|1641731|1642259|1642267|1642273,1626157|1628384|1628404|1628969|1628973,1630551|1641731|1642259|1642267|1642273,211.0,148.0,1610612752.0,22400443
2,PT03M32.00S,03:32,Q2 03:32,26.466666666666665,297,rebound,J. Champagnie REBOUND (Off:0 Def:2),[],Champagnie,50,55,,False,False,1630551,,3pt missed,2pt made,,,,1626157|1628384|1628404|1628969|1628973|1630551|1641731|1642259|1642267|1642273,1630551|1641731|1642259|1642267|1642273,1626157|1628384|1628404|1628969|1628973,,,1610612764.0,22400443
2,PT03M28.00S,03:28,Q2 03:28,26.533333333333335,298,2pt,A. Sarr running DUNK (11 PTS) (B. Coulibaly 3 AST),"['pointsinthepaint', 'fastbreak']",Sarr,52,55,Made,True,True,1642259,1641731.0,rebound,2pt made,,,,1626157|1628384|1628404|1628969|1628973|1630551|1641731|1642259|1642267|1642273,1630551|1641731|1642259|1642267|1642273,1626157|1628384|1628404|1628969|1628973,9.0,-6.0,1610612764.0,22400443
2,PT02M59.00S,02:59,Q2 02:59,25.016666666666666,300,2pt,J. Brunson 6' driving floating Jump Shot (13 PTS) (M. Bridges 3 AST),['pointsinthepaint'],Brunson,52,57,Made,True,True,1628973,1628969.0,2pt made,foul,,,,1626157|1628384|1628404|1628969|1628973|1630551|1641731|1642259|1642267|1642273,1626157|1628384|1628404|1628969|1628973,1630551|1641731|1642259|1642267|1642273,-13.0,59.0,1610612752.0,22400443
2,PT02M44.00S,02:44,Q2 02:44,25.266666666666666,301,foul,A. Sarr offensive FOUL (2 PF),['inpenalty'],Sarr,52,57,,False,False,1642259,,2pt made,turnover,1628384.0,,,1626157|1628384|1628404|1628969|1628973|1630551|1641731|1642259|1642267|1642273,1630551|1641731|1642259|1642267|1642273,1626157|1628384|1628404|1628969|1628973,,,1610612764.0,22400443
2,PT02M44.00S,02:44,Q2 02:44,25.266666666666666,303,turnover,A. Sarr offensive foul TURNOVER (1 TO),[],Sarr,52,57,,False,False,1642259,,foul,substitution,,,,1626157|1628384|1628404|1628969|1628973|1630551|1641731|1642259|1642267|1642273,1630551|1641731|1642259|1642267|1642273,1626157|1628384|1628404|1628969|1628973,,,1610612764.0,22400443
2,PT02M44.00S,02:44,Q2 02:44,25.266666666666666,305,substitution,SUB out: J. Champagnie,[],Champagnie,52,57,,False,False,1630551,,turnover,substitution,,,,1626157|1628384|1628404|1628969|1628973|1641731|1642259|1642267|1642273,1641731|1642259|1642267|1642273,1626157|1628384|1628404|1628969|1628973,,,1610612764.0,22400443
2,PT02M44.00S,02:44,Q2 02:44,25.266666666666666,306,substitution,SUB in: M. Brogdon,[],Brogdon,52,57,,False,False,1627763,,substitution,substitution,,,,1626157|1627763|1628384|1628404|1628969|1628973|1641731|1642259|1642267|1642273,1627763|1641731|1642259|1642267|1642273,1626157|1628384|1628404|1628969|1628973,,,1610612764.0,22400443
2,PT02M44.00S,02:44,Q2 02:44,25.266666666666666,307,substitution,SUB out: K. George,[],George,52,57,,False,False,1642273,,substitution,substitution,,,,1626157|1627763|1628384|1628404|1628969|1628973|1641731|1642259|1642267,1627763|1641731|1642259|1642267,1626157|1628384|1628404|1628969|1628973,,,1610612764.0,22400443
2,PT02M44.00S,02:44,Q2 02:44,25.266666666666666,308,substitution,SUB in: K. Kuzma,[],Kuzma,52,57,,False,False,1628398,,substitution,foul,,,,1626157|1627763|1628384|1628398|1628404|1628969|1628973|1641731|1642259|1642267,1627763|1628398|1641731|1642259|1642267,1626157|1628384|1628404|1628969|1628973,,,1610612764.0,22400443
2,PT02M29.00S,02:29,Q2 02:29,25.516666666666666,309,foul,K. Towns offensive FOUL (3 PF),['inpenalty'],Towns,52,57,,False,False,1626157,,substitution,turnover,1628398.0,,,1626157|1627763|1628384|1628398|1628404|1628969|1628973|1641731|1642259|1642267,1626157|1628384|1628404|1628969|1628973,1627763|1628398|1641731|1642259|1642267,,,1610612752.0,22400443
2,PT02M29.00S,02:29,Q2 02:29,25.516666666666666,311,turnover,K. Towns offensive foul TURNOVER (1 TO),[],Towns,52,57,,False,False,1626157,,foul,substitution,,,,1626157|1627763|1628384|1628398|1628404|1628969|1628973|1641731|1642259|1642267,1626157|1628384|1628404|1628969|1628973,1627763|1628398|1641731|1642259|1642267,,,1610612752.0,22400443
2,PT02M29.00S,02:29,Q2 02:29,25.516666666666666,312,substitution,SUB out: K. Towns,[],Towns,52,57,,False,False,1626157,,turnover,substitution,,,,1627763|1628384|1628398|1628404|1628969|1628973|1641731|1642259|1642267,1628384|1628404|1628969|1628973,1627763|1628398|1641731|1642259|1642267,,,1610612752.0,22400443
2,PT02M29.00S,02:29,Q2 02:29,25.516666666666666,313,substitution,SUB in: P. Achiuwa,[],Achiuwa,52,57,,False,False,1630173,,substitution,3pt missed,,,,1627763|1628384|1628398|1628404|1628969|1628973|1630173|1641731|1642259|1642267,1628384|1628404|1628969|1628973|1630173,1627763|1628398|1641731|1642259|1642267,,,1610612752.0,22400443
2,PT02M19.00S,02:19,Q2 02:19,25.683333333333334,314,3pt,MISS A. Sarr 3PT,['fromturnover'],Sarr,52,57,Missed,True,False,1642259,,substitution,rebound,,,,1627763|1628384|1628398|1628404|1628969|1628973|1630173|1641731|1642259|1642267,1627763|1628398|1641731|1642259|1642267,1628384|1628404|1628969|1628973|1630173,-239.0,-4.0,1610612764.0,22400443
2,PT02M19.00S,02:19,Q2 02:19,25.683333333333334,315,rebound,J. Hart REBOUND (Off:1 Def:4),[],Hart,52,57,,False,False,1628404,,3pt missed,3pt missed,,,,1627763|1628384|1628398|1628404|1628969|1628973|1630173|1641731|1642259|1642267,1628384|1628404|1628969|1628973|1630173,1627763|1628398|1641731|1642259|1642267,,,1610612752.0,22400443
2,PT02M11.00S,02:11,Q2 02:11,25.816666666666666,316,3pt,MISS O. Anunoby 25' running pullup 3PT,['fastbreak'],Anunoby,52,57,Missed,True,False,1628384,,rebound,rebound,,,,1627763|1628384|1628398|1628404|1628969|1628973|1630173|1641731|1642259|1642267,1628384|1628404|1628969|1628973|1630173,1627763|1628398|1641731|1642259|1642267,10.0,251.0,1610612752.0,22400443
2,PT02M06.00S,02:06,Q2 02:06,25.9,317,rebound,C. Carrington REBOUND (Off:0 Def:4),[],Carrington,52,57,,False,False,1642267,,3pt missed,2pt missed,,,,1627763|1628384|1628398|1628404|1628969|1628973|1630173|1641731|1642259|1642267,1627763|1628398|1641731|1642259|1642267,1628384|1628404|1628969|1628973|1630173,,,1610612764.0,22400443
2,PT01M52.00S,01:52,Q2 01:52,24.133333333333333,318,2pt,MISS B. Coulibaly floating Shot,['pointsinthepaint'],Coulibaly,52,57,Missed,True,False,1641731,,rebound,rebound,,,,1627763|1628384|1628398|1628404|1628969|1628973|1630173|1641731|1642259|1642267,1627763|1628398|1641731|1642259|1642267,1628384|1628404|1628969|1628973|1630173,2.0,8.0,1610612764.0,22400443
2,PT01M52.00S,01:52,Q2 01:52,24.133333333333333,319,rebound,P. Achiuwa REBOUND (Off:0 Def:3),[],Achiuwa,52,57,,False,False,1630173,,2pt missed,2pt made,,,,1627763|1628384|1628398|1628404|1628969|1628973|1630173|1641731|1642259|1642267,1628384|1628404|1628969|1628973|1630173,1627763|1628398|1641731|1642259|1642267,,,1610612752.0,22400443
2,PT01M30.00S,01:30,Q2 01:30,24.5,320,2pt,M. Bridges cutting Layup (8 PTS) (J. Hart 3 AST),['pointsinthepaint'],Bridges,52,59,Made,True,True,1628969,1628404.0,rebound,2pt made,,,,1627763|1628384|1628398|1628404|1628969|1628973|1630173|1641731|1642259|1642267,1628384|1628404|1628969|1628973|1630173,1627763|1628398|1641731|1642259|1642267,-15.0,10.0,1610612752.0,22400443
2,PT01M22.00S,01:22,Q2 01:22,24.633333333333333,322,2pt,M. Brogdon driving Layup (6 PTS),['pointsinthepaint'],Brogdon,54,59,Made,True,False,1627763,,2pt made,foul,,,,1627763|1628384|1628398|1628404|1628969|1628973|1630173|1641731|1642259|1642267,1627763|1628398|1641731|1642259|1642267,1628384|1628404|1628969|1628973|1630173,-17.0,6.0,1610612764.0,22400443
2,PT01M22.00S,01:22,Q2 01:22,24.633333333333333,324,foul,J. Hart shooting personal FOUL (2 PF) (Brogdon 1 FT),"['inpenalty', '1freethrow']",Hart,54,59,,False,False,1628404,,2pt made,freethrow,1627763.0,,,1627763|1628384|1628398|1628404|1628969|1628973|1630173|1641731|1642259|1642267,1628384|1628404|1628969|1628973|1630173,1627763|1628398|1641731|1642259|1642267,,,1610612752.0,22400443
2,PT01M22.00S,01:22,Q2 01:22,24.633333333333333,327,freethrow,M. Brogdon Free Throw 1 of 1 (7 PTS),[],Brogdon,55,59,Made,False,False,1627763,,foul,2pt missed,,,,1627763|1628384|1628398|1628404|1628969|1628973|1630173|1641731|1642259|1642267,1627763|1628398|1641731|1642259|1642267,1628384|1628404|1628969|1628973|1630173,,,1610612764.0,22400443
2,PT00M58.40S,00:58,Q2 00:58,23.033333333333335,328,2pt,MISS J. Hart 19' step back Shot - blocked,[],Hart,55,59,Missed,True,False,1628404,,freethrow,block,,,1641731.0,1627763|1628384|1628398|1628404|1628969|1628973|1630173|1641731|1642259|1642267,1628384|1628404|1628969|1628973|1630173,1627763|1628398|1641731|1642259|1642267,-4.0,190.0,1610612752.0,22400443
2,PT00M58.40S,00:58,Q2 00:58,23.033333333333335,329,block,B. Coulibaly BLOCK (2 BLK),[],Coulibaly,55,59,,False,False,1641731,,2pt missed,rebound,,,,1627763|1628384|1628398|1628404|1628969|1628973|1630173|1641731|1642259|1642267,1627763|1628398|1641731|1642259|1642267,1628384|1628404|1628969|1628973|1630173,,,1610612764.0,22400443
2,PT00M58.40S,00:58,Q2 00:58,23.033333333333335,330,rebound,TEAM offensive REBOUND,['team'],,55,59,,False,False,0,,block,turnover,,,,1627763|1628384|1628398|1628404|1628969|1628973|1630173|1641731|1642259|1642267,1628384|1628404|1628969|1628973|1630173,1627763|1628398|1641731|1642259|1642267,,,1610612752.0,22400443
2,PT00M58.40S,00:58,Q2 00:58,23.033333333333335,331,turnover,NYK shot clock Team TURNOVER,['team'],,55,59,,False,False,0,,rebound,2pt made,,,,1627763|1628384|1628398|1628404|1628969|1628973|1630173|1641731|1642259|1642267,1628384|1628404|1628969|1628973|1630173,1627763|1628398|1641731|1642259|1642267,,,1610612752.0,22400443
2,PT00M38.80S,00:38,Q2 00:38,23.366666666666667,332,2pt,M. Brogdon Layup (9 PTS),"['pointsinthepaint', 'fromturnover']",Brogdon,57,59,Made,True,False,1627763,,turnover,3pt missed,,,,1627763|1628384|1628398|1628404|1628969|1628973|1630173|1641731|1642259|1642267,1627763|1628398|1641731|1642259|1642267,1628384|1628404|1628969|1628973|1630173,-13.0,12.0,1610612764.0,22400443
2,PT00M31.80S,00:31,Q2 00:31,23.483333333333334,406,3pt,MISS J. Brunson 24' step back 3PT,[],Brunson,57,59,Missed,True,False,1628973,,2pt made,rebound,,,,1627763|1628384|1628398|1628404|1628969|1628973|1630173|1641731|1642259|1642267,1628384|1628404|1628969|1628973|1630173,1627763|1628398|1641731|1642259|1642267,178.0,175.0,1610612752.0,22400443
2,PT00M28.80S,00:28,Q2 00:28,23.533333333333335,407,rebound,A. Sarr REBOUND (Off:0 Def:3),[],Sarr,57,59,,False,False,1642259,,3pt missed,3pt missed,,,,1627763|1628384|1628398|1628404|1628969|1628973|1630173|1641731|1642259|1642267,1627763|1628398|1641731|1642259|1642267,1628384|1628404|1628969|1628973|1630173,,,1610612764.0,22400443
2,PT00M05.10S,00:05,Q2 00:05,23.916666666666668,337,3pt,MISS C. Carrington 3PT,[],Carrington,57,59,Missed,True,False,1642267,,rebound,rebound,,,,1627763|1628384|1628398|1628404|1628969|1628973|1630173|1641731|1642259|1642267,1627763|1628398|1641731|1642259|1642267,1628384|1628404|1628969|1628973|1630173,234.0,-15.0,1610612764.0,22400443
2,PT00M03.10S,00:03,Q2 00:03,23.95,338,rebound,K. Kuzma REBOUND (Off:1 Def:1),[],Kuzma,57,59,,False,False,1628398,,3pt missed,foul,,,,1627763|1628384|1628398|1628404|1628969|1628973|1630173|1641731|1642259|1642267,1627763|1628398|1641731|1642259|1642267,1628384|1628404|1628969|1628973|1630173,,,1610612764.0,22400443
2,PT00M03.10S,00:03,Q2 00:03,23.95,339,foul,J. Hart shooting personal FOUL (3 PF) (Kuzma 2 FT),"['inpenalty', '2freethrow']",Hart,57,59,,False,False,1628404,,rebound,freethrow,1628398.0,,,1627763|1628384|1628398|1628404|1628969|1628973|1630173|1641731|1642259|1642267,1628384|1628404|1628969|1628973|1630173,1627763|1628398|1641731|1642259|1642267,,,1610612752.0,22400443
2,PT00M03.10S,00:03,Q2 00:03,23.95,341,freethrow,MISS K. Kuzma Free Throw 1 of 2,['2ndchance'],Kuzma,57,59,Missed,False,False,1628398,,foul,rebound,,,,1627763|1628384|1628398|1628404|1628969|1628973|1630173|1641731|1642259|1642267,1627763|1628398|1641731|1642259|1642267,1628384|1628404|1628969|1628973|1630173,,,1610612764.0,22400443
2,PT00M03.10S,00:03,Q2 00:03,23.95,342,rebound,TEAM offensive REBOUND,"['deadball', 'team']",,57,59,,False,False,0,,freethrow,freethrow,,,,1627763|1628384|1628398|1628404|1628969|1628973|1630173|1641731|1642259|1642267,1627763|1628398|1641731|1642259|1642267,1628384|1628404|1628969|1628973|1630173,,,1610612764.0,22400443
2,PT00M03.10S,00:03,Q2 00:03,23.95,343,freethrow,MISS K. Kuzma Free Throw 2 of 2,['2ndchance'],Kuzma,57,59,Missed,False,False,1628398,,rebound,rebound,,,,1627763|1628384|1628398|1628404|1628969|1628973|1630173|1641731|1642259|1642267,1627763|1628398|1641731|1642259|1642267,1628384|1628404|1628969|1628973|1630173,,,1610612764.0,22400443
2,PT00M00.90S,00:00,Q2 00:00,24.0,344,rebound,J. Hart REBOUND (Off:1 Def:5),[],Hart,57,59,,False,False,1628404,,freethrow,3pt missed,,,,1627763|1628384|1628398|1628404|1628969|1628973|1630173|1641731|1642259|1642267,1628384|1628404|1628969|1628973|1630173,1627763|1628398|1641731|1642259|1642267,,,1610612752.0,22400443
2,PT00M00.10S,00:00,Q2 00:00,24.0,345,3pt,MISS J. Hart 44' floating 3PT,[],Hart,57,59,Missed,True,False,1628404,,rebound,rebound,,,,1627763|1628384|1628398|1628404|1628969|1628973|1630173|1641731|1642259|1642267,1628384|1628404|1628969|1628973|1630173,1627763|1628398|1641731|1642259|1642267,145.0,421.0,1610612752.0,22400443
2,PT00M00.10S,00:00,Q2 00:00,24.0,346,rebound,TEAM offensive REBOUND,['team'],,57,59,,False,False,0,,3pt missed,substitution,,,,1627763|1628384|1628398|1628404|1628969|1628973|1630173|1641731|1642259|1642267,1628384|1628404|1628969|1628973|1630173,1627763|1628398|1641731|1642259|1642267,,,1610612752.0,22400443
3,PT12M00.00S,12:00,Q3 12:00,24.0,348,substitution,SUB out: K. Kuzma,['startperiod'],Kuzma,57,59,,False,False,1628398,,rebound,substitution,,,,1627763|1628384|1628404|1628969|1628973|1630173|1641731|1642259|1642267,1627763|1641731|1642259|1642267,1628384|1628404|1628969|1628973|1630173,,,1610612764.0,22400443
3,PT12M00.00S,12:00,Q3 12:00,24.0,349,substitution,SUB out: P. Achiuwa,['startperiod'],Achiuwa,57,59,,False,False,1630173,,substitution,substitution,,,,1627763|1628384|1628404|1628969|1628973|1641731|1642259|1642267,1628384|1628404|1628969|1628973,1627763|1641731|1642259|1642267,,,1610612752.0,22400443
3,PT12M00.00S,12:00,Q3 12:00,24.0,350,substitution,SUB in: J. Champagnie,['startperiod'],Champagnie,57,59,,False,False,1630551,,substitution,substitution,,,,1627763|1628384|1628404|1628969|1628973|1630551|1641731|1642259|1642267,1627763|1630551|1641731|1642259|1642267,1628384|1628404|1628969|1628973,,,1610612764.0,22400443
3,PT12M00.00S,12:00,Q3 12:00,24.0,351,substitution,SUB in: K. Towns,['startperiod'],Towns,57,59,,False,False,1626157,,substitution,2pt missed,,,,1626157|1627763|1628384|1628404|1628969|1628973|1630551|1641731|1642259|1642267,1626157|1628384|1628404|1628969|1628973,1627763|1630551|1641731|1642259|1642267,,,1610612752.0,22400443
3,PT11M41.00S,11:41,Q3 11:41,22.316666666666666,353,2pt,MISS K. Towns 9' turnaround Hook,[],Towns,57,59,Missed,True,False,1626157,,substitution,rebound,,,,1626157|1627763|1628384|1628404|1628969|1628973|1630551|1641731|1642259|1642267,1626157|1628384|1628404|1628969|1628973,1627763|1630551|1641731|1642259|1642267,86.0,32.0,1610612752.0,22400443
3,PT11M39.00S,11:39,Q3 11:39,22.35,354,rebound,J. Champagnie REBOUND (Off:0 Def:3),[],Champagnie,57,59,,False,False,1630551,,2pt missed,turnover,,,,1626157|1627763|1628384|1628404|1628969|1628973|1630551|1641731|1642259|1642267,1627763|1630551|1641731|1642259|1642267,1626157|1628384|1628404|1628969|1628973,,,1610612764.0,22400443
3,PT11M35.00S,11:35,Q3 11:35,22.416666666666668,355,turnover,B. Coulibaly lost ball TURNOVER (2 TO),[],Coulibaly,57,59,,False,False,1641731,,rebound,steal,,1628969.0,,1626157|1627763|1628384|1628404|1628969|1628973|1630551|1641731|1642259|1642267,1627763|1630551|1641731|1642259|1642267,1626157|1628384|1628404|1628969|1628973,,,1610612764.0,22400443
3,PT11M35.00S,11:35,Q3 11:35,22.416666666666668,356,steal,M. Bridges STEAL (2 STL),[],Bridges,57,59,,False,False,1628969,,turnover,2pt made,,,,1626157|1627763|1628384|1628404|1628969|1628973|1630551|1641731|1642259|1642267,1626157|1628384|1628404|1628969|1628973,1627763|1630551|1641731|1642259|1642267,,,1610612752.0,22400443
3,PT11M31.00S,11:31,Q3 11:31,22.483333333333334,357,2pt,K. Towns running reverse DUNK (13 PTS) (J. Brunson 2 AST),"['pointsinthepaint', 'fromturnover', 'fastbreak']",Towns,57,61,Made,True,True,1626157,1628973.0,steal,3pt made,,,,1626157|1627763|1628384|1628404|1628969|1628973|1630551|1641731|1642259|1642267,1626157|1628384|1628404|1628969|1628973,1627763|1630551|1641731|1642259|1642267,-10.0,8.0,1610612752.0,22400443
3,PT11M11.00S,11:11,Q3 11:11,22.816666666666666,359,3pt,M. Brogdon 24' 3PT  (12 PTS) (C. Carrington 4 AST),[],Brogdon,60,61,Made,True,True,1627763,1642267.0,2pt made,turnover,,,,1626157|1627763|1628384|1628404|1628969|1628973|1630551|1641731|1642259|1642267,1627763|1630551|1641731|1642259|1642267,1626157|1628384|1628404|1628969|1628973,243.0,-8.0,1610612764.0,22400443
3,PT10M52.00S,10:52,Q3 10:52,21.133333333333333,361,turnover,J. Brunson bad pass TURNOVER (1 TO),[],Brunson,60,61,,False,False,1628973,,3pt made,steal,,1630551.0,,1626157|1627763|1628384|1628404|1628969|1628973|1630551|1641731|1642259|1642267,1626157|1628384|1628404|1628969|1628973,1627763|1630551|1641731|1642259|1642267,,,1610612752.0,22400443
3,PT10M52.00S,10:52,Q3 10:52,21.133333333333333,362,steal,J. Champagnie STEAL (1 STL),[],Champagnie,60,61,,False,False,1630551,,turnover,foul,,,,1626157|1627763|1628384|1628404|1628969|1628973|1630551|1641731|1642259|1642267,1627763|1630551|1641731|1642259|1642267,1626157|1628384|1628404|1628969|1628973,,,1610612764.0,22400443
3,PT10M49.00S,10:49,Q3 10:49,21.183333333333334,363,foul,J. Champagnie offensive FOUL (2 PF),[],Champagnie,60,61,,False,False,1630551,,steal,turnover,1628404.0,,,1626157|1627763|1628384|1628404|1628969|1628973|1630551|1641731|1642259|1642267,1627763|1630551|1641731|1642259|1642267,1626157|1628384|1628404|1628969|1628973,,,1610612764.0,22400443
3,PT10M49.00S,10:49,Q3 10:49,21.183333333333334,365,turnover,J. Champagnie offensive foul TURNOVER (1 TO),[],Champagnie,60,61,,False,False,1630551,,foul,turnover,,,,1626157|1627763|1628384|1628404|1628969|1628973|1630551|1641731|1642259|1642267,1627763|1630551|1641731|1642259|1642267,1626157|1628384|1628404|1628969|1628973,,,1610612764.0,22400443
3,PT10M36.00S,10:36,Q3 10:36,21.4,366,turnover,M. Bridges bad pass TURNOVER (1 TO),[],Bridges,60,61,,False,False,1628969,,turnover,steal,,1642267.0,,1626157|1627763|1628384|1628404|1628969|1628973|1630551|1641731|1642259|1642267,1626157|1628384|1628404|1628969|1628973,1627763|1630551|1641731|1642259|1642267,,,1610612752.0,22400443
3,PT10M36.00S,10:36,Q3 10:36,21.4,367,steal,C. Carrington STEAL (1 STL),[],Carrington,60,61,,False,False,1642267,,turnover,3pt missed,,,,1626157|1627763|1628384|1628404|1628969|1628973|1630551|1641731|1642259|1642267,1627763|1630551|1641731|1642259|1642267,1626157|1628384|1628404|1628969|1628973,,,1610612764.0,22400443
3,PT10M30.00S,10:30,Q3 10:30,21.5,368,3pt,MISS J. Champagnie 25' running 3PT,"['fromturnover', 'fastbreak']",Champagnie,60,61,Missed,True,False,1630551,,steal,rebound,,,,1626157|1627763|1628384|1628404|1628969|1628973|1630551|1641731|1642259|1642267,1627763|1630551|1641731|1642259|1642267,1626157|1628384|1628404|1628969|1628973,-218.0,129.0,1610612764.0,22400443
3,PT10M28.00S,10:28,Q3 10:28,21.533333333333335,369,rebound,M. Bridges REBOUND (Off:2 Def:3),[],Bridges,60,61,,False,False,1628969,,3pt missed,foul,,,,1626157|1627763|1628384|1628404|1628969|1628973|1630551|1641731|1642259|1642267,1626157|1628384|1628404|1628969|1628973,1627763|1630551|1641731|1642259|1642267,,,1610612752.0,22400443
3,PT10M19.00S,10:19,Q3 10:19,21.683333333333334,370,foul,C. Carrington shooting personal FOUL (2 PF) (Towns 2 FT),['2freethrow'],Carrington,60,61,,False,False,1642267,,rebound,freethrow,1626157.0,,,1626157|1627763|1628384|1628404|1628969|1628973|1630551|1641731|1642259|1642267,1627763|1630551|1641731|1642259|1642267,1626157|1628384|1628404|1628969|1628973,,,1610612764.0,22400443
3,PT10M19.00S,10:19,Q3 10:19,21.683333333333334,372,freethrow,K. Towns Free Throw 1 of 2 (14 PTS),[],Towns,60,62,Made,False,False,1626157,,foul,freethrow,,,,1626157|1627763|1628384|1628404|1628969|1628973|1630551|1641731|1642259|1642267,1626157|1628384|1628404|1628969|1628973,1627763|1630551|1641731|1642259|1642267,,,1610612752.0,22400443
3,PT10M19.00S,10:19,Q3 10:19,21.683333333333334,373,freethrow,K. Towns Free Throw 2 of 2 (15 PTS),[],Towns,60,63,Made,False,False,1626157,,freethrow,3pt missed,,,,1626157|1627763|1628384|1628404|1628969|1628973|1630551|1641731|1642259|1642267,1626157|1628384|1628404|1628969|1628973,1627763|1630551|1641731|1642259|1642267,,,1610612752.0,22400443
3,PT10M03.00S,10:03,Q3 10:03,21.95,374,3pt,MISS J. Champagnie 3PT,[],Champagnie,60,63,Missed,True,False,1630551,,freethrow,rebound,,,,1626157|1627763|1628384|1628404|1628969|1628973|1630551|1641731|1642259|1642267,1627763|1630551|1641731|1642259|1642267,1626157|1628384|1628404|1628969|1628973,237.0,-7.0,1610612764.0,22400443
3,PT10M01.00S,10:01,Q3 10:01,21.983333333333334,375,rebound,A. Sarr REBOUND (Off:1 Def:3),[],Sarr,60,63,,False,False,1642259,,3pt missed,3pt missed,,,,1626157|1627763|1628384|1628404|1628969|1628973|1630551|1641731|1642259|1642267,1627763|1630551|1641731|1642259|1642267,1626157|1628384|1628404|1628969|1628973,,,1610612764.0,22400443
3,PT09M58.00S,09:58,Q3 09:58,20.033333333333335,376,3pt,MISS M. Brogdon 28' 3PT,['2ndchance'],Brogdon,60,63,Missed,True,False,1627763,,rebound,rebound,,,,1626157|1627763|1628384|1628404|1628969|1628973|1630551|1641731|1642259|1642267,1627763|1630551|1641731|1642259|1642267,1626157|1628384|1628404|1628969|1628973,185.0,214.0,1610612764.0,22400443
3,PT09M56.00S,09:56,Q3 09:56,20.066666666666666,377,rebound,J. Hart REBOUND (Off:1 Def:6),[],Hart,60,63,,False,False,1628404,,3pt missed,foul,,,,1626157|1627763|1628384|1628404|1628969|1628973|1630551|1641731|1642259|1642267,1626157|1628384|1628404|1628969|1628973,1627763|1630551|1641731|1642259|1642267,,,1610612752.0,22400443
3,PT09M54.00S,09:54,Q3 09:54,20.1,378,foul,M. Brogdon personal FOUL (1 PF),[],Brogdon,60,63,,False,False,1627763,,rebound,3pt missed,1626157.0,,,1626157|1627763|1628384|1628404|1628969|1628973|1630551|1641731|1642259|1642267,1627763|1630551|1641731|1642259|1642267,1626157|1628384|1628404|1628969|1628973,,,1610612764.0,22400443
3,PT09M46.00S,09:46,Q3 09:46,20.233333333333334,380,3pt,MISS K. Towns 24' 3PT,[],Towns,60,63,Missed,True,False,1626157,,foul,rebound,,,,1626157|1627763|1628384|1628404|1628969|1628973|1630551|1641731|1642259|1642267,1626157|1628384|1628404|1628969|1628973,1627763|1630551|1641731|1642259|1642267,-196.0,148.0,1610612752.0,22400443
3,PT09M41.00S,09:41,Q3 09:41,20.316666666666666,381,rebound,C. Carrington REBOUND (Off:0 Def:5),[],Carrington,60,63,,False,False,1642267,,3pt missed,3pt made,,,,1626157|1627763|1628384|1628404|1628969|1628973|1630551|1641731|1642259|1642267,1627763|1630551|1641731|1642259|1642267,1626157|1628384|1628404|1628969|1628973,,,1610612764.0,22400443
3,PT09M33.00S,09:33,Q3 09:33,20.45,382,3pt,C. Carrington 26' 3PT step back (3 PTS),[],Carrington,63,63,Made,True,False,1642267,,rebound,3pt missed,,,,1626157|1627763|1628384|1628404|1628969|1628973|1630551|1641731|1642259|1642267,1627763|1630551|1641731|1642259|1642267,1626157|1628384|1628404|1628969|1628973,137.0,232.0,1610612764.0,22400443
3,PT09M08.00S,09:08,Q3 09:08,20.866666666666667,383,3pt,MISS M. Bridges 26' 3PT,[],Bridges,63,63,Missed,True,False,1628969,,3pt made,rebound,,,,1626157|1627763|1628384|1628404|1628969|1628973|1630551|1641731|1642259|1642267,1626157|1628384|1628404|1628969|1628973,1627763|1630551|1641731|1642259|1642267,-145.0,227.0,1610612752.0,22400443
3,PT09M05.00S,09:05,Q3 09:05,20.916666666666668,384,rebound,J. Hart REBOUND (Off:2 Def:6),[],Hart,63,63,,False,False,1628404,,3pt missed,3pt made,,,,1626157|1627763|1628384|1628404|1628969|1628973|1630551|1641731|1642259|1642267,1626157|1628384|1628404|1628969|1628973,1627763|1630551|1641731|1642259|1642267,,,1610612752.0,22400443
3,PT09M03.00S,09:03,Q3 09:03,20.95,385,3pt,O. Anunoby 3PT  (10 PTS) (J. Hart 4 AST),['2ndchance'],Anunoby,63,66,Made,True,True,1628384,1628404.0,rebound,2pt made,,,,1626157|1627763|1628384|1628404|1628969|1628973|1630551|1641731|1642259|1642267,1626157|1628384|1628404|1628969|1628973,1627763|1630551|1641731|1642259|1642267,-229.0,16.0,1610612752.0,22400443
3,PT08M47.00S,08:47,Q3 08:47,19.216666666666665,387,2pt,A. Sarr driving Layup (13 PTS) (C. Carrington 5 AST),['pointsinthepaint'],Sarr,65,66,Made,True,True,1642259,1642267.0,3pt made,foul,,,,1626157|1627763|1628384|1628404|1628969|1628973|1630551|1641731|1642259|1642267,1627763|1630551|1641731|1642259|1642267,1626157|1628384|1628404|1628969|1628973,29.0,10.0,1610612764.0,22400443
3,PT08M36.00S,08:36,Q3 08:36,19.4,389,foul,J. Champagnie personal FOUL (3 PF),[],Champagnie,65,66,,False,False,1630551,,2pt made,3pt made,1628404.0,,,1626157|1627763|1628384|1628404|1628969|1628973|1630551|1641731|1642259|1642267,1627763|1630551|1641731|1642259|1642267,1626157|1628384|1628404|1628969|1628973,,,1610612764.0,22400443
3,PT08M32.00S,08:32,Q3 08:32,19.466666666666665,391,3pt,O. Anunoby 3PT  (13 PTS) (J. Hart 5 AST),[],Anunoby,65,69,Made,True,True,1628384,1628404.0,foul,turnover,,,,1626157|1627763|1628384|1628404|1628969|1628973|1630551|1641731|1642259|1642267,1626157|1628384|1628404|1628969|1628973,1627763|1630551|1641731|1642259|1642267,-239.0,-6.0,1610612752.0,22400443
3,PT08M19.00S,08:19,Q3 08:19,19.683333333333334,394,turnover,M. Brogdon bad pass TURNOVER (2 TO),[],Brogdon,65,69,,False,False,1627763,,3pt made,steal,,1626157.0,,1626157|1627763|1628384|1628404|1628969|1628973|1630551|1641731|1642259|1642267,1627763|1630551|1641731|1642259|1642267,1626157|1628384|1628404|1628969|1628973,,,1610612764.0,22400443
3,PT08M19.00S,08:19,Q3 08:19,19.683333333333334,395,steal,K. Towns STEAL (1 STL),[],Towns,65,69,,False,False,1626157,,turnover,2pt made,,,,1626157|1627763|1628384|1628404|1628969|1628973|1630551|1641731|1642259|1642267,1626157|1628384|1628404|1628969|1628973,1627763|1630551|1641731|1642259|1642267,,,1610612752.0,22400443
3,PT08M16.00S,08:16,Q3 08:16,19.733333333333334,396,2pt,K. Towns running DUNK (17 PTS),"['pointsinthepaint', 'fromturnover', 'fastbreak']",Towns,65,71,Made,True,False,1626157,,steal,timeout,,,,1626157|1627763|1628384|1628404|1628969|1628973|1630551|1641731|1642259|1642267,1626157|1628384|1628404|1628969|1628973,1627763|1630551|1641731|1642259|1642267,-9.0,0.0,1610612752.0,22400443
3,PT08M16.00S,08:16,Q3 08:16,19.733333333333334,397,timeout,WAS Timeout,"['team', 'mandatory']",,65,71,,False,False,0,,2pt made,2pt missed,,,,1626157|1627763|1628384|1628404|1628969|1628973|1630551|1641731|1642259|1642267,1627763|1630551|1641731|1642259|1642267,1626157|1628384|1628404|1628969|1628973,,,1610612764.0,22400443
3,PT07M58.00S,07:58,Q3 07:58,18.033333333333335,398,2pt,MISS A. Sarr 6' turnaround Hook,['pointsinthepaint'],Sarr,65,71,Missed,True,False,1642259,,timeout,rebound,,,,1626157|1627763|1628384|1628404|1628969|1628973|1630551|1641731|1642259|1642267,1627763|1630551|1641731|1642259|1642267,1626157|1628384|1628404|1628969|1628973,-60.0,17.0,1610612764.0,22400443
3,PT07M56.00S,07:56,Q3 07:56,18.066666666666666,399,rebound,O. Anunoby REBOUND (Off:1 Def:3),[],Anunoby,65,71,,False,False,1628384,,2pt missed,2pt made,,,,1626157|1627763|1628384|1628404|1628969|1628973|1630551|1641731|1642259|1642267,1626157|1628384|1628404|1628969|1628973,1627763|1630551|1641731|1642259|1642267,,,1610612752.0,22400443
3,PT07M38.00S,07:38,Q3 07:38,18.366666666666667,400,2pt,K. Towns 7' Hook (19 PTS),['pointsinthepaint'],Towns,65,73,Made,True,False,1626157,,rebound,foul,,,,1626157|1627763|1628384|1628404|1628969|1628973|1630551|1641731|1642259|1642267,1626157|1628384|1628404|1628969|1628973,1627763|1630551|1641731|1642259|1642267,-51.0,57.0,1610612752.0,22400443
3,PT07M28.00S,07:28,Q3 07:28,18.533333333333335,401,foul,J. Brunson shooting personal FOUL (1 PF) (Brogdon 2 FT),['2freethrow'],Brunson,65,73,,False,False,1628973,,2pt made,freethrow,1627763.0,,,1626157|1627763|1628384|1628404|1628969|1628973|1630551|1641731|1642259|1642267,1626157|1628384|1628404|1628969|1628973,1627763|1630551|1641731|1642259|1642267,,,1610612752.0,22400443
3,PT07M28.00S,07:28,Q3 07:28,18.533333333333335,404,freethrow,M. Brogdon Free Throw 1 of 2 (13 PTS),[],Brogdon,66,73,Made,False,False,1627763,,foul,freethrow,,,,1626157|1627763|1628384|1628404|1628969|1628973|1630551|1641731|1642259|1642267,1627763|1630551|1641731|1642259|1642267,1626157|1628384|1628404|1628969|1628973,,,1610612764.0,22400443
3,PT07M28.00S,07:28,Q3 07:28,18.533333333333335,405,freethrow,M. Brogdon Free Throw 2 of 2 (14 PTS),[],Brogdon,67,73,Made,False,False,1627763,,freethrow,3pt missed,,,,1626157|1627763|1628384|1628404|1628969|1628973|1630551|1641731|1642259|1642267,1627763|1630551|1641731|1642259|1642267,1626157|1628384|1628404|1628969|1628973,,,1610612764.0,22400443
3,PT07M15.00S,07:15,Q3 07:15,18.75,408,3pt,MISS J. Hart 25' 3PT,[],Hart,67,73,Missed,True,False,1628404,,freethrow,rebound,,,,1626157|1627763|1628384|1628404|1628969|1628973|1630551|1641731|1642259|1642267,1626157|1628384|1628404|1628969|1628973,1627763|1630551|1641731|1642259|1642267,-12.0,257.0,1610612752.0,22400443
3,PT07M11.00S,07:11,Q3 07:11,18.816666666666666,409,rebound,J. Champagnie REBOUND (Off:0 Def:4),[],Champagnie,67,73,,False,False,1630551,,3pt missed,3pt made,,,,1626157|1627763|1628384|1628404|1628969|1628973|1630551|1641731|1642259|1642267,1627763|1630551|1641731|1642259|1642267,1626157|1628384|1628404|1628969|1628973,,,1610612764.0,22400443
3,PT07M07.00S,07:07,Q3 07:07,18.883333333333333,410,3pt,C. Carrington 28' 3PT running pullup (6 PTS),['fastbreak'],Carrington,70,73,Made,True,False,1642267,,rebound,2pt made,,,,1626157|1627763|1628384|1628404|1628969|1628973|1630551|1641731|1642259|1642267,1627763|1630551|1641731|1642259|1642267,1626157|1628384|1628404|1628969|1628973,151.0,237.0,1610612764.0,22400443
3,PT06M43.00S,06:43,Q3 06:43,17.283333333333335,411,2pt,K. Towns cutting finger roll Layup (21 PTS) (J. Hart 6 AST),['pointsinthepaint'],Towns,70,75,Made,True,True,1626157,1628404.0,3pt made,2pt missed,,,,1626157|1627763|1628384|1628404|1628969|1628973|1630551|1641731|1642259|1642267,1626157|1628384|1628404|1628969|1628973,1627763|1630551|1641731|1642259|1642267,-25.0,12.0,1610612752.0,22400443
3,PT06M34.00S,06:34,Q3 06:34,17.433333333333334,413,2pt,MISS J. Champagnie driving Layup,['pointsinthepaint'],Champagnie,70,75,Missed,True,False,1630551,,2pt made,rebound,,,,1626157|1627763|1628384|1628404|1628969|1628973|1630551|1641731|1642259|1642267,1627763|1630551|1641731|1642259|1642267,1626157|1628384|1628404|1628969|1628973,5.0,42.0,1610612764.0,22400443
3,PT06M33.00S,06:33,Q3 06:33,17.45,414,rebound,TEAM defensive REBOUND,['team'],,70,75,,False,False,0,,2pt missed,2pt missed,,,,1626157|1627763|1628384|1628404|1628969|1628973|1630551|1641731|1642259|1642267,1626157|1628384|1628404|1628969|1628973,1627763|1630551|1641731|1642259|1642267,,,1610612752.0,22400443
3,PT06M17.00S,06:17,Q3 06:17,17.716666666666665,416,2pt,MISS J. Brunson 12' driving floating Shot - blocked,[],Brunson,70,75,Missed,True,False,1628973,,rebound,block,,,1641731.0,1626157|1627763|1628384|1628404|1628969|1628973|1630551|1641731|1642259|1642267,1626157|1628384|1628404|1628969|1628973,1627763|1630551|1641731|1642259|1642267,-87.0,85.0,1610612752.0,22400443
3,PT06M17.00S,06:17,Q3 06:17,17.716666666666665,417,block,B. Coulibaly BLOCK (3 BLK),[],Coulibaly,70,75,,False,False,1641731,,2pt missed,rebound,,,,1626157|1627763|1628384|1628404|1628969|1628973|1630551|1641731|1642259|1642267,1627763|1630551|1641731|1642259|1642267,1626157|1628384|1628404|1628969|1628973,,,1610612764.0,22400443
3,PT06M14.00S,06:14,Q3 06:14,17.766666666666666,418,rebound,K. Towns REBOUND (Off:5 Def:6),[],Towns,70,75,,False,False,1626157,,block,foul,,,,1626157|1627763|1628384|1628404|1628969|1628973|1630551|1641731|1642259|1642267,1626157|1628384|1628404|1628969|1628973,1627763|1630551|1641731|1642259|1642267,,,1610612752.0,22400443
3,PT06M11.00S,06:11,Q3 06:11,17.816666666666666,419,foul,A. Sarr shooting personal FOUL (3 PF) (Hart 2 FT),['2freethrow'],Sarr,70,75,,False,False,1642259,,rebound,freethrow,1628404.0,,,1626157|1627763|1628384|1628404|1628969|1628973|1630551|1641731|1642259|1642267,1627763|1630551|1641731|1642259|1642267,1626157|1628384|1628404|1628969|1628973,,,1610612764.0,22400443
3,PT06M11.00S,06:11,Q3 06:11,17.816666666666666,421,freethrow,MISS J. Hart Free Throw 1 of 2,['2ndchance'],Hart,70,75,Missed,False,False,1628404,,foul,rebound,,,,1626157|1627763|1628384|1628404|1628969|1628973|1630551|1641731|1642259|1642267,1626157|1628384|1628404|1628969|1628973,1627763|1630551|1641731|1642259|1642267,,,1610612752.0,22400443
3,PT06M11.00S,06:11,Q3 06:11,17.816666666666666,422,rebound,TEAM offensive REBOUND,"['deadball', 'team']",,70,75,,False,False,0,,freethrow,freethrow,,,,1626157|1627763|1628384|1628404|1628969|1628973|1630551|1641731|1642259|1642267,1626157|1628384|1628404|1628969|1628973,1627763|1630551|1641731|1642259|1642267,,,1610612752.0,22400443
3,PT06M11.00S,06:11,Q3 06:11,17.816666666666666,423,freethrow,J. Hart Free Throw 2 of 2 (18 PTS),['2ndchance'],Hart,70,76,Made,False,False,1628404,,rebound,3pt missed,,,,1626157|1627763|1628384|1628404|1628969|1628973|1630551|1641731|1642259|1642267,1626157|1628384|1628404|1628969|1628973,1627763|1630551|1641731|1642259|1642267,,,1610612752.0,22400443
3,PT06M00.00S,06:00,Q3 06:00,18.0,424,3pt,MISS B. Coulibaly 26' pullup 3PT,[],Coulibaly,70,76,Missed,True,False,1641731,,freethrow,rebound,,,,1626157|1627763|1628384|1628404|1628969|1628973|1630551|1641731|1642259|1642267,1627763|1630551|1641731|1642259|1642267,1626157|1628384|1628404|1628969|1628973,-12.0,266.0,1610612764.0,22400443
3,PT05M56.00S,05:56,Q3 05:56,16.066666666666666,425,rebound,O. Anunoby REBOUND (Off:1 Def:4),[],Anunoby,70,76,,False,False,1628384,,3pt missed,3pt made,,,,1626157|1627763|1628384|1628404|1628969|1628973|1630551|1641731|1642259|1642267,1626157|1628384|1628404|1628969|1628973,1627763|1630551|1641731|1642259|1642267,,,1610612752.0,22400443
3,PT05M47.00S,05:47,Q3 05:47,16.216666666666665,426,3pt,O. Anunoby 25' 3PT  (16 PTS) (M. Bridges 4 AST),[],Anunoby,70,79,Made,True,True,1628384,1628969.0,rebound,3pt made,,,,1626157|1627763|1628384|1628404|1628969|1628973|1630551|1641731|1642259|1642267,1626157|1628384|1628404|1628969|1628973,1627763|1630551|1641731|1642259|1642267,113.0,228.0,1610612752.0,22400443
3,PT05M33.00S,05:33,Q3 05:33,16.45,428,3pt,A. Sarr 27' 3PT  (16 PTS) (M. Brogdon 5 AST),[],Sarr,73,79,Made,True,True,1642259,1627763.0,3pt made,3pt missed,,,,1626157|1627763|1628384|1628404|1628969|1628973|1630551|1641731|1642259|1642267,1627763|1630551|1641731|1642259|1642267,1626157|1628384|1628404|1628969|1628973,113.0,246.0,1610612764.0,22400443
3,PT05M10.00S,05:10,Q3 05:10,16.833333333333332,430,3pt,MISS J. Brunson 26' pullup 3PT,[],Brunson,73,79,Missed,True,False,1628973,,3pt made,rebound,,,,1626157|1627763|1628384|1628404|1628969|1628973|1630551|1641731|1642259|1642267,1626157|1628384|1628404|1628969|1628973,1627763|1630551|1641731|1642259|1642267,23.0,260.0,1610612752.0,22400443
3,PT05M07.00S,05:07,Q3 05:07,16.883333333333333,431,rebound,M. Brogdon REBOUND (Off:1 Def:3),[],Brogdon,73,79,,False,False,1627763,,3pt missed,3pt missed,,,,1626157|1627763|1628384|1628404|1628969|1628973|1630551|1641731|1642259|1642267,1627763|1630551|1641731|1642259|1642267,1626157|1628384|1628404|1628969|1628973,,,1610612764.0,22400443
3,PT05M03.00S,05:03,Q3 05:03,16.95,432,3pt,MISS M. Brogdon 26' running 3PT,['fastbreak'],Brogdon,73,79,Missed,True,False,1627763,,rebound,rebound,,,,1626157|1627763|1628384|1628404|1628969|1628973|1630551|1641731|1642259|1642267,1627763|1630551|1641731|1642259|1642267,1626157|1628384|1628404|1628969|1628973,62.0,253.0,1610612764.0,22400443
3,PT05M02.00S,05:02,Q3 05:02,16.966666666666665,433,rebound,TEAM offensive REBOUND,['team'],,73,79,,False,False,0,,3pt missed,substitution,,,,1626157|1627763|1628384|1628404|1628969|1628973|1630551|1641731|1642259|1642267,1627763|1630551|1641731|1642259|1642267,1626157|1628384|1628404|1628969|1628973,,,1610612764.0,22400443
3,PT05M02.00S,05:02,Q3 05:02,16.966666666666665,435,substitution,SUB out: M. Brogdon,[],Brogdon,73,79,,False,False,1627763,,rebound,substitution,,,,1626157|1628384|1628404|1628969|1628973|1630551|1641731|1642259|1642267,1630551|1641731|1642259|1642267,1626157|1628384|1628404|1628969|1628973,,,1610612764.0,22400443
3,PT05M02.00S,05:02,Q3 05:02,16.966666666666665,436,substitution,SUB out: A. Sarr,[],Sarr,73,79,,False,False,1642259,,substitution,substitution,,,,1626157|1628384|1628404|1628969|1628973|1630551|1641731|1642267,1630551|1641731|1642267,1626157|1628384|1628404|1628969|1628973,,,1610612764.0,22400443
3,PT05M02.00S,05:02,Q3 05:02,16.966666666666665,437,substitution,SUB out: J. Champagnie,[],Champagnie,73,79,,False,False,1630551,,substitution,substitution,,,,1626157|1628384|1628404|1628969|1628973|1641731|1642267,1641731|1642267,1626157|1628384|1628404|1628969|1628973,,,1610612764.0,22400443
3,PT05M02.00S,05:02,Q3 05:02,16.966666666666665,438,substitution,SUB out: K. Towns,[],Towns,73,79,,False,False,1626157,,substitution,substitution,,,,1628384|1628404|1628969|1628973|1641731|1642267,1628384|1628404|1628969|1628973,1641731|1642267,,,1610612752.0,22400443
3,PT05M02.00S,05:02,Q3 05:02,16.966666666666665,439,substitution,SUB in: C. Kispert,[],Kispert,73,79,,False,False,1630557,,substitution,substitution,,,,1628384|1628404|1628969|1628973|1630557|1641731|1642267,1630557|1641731|1642267,1628384|1628404|1628969|1628973,,,1610612764.0,22400443
3,PT05M02.00S,05:02,Q3 05:02,16.966666666666665,440,substitution,SUB in: J. Valančiūnas,[],Valančiūnas,73,79,,False,False,202685,,substitution,substitution,,,,1628384|1628404|1628969|1628973|1630557|1641731|1642267|202685,1630557|1641731|1642267|202685,1628384|1628404|1628969|1628973,,,1610612764.0,22400443
3,PT05M02.00S,05:02,Q3 05:02,16.966666666666665,441,substitution,SUB in: K. Kuzma,[],Kuzma,73,79,,False,False,1628398,,substitution,substitution,,,,1628384|1628398|1628404|1628969|1628973|1630557|1641731|1642267|202685,1628398|1630557|1641731|1642267|202685,1628384|1628404|1628969|1628973,,,1610612764.0,22400443
3,PT05M02.00S,05:02,Q3 05:02,16.966666666666665,442,substitution,SUB in: P. Achiuwa,[],Achiuwa,73,79,,False,False,1630173,,substitution,3pt made,,,,1628384|1628398|1628404|1628969|1628973|1630173|1630557|1641731|1642267|202685,1628384|1628404|1628969|1628973|1630173,1628398|1630557|1641731|1642267|202685,,,1610612752.0,22400443
3,PT04M57.00S,04:57,Q3 04:57,15.05,444,3pt,C. Kispert 26' 3PT  (6 PTS) (B. Coulibaly 4 AST),['2ndchance'],Kispert,76,79,Made,True,True,1630557,1641731.0,substitution,foul,,,,1628384|1628398|1628404|1628969|1628973|1630173|1630557|1641731|1642267|202685,1628398|1630557|1641731|1642267|202685,1628384|1628404|1628969|1628973|1630173,36.0,260.0,1610612764.0,22400443
3,PT04M37.00S,04:37,Q3 04:37,15.383333333333333,446,foul,J. Valančiūnas shooting personal FOUL (3 PF) (Anunoby 2 FT),"['inpenalty', '2freethrow']",Valančiūnas,76,79,,False,False,202685,,3pt made,freethrow,1628384.0,,,1628384|1628398|1628404|1628969|1628973|1630173|1630557|1641731|1642267|202685,1628398|1630557|1641731|1642267|202685,1628384|1628404|1628969|1628973|1630173,,,1610612764.0,22400443
3,PT04M37.00S,04:37,Q3 04:37,15.383333333333333,448,freethrow,O. Anunoby Free Throw 1 of 2 (17 PTS),[],Anunoby,76,80,Made,False,False,1628384,,foul,freethrow,,,,1628384|1628398|1628404|1628969|1628973|1630173|1630557|1641731|1642267|202685,1628384|1628404|1628969|1628973|1630173,1628398|1630557|1641731|1642267|202685,,,1610612752.0,22400443
3,PT04M37.00S,04:37,Q3 04:37,15.383333333333333,449,freethrow,O. Anunoby Free Throw 2 of 2 (18 PTS),[],Anunoby,76,81,Made,False,False,1628384,,freethrow,2pt made,,,,1628384|1628398|1628404|1628969|1628973|1630173|1630557|1641731|1642267|202685,1628384|1628404|1628969|1628973|1630173,1628398|1630557|1641731|1642267|202685,,,1610612752.0,22400443
3,PT04M26.00S,04:26,Q3 04:26,15.566666666666666,450,2pt,J. Valančiūnas 7' Jump Shot (18 PTS) (B. Coulibaly 5 AST),['pointsinthepaint'],Valančiūnas,78,81,Made,True,True,202685,1641731.0,freethrow,turnover,,,,1628384|1628398|1628404|1628969|1628973|1630173|1630557|1641731|1642267|202685,1628398|1630557|1641731|1642267|202685,1628384|1628404|1628969|1628973|1630173,-36.0,64.0,1610612764.0,22400443
3,PT04M14.00S,04:14,Q3 04:14,15.766666666666667,452,turnover,J. Brunson bad pass TURNOVER (2 TO),[],Brunson,78,81,,False,False,1628973,,2pt made,steal,,1628398.0,,1628384|1628398|1628404|1628969|1628973|1630173|1630557|1641731|1642267|202685,1628384|1628404|1628969|1628973|1630173,1628398|1630557|1641731|1642267|202685,,,1610612752.0,22400443
3,PT04M14.00S,04:14,Q3 04:14,15.766666666666667,453,steal,K. Kuzma STEAL (1 STL),[],Kuzma,78,81,,False,False,1628398,,turnover,2pt made,,,,1628384|1628398|1628404|1628969|1628973|1630173|1630557|1641731|1642267|202685,1628398|1630557|1641731|1642267|202685,1628384|1628404|1628969|1628973|1630173,,,1610612764.0,22400443
3,PT04M05.00S,04:05,Q3 04:05,15.916666666666666,454,2pt,C. Kispert driving Layup (8 PTS) (K. Kuzma 3 AST),"['pointsinthepaint', 'fromturnover']",Kispert,80,81,Made,True,True,1630557,1628398.0,steal,3pt made,,,,1628384|1628398|1628404|1628969|1628973|1630173|1630557|1641731|1642267|202685,1628398|1630557|1641731|1642267|202685,1628384|1628404|1628969|1628973|1630173,2.0,19.0,1610612764.0,22400443
3,PT03M54.00S,03:54,Q3 03:54,14.1,456,3pt,M. Bridges 24' 3PT  (11 PTS) (J. Hart 7 AST),[],Bridges,80,84,Made,True,True,1628969,1628404.0,2pt made,3pt missed,,,,1628384|1628398|1628404|1628969|1628973|1630173|1630557|1641731|1642267|202685,1628384|1628404|1628969|1628973|1630173,1628398|1630557|1641731|1642267|202685,225.0,99.0,1610612752.0,22400443
3,PT03M30.00S,03:30,Q3 03:30,14.5,458,3pt,MISS C. Carrington 24' step back 3PT,[],Carrington,80,84,Missed,True,False,1642267,,3pt made,rebound,,,,1628384|1628398|1628404|1628969|1628973|1630173|1630557|1641731|1642267|202685,1628398|1630557|1641731|1642267|202685,1628384|1628404|1628969|1628973|1630173,22.0,246.0,1610612764.0,22400443
3,PT03M28.00S,03:28,Q3 03:28,14.533333333333333,459,rebound,P. Achiuwa REBOUND (Off:0 Def:4),[],Achiuwa,80,84,,False,False,1630173,,3pt missed,3pt missed,,,,1628384|1628398|1628404|1628969|1628973|1630173|1630557|1641731|1642267|202685,1628384|1628404|1628969|1628973|1630173,1628398|1630557|1641731|1642267|202685,,,1610612752.0,22400443
3,PT03M11.00S,03:11,Q3 03:11,14.816666666666666,460,3pt,MISS J. Brunson 27' 3PT,[],Brunson,80,84,Missed,True,False,1628973,,rebound,rebound,,,,1628384|1628398|1628404|1628969|1628973|1630173|1630557|1641731|1642267|202685,1628384|1628404|1628969|1628973|1630173,1628398|1630557|1641731|1642267|202685,-17.0,272.0,1610612752.0,22400443
3,PT03M10.00S,03:10,Q3 03:10,14.833333333333334,461,rebound,O. Anunoby REBOUND (Off:2 Def:4),[],Anunoby,80,84,,False,False,1628384,,3pt missed,3pt missed,,,,1628384|1628398|1628404|1628969|1628973|1630173|1630557|1641731|1642267|202685,1628384|1628404|1628969|1628973|1630173,1628398|1630557|1641731|1642267|202685,,,1610612752.0,22400443
3,PT03M08.00S,03:08,Q3 03:08,14.866666666666667,462,3pt,MISS O. Anunoby 24' 3PT,['2ndchance'],Anunoby,80,84,Missed,True,False,1628384,,rebound,rebound,,,,1628384|1628398|1628404|1628969|1628973|1630173|1630557|1641731|1642267|202685,1628384|1628404|1628969|1628973|1630173,1628398|1630557|1641731|1642267|202685,-244.0,11.0,1610612752.0,22400443
3,PT03M08.00S,03:08,Q3 03:08,14.866666666666667,463,rebound,B. Coulibaly REBOUND (Off:0 Def:3),[],Coulibaly,80,84,,False,False,1641731,,3pt missed,substitution,,,,1628384|1628398|1628404|1628969|1628973|1630173|1630557|1641731|1642267|202685,1628398|1630557|1641731|1642267|202685,1628384|1628404|1628969|1628973|1630173,,,1610612764.0,22400443
3,PT03M08.00S,03:08,Q3 03:08,14.866666666666667,466,substitution,SUB out: C. Carrington,[],Carrington,80,84,,False,False,1642267,,rebound,substitution,,,,1628384|1628398|1628404|1628969|1628973|1630173|1630557|1641731|202685,1628398|1630557|1641731|202685,1628384|1628404|1628969|1628973|1630173,,,1610612764.0,22400443
3,PT03M08.00S,03:08,Q3 03:08,14.866666666666667,467,substitution,SUB in: J. Butler,[],Butler,80,84,,False,False,1630215,,substitution,3pt made,,,,1628384|1628398|1628404|1628969|1628973|1630173|1630215|1630557|1641731|202685,1628398|1630215|1630557|1641731|202685,1628384|1628404|1628969|1628973|1630173,,,1610612764.0,22400443
3,PT02M51.00S,02:51,Q3 02:51,13.15,468,3pt,C. Kispert 25' 3PT  (11 PTS) (J. Butler 1 AST),[],Kispert,83,84,Made,True,True,1630557,1630215.0,substitution,3pt made,,,,1628384|1628398|1628404|1628969|1628973|1630173|1630215|1630557|1641731|202685,1628398|1630215|1630557|1641731|202685,1628384|1628404|1628969|1628973|1630173,-221.0,124.0,1610612764.0,22400443
3,PT02M27.00S,02:27,Q3 02:27,13.55,470,3pt,J. Hart 25' 3PT  (21 PTS) (J. Brunson 3 AST),[],Hart,83,87,Made,True,True,1628404,1628973.0,3pt made,foul,,,,1628384|1628398|1628404|1628969|1628973|1630173|1630215|1630557|1641731|202685,1628384|1628404|1628969|1628973|1630173,1628398|1630215|1630557|1641731|202685,-207.0,152.0,1610612752.0,22400443
3,PT02M18.00S,02:18,Q3 02:18,13.7,472,foul,P. Achiuwa shooting personal FOUL (1 PF) (Kuzma 2 FT),['2freethrow'],Achiuwa,83,87,,False,False,1630173,,3pt made,timeout,1628398.0,,,1628384|1628398|1628404|1628969|1628973|1630173|1630215|1630557|1641731|202685,1628384|1628404|1628969|1628973|1630173,1628398|1630215|1630557|1641731|202685,,,1610612752.0,22400443
3,PT02M18.00S,02:18,Q3 02:18,13.7,474,timeout,NYK Timeout,"['team', 'mandatory']",,83,87,,False,False,0,,foul,freethrow,,,,1628384|1628398|1628404|1628969|1628973|1630173|1630215|1630557|1641731|202685,1628384|1628404|1628969|1628973|1630173,1628398|1630215|1630557|1641731|202685,,,1610612752.0,22400443
3,PT02M18.00S,02:18,Q3 02:18,13.7,477,freethrow,K. Kuzma Free Throw 1 of 2 (9 PTS),[],Kuzma,84,87,Made,False,False,1628398,,timeout,freethrow,,,,1628384|1628398|1628404|1628969|1628973|1630173|1630215|1630557|1641731|202685,1628398|1630215|1630557|1641731|202685,1628384|1628404|1628969|1628973|1630173,,,1610612764.0,22400443
3,PT02M18.00S,02:18,Q3 02:18,13.7,478,freethrow,MISS K. Kuzma Free Throw 2 of 2,[],Kuzma,84,87,Missed,False,False,1628398,,freethrow,substitution,,,,1628384|1628398|1628404|1628969|1628973|1630173|1630215|1630557|1641731|202685,1628398|1630215|1630557|1641731|202685,1628384|1628404|1628969|1628973|1630173,,,1610612764.0,22400443
3,PT02M18.00S,02:18,Q3 02:18,13.7,475,substitution,SUB out: B. Coulibaly,[],Coulibaly,83,87,,False,False,1641731,,freethrow,substitution,,,,1628384|1628398|1628404|1628969|1628973|1630173|1630215|1630557|202685,1628398|1630215|1630557|202685,1628384|1628404|1628969|1628973|1630173,,,1610612764.0,22400443
3,PT02M18.00S,02:18,Q3 02:18,13.7,476,substitution,SUB in: K. George,[],George,83,87,,False,False,1642273,,substitution,rebound,,,,1628384|1628398|1628404|1628969|1628973|1630173|1630215|1630557|1642273|202685,1628398|1630215|1630557|1642273|202685,1628384|1628404|1628969|1628973|1630173,,,1610612764.0,22400443
3,PT02M16.00S,02:16,Q3 02:16,13.733333333333333,479,rebound,O. Anunoby REBOUND (Off:2 Def:5),[],Anunoby,84,87,,False,False,1628384,,substitution,foul,,,,1628384|1628398|1628404|1628969|1628973|1630173|1630215|1630557|1642273|202685,1628384|1628404|1628969|1628973|1630173,1628398|1630215|1630557|1642273|202685,,,1610612752.0,22400443
3,PT02M02.00S,02:02,Q3 02:02,13.966666666666667,480,foul,J. Valančiūnas defensive-3-second technical FOUL (1 Tech),"['inpenalty', '1freethrow']",Valančiūnas,84,87,,False,False,202685,,rebound,freethrow,,,,1628384|1628398|1628404|1628969|1628973|1630173|1630215|1630557|1642273|202685,1628398|1630215|1630557|1642273|202685,1628384|1628404|1628969|1628973|1630173,,,1610612764.0,22400443
3,PT02M02.00S,02:02,Q3 02:02,13.966666666666667,481,freethrow,J. Brunson technical Free Throw 1 of 1 (14 PTS),[],Brunson,84,88,Made,False,False,1628973,,foul,foul,,,,1628384|1628398|1628404|1628969|1628973|1630173|1630215|1630557|1642273|202685,1628384|1628404|1628969|1628973|1630173,1628398|1630215|1630557|1642273|202685,,,1610612752.0,22400443
3,PT01M49.00S,01:49,Q3 01:49,12.183333333333334,482,foul,K. Kuzma shooting personal FOUL (2 PF) (Hart 2 FT),"['inpenalty', '2freethrow']",Kuzma,84,88,,False,False,1628398,,freethrow,freethrow,1628404.0,,,1628384|1628398|1628404|1628969|1628973|1630173|1630215|1630557|1642273|202685,1628398|1630215|1630557|1642273|202685,1628384|1628404|1628969|1628973|1630173,,,1610612764.0,22400443
3,PT01M49.00S,01:49,Q3 01:49,12.183333333333334,484,freethrow,J. Hart Free Throw 1 of 2 (22 PTS),[],Hart,84,89,Made,False,False,1628404,,foul,freethrow,,,,1628384|1628398|1628404|1628969|1628973|1630173|1630215|1630557|1642273|202685,1628384|1628404|1628969|1628973|1630173,1628398|1630215|1630557|1642273|202685,,,1610612752.0,22400443
3,PT01M49.00S,01:49,Q3 01:49,12.183333333333334,487,freethrow,J. Hart Free Throw 2 of 2 (23 PTS),[],Hart,84,90,Made,False,False,1628404,,freethrow,substitution,,,,1628384|1628398|1628404|1628969|1628973|1630173|1630215|1630557|1642273|202685,1628384|1628404|1628969|1628973|1630173,1628398|1630215|1630557|1642273|202685,,,1610612752.0,22400443
3,PT01M49.00S,01:49,Q3 01:49,12.183333333333334,485,substitution,SUB out: O. Anunoby,[],Anunoby,84,89,,False,False,1628384,,freethrow,substitution,,,,1628398|1628404|1628969|1628973|1630173|1630215|1630557|1642273|202685,1628404|1628969|1628973|1630173,1628398|1630215|1630557|1642273|202685,,,1610612752.0,22400443
3,PT01M49.00S,01:49,Q3 01:49,12.183333333333334,486,substitution,SUB in: M. McBride,[],McBride,84,89,,False,False,1630540,,substitution,2pt made,,,,1628398|1628404|1628969|1628973|1630173|1630215|1630540|1630557|1642273|202685,1628404|1628969|1628973|1630173|1630540,1628398|1630215|1630557|1642273|202685,,,1610612752.0,22400443
3,PT01M31.00S,01:31,Q3 01:31,12.483333333333333,488,2pt,J. Valančiūnas turnaround Jump Shot (20 PTS),['pointsinthepaint'],Valančiūnas,86,90,Made,True,False,202685,,substitution,2pt made,,,,1628398|1628404|1628969|1628973|1630173|1630215|1630540|1630557|1642273|202685,1628398|1630215|1630557|1642273|202685,1628404|1628969|1628973|1630173|1630540,-17.0,35.0,1610612764.0,22400443
3,PT01M19.00S,01:19,Q3 01:19,12.683333333333334,489,2pt,M. Bridges 13' pullup Jump Shot (13 PTS) (J. Brunson 4 AST),['pointsinthepaint'],Bridges,86,92,Made,True,True,1628969,1628973.0,2pt made,foul,,,,1628398|1628404|1628969|1628973|1630173|1630215|1630540|1630557|1642273|202685,1628404|1628969|1628973|1630173|1630540,1628398|1630215|1630557|1642273|202685,-60.0,117.0,1610612752.0,22400443
3,PT00M58.40S,00:58,Q3 00:58,11.033333333333333,492,foul,M. McBride personal FOUL (2 PF),[],McBride,86,92,,False,False,1630540,,2pt made,turnover,202685.0,,,1628398|1628404|1628969|1628973|1630173|1630215|1630540|1630557|1642273|202685,1628404|1628969|1628973|1630173|1630540,1628398|1630215|1630557|1642273|202685,,,1610612752.0,22400443
3,PT00M48.70S,00:48,Q3 00:48,11.2,494,turnover,K. Kuzma lost ball TURNOVER (1 TO),[],Kuzma,86,92,,False,False,1628398,,foul,steal,,1628404.0,,1628398|1628404|1628969|1628973|1630173|1630215|1630540|1630557|1642273|202685,1628398|1630215|1630557|1642273|202685,1628404|1628969|1628973|1630173|1630540,,,1610612764.0,22400443
3,PT00M48.70S,00:48,Q3 00:48,11.2,495,steal,J. Hart STEAL (2 STL),[],Hart,86,92,,False,False,1628404,,turnover,3pt made,,,,1628398|1628404|1628969|1628973|1630173|1630215|1630540|1630557|1642273|202685,1628404|1628969|1628973|1630173|1630540,1628398|1630215|1630557|1642273|202685,,,1610612752.0,22400443
3,PT00M42.10S,00:42,Q3 00:42,11.3,496,3pt,M. McBride 26' 3PT  (3 PTS) (M. Bridges 5 AST),['fromturnover'],McBride,86,95,Made,True,True,1630540,1628969.0,steal,2pt made,,,,1628398|1628404|1628969|1628973|1630173|1630215|1630540|1630557|1642273|202685,1628404|1628969|1628973|1630173|1630540,1628398|1630215|1630557|1642273|202685,-188.0,193.0,1610612752.0,22400443
3,PT00M31.80S,00:31,Q3 00:31,11.483333333333333,498,2pt,J. Butler driving Layup (2 PTS),['pointsinthepaint'],Butler,88,95,Made,True,False,1630215,,3pt made,2pt missed,,,,1628398|1628404|1628969|1628973|1630173|1630215|1630540|1630557|1642273|202685,1628398|1630215|1630557|1642273|202685,1628404|1628969|1628973|1630173|1630540,-4.0,1.0,1610612764.0,22400443
3,PT00M14.50S,00:14,Q3 00:14,11.766666666666667,499,2pt,MISS M. Bridges 7' fadeaway Shot,['pointsinthepaint'],Bridges,88,95,Missed,True,False,1628969,,2pt made,rebound,,,,1628398|1628404|1628969|1628973|1630173|1630215|1630540|1630557|1642273|202685,1628404|1628969|1628973|1630173|1630540,1628398|1630215|1630557|1642273|202685,11.0,79.0,1610612752.0,22400443
3,PT00M13.20S,00:13,Q3 00:13,11.783333333333333,500,rebound,J. Hart REBOUND (Off:3 Def:6),[],Hart,88,95,,False,False,1628404,,2pt missed,2pt made,,,,1628398|1628404|1628969|1628973|1630173|1630215|1630540|1630557|1642273|202685,1628404|1628969|1628973|1630173|1630540,1628398|1630215|1630557|1642273|202685,,,1610612752.0,22400443
3,PT00M09.30S,00:09,Q3 00:09,11.85,501,2pt,P. Achiuwa 12' pullup Jump Shot (2 PTS) (J. Hart 8 AST),['2ndchance'],Achiuwa,88,97,Made,True,True,1630173,1628404.0,rebound,2pt missed,,,,1628398|1628404|1628969|1628973|1630173|1630215|1630540|1630557|1642273|202685,1628404|1628969|1628973|1630173|1630540,1628398|1630215|1630557|1642273|202685,-98.0,80.0,1610612752.0,22400443
3,PT00M00.80S,00:00,Q3 00:00,12.0,503,2pt,MISS J. Butler driving Layup - blocked,['pointsinthepaint'],Butler,88,97,Missed,True,False,1630215,,2pt made,block,,,1630173.0,1628398|1628404|1628969|1628973|1630173|1630215|1630540|1630557|1642273|202685,1628398|1630215|1630557|1642273|202685,1628404|1628969|1628973|1630173|1630540,-27.0,20.0,1610612764.0,22400443
3,PT00M00.80S,00:00,Q3 00:00,12.0,504,block,P. Achiuwa BLOCK (1 BLK),[],Achiuwa,88,97,,False,False,1630173,,2pt missed,rebound,,,,1628398|1628404|1628969|1628973|1630173|1630215|1630540|1630557|1642273|202685,1628404|1628969|1628973|1630173|1630540,1628398|1630215|1630557|1642273|202685,,,1610612752.0,22400443
3,PT00M00.80S,00:00,Q3 00:00,12.0,505,rebound,J. Hart REBOUND (Off:3 Def:7),[],Hart,88,97,,False,False,1628404,,block,substitution,,,,1628398|1628404|1628969|1628973|1630173|1630215|1630540|1630557|1642273|202685,1628404|1628969|1628973|1630173|1630540,1628398|1630215|1630557|1642273|202685,,,1610612752.0,22400443
4,PT12M00.00S,12:00,Q4 12:00,12.0,507,substitution,SUB out: J. Butler,['startperiod'],Butler,88,97,,False,False,1630215,,rebound,substitution,,,,1628398|1628404|1628969|1628973|1630173|1630540|1630557|1642273|202685,1628398|1630557|1642273|202685,1628404|1628969|1628973|1630173|1630540,,,1610612764.0,22400443
4,PT12M00.00S,12:00,Q4 12:00,12.0,508,substitution,SUB out: M. Bridges,['startperiod'],Bridges,88,97,,False,False,1628969,,substitution,substitution,,,,1628398|1628404|1628973|1630173|1630540|1630557|1642273|202685,1628404|1628973|1630173|1630540,1628398|1630557|1642273|202685,,,1610612752.0,22400443
4,PT12M00.00S,12:00,Q4 12:00,12.0,509,substitution,SUB in: M. Brogdon,['startperiod'],Brogdon,88,97,,False,False,1627763,,substitution,substitution,,,,1627763|1628398|1628404|1628973|1630173|1630540|1630557|1642273|202685,1627763|1628398|1630557|1642273|202685,1628404|1628973|1630173|1630540,,,1610612764.0,22400443
4,PT12M00.00S,12:00,Q4 12:00,12.0,510,substitution,SUB in: L. Shamet,['startperiod'],Shamet,88,97,,False,False,1629013,,substitution,2pt missed,,,,1627763|1628398|1628404|1628973|1629013|1630173|1630540|1630557|1642273|202685,1628404|1628973|1629013|1630173|1630540,1627763|1628398|1630557|1642273|202685,,,1610612752.0,22400443
4,PT11M39.00S,11:39,Q4 11:39,10.35,512,2pt,MISS M. Brogdon 7' pullup Shot,['pointsinthepaint'],Brogdon,88,97,Missed,True,False,1627763,,substitution,rebound,,,,1627763|1628398|1628404|1628973|1629013|1630173|1630540|1630557|1642273|202685,1627763|1628398|1630557|1642273|202685,1628404|1628973|1629013|1630173|1630540,5.0,78.0,1610612764.0,22400443
4,PT11M39.00S,11:39,Q4 11:39,10.35,513,rebound,J. Valančiūnas REBOUND (Off:4 Def:3),[],Valančiūnas,88,97,,False,False,202685,,2pt missed,2pt missed,,,,1627763|1628398|1628404|1628973|1629013|1630173|1630540|1630557|1642273|202685,1627763|1628398|1630557|1642273|202685,1628404|1628973|1629013|1630173|1630540,,,1610612764.0,22400443
4,PT11M39.00S,11:39,Q4 11:39,10.35,514,2pt,MISS J. Valančiūnas tip Layup,"['pointsinthepaint', '2ndchance']",Valančiūnas,88,97,Missed,True,False,202685,,rebound,rebound,,,,1627763|1628398|1628404|1628973|1629013|1630173|1630540|1630557|1642273|202685,1627763|1628398|1630557|1642273|202685,1628404|1628973|1629013|1630173|1630540,-16.0,43.0,1610612764.0,22400443
4,PT11M39.00S,11:39,Q4 11:39,10.35,515,rebound,TEAM offensive REBOUND,['team'],,88,97,,False,False,0,,2pt missed,foul,,,,1627763|1628398|1628404|1628973|1629013|1630173|1630540|1630557|1642273|202685,1627763|1628398|1630557|1642273|202685,1628404|1628973|1629013|1630173|1630540,,,1610612764.0,22400443
4,PT11M39.00S,11:39,Q4 11:39,10.35,516,foul,P. Achiuwa loose ball personal FOUL (2 PF),[],Achiuwa,88,97,,False,False,1630173,,rebound,3pt missed,202685.0,,,1627763|1628398|1628404|1628973|1629013|1630173|1630540|1630557|1642273|202685,1628404|1628973|1629013|1630173|1630540,1627763|1628398|1630557|1642273|202685,,,1610612752.0,22400443
4,PT11M24.00S,11:24,Q4 11:24,10.6,518,3pt,MISS C. Kispert 26' 3PT,['2ndchance'],Kispert,88,97,Missed,True,False,1630557,,foul,rebound,,,,1627763|1628398|1628404|1628973|1629013|1630173|1630540|1630557|1642273|202685,1627763|1628398|1630557|1642273|202685,1628404|1628973|1629013|1630173|1630540,227.0,130.0,1610612764.0,22400443
4,PT11M21.00S,11:21,Q4 11:21,10.65,519,rebound,J. Valančiūnas REBOUND (Off:5 Def:3),[],Valančiūnas,88,97,,False,False,202685,,3pt missed,3pt missed,,,,1627763|1628398|1628404|1628973|1629013|1630173|1630540|1630557|1642273|202685,1627763|1628398|1630557|1642273|202685,1628404|1628973|1629013|1630173|1630540,,,1610612764.0,22400443
4,PT11M19.00S,11:19,Q4 11:19,10.683333333333334,521,3pt,MISS K. George 24' 3PT,['2ndchance'],George,88,97,Missed,True,False,1642273,,rebound,rebound,,,,1627763|1628398|1628404|1628973|1629013|1630173|1630540|1630557|1642273|202685,1627763|1628398|1630557|1642273|202685,1628404|1628973|1629013|1630173|1630540,-234.0,58.0,1610612764.0,22400443
4,PT11M13.00S,11:13,Q4 11:13,10.783333333333333,523,rebound,J. Hart REBOUND (Off:3 Def:8),[],Hart,88,97,,False,False,1628404,,3pt missed,turnover,,,,1627763|1628398|1628404|1628973|1629013|1630173|1630540|1630557|1642273|202685,1628404|1628973|1629013|1630173|1630540,1627763|1628398|1630557|1642273|202685,,,1610612752.0,22400443
4,PT11M10.00S,11:10,Q4 11:10,10.833333333333334,524,turnover,P. Achiuwa lost ball TURNOVER (1 TO),[],Achiuwa,88,97,,False,False,1630173,,rebound,steal,,1630557.0,,1627763|1628398|1628404|1628973|1629013|1630173|1630540|1630557|1642273|202685,1628404|1628973|1629013|1630173|1630540,1627763|1628398|1630557|1642273|202685,,,1610612752.0,22400443
4,PT11M10.00S,11:10,Q4 11:10,10.833333333333334,525,steal,C. Kispert STEAL (1 STL),[],Kispert,88,97,,False,False,1630557,,turnover,3pt missed,,,,1627763|1628398|1628404|1628973|1629013|1630173|1630540|1630557|1642273|202685,1627763|1628398|1630557|1642273|202685,1628404|1628973|1629013|1630173|1630540,,,1610612764.0,22400443
4,PT11M05.00S,11:05,Q4 11:05,10.916666666666666,526,3pt,MISS K. George running 3PT,"['fromturnover', 'fastbreak']",George,88,97,Missed,True,False,1642273,,steal,rebound,,,,1627763|1628398|1628404|1628973|1629013|1630173|1630540|1630557|1642273|202685,1627763|1628398|1630557|1642273|202685,1628404|1628973|1629013|1630173|1630540,-233.0,-21.0,1610612764.0,22400443
4,PT11M01.00S,11:01,Q4 11:01,10.983333333333333,527,rebound,M. Brogdon REBOUND (Off:2 Def:3),[],Brogdon,88,97,,False,False,1627763,,3pt missed,2pt made,,,,1627763|1628398|1628404|1628973|1629013|1630173|1630540|1630557|1642273|202685,1627763|1628398|1630557|1642273|202685,1628404|1628973|1629013|1630173|1630540,,,1610612764.0,22400443
4,PT11M00.00S,11:00,Q4 11:00,11.0,528,2pt,M. Brogdon putback Layup (16 PTS),"['pointsinthepaint', 'fromturnover', '2ndchance']",Brogdon,90,97,Made,True,False,1627763,,rebound,2pt made,,,,1627763|1628398|1628404|1628973|1629013|1630173|1630540|1630557|1642273|202685,1627763|1628398|1630557|1642273|202685,1628404|1628973|1629013|1630173|1630540,9.0,5.0,1610612764.0,22400443
4,PT10M40.00S,10:40,Q4 10:40,9.333333333333334,529,2pt,M. McBride 10' turnaround fadeaway Jump Shot (5 PTS) (J. Brunson 5 AST),[],McBride,90,99,Made,True,True,1630540,1628973.0,2pt made,2pt made,,,,1627763|1628398|1628404|1628973|1629013|1630173|1630540|1630557|1642273|202685,1628404|1628973|1629013|1630173|1630540,1627763|1628398|1630557|1642273|202685,105.0,29.0,1610612752.0,22400443
4,PT10M23.00S,10:23,Q4 10:23,9.616666666666667,531,2pt,C. Kispert driving Layup (13 PTS) (M. Brogdon 6 AST),['pointsinthepaint'],Kispert,92,99,Made,True,True,1630557,1627763.0,2pt made,2pt made,,,,1627763|1628398|1628404|1628973|1629013|1630173|1630540|1630557|1642273|202685,1627763|1628398|1630557|1642273|202685,1628404|1628973|1629013|1630173|1630540,-16.0,3.0,1610612764.0,22400443
4,PT10M02.00S,10:02,Q4 10:02,9.966666666666667,533,2pt,J. Brunson 11' floating Jump Shot (16 PTS),[],Brunson,92,101,Made,True,False,1628973,,2pt made,turnover,,,,1627763|1628398|1628404|1628973|1629013|1630173|1630540|1630557|1642273|202685,1628404|1628973|1629013|1630173|1630540,1627763|1628398|1630557|1642273|202685,88.0,79.0,1610612752.0,22400443
4,PT09M57.00S,09:57,Q4 09:57,8.05,535,turnover,C. Kispert bad pass TURNOVER (1 TO),[],Kispert,92,101,,False,False,1630557,,2pt made,steal,,1630540.0,,1627763|1628398|1628404|1628973|1629013|1630173|1630540|1630557|1642273|202685,1627763|1628398|1630557|1642273|202685,1628404|1628973|1629013|1630173|1630540,,,1610612764.0,22400443
4,PT09M57.00S,09:57,Q4 09:57,8.05,536,steal,M. McBride STEAL (2 STL),[],McBride,92,101,,False,False,1630540,,turnover,2pt made,,,,1627763|1628398|1628404|1628973|1629013|1630173|1630540|1630557|1642273|202685,1628404|1628973|1629013|1630173|1630540,1627763|1628398|1630557|1642273|202685,,,1610612752.0,22400443
4,PT09M53.00S,09:53,Q4 09:53,8.116666666666667,537,2pt,M. McBride Layup (7 PTS),"['pointsinthepaint', 'fromturnover']",McBride,92,103,Made,True,False,1630540,,steal,2pt missed,,,,1627763|1628398|1628404|1628973|1629013|1630173|1630540|1630557|1642273|202685,1628404|1628973|1629013|1630173|1630540,1627763|1628398|1630557|1642273|202685,13.0,29.0,1610612752.0,22400443
4,PT09M36.00S,09:36,Q4 09:36,8.4,538,2pt,MISS K. Kuzma 13' fadeaway Shot,[],Kuzma,92,103,Missed,True,False,1628398,,2pt made,rebound,,,,1627763|1628398|1628404|1628973|1629013|1630173|1630540|1630557|1642273|202685,1627763|1628398|1630557|1642273|202685,1628404|1628973|1629013|1630173|1630540,89.0,95.0,1610612764.0,22400443
4,PT09M33.00S,09:33,Q4 09:33,8.45,539,rebound,J. Hart REBOUND (Off:3 Def:9),[],Hart,92,103,,False,False,1628404,,2pt missed,2pt missed,,,,1627763|1628398|1628404|1628973|1629013|1630173|1630540|1630557|1642273|202685,1628404|1628973|1629013|1630173|1630540,1627763|1628398|1630557|1642273|202685,,,1610612752.0,22400443
4,PT09M24.00S,09:24,Q4 09:24,8.6,540,2pt,MISS J. Brunson 14' step back Shot,[],Brunson,92,103,Missed,True,False,1628973,,rebound,rebound,,,,1627763|1628398|1628404|1628973|1629013|1630173|1630540|1630557|1642273|202685,1628404|1628973|1629013|1630173|1630540,1627763|1628398|1630557|1642273|202685,81.0,121.0,1610612752.0,22400443
4,PT09M23.00S,09:23,Q4 09:23,8.616666666666667,541,rebound,M. Brogdon REBOUND (Off:2 Def:4),[],Brogdon,92,103,,False,False,1627763,,2pt missed,substitution,,,,1627763|1628398|1628404|1628973|1629013|1630173|1630540|1630557|1642273|202685,1627763|1628398|1630557|1642273|202685,1628404|1628973|1629013|1630173|1630540,,,1610612764.0,22400443
4,PT09M20.00S,09:20,Q4 09:20,8.666666666666666,543,substitution,SUB out: J. Brunson,[],Brunson,92,103,,False,False,1628973,,rebound,substitution,,,,1627763|1628398|1628404|1629013|1630173|1630540|1630557|1642273|202685,1628404|1629013|1630173|1630540,1627763|1628398|1630557|1642273|202685,,,1610612752.0,22400443
4,PT09M20.00S,09:20,Q4 09:20,8.666666666666666,544,substitution,SUB in: K. Towns,[],Towns,92,103,,False,False,1626157,,substitution,2pt missed,,,,1626157|1627763|1628398|1628404|1629013|1630173|1630540|1630557|1642273|202685,1626157|1628404|1629013|1630173|1630540,1627763|1628398|1630557|1642273|202685,,,1610612752.0,22400443
4,PT09M02.00S,09:02,Q4 09:02,8.966666666666667,545,2pt,MISS K. George 6' turnaround fadeaway Shot,['pointsinthepaint'],George,92,103,Missed,True,False,1642273,,substitution,rebound,,,,1626157|1627763|1628398|1628404|1629013|1630173|1630540|1630557|1642273|202685,1627763|1628398|1630557|1642273|202685,1626157|1628404|1629013|1630173|1630540,-2.0,63.0,1610612764.0,22400443
4,PT09M01.00S,09:01,Q4 09:01,8.983333333333333,546,rebound,K. Towns REBOUND (Off:5 Def:7),[],Towns,92,103,,False,False,1626157,,2pt missed,2pt missed,,,,1626157|1627763|1628398|1628404|1629013|1630173|1630540|1630557|1642273|202685,1626157|1628404|1629013|1630173|1630540,1627763|1628398|1630557|1642273|202685,,,1610612752.0,22400443
4,PT08M48.00S,08:48,Q4 08:48,7.2,547,2pt,MISS L. Shamet 16' Jump Shot,[],Shamet,92,103,Missed,True,False,1629013,,rebound,rebound,,,,1626157|1627763|1628398|1628404|1629013|1630173|1630540|1630557|1642273|202685,1626157|1628404|1629013|1630173|1630540,1627763|1628398|1630557|1642273|202685,-12.0,162.0,1610612752.0,22400443
4,PT08M46.00S,08:46,Q4 08:46,7.233333333333333,548,rebound,J. Valančiūnas REBOUND (Off:5 Def:4),[],Valančiūnas,92,103,,False,False,202685,,2pt missed,foul,,,,1626157|1627763|1628398|1628404|1629013|1630173|1630540|1630557|1642273|202685,1627763|1628398|1630557|1642273|202685,1626157|1628404|1629013|1630173|1630540,,,1610612764.0,22400443
4,PT08M42.00S,08:42,Q4 08:42,7.3,550,foul,K. Kuzma charge offensive FOUL (3 PF),[],Kuzma,92,103,,False,False,1628398,,rebound,turnover,1630540.0,,,1626157|1627763|1628398|1628404|1629013|1630173|1630540|1630557|1642273|202685,1627763|1628398|1630557|1642273|202685,1626157|1628404|1629013|1630173|1630540,,,1610612764.0,22400443
4,PT08M42.00S,08:42,Q4 08:42,7.3,552,turnover,K. Kuzma offensive foul TURNOVER (2 TO),[],Kuzma,92,103,,False,False,1628398,,foul,2pt missed,,,,1626157|1627763|1628398|1628404|1629013|1630173|1630540|1630557|1642273|202685,1627763|1628398|1630557|1642273|202685,1626157|1628404|1629013|1630173|1630540,,,1610612764.0,22400443
4,PT08M27.00S,08:27,Q4 08:27,7.55,553,2pt,MISS M. McBride 7' floating Shot,"['pointsinthepaint', 'fromturnover']",McBride,92,103,Missed,True,False,1630540,,turnover,rebound,,,,1626157|1627763|1628398|1628404|1629013|1630173|1630540|1630557|1642273|202685,1626157|1628404|1629013|1630173|1630540,1627763|1628398|1630557|1642273|202685,-67.0,33.0,1610612752.0,22400443
4,PT08M27.00S,08:27,Q4 08:27,7.55,554,rebound,TEAM defensive REBOUND,['team'],,92,103,,False,False,0,,2pt missed,substitution,,,,1626157|1627763|1628398|1628404|1629013|1630173|1630540|1630557|1642273|202685,1627763|1628398|1630557|1642273|202685,1626157|1628404|1629013|1630173|1630540,,,1610612764.0,22400443
4,PT08M27.00S,08:27,Q4 08:27,7.55,555,substitution,SUB out: L. Shamet,[],Shamet,92,103,,False,False,1629013,,rebound,substitution,,,,1626157|1627763|1628398|1628404|1630173|1630540|1630557|1642273|202685,1626157|1628404|1630173|1630540,1627763|1628398|1630557|1642273|202685,,,1610612752.0,22400443
4,PT08M27.00S,08:27,Q4 08:27,7.55,556,substitution,SUB in: O. Anunoby,[],Anunoby,92,103,,False,False,1628384,,substitution,2pt made,,,,1626157|1627763|1628384|1628398|1628404|1630173|1630540|1630557|1642273|202685,1626157|1628384|1628404|1630173|1630540,1627763|1628398|1630557|1642273|202685,,,1610612752.0,22400443
4,PT08M15.00S,08:15,Q4 08:15,7.75,558,2pt,J. Valančiūnas driving Layup (22 PTS) (M. Brogdon 7 AST),['pointsinthepaint'],Valančiūnas,94,103,Made,True,True,202685,1627763.0,substitution,3pt made,,,,1626157|1627763|1628384|1628398|1628404|1630173|1630540|1630557|1642273|202685,1627763|1628398|1630557|1642273|202685,1626157|1628384|1628404|1630173|1630540,15.0,5.0,1610612764.0,22400443
4,PT08M01.00S,08:01,Q4 08:01,7.983333333333333,559,3pt,P. Achiuwa 3PT  (5 PTS) (M. McBride 4 AST),[],Achiuwa,94,106,Made,True,True,1630173,1630540.0,2pt made,foul,,,,1626157|1627763|1628384|1628398|1628404|1630173|1630540|1630557|1642273|202685,1626157|1628384|1628404|1630173|1630540,1627763|1628398|1630557|1642273|202685,-234.0,-10.0,1610612752.0,22400443
4,PT07M47.00S,07:47,Q4 07:47,6.216666666666667,561,foul,O. Anunoby shooting personal FOUL (3 PF) (Kispert 2 FT),['2freethrow'],Anunoby,94,106,,False,False,1628384,,3pt made,freethrow,1630557.0,,,1626157|1627763|1628384|1628398|1628404|1630173|1630540|1630557|1642273|202685,1626157|1628384|1628404|1630173|1630540,1627763|1628398|1630557|1642273|202685,,,1610612752.0,22400443
4,PT07M47.00S,07:47,Q4 07:47,6.216666666666667,563,freethrow,MISS C. Kispert Free Throw 1 of 2,[],Kispert,94,106,Missed,False,False,1630557,,foul,rebound,,,,1626157|1627763|1628384|1628398|1628404|1630173|1630540|1630557|1642273|202685,1627763|1628398|1630557|1642273|202685,1626157|1628384|1628404|1630173|1630540,,,1610612764.0,22400443
4,PT07M47.00S,07:47,Q4 07:47,6.216666666666667,564,rebound,TEAM offensive REBOUND,"['deadball', 'team']",,94,106,,False,False,0,,freethrow,freethrow,,,,1626157|1627763|1628384|1628398|1628404|1630173|1630540|1630557|1642273|202685,1627763|1628398|1630557|1642273|202685,1626157|1628384|1628404|1630173|1630540,,,1610612764.0,22400443
4,PT07M47.00S,07:47,Q4 07:47,6.216666666666667,567,freethrow,C. Kispert Free Throw 2 of 2 (14 PTS),[],Kispert,95,106,Made,False,False,1630557,,rebound,substitution,,,,1626157|1627763|1628384|1628398|1628404|1630173|1630540|1630557|1642273|202685,1627763|1628398|1630557|1642273|202685,1626157|1628384|1628404|1630173|1630540,,,1610612764.0,22400443
4,PT07M47.00S,07:47,Q4 07:47,6.216666666666667,565,substitution,SUB out: K. Kuzma,[],Kuzma,94,106,,False,False,1628398,,freethrow,substitution,,,,1626157|1627763|1628384|1628404|1630173|1630540|1630557|1642273|202685,1627763|1630557|1642273|202685,1626157|1628384|1628404|1630173|1630540,,,1610612764.0,22400443
4,PT07M47.00S,07:47,Q4 07:47,6.216666666666667,566,substitution,SUB in: B. Coulibaly,[],Coulibaly,94,106,,False,False,1641731,,substitution,2pt made,,,,1626157|1627763|1628384|1628404|1630173|1630540|1630557|1641731|1642273|202685,1627763|1630557|1641731|1642273|202685,1626157|1628384|1628404|1630173|1630540,,,1610612764.0,22400443
4,PT07M28.00S,07:28,Q4 07:28,6.533333333333333,568,2pt,K. Towns driving reverse Layup (23 PTS) (M. McBride 5 AST),['pointsinthepaint'],Towns,95,108,Made,True,True,1626157,1630540.0,substitution,foul,,,,1626157|1627763|1628384|1628404|1630173|1630540|1630557|1641731|1642273|202685,1626157|1628384|1628404|1630173|1630540,1627763|1630557|1641731|1642273|202685,-15.0,22.0,1610612752.0,22400443
4,PT07M28.00S,07:28,Q4 07:28,6.533333333333333,570,foul,J. Valančiūnas shooting personal FOUL (4 PF) (Towns 1 FT),['1freethrow'],Valančiūnas,95,108,,False,False,202685,,2pt made,freethrow,1626157.0,,,1626157|1627763|1628384|1628404|1630173|1630540|1630557|1641731|1642273|202685,1627763|1630557|1641731|1642273|202685,1626157|1628384|1628404|1630173|1630540,,,1610612764.0,22400443
4,PT07M28.00S,07:28,Q4 07:28,6.533333333333333,576,freethrow,K. Towns Free Throw 1 of 1 (24 PTS),[],Towns,95,109,Made,False,False,1626157,,foul,substitution,,,,1626157|1627763|1628384|1628404|1630173|1630540|1630557|1641731|1642273|202685,1626157|1628384|1628404|1630173|1630540,1627763|1630557|1641731|1642273|202685,,,1610612752.0,22400443
4,PT07M28.00S,07:28,Q4 07:28,6.533333333333333,572,substitution,SUB out: J. Valančiūnas,[],Valančiūnas,95,108,,False,False,202685,,freethrow,substitution,,,,1626157|1627763|1628384|1628404|1630173|1630540|1630557|1641731|1642273,1627763|1630557|1641731|1642273,1626157|1628384|1628404|1630173|1630540,,,1610612764.0,22400443
4,PT07M28.00S,07:28,Q4 07:28,6.533333333333333,573,substitution,SUB out: C. Kispert,[],Kispert,95,108,,False,False,1630557,,substitution,substitution,,,,1626157|1627763|1628384|1628404|1630173|1630540|1641731|1642273,1627763|1641731|1642273,1626157|1628384|1628404|1630173|1630540,,,1610612764.0,22400443
4,PT07M28.00S,07:28,Q4 07:28,6.533333333333333,574,substitution,SUB in: J. Champagnie,[],Champagnie,95,108,,False,False,1630551,,substitution,substitution,,,,1626157|1627763|1628384|1628404|1630173|1630540|1630551|1641731|1642273,1627763|1630551|1641731|1642273,1626157|1628384|1628404|1630173|1630540,,,1610612764.0,22400443
4,PT07M28.00S,07:28,Q4 07:28,6.533333333333333,575,substitution,SUB in: A. Sarr,[],Sarr,95,108,,False,False,1642259,,substitution,2pt missed,,,,1626157|1627763|1628384|1628404|1630173|1630540|1630551|1641731|1642259|1642273,1627763|1630551|1641731|1642259|1642273,1626157|1628384|1628404|1630173|1630540,,,1610612764.0,22400443
4,PT07M21.00S,07:21,Q4 07:21,6.65,577,2pt,MISS B. Coulibaly driving Layup,['pointsinthepaint'],Coulibaly,95,109,Missed,True,False,1641731,,substitution,rebound,,,,1626157|1627763|1628384|1628404|1630173|1630540|1630551|1641731|1642259|1642273,1627763|1630551|1641731|1642259|1642273,1626157|1628384|1628404|1630173|1630540,-47.0,10.0,1610612764.0,22400443
4,PT07M19.00S,07:19,Q4 07:19,6.683333333333334,578,rebound,O. Anunoby REBOUND (Off:2 Def:6),[],Anunoby,95,109,,False,False,1628384,,2pt missed,3pt missed,,,,1626157|1627763|1628384|1628404|1630173|1630540|1630551|1641731|1642259|1642273,1626157|1628384|1628404|1630173|1630540,1627763|1630551|1641731|1642259|1642273,,,1610612752.0,22400443
4,PT07M06.00S,07:06,Q4 07:06,6.9,579,3pt,MISS J. Hart 26' 3PT,[],Hart,95,109,Missed,True,False,1628404,,rebound,rebound,,,,1626157|1627763|1628384|1628404|1630173|1630540|1630551|1641731|1642259|1642273,1626157|1628384|1628404|1630173|1630540,1627763|1630551|1641731|1642259|1642273,-58.0,258.0,1610612752.0,22400443
4,PT07M03.00S,07:03,Q4 07:03,6.95,580,rebound,M. McBride REBOUND (Off:2 Def:0),[],McBride,95,109,,False,False,1630540,,3pt missed,foul,,,,1626157|1627763|1628384|1628404|1630173|1630540|1630551|1641731|1642259|1642273,1626157|1628384|1628404|1630173|1630540,1627763|1630551|1641731|1642259|1642273,,,1610612752.0,22400443
4,PT07M02.00S,07:02,Q4 07:02,6.966666666666667,581,foul,J. Champagnie shooting personal FOUL (4 PF) (McBride 2 FT),['2freethrow'],Champagnie,95,109,,False,False,1630551,,rebound,freethrow,1630540.0,,,1626157|1627763|1628384|1628404|1630173|1630540|1630551|1641731|1642259|1642273,1627763|1630551|1641731|1642259|1642273,1626157|1628384|1628404|1630173|1630540,,,1610612764.0,22400443
4,PT07M02.00S,07:02,Q4 07:02,6.966666666666667,583,freethrow,M. McBride Free Throw 1 of 2 (8 PTS),['2ndchance'],McBride,95,110,Made,False,False,1630540,,foul,freethrow,,,,1626157|1627763|1628384|1628404|1630173|1630540|1630551|1641731|1642259|1642273,1626157|1628384|1628404|1630173|1630540,1627763|1630551|1641731|1642259|1642273,,,1610612752.0,22400443
4,PT07M02.00S,07:02,Q4 07:02,6.966666666666667,584,freethrow,MISS M. McBride Free Throw 2 of 2,['2ndchance'],McBride,95,110,Missed,False,False,1630540,,freethrow,rebound,,,,1626157|1627763|1628384|1628404|1630173|1630540|1630551|1641731|1642259|1642273,1626157|1628384|1628404|1630173|1630540,1627763|1630551|1641731|1642259|1642273,,,1610612752.0,22400443
4,PT06M59.00S,06:59,Q4 06:59,5.016666666666667,585,rebound,J. Champagnie REBOUND (Off:0 Def:5),[],Champagnie,95,110,,False,False,1630551,,freethrow,2pt made,,,,1626157|1627763|1628384|1628404|1630173|1630540|1630551|1641731|1642259|1642273,1627763|1630551|1641731|1642259|1642273,1626157|1628384|1628404|1630173|1630540,,,1610612764.0,22400443
4,PT06M43.00S,06:43,Q4 06:43,5.283333333333333,586,2pt,A. Sarr 13' fadeaway Jump Shot (18 PTS) (B. Coulibaly 6 AST),[],Sarr,97,110,Made,True,True,1642259,1641731.0,rebound,2pt made,,,,1626157|1627763|1628384|1628404|1630173|1630540|1630551|1641731|1642259|1642273,1627763|1630551|1641731|1642259|1642273,1626157|1628384|1628404|1630173|1630540,118.0,74.0,1610612764.0,22400443
4,PT06M29.00S,06:29,Q4 06:29,5.516666666666667,588,2pt,K. Towns alley-oop DUNK (26 PTS) (J. Hart 9 AST),['pointsinthepaint'],Towns,97,112,Made,True,True,1626157,1628404.0,2pt made,foul,,,,1626157|1627763|1628384|1628404|1630173|1630540|1630551|1641731|1642259|1642273,1626157|1628384|1628404|1630173|1630540,1627763|1630551|1641731|1642259|1642273,5.0,11.0,1610612752.0,22400443
4,PT06M15.00S,06:15,Q4 06:15,5.75,590,foul,K. Towns shooting personal FOUL (4 PF) (Brogdon 2 FT),['2freethrow'],Towns,97,112,,False,False,1626157,,2pt made,timeout,1627763.0,,,1626157|1627763|1628384|1628404|1630173|1630540|1630551|1641731|1642259|1642273,1626157|1628384|1628404|1630173|1630540,1627763|1630551|1641731|1642259|1642273,,,1610612752.0,22400443
4,PT06M15.00S,06:15,Q4 06:15,5.75,592,timeout,WAS Timeout,"['team', 'mandatory']",,97,112,,False,False,0,,foul,freethrow,,,,1626157|1627763|1628384|1628404|1630173|1630540|1630551|1641731|1642259|1642273,1627763|1630551|1641731|1642259|1642273,1626157|1628384|1628404|1630173|1630540,,,1610612764.0,22400443
4,PT06M15.00S,06:15,Q4 06:15,5.75,593,freethrow,M. Brogdon Free Throw 1 of 2 (17 PTS),[],Brogdon,98,112,Made,False,False,1627763,,timeout,freethrow,,,,1626157|1627763|1628384|1628404|1630173|1630540|1630551|1641731|1642259|1642273,1627763|1630551|1641731|1642259|1642273,1626157|1628384|1628404|1630173|1630540,,,1610612764.0,22400443
4,PT06M15.00S,06:15,Q4 06:15,5.75,594,freethrow,M. Brogdon Free Throw 2 of 2 (18 PTS),[],Brogdon,99,112,Made,False,False,1627763,,freethrow,2pt made,,,,1626157|1627763|1628384|1628404|1630173|1630540|1630551|1641731|1642259|1642273,1627763|1630551|1641731|1642259|1642273,1626157|1628384|1628404|1630173|1630540,,,1610612764.0,22400443
4,PT06M03.00S,06:03,Q4 06:03,5.95,595,2pt,K. Towns 13' turnaround Hook (28 PTS) (M. McBride 6 AST),[],Towns,99,114,Made,True,True,1626157,1630540.0,freethrow,turnover,,,,1626157|1627763|1628384|1628404|1630173|1630540|1630551|1641731|1642259|1642273,1626157|1628384|1628404|1630173|1630540,1627763|1630551|1641731|1642259|1642273,129.0,32.0,1610612752.0,22400443
4,PT05M50.00S,05:50,Q4 05:50,4.166666666666667,598,turnover,A. Sarr bad pass TURNOVER (2 TO),[],Sarr,99,114,,False,False,1642259,,2pt made,steal,,1630540.0,,1626157|1627763|1628384|1628404|1630173|1630540|1630551|1641731|1642259|1642273,1627763|1630551|1641731|1642259|1642273,1626157|1628384|1628404|1630173|1630540,,,1610612764.0,22400443
4,PT05M50.00S,05:50,Q4 05:50,4.166666666666667,599,steal,M. McBride STEAL (3 STL),[],McBride,99,114,,False,False,1630540,,turnover,2pt missed,,,,1626157|1627763|1628384|1628404|1630173|1630540|1630551|1641731|1642259|1642273,1626157|1628384|1628404|1630173|1630540,1627763|1630551|1641731|1642259|1642273,,,1610612752.0,22400443
4,PT05M43.00S,05:43,Q4 05:43,4.283333333333333,600,2pt,MISS O. Anunoby 8' driving Layup - blocked,['fromturnover'],Anunoby,99,114,Missed,True,False,1628384,,steal,block,,,1630551.0,1626157|1627763|1628384|1628404|1630173|1630540|1630551|1641731|1642259|1642273,1626157|1628384|1628404|1630173|1630540,1627763|1630551|1641731|1642259|1642273,-81.0,17.0,1610612752.0,22400443
4,PT05M43.00S,05:43,Q4 05:43,4.283333333333333,601,block,J. Champagnie BLOCK (2 BLK),[],Champagnie,99,114,,False,False,1630551,,2pt missed,rebound,,,,1626157|1627763|1628384|1628404|1630173|1630540|1630551|1641731|1642259|1642273,1627763|1630551|1641731|1642259|1642273,1626157|1628384|1628404|1630173|1630540,,,1610612764.0,22400443
4,PT05M43.00S,05:43,Q4 05:43,4.283333333333333,602,rebound,TEAM offensive REBOUND,['team'],,99,114,,False,False,0,,block,substitution,,,,1626157|1627763|1628384|1628404|1630173|1630540|1630551|1641731|1642259|1642273,1626157|1628384|1628404|1630173|1630540,1627763|1630551|1641731|1642259|1642273,,,1610612752.0,22400443
4,PT05M43.00S,05:43,Q4 05:43,4.283333333333333,604,substitution,SUB out: M. Brogdon,[],Brogdon,99,114,,False,False,1627763,,rebound,substitution,,,,1626157|1628384|1628404|1630173|1630540|1630551|1641731|1642259|1642273,1630551|1641731|1642259|1642273,1626157|1628384|1628404|1630173|1630540,,,1610612764.0,22400443
4,PT05M43.00S,05:43,Q4 05:43,4.283333333333333,605,substitution,SUB out: M. McBride,[],McBride,99,114,,False,False,1630540,,substitution,substitution,,,,1626157|1628384|1628404|1630173|1630551|1641731|1642259|1642273,1626157|1628384|1628404|1630173,1630551|1641731|1642259|1642273,,,1610612752.0,22400443
4,PT05M43.00S,05:43,Q4 05:43,4.283333333333333,606,substitution,SUB out: P. Achiuwa,[],Achiuwa,99,114,,False,False,1630173,,substitution,substitution,,,,1626157|1628384|1628404|1630551|1641731|1642259|1642273,1626157|1628384|1628404,1630551|1641731|1642259|1642273,,,1610612752.0,22400443
4,PT05M43.00S,05:43,Q4 05:43,4.283333333333333,607,substitution,SUB in: C. Kispert,[],Kispert,99,114,,False,False,1630557,,substitution,substitution,,,,1626157|1628384|1628404|1630551|1630557|1641731|1642259|1642273,1630551|1630557|1641731|1642259|1642273,1626157|1628384|1628404,,,1610612764.0,22400443
4,PT05M43.00S,05:43,Q4 05:43,4.283333333333333,608,substitution,SUB in: J. Brunson,[],Brunson,99,114,,False,False,1628973,,substitution,substitution,,,,1626157|1628384|1628404|1628973|1630551|1630557|1641731|1642259|1642273,1626157|1628384|1628404|1628973,1630551|1630557|1641731|1642259|1642273,,,1610612752.0,22400443
4,PT05M43.00S,05:43,Q4 05:43,4.283333333333333,609,substitution,SUB in: M. Bridges,[],Bridges,99,114,,False,False,1628969,,substitution,foul,,,,1626157|1628384|1628404|1628969|1628973|1630551|1630557|1641731|1642259|1642273,1626157|1628384|1628404|1628969|1628973,1630551|1630557|1641731|1642259|1642273,,,1610612752.0,22400443
4,PT05M41.00S,05:41,Q4 05:41,4.316666666666666,610,foul,A. Sarr personal FOUL (4 PF),[],Sarr,99,114,,False,False,1642259,,substitution,2pt made,1626157.0,,,1626157|1628384|1628404|1628969|1628973|1630551|1630557|1641731|1642259|1642273,1630551|1630557|1641731|1642259|1642273,1626157|1628384|1628404|1628969|1628973,,,1610612764.0,22400443
4,PT05M29.00S,05:29,Q4 05:29,4.516666666666667,612,2pt,J. Brunson driving floating Jump Shot (18 PTS) (M. Bridges 6 AST),"['pointsinthepaint', 'fromturnover', '2ndchance']",Brunson,99,116,Made,True,True,1628973,1628969.0,foul,2pt missed,,,,1626157|1628384|1628404|1628969|1628973|1630551|1630557|1641731|1642259|1642273,1626157|1628384|1628404|1628969|1628973,1630551|1630557|1641731|1642259|1642273,-10.0,23.0,1610612752.0,22400443
4,PT05M21.00S,05:21,Q4 05:21,4.65,613,2pt,MISS B. Coulibaly driving Layup,['pointsinthepaint'],Coulibaly,99,116,Missed,True,False,1641731,,2pt made,rebound,,,,1626157|1628384|1628404|1628969|1628973|1630551|1630557|1641731|1642259|1642273,1630551|1630557|1641731|1642259|1642273,1626157|1628384|1628404|1628969|1628973,51.0,25.0,1610612764.0,22400443
4,PT05M19.00S,05:19,Q4 05:19,4.683333333333334,614,rebound,J. Hart REBOUND (Off:3 Def:10),[],Hart,99,116,,False,False,1628404,,2pt missed,2pt missed,,,,1626157|1628384|1628404|1628969|1628973|1630551|1630557|1641731|1642259|1642273,1626157|1628384|1628404|1628969|1628973,1630551|1630557|1641731|1642259|1642273,,,1610612752.0,22400443
4,PT05M18.00S,05:18,Q4 05:18,4.7,615,2pt,MISS J. Brunson running Layup,"['fastbreak', 'pointsinthepaint']",Brunson,99,116,Missed,True,False,1628973,,rebound,rebound,,,,1626157|1628384|1628404|1628969|1628973|1630551|1630557|1641731|1642259|1642273,1626157|1628384|1628404|1628969|1628973,1630551|1630557|1641731|1642259|1642273,-25.0,16.0,1610612752.0,22400443
4,PT05M17.00S,05:17,Q4 05:17,4.716666666666667,616,rebound,J. Hart REBOUND (Off:4 Def:10),[],Hart,99,116,,False,False,1628404,,2pt missed,2pt missed,,,,1626157|1628384|1628404|1628969|1628973|1630551|1630557|1641731|1642259|1642273,1626157|1628384|1628404|1628969|1628973,1630551|1630557|1641731|1642259|1642273,,,1610612752.0,22400443
4,PT05M17.00S,05:17,Q4 05:17,4.716666666666667,617,2pt,MISS J. Hart tip Layup,"['2ndchance', 'fastbreak', 'pointsinthepaint']",Hart,99,116,Missed,True,False,1628404,,rebound,rebound,,,,1626157|1628384|1628404|1628969|1628973|1630551|1630557|1641731|1642259|1642273,1626157|1628384|1628404|1628969|1628973,1630551|1630557|1641731|1642259|1642273,0.0,0.0,1610612752.0,22400443
4,PT05M16.00S,05:16,Q4 05:16,4.733333333333333,618,rebound,K. George REBOUND (Off:0 Def:3),[],George,99,116,,False,False,1642273,,2pt missed,turnover,,,,1626157|1628384|1628404|1628969|1628973|1630551|1630557|1641731|1642259|1642273,1630551|1630557|1641731|1642259|1642273,1626157|1628384|1628404|1628969|1628973,,,1610612764.0,22400443
4,PT05M13.00S,05:13,Q4 05:13,4.783333333333333,619,turnover,K. George bad pass out-of-bounds TURNOVER (2 TO),[],George,99,116,,False,False,1642273,,rebound,3pt missed,,,,1626157|1628384|1628404|1628969|1628973|1630551|1630557|1641731|1642259|1642273,1630551|1630557|1641731|1642259|1642273,1626157|1628384|1628404|1628969|1628973,,,1610612764.0,22400443
4,PT05M08.00S,05:08,Q4 05:08,4.866666666666666,620,3pt,MISS M. Bridges 3PT,['fromturnover'],Bridges,99,116,Missed,True,False,1628969,,turnover,rebound,,,,1626157|1628384|1628404|1628969|1628973|1630551|1630557|1641731|1642259|1642273,1626157|1628384|1628404|1628969|1628973,1630551|1630557|1641731|1642259|1642273,232.0,17.0,1610612752.0,22400443
4,PT05M06.00S,05:06,Q4 05:06,4.9,621,rebound,K. George REBOUND (Off:0 Def:4),[],George,99,116,,False,False,1642273,,3pt missed,3pt missed,,,,1626157|1628384|1628404|1628969|1628973|1630551|1630557|1641731|1642259|1642273,1630551|1630557|1641731|1642259|1642273,1626157|1628384|1628404|1628969|1628973,,,1610612764.0,22400443
4,PT05M02.00S,05:02,Q4 05:02,4.966666666666667,622,3pt,MISS K. George 26' running 3PT,['fastbreak'],George,99,116,Missed,True,False,1642273,,rebound,rebound,,,,1626157|1628384|1628404|1628969|1628973|1630551|1630557|1641731|1642259|1642273,1630551|1630557|1641731|1642259|1642273,1626157|1628384|1628404|1628969|1628973,-235.0,113.0,1610612764.0,22400443
4,PT04M57.00S,04:57,Q4 04:57,3.05,623,rebound,K. Towns REBOUND (Off:5 Def:8),[],Towns,99,116,,False,False,1626157,,3pt missed,2pt made,,,,1626157|1628384|1628404|1628969|1628973|1630551|1630557|1641731|1642259|1642273,1626157|1628384|1628404|1628969|1628973,1630551|1630557|1641731|1642259|1642273,,,1610612752.0,22400443
4,PT04M47.00S,04:47,Q4 04:47,3.216666666666667,624,2pt,K. Towns cutting DUNK (30 PTS) (J. Hart 10 AST),['pointsinthepaint'],Towns,99,118,Made,True,True,1626157,1628404.0,rebound,3pt missed,,,,1626157|1628384|1628404|1628969|1628973|1630551|1630557|1641731|1642259|1642273,1626157|1628384|1628404|1628969|1628973,1630551|1630557|1641731|1642259|1642273,-16.0,7.0,1610612752.0,22400443
4,PT04M29.00S,04:29,Q4 04:29,3.5166666666666666,626,3pt,MISS A. Sarr 25' 3PT,[],Sarr,99,118,Missed,True,False,1642259,,2pt made,rebound,,,,1626157|1628384|1628404|1628969|1628973|1630551|1630557|1641731|1642259|1642273,1630551|1630557|1641731|1642259|1642273,1626157|1628384|1628404|1628969|1628973,-147.0,209.0,1610612764.0,22400443
4,PT04M26.00S,04:26,Q4 04:26,3.5666666666666664,627,rebound,J. Brunson REBOUND (Off:0 Def:3),[],Brunson,99,118,,False,False,1628973,,3pt missed,2pt made,,,,1626157|1628384|1628404|1628969|1628973|1630551|1630557|1641731|1642259|1642273,1626157|1628384|1628404|1628969|1628973,1630551|1630557|1641731|1642259|1642273,,,1610612752.0,22400443
4,PT04M21.00S,04:21,Q4 04:21,3.65,628,2pt,K. Towns driving DUNK (32 PTS) (J. Brunson 6 AST),['pointsinthepaint'],Towns,99,120,Made,True,True,1626157,1628973.0,rebound,timeout,,,,1626157|1628384|1628404|1628969|1628973|1630551|1630557|1641731|1642259|1642273,1626157|1628384|1628404|1628969|1628973,1630551|1630557|1641731|1642259|1642273,-10.0,7.0,1610612752.0,22400443
4,PT04M20.00S,04:20,Q4 04:20,3.6666666666666665,629,timeout,WAS Timeout,"['team', 'mandatory']",,99,120,,False,False,0,,2pt made,3pt missed,,,,1626157|1628384|1628404|1628969|1628973|1630551|1630557|1641731|1642259|1642273,1630551|1630557|1641731|1642259|1642273,1626157|1628384|1628404|1628969|1628973,,,1610612764.0,22400443
4,PT04M05.00S,04:05,Q4 04:05,3.9166666666666665,631,3pt,MISS B. Coulibaly 26' pullup 3PT - blocked,[],Coulibaly,99,120,Missed,True,False,1641731,,timeout,block,,,1628384.0,1626157|1628384|1628404|1628969|1628973|1630551|1630557|1641731|1642259|1642273,1630551|1630557|1641731|1642259|1642273,1626157|1628384|1628404|1628969|1628973,-83.0,252.0,1610612764.0,22400443
4,PT04M05.00S,04:05,Q4 04:05,3.9166666666666665,632,block,O. Anunoby BLOCK (1 BLK),[],Anunoby,99,120,,False,False,1628384,,3pt missed,rebound,,,,1626157|1628384|1628404|1628969|1628973|1630551|1630557|1641731|1642259|1642273,1626157|1628384|1628404|1628969|1628973,1630551|1630557|1641731|1642259|1642273,,,1610612752.0,22400443
4,PT04M01.00S,04:01,Q4 04:01,3.9833333333333334,633,rebound,M. Bridges REBOUND (Off:2 Def:4),[],Bridges,99,120,,False,False,1628969,,block,3pt missed,,,,1626157|1628384|1628404|1628969|1628973|1630551|1630557|1641731|1642259|1642273,1626157|1628384|1628404|1628969|1628973,1630551|1630557|1641731|1642259|1642273,,,1610612752.0,22400443
4,PT03M43.00S,03:43,Q4 03:43,2.283333333333333,634,3pt,MISS O. Anunoby 3PT,[],Anunoby,99,120,Missed,True,False,1628384,,rebound,rebound,,,,1626157|1628384|1628404|1628969|1628973|1630551|1630557|1641731|1642259|1642273,1626157|1628384|1628404|1628969|1628973,1630551|1630557|1641731|1642259|1642273,233.0,37.0,1610612752.0,22400443
4,PT03M40.00S,03:40,Q4 03:40,2.3333333333333335,635,rebound,J. Champagnie REBOUND (Off:0 Def:6),[],Champagnie,99,120,,False,False,1630551,,3pt missed,3pt missed,,,,1626157|1628384|1628404|1628969|1628973|1630551|1630557|1641731|1642259|1642273,1630551|1630557|1641731|1642259|1642273,1626157|1628384|1628404|1628969|1628973,,,1610612764.0,22400443
4,PT03M34.00S,03:34,Q4 03:34,2.4333333333333336,636,3pt,MISS J. Champagnie 33' 3PT,[],Champagnie,99,120,Missed,True,False,1630551,,rebound,rebound,,,,1626157|1628384|1628404|1628969|1628973|1630551|1630557|1641731|1642259|1642273,1630551|1630557|1641731|1642259|1642273,1626157|1628384|1628404|1628969|1628973,224.0,242.0,1610612764.0,22400443
4,PT03M33.00S,03:33,Q4 03:33,2.45,637,rebound,TEAM defensive REBOUND,['team'],,99,120,,False,False,0,,3pt missed,3pt missed,,,,1626157|1628384|1628404|1628969|1628973|1630551|1630557|1641731|1642259|1642273,1626157|1628384|1628404|1628969|1628973,1630551|1630557|1641731|1642259|1642273,,,1610612752.0,22400443
4,PT03M15.00S,03:15,Q4 03:15,2.75,639,3pt,MISS O. Anunoby 26' pullup 3PT,[],Anunoby,99,120,Missed,True,False,1628384,,rebound,rebound,,,,1626157|1628384|1628404|1628969|1628973|1630551|1630557|1641731|1642259|1642273,1626157|1628384|1628404|1628969|1628973,1630551|1630557|1641731|1642259|1642273,-93.0,248.0,1610612752.0,22400443
4,PT03M12.00S,03:12,Q4 03:12,2.8,640,rebound,J. Champagnie REBOUND (Off:0 Def:7),[],Champagnie,99,120,,False,False,1630551,,3pt missed,3pt made,,,,1626157|1628384|1628404|1628969|1628973|1630551|1630557|1641731|1642259|1642273,1630551|1630557|1641731|1642259|1642273,1626157|1628384|1628404|1628969|1628973,,,1610612764.0,22400443
4,PT02M58.00S,02:58,Q4 02:58,1.0333333333333332,641,3pt,K. George 30' 3PT  (4 PTS) (C. Kispert 1 AST),[],George,102,120,Made,True,True,1642273,1630557.0,rebound,2pt missed,,,,1626157|1628384|1628404|1628969|1628973|1630551|1630557|1641731|1642259|1642273,1630551|1630557|1641731|1642259|1642273,1626157|1628384|1628404|1628969|1628973,192.0,239.0,1610612764.0,22400443
4,PT02M33.00S,02:33,Q4 02:33,1.45,643,2pt,MISS M. Bridges 13' turnaround fadeaway Shot,[],Bridges,102,120,Missed,True,False,1628969,,3pt made,rebound,,,,1626157|1628384|1628404|1628969|1628973|1630551|1630557|1641731|1642259|1642273,1626157|1628384|1628404|1628969|1628973,1630551|1630557|1641731|1642259|1642273,135.0,12.0,1610612752.0,22400443
4,PT02M31.00S,02:31,Q4 02:31,1.4833333333333334,644,rebound,J. Champagnie REBOUND (Off:0 Def:8),[],Champagnie,102,120,,False,False,1630551,,2pt missed,3pt missed,,,,1626157|1628384|1628404|1628969|1628973|1630551|1630557|1641731|1642259|1642273,1630551|1630557|1641731|1642259|1642273,1626157|1628384|1628404|1628969|1628973,,,1610612764.0,22400443
4,PT02M25.00S,02:25,Q4 02:25,1.5833333333333333,645,3pt,MISS A. Sarr 25' 3PT,[],Sarr,102,120,Missed,True,False,1642259,,rebound,rebound,,,,1626157|1628384|1628404|1628969|1628973|1630551|1630557|1641731|1642259|1642273,1630551|1630557|1641731|1642259|1642273,1626157|1628384|1628404|1628969|1628973,36.0,255.0,1610612764.0,22400443
4,PT02M21.00S,02:21,Q4 02:21,1.65,646,rebound,J. Hart REBOUND (Off:4 Def:11),[],Hart,102,120,,False,False,1628404,,3pt missed,3pt missed,,,,1626157|1628384|1628404|1628969|1628973|1630551|1630557|1641731|1642259|1642273,1626157|1628384|1628404|1628969|1628973,1630551|1630557|1641731|1642259|1642273,,,1610612752.0,22400443
4,PT02M04.00S,02:04,Q4 02:04,1.9333333333333333,647,3pt,MISS J. Hart 27' pullup 3PT,[],Hart,102,120,Missed,True,False,1628404,,rebound,rebound,,,,1626157|1628384|1628404|1628969|1628973|1630551|1630557|1641731|1642259|1642273,1626157|1628384|1628404|1628969|1628973,1630551|1630557|1641731|1642259|1642273,-130.0,246.0,1610612752.0,22400443
4,PT02M00.00S,02:00,Q4 02:00,2.0,648,rebound,K. George REBOUND (Off:0 Def:5),[],George,102,120,,False,False,1642273,,3pt missed,3pt missed,,,,1626157|1628384|1628404|1628969|1628973|1630551|1630557|1641731|1642259|1642273,1630551|1630557|1641731|1642259|1642273,1626157|1628384|1628404|1628969|1628973,,,1610612764.0,22400443
4,PT01M56.00S,01:56,Q4 01:56,0.06666666666666665,649,3pt,MISS J. Champagnie 25' running 3PT,['fastbreak'],Champagnie,102,120,Missed,True,False,1630551,,rebound,rebound,,,,1626157|1628384|1628404|1628969|1628973|1630551|1630557|1641731|1642259|1642273,1630551|1630557|1641731|1642259|1642273,1626157|1628384|1628404|1628969|1628973,-143.0,211.0,1610612764.0,22400443
4,PT01M53.00S,01:53,Q4 01:53,0.1166666666666667,650,rebound,C. Kispert REBOUND (Off:2 Def:0),[],Kispert,102,120,,False,False,1630557,,3pt missed,2pt made,,,,1626157|1628384|1628404|1628969|1628973|1630551|1630557|1641731|1642259|1642273,1630551|1630557|1641731|1642259|1642273,1626157|1628384|1628404|1628969|1628973,,,1610612764.0,22400443
4,PT01M52.00S,01:52,Q4 01:52,0.1333333333333333,651,2pt,C. Kispert 8' driving floating bank Jump Shot (16 PTS),"['pointsinthepaint', '2ndchance']",Kispert,104,120,Made,True,False,1630557,,rebound,foul,,,,1626157|1628384|1628404|1628969|1628973|1630551|1630557|1641731|1642259|1642273,1630551|1630557|1641731|1642259|1642273,1626157|1628384|1628404|1628969|1628973,71.0,53.0,1610612764.0,22400443
4,PT01M48.00S,01:48,Q4 01:48,0.19999999999999996,652,foul,J. Champagnie personal FOUL (5 PF),[],Champagnie,104,120,,False,False,1630551,,2pt made,substitution,1628404.0,,,1626157|1628384|1628404|1628969|1628973|1630551|1630557|1641731|1642259|1642273,1630551|1630557|1641731|1642259|1642273,1626157|1628384|1628404|1628969|1628973,,,1610612764.0,22400443
4,PT01M48.00S,01:48,Q4 01:48,0.19999999999999996,654,substitution,SUB out: B. Coulibaly,[],Coulibaly,104,120,,False,False,1641731,,foul,substitution,,,,1626157|1628384|1628404|1628969|1628973|1630551|1630557|1642259|1642273,1630551|1630557|1642259|1642273,1626157|1628384|1628404|1628969|1628973,,,1610612764.0,22400443
4,PT01M48.00S,01:48,Q4 01:48,0.19999999999999996,655,substitution,SUB out: J. Champagnie,[],Champagnie,104,120,,False,False,1630551,,substitution,substitution,,,,1626157|1628384|1628404|1628969|1628973|1630557|1642259|1642273,1630557|1642259|1642273,1626157|1628384|1628404|1628969|1628973,,,1610612764.0,22400443
4,PT01M48.00S,01:48,Q4 01:48,0.19999999999999996,656,substitution,SUB out: K. George,[],George,104,120,,False,False,1642273,,substitution,substitution,,,,1626157|1628384|1628404|1628969|1628973|1630557|1642259,1630557|1642259,1626157|1628384|1628404|1628969|1628973,,,1610612764.0,22400443
4,PT01M48.00S,01:48,Q4 01:48,0.19999999999999996,657,substitution,SUB out: A. Sarr,[],Sarr,104,120,,False,False,1642259,,substitution,substitution,,,,1626157|1628384|1628404|1628969|1628973|1630557,1630557,1626157|1628384|1628404|1628969|1628973,,,1610612764.0,22400443
4,PT01M48.00S,01:48,Q4 01:48,0.19999999999999996,658,substitution,SUB out: C. Kispert,[],Kispert,104,120,,False,False,1630557,,substitution,substitution,,,,1626157|1628384|1628404|1628969|1628973,,1626157|1628384|1628404|1628969|1628973,,,1610612764.0,22400443
4,PT01M48.00S,01:48,Q4 01:48,0.19999999999999996,659,substitution,SUB out: O. Anunoby,[],Anunoby,104,120,,False,False,1628384,,substitution,substitution,,,,1626157|1628404|1628969|1628973,1626157|1628404|1628969|1628973,,,,1610612752.0,22400443
4,PT01M48.00S,01:48,Q4 01:48,0.19999999999999996,660,substitution,SUB out: K. Towns,[],Towns,104,120,,False,False,1626157,,substitution,substitution,,,,1628404|1628969|1628973,1628404|1628969|1628973,,,,1610612752.0,22400443
4,PT01M48.00S,01:48,Q4 01:48,0.19999999999999996,661,substitution,SUB out: J. Brunson,[],Brunson,104,120,,False,False,1628973,,substitution,substitution,,,,1628404|1628969,1628404|1628969,,,,1610612752.0,22400443
4,PT01M48.00S,01:48,Q4 01:48,0.19999999999999996,662,substitution,SUB out: M. Bridges,[],Bridges,104,120,,False,False,1628969,,substitution,substitution,,,,1628404,1628404,,,,1610612752.0,22400443
4,PT01M48.00S,01:48,Q4 01:48,0.19999999999999996,663,substitution,SUB in: T. Vukcevic,[],Vukcevic,104,120,,False,False,1641774,,substitution,substitution,,,,1628404|1641774,1641774,1628404,,,1610612764.0,22400443
4,PT01M48.00S,01:48,Q4 01:48,0.19999999999999996,664,substitution,SUB in: P. Baldwin Jr.,[],Baldwin Jr.,104,120,,False,False,1631116,,substitution,substitution,,,,1628404|1631116|1641774,1631116|1641774,1628404,,,1610612764.0,22400443
4,PT01M48.00S,01:48,Q4 01:48,0.19999999999999996,665,substitution,SUB in: J. Davis,[],Davis,104,120,,False,False,1631098,,substitution,substitution,,,,1628404|1631098|1631116|1641774,1631098|1631116|1641774,1628404,,,1610612764.0,22400443
4,PT01M48.00S,01:48,Q4 01:48,0.19999999999999996,666,substitution,SUB in: A. Gill,[],Gill,104,120,,False,False,1630264,,substitution,substitution,,,,1628404|1630264|1631098|1631116|1641774,1630264|1631098|1631116|1641774,1628404,,,1610612764.0,22400443
4,PT01M48.00S,01:48,Q4 01:48,0.19999999999999996,667,substitution,SUB in: J. Butler,[],Butler,104,120,,False,False,1630215,,substitution,substitution,,,,1628404|1630215|1630264|1631098|1631116|1641774,1630215|1630264|1631098|1631116|1641774,1628404,,,1610612764.0,22400443
4,PT01M48.00S,01:48,Q4 01:48,0.19999999999999996,668,substitution,SUB in: J. Toppin,[],Toppin,104,120,,False,False,1631210,,substitution,substitution,,,,1628404|1630215|1630264|1631098|1631116|1631210|1641774,1628404|1631210,1630215|1630264|1631098|1631116|1641774,,,1610612752.0,22400443
4,PT01M48.00S,01:48,Q4 01:48,0.19999999999999996,669,substitution,SUB in: J. Sims,[],Sims,104,120,,False,False,1630579,,substitution,substitution,,,,1628404|1630215|1630264|1630579|1631098|1631116|1631210|1641774,1628404|1630579|1631210,1630215|1630264|1631098|1631116|1641774,,,1610612752.0,22400443
4,PT01M48.00S,01:48,Q4 01:48,0.19999999999999996,670,substitution,SUB in: L. Shamet,[],Shamet,104,120,,False,False,1629013,,substitution,substitution,,,,1628404|1629013|1630215|1630264|1630579|1631098|1631116|1631210|1641774,1628404|1629013|1630579|1631210,1630215|1630264|1631098|1631116|1641774,,,1610612752.0,22400443
4,PT01M48.00S,01:48,Q4 01:48,0.19999999999999996,671,substitution,SUB in: T. Kolek,[],Kolek,104,120,,False,False,1642278,,substitution,3pt made,,,,1628404|1629013|1630215|1630264|1630579|1631098|1631116|1631210|1641774|1642278,1628404|1629013|1630579|1631210|1642278,1630215|1630264|1631098|1631116|1641774,,,1610612752.0,22400443
4,PT01M34.00S,01:34,Q4 01:34,0.43333333333333335,672,3pt,L. Shamet 3PT  (3 PTS) (J. Toppin 1 AST),[],Shamet,104,123,Made,True,True,1629013,1631210.0,substitution,3pt missed,,,,1628404|1629013|1630215|1630264|1630579|1631098|1631116|1631210|1641774|1642278,1628404|1629013|1630579|1631210|1642278,1630215|1630264|1631098|1631116|1641774,-239.0,-9.0,1610612752.0,22400443
4,PT01M20.00S,01:20,Q4 01:20,0.6666666666666667,674,3pt,MISS J. Davis step back 3PT,[],Davis,104,123,Missed,True,False,1631098,,3pt made,rebound,,,,1628404|1629013|1630215|1630264|1630579|1631098|1631116|1631210|1641774|1642278,1630215|1630264|1631098|1631116|1641774,1628404|1629013|1630579|1631210|1642278,-229.0,-8.0,1610612764.0,22400443
4,PT01M18.00S,01:18,Q4 01:18,0.7,675,rebound,A. Gill REBOUND (Off:1 Def:0),[],Gill,104,123,,False,False,1630264,,3pt missed,2pt made,,,,1628404|1629013|1630215|1630264|1630579|1631098|1631116|1631210|1641774|1642278,1630215|1630264|1631098|1631116|1641774,1628404|1629013|1630579|1631210|1642278,,,1610612764.0,22400443
4,PT01M18.00S,01:18,Q4 01:18,0.7,676,2pt,A. Gill putback Layup (2 PTS),"['pointsinthepaint', '2ndchance']",Gill,106,123,Made,True,False,1630264,,rebound,3pt missed,,,,1628404|1629013|1630215|1630264|1630579|1631098|1631116|1631210|1641774|1642278,1630215|1630264|1631098|1631116|1641774,1628404|1629013|1630579|1631210|1642278,-6.0,9.0,1610612764.0,22400443
4,PT00M57.20S,00:57,Q4 00:57,-0.95,677,3pt,MISS T. Kolek 28' pullup 3PT,[],Kolek,106,123,Missed,True,False,1642278,,2pt made,rebound,,,,1628404|1629013|1630215|1630264|1630579|1631098|1631116|1631210|1641774|1642278,1628404|1629013|1630579|1631210|1642278,1630215|1630264|1631098|1631116|1641774,-37.0,280.0,1610612752.0,22400443
4,PT00M55.10S,00:55,Q4 00:55,-0.9166666666666666,678,rebound,A. Gill REBOUND (Off:1 Def:1),[],Gill,106,123,,False,False,1630264,,3pt missed,foul,,,,1628404|1629013|1630215|1630264|1630579|1631098|1631116|1631210|1641774|1642278,1630215|1630264|1631098|1631116|1641774,1628404|1629013|1630579|1631210|1642278,,,1610612764.0,22400443
4,PT00M52.20S,00:52,Q4 00:52,-0.8666666666666667,679,foul,J. Hart personal FOUL (4 PF),[],Hart,106,123,,False,False,1628404,,rebound,substitution,1631098.0,,,1628404|1629013|1630215|1630264|1630579|1631098|1631116|1631210|1641774|1642278,1628404|1629013|1630579|1631210|1642278,1630215|1630264|1631098|1631116|1641774,,,1610612752.0,22400443
4,PT00M52.20S,00:52,Q4 00:52,-0.8666666666666667,681,substitution,SUB out: J. Hart,[],Hart,106,123,,False,False,1628404,,foul,substitution,,,,1629013|1630215|1630264|1630579|1631098|1631116|1631210|1641774|1642278,1629013|1630579|1631210|1642278,1630215|1630264|1631098|1631116|1641774,,,1610612752.0,22400443
4,PT00M52.20S,00:52,Q4 00:52,-0.8666666666666667,682,substitution,SUB in: M. Ryan,[],Ryan,106,123,,False,False,1630346,,substitution,2pt missed,,,,1629013|1630215|1630264|1630346|1630579|1631098|1631116|1631210|1641774|1642278,1629013|1630346|1630579|1631210|1642278,1630215|1630264|1631098|1631116|1641774,,,1610612752.0,22400443
4,PT00M42.00S,00:42,Q4 00:42,-0.7,683,2pt,MISS J. Davis 7' turnaround Hook,['pointsinthepaint'],Davis,106,123,Missed,True,False,1631098,,substitution,rebound,,,,1629013|1630215|1630264|1630346|1630579|1631098|1631116|1631210|1641774|1642278,1630215|1630264|1631098|1631116|1641774,1629013|1630346|1630579|1631210|1642278,18.0,68.0,1610612764.0,22400443
4,PT00M40.40S,00:40,Q4 00:40,-0.6666666666666666,684,rebound,J. Toppin REBOUND (Off:0 Def:1),[],Toppin,106,123,,False,False,1631210,,2pt missed,3pt made,,,,1629013|1630215|1630264|1630346|1630579|1631098|1631116|1631210|1641774|1642278,1629013|1630346|1630579|1631210|1642278,1630215|1630264|1631098|1631116|1641774,,,1610612752.0,22400443
4,PT00M35.30S,00:35,Q4 00:35,-0.5833333333333334,685,3pt,L. Shamet 27' 3PT  (6 PTS) (J. Toppin 2 AST),[],Shamet,106,126,Made,True,True,1629013,1631210.0,rebound,3pt missed,,,,1629013|1630215|1630264|1630346|1630579|1631098|1631116|1631210|1641774|1642278,1629013|1630346|1630579|1631210|1642278,1630215|1630264|1631098|1631116|1641774,228.0,162.0,1610612752.0,22400443
4,PT00M25.00S,00:25,Q4 00:25,-0.4166666666666667,687,3pt,MISS T. Vukcevic 27' 3PT,[],Vukcevic,106,126,Missed,True,False,1641774,,3pt made,rebound,,,,1629013|1630215|1630264|1630346|1630579|1631098|1631116|1631210|1641774|1642278,1630215|1630264|1631098|1631116|1641774,1629013|1630346|1630579|1631210|1642278,32.0,269.0,1610612764.0,22400443
4,PT00M21.70S,00:21,Q4 00:21,-0.35,688,rebound,J. Sims REBOUND (Off:0 Def:1),[],Sims,106,126,,False,False,1630579,,3pt missed,,,,,1629013|1630215|1630264|1630346|1630579|1631098|1631116|1631210|1641774|1642278,1629013|1630346|1630579|1631210|1642278,1630215|1630264|1631098|1631116|1641774,,,1610612752.0,22400443
