period,clock,clock_display,game_clock,minutes_left_in_game,actionNumber,actionType,description,qualifier,playerName,scoreHome,scoreAway,shotResult,isFieldGoal,assisted,person_id,assister_id,previous_action,next_action,foulDrawnPersonId,stealPersonId,blockPersonId,players_on,off_players_on,def_players_on,xLegacy,yLegacy,teamId,game_id
1,PT11M34.00S,11:34,Q1 11:34,46.43333333333333,7,3pt,MISS M. Bridges 3PT,[],Bridges,0,0,Missed,True,False,1628969,,,rebound,,,,1626157|1627759|1628369|1628384|1628401|1628404|1628969|1628973|201143|201950,1626157|1628384|1628404|1628969|1628973,1627759|1628369|1628401|201143|201950,232.0,4.0,1610612752.0,42400213
1,PT11M31.00S,11:31,Q1 11:31,46.483333333333334,8,rebound,J. Brunson REBOUND (Off:1 Def:0),[],Brunson,0,0,,False,False,1628973,,3pt missed,turnover,,,,1626157|1627759|1628369|1628384|1628401|1628404|1628969|1628973|201143|201950,1626157|1628384|1628404|1628969|1628973,1627759|1628369|1628401|201143|201950,,,1610612752.0,42400213
1,PT11M25.00S,11:25,Q1 11:25,46.583333333333336,9,turnover,J. Brunson bad pass TURNOVER (1 TO),[],Brunson,0,0,,False,False,1628973,,rebound,steal,,1628369.0,,1626157|1627759|1628369|1628384|1628401|1628404|1628969|1628973|201143|201950,1626157|1628384|1628404|1628969|1628973,1627759|1628369|1628401|201143|201950,,,1610612752.0,42400213
1,PT11M25.00S,11:25,Q1 11:25,46.583333333333336,10,steal,J. Tatum STEAL (1 STL),[],Tatum,0,0,,False,False,1628369,,turnover,2pt missed,,,,1626157|1627759|1628369|1628384|1628401|1628404|1628969|1628973|201143|201950,1627759|1628369|1628401|201143|201950,1626157|1628384|1628404|1628969|1628973,,,1610612738.0,42400213
1,PT11M23.00S,11:23,Q1 11:23,46.61666666666667,11,2pt,MISS J. Tatum running Layup,"['fastbreak', 'pointsinthepaint', 'fromturnover']",Tatum,0,0,Missed,True,False,1628369,,steal,rebound,,,,1626157|1627759|1628369|1628384|1628401|1628404|1628969|1628973|201143|201950,1627759|1628369|1628401|201143|201950,1626157|1628384|1628404|1628969|1628973,-13.0,-2.0,1610612738.0,42400213
1,PT11M22.00S,11:22,Q1 11:22,46.63333333333333,12,rebound,D. White REBOUND (Off:1 Def:0),[],White,0,0,,False,False,1628401,,2pt missed,2pt made,,,,1626157|1627759|1628369|1628384|1628401|1628404|1628969|1628973|201143|201950,1627759|1628369|1628401|201143|201950,1626157|1628384|1628404|1628969|1628973,,,1610612738.0,42400213
1,PT11M22.00S,11:22,Q1 11:22,46.63333333333333,13,2pt,D. White tip Layup (2 PTS),"['2ndchance', 'fastbreak', 'pointsinthepaint', 'fromturnover']",White,0,2,Made,True,False,1628401,,rebound,2pt missed,,,,1626157|1627759|1628369|1628384|1628401|1628404|1628969|1628973|201143|201950,1627759|1628369|1628401|201143|201950,1626157|1628384|1628404|1628969|1628973,0.0,0.0,1610612738.0,42400213
1,PT11M01.00S,11:01,Q1 11:01,46.983333333333334,14,2pt,MISS J. Brunson 20' pullup Shot,[],Brunson,0,2,Missed,True,False,1628973,,2pt made,rebound,,,,1626157|1627759|1628369|1628384|1628401|1628404|1628969|1628973|201143|201950,1626157|1628384|1628404|1628969|1628973,1627759|1628369|1628401|201143|201950,13.0,200.0,1610612752.0,42400213
1,PT10M58.00S,10:58,Q1 10:58,45.03333333333333,15,rebound,J. Brown REBOUND (Off:0 Def:1),[],Brown,0,2,,False,False,1627759,,2pt missed,turnover,,,,1626157|1627759|1628369|1628384|1628401|1628404|1628969|1628973|201143|201950,1627759|1628369|1628401|201143|201950,1626157|1628384|1628404|1628969|1628973,,,1610612738.0,42400213
1,PT10M48.00S,10:48,Q1 10:48,45.2,16,turnover,J. Brown lost ball TURNOVER (1 TO),[],Brown,0,2,,False,False,1627759,,rebound,steal,,1628973.0,,1626157|1627759|1628369|1628384|1628401|1628404|1628969|1628973|201143|201950,1627759|1628369|1628401|201143|201950,1626157|1628384|1628404|1628969|1628973,,,1610612738.0,42400213
1,PT10M48.00S,10:48,Q1 10:48,45.2,17,steal,J. Brunson STEAL (1 STL),[],Brunson,0,2,,False,False,1628973,,turnover,2pt made,,,,1626157|1627759|1628369|1628384|1628401|1628404|1628969|1628973|201143|201950,1626157|1628384|1628404|1628969|1628973,1627759|1628369|1628401|201143|201950,,,1610612752.0,42400213
1,PT10M43.00S,10:43,Q1 10:43,45.28333333333333,18,2pt,M. Bridges running Layup (2 PTS) (J. Brunson 1 AST),"['pointsinthepaint', 'fromturnover', 'fastbreak']",Bridges,2,2,Made,True,True,1628969,1628973.0,steal,3pt made,,,,1626157|1627759|1628369|1628384|1628401|1628404|1628969|1628973|201143|201950,1626157|1628384|1628404|1628969|1628973,1627759|1628369|1628401|201143|201950,-2.0,7.0,1610612752.0,42400213
1,PT10M33.00S,10:33,Q1 10:33,45.45,20,3pt,A. Horford 26' 3PT  (3 PTS) (J. Tatum 1 AST),[],Horford,2,5,Made,True,True,201143,1628369.0,2pt made,2pt missed,,,,1626157|1627759|1628369|1628384|1628401|1628404|1628969|1628973|201143|201950,1627759|1628369|1628401|201143|201950,1626157|1628384|1628404|1628969|1628973,230.0,121.0,1610612738.0,42400213
1,PT10M07.00S,10:07,Q1 10:07,45.88333333333333,22,2pt,MISS O. Anunoby 13' step back Shot,['pointsinthepaint'],Anunoby,2,5,Missed,True,False,1628384,,3pt made,rebound,,,,1626157|1627759|1628369|1628384|1628401|1628404|1628969|1628973|201143|201950,1626157|1628384|1628404|1628969|1628973,1627759|1628369|1628401|201143|201950,15.0,130.0,1610612752.0,42400213
1,PT10M05.00S,10:05,Q1 10:05,45.916666666666664,23,rebound,J. Holiday REBOUND (Off:0 Def:1),[],Holiday,2,5,,False,False,201950,,2pt missed,2pt made,,,,1626157|1627759|1628369|1628384|1628401|1628404|1628969|1628973|201143|201950,1627759|1628369|1628401|201143|201950,1626157|1628384|1628404|1628969|1628973,,,1610612738.0,42400213
1,PT09M56.00S,09:56,Q1 09:56,44.06666666666667,24,2pt,J. Holiday driving Layup (2 PTS) (J. Brown 1 AST),['pointsinthepaint'],Holiday,2,7,Made,True,True,201950,1627759.0,rebound,foul,,,,1626157|1627759|1628369|1628384|1628401|1628404|1628969|1628973|201143|201950,1627759|1628369|1628401|201143|201950,1626157|1628384|1628404|1628969|1628973,-1.0,-2.0,1610612738.0,42400213
1,PT09M33.00S,09:33,Q1 09:33,44.45,26,foul,J. Holiday shooting personal FOUL (1 PF) (Towns 2 FT),['2freethrow'],Holiday,2,7,,False,False,201950,,2pt made,freethrow,1626157.0,,,1626157|1627759|1628369|1628384|1628401|1628404|1628969|1628973|201143|201950,1627759|1628369|1628401|201143|201950,1626157|1628384|1628404|1628969|1628973,,,1610612738.0,42400213
1,PT09M33.00S,09:33,Q1 09:33,44.45,28,freethrow,MISS K. Towns Free Throw 1 of 2,[],Towns,2,7,Missed,False,False,1626157,,foul,rebound,,,,1626157|1627759|1628369|1628384|1628401|1628404|1628969|1628973|201143|201950,1626157|1628384|1628404|1628969|1628973,1627759|1628369|1628401|201143|201950,,,1610612752.0,42400213
1,PT09M33.00S,09:33,Q1 09:33,44.45,29,rebound,TEAM offensive REBOUND,"['deadball', 'team']",,2,7,,False,False,0,,freethrow,freethrow,,,,1626157|1627759|1628369|1628384|1628401|1628404|1628969|1628973|201143|201950,1626157|1628384|1628404|1628969|1628973,1627759|1628369|1628401|201143|201950,,,1610612752.0,42400213
1,PT09M33.00S,09:33,Q1 09:33,44.45,30,freethrow,K. Towns Free Throw 2 of 2 (1 PTS),[],Towns,3,7,Made,False,False,1626157,,rebound,2pt missed,,,,1626157|1627759|1628369|1628384|1628401|1628404|1628969|1628973|201143|201950,1626157|1628384|1628404|1628969|1628973,1627759|1628369|1628401|201143|201950,,,1610612752.0,42400213
1,PT09M19.00S,09:19,Q1 09:19,44.68333333333333,31,2pt,MISS J. Tatum 19' step back Shot,[],Tatum,3,7,Missed,True,False,1628369,,freethrow,rebound,,,,1626157|1627759|1628369|1628384|1628401|1628404|1628969|1628973|201143|201950,1627759|1628369|1628401|201143|201950,1626157|1628384|1628404|1628969|1628973,36.0,197.0,1610612738.0,42400213
1,PT09M15.00S,09:15,Q1 09:15,44.75,32,rebound,J. Hart REBOUND (Off:0 Def:1),[],Hart,3,7,,False,False,1628404,,2pt missed,3pt made,,,,1626157|1627759|1628369|1628384|1628401|1628404|1628969|1628973|201143|201950,1626157|1628384|1628404|1628969|1628973,1627759|1628369|1628401|201143|201950,,,1610612752.0,42400213
1,PT09M10.00S,09:10,Q1 09:10,44.833333333333336,33,3pt,K. Towns 28' 3PT running (4 PTS) (J. Hart 1 AST),['fastbreak'],Towns,6,7,Made,True,True,1626157,1628404.0,rebound,3pt made,,,,1626157|1627759|1628369|1628384|1628401|1628404|1628969|1628973|201143|201950,1626157|1628384|1628404|1628969|1628973,1627759|1628369|1628401|201143|201950,-200.0,204.0,1610612752.0,42400213
1,PT08M59.00S,08:59,Q1 08:59,43.016666666666666,35,3pt,J. Brown 24' 3PT pullup (3 PTS) (D. White 1 AST),[],Brown,6,10,Made,True,True,1627759,1628401.0,3pt made,2pt missed,,,,1626157|1627759|1628369|1628384|1628401|1628404|1628969|1628973|201143|201950,1627759|1628369|1628401|201143|201950,1626157|1628384|1628404|1628969|1628973,-87.0,232.0,1610612738.0,42400213
1,PT08M32.00S,08:32,Q1 08:32,43.46666666666667,38,2pt,MISS K. Towns 10' turnaround fadeaway Shot,[],Towns,6,10,Missed,True,False,1626157,,3pt made,rebound,,,,1626157|1627759|1628369|1628384|1628401|1628404|1628969|1628973|201143|201950,1626157|1628384|1628404|1628969|1628973,1627759|1628369|1628401|201143|201950,-103.0,21.0,1610612752.0,42400213
1,PT08M29.00S,08:29,Q1 08:29,43.516666666666666,39,rebound,A. Horford REBOUND (Off:0 Def:1),[],Horford,6,10,,False,False,201143,,2pt missed,turnover,,,,1626157|1627759|1628369|1628384|1628401|1628404|1628969|1628973|201143|201950,1627759|1628369|1628401|201143|201950,1626157|1628384|1628404|1628969|1628973,,,1610612738.0,42400213
1,PT08M17.00S,08:17,Q1 08:17,43.71666666666667,40,turnover,J. Holiday lost ball TURNOVER (1 TO),[],Holiday,6,10,,False,False,201950,,rebound,steal,,1628969.0,,1626157|1627759|1628369|1628384|1628401|1628404|1628969|1628973|201143|201950,1627759|1628369|1628401|201143|201950,1626157|1628384|1628404|1628969|1628973,,,1610612738.0,42400213
1,PT08M17.00S,08:17,Q1 08:17,43.71666666666667,41,steal,M. Bridges STEAL (1 STL),[],Bridges,6,10,,False,False,1628969,,turnover,3pt missed,,,,1626157|1627759|1628369|1628384|1628401|1628404|1628969|1628973|201143|201950,1626157|1628384|1628404|1628969|1628973,1627759|1628369|1628401|201143|201950,,,1610612752.0,42400213
1,PT08M00.00S,08:00,Q1 08:00,44.0,42,3pt,MISS O. Anunoby 26' step back 3PT,['fromturnover'],Anunoby,6,10,Missed,True,False,1628384,,steal,rebound,,,,1626157|1627759|1628369|1628384|1628401|1628404|1628969|1628973|201143|201950,1626157|1628384|1628404|1628969|1628973,1627759|1628369|1628401|201143|201950,206.0,159.0,1610612752.0,42400213
1,PT07M55.00S,07:55,Q1 07:55,42.083333333333336,43,rebound,A. Horford REBOUND (Off:0 Def:2),[],Horford,6,10,,False,False,201143,,3pt missed,2pt missed,,,,1626157|1627759|1628369|1628384|1628401|1628404|1628969|1628973|201143|201950,1627759|1628369|1628401|201143|201950,1626157|1628384|1628404|1628969|1628973,,,1610612738.0,42400213
1,PT07M47.00S,07:47,Q1 07:47,42.21666666666667,44,2pt,MISS J. Brown driving Layup,['pointsinthepaint'],Brown,6,10,Missed,True,False,1627759,,rebound,rebound,,,,1626157|1627759|1628369|1628384|1628401|1628404|1628969|1628973|201143|201950,1627759|1628369|1628401|201143|201950,1626157|1628384|1628404|1628969|1628973,-20.0,13.0,1610612738.0,42400213
1,PT07M46.00S,07:46,Q1 07:46,42.233333333333334,45,rebound,K. Towns REBOUND (Off:0 Def:1),[],Towns,6,10,,False,False,1626157,,2pt missed,3pt missed,,,,1626157|1627759|1628369|1628384|1628401|1628404|1628969|1628973|201143|201950,1626157|1628384|1628404|1628969|1628973,1627759|1628369|1628401|201143|201950,,,1610612752.0,42400213
1,PT07M36.00S,07:36,Q1 07:36,42.4,46,3pt,MISS J. Brunson step back 3PT,[],Brunson,6,10,Missed,True,False,1628973,,rebound,rebound,,,,1626157|1627759|1628369|1628384|1628401|1628404|1628969|1628973|201143|201950,1626157|1628384|1628404|1628969|1628973,1627759|1628369|1628401|201143|201950,-229.0,63.0,1610612752.0,42400213
1,PT07M34.00S,07:34,Q1 07:34,42.43333333333333,47,rebound,TEAM defensive REBOUND,['team'],,6,10,,False,False,0,,3pt missed,foul,,,,1626157|1627759|1628369|1628384|1628401|1628404|1628969|1628973|201143|201950,1627759|1628369|1628401|201143|201950,1626157|1628384|1628404|1628969|1628973,,,1610612738.0,42400213
1,PT07M34.00S,07:34,Q1 07:34,42.43333333333333,48,foul,K. Towns loose ball personal FOUL (1 PF),[],Towns,6,10,,False,False,1626157,,rebound,3pt made,1628401.0,,,1626157|1627759|1628369|1628384|1628401|1628404|1628969|1628973|201143|201950,1626157|1628384|1628404|1628969|1628973,1627759|1628369|1628401|201143|201950,,,1610612752.0,42400213
1,PT07M23.00S,07:23,Q1 07:23,42.61666666666667,50,3pt,J. Tatum 25' 3PT pullup (3 PTS),[],Tatum,6,13,Made,True,False,1628369,,foul,3pt missed,,,,1626157|1627759|1628369|1628384|1628401|1628404|1628969|1628973|201143|201950,1627759|1628369|1628401|201143|201950,1626157|1628384|1628404|1628969|1628973,-60.0,247.0,1610612738.0,42400213
1,PT07M09.00S,07:09,Q1 07:09,42.85,51,3pt,MISS J. Hart 26' 3PT,[],Hart,6,13,Missed,True,False,1628404,,3pt made,rebound,,,,1626157|1627759|1628369|1628384|1628401|1628404|1628969|1628973|201143|201950,1626157|1628384|1628404|1628969|1628973,1627759|1628369|1628401|201143|201950,200.0,170.0,1610612752.0,42400213
1,PT07M07.00S,07:07,Q1 07:07,42.88333333333333,52,rebound,O. Anunoby REBOUND (Off:1 Def:0),[],Anunoby,6,13,,False,False,1628384,,3pt missed,2pt missed,,,,1626157|1627759|1628369|1628384|1628401|1628404|1628969|1628973|201143|201950,1626157|1628384|1628404|1628969|1628973,1627759|1628369|1628401|201143|201950,,,1610612752.0,42400213
1,PT07M00.00S,07:00,Q1 07:00,43.0,54,2pt,MISS K. Towns reverse Layup,"['pointsinthepaint', '2ndchance']",Towns,6,13,Missed,True,False,1626157,,rebound,rebound,,,,1626157|1627759|1628369|1628384|1628401|1628404|1628969|1628973|201143|201950,1626157|1628384|1628404|1628969|1628973,1627759|1628369|1628401|201143|201950,2.0,6.0,1610612752.0,42400213
1,PT06M58.00S,06:58,Q1 06:58,41.03333333333333,55,rebound,J. Tatum REBOUND (Off:0 Def:1),[],Tatum,6,13,,False,False,1628369,,2pt missed,2pt missed,,,,1626157|1627759|1628369|1628384|1628401|1628404|1628969|1628973|201143|201950,1627759|1628369|1628401|201143|201950,1626157|1628384|1628404|1628969|1628973,,,1610612738.0,42400213
1,PT06M53.00S,06:53,Q1 06:53,41.11666666666667,56,2pt,MISS J. Tatum running finger roll Layup,"['pointsinthepaint', 'fastbreak']",Tatum,6,13,Missed,True,False,1628369,,rebound,rebound,,,,1626157|1627759|1628369|1628384|1628401|1628404|1628969|1628973|201143|201950,1627759|1628369|1628401|201143|201950,1626157|1628384|1628404|1628969|1628973,-5.0,13.0,1610612738.0,42400213
1,PT06M51.00S,06:51,Q1 06:51,41.15,57,rebound,J. Hart REBOUND (Off:0 Def:2),[],Hart,6,13,,False,False,1628404,,2pt missed,2pt missed,,,,1626157|1627759|1628369|1628384|1628401|1628404|1628969|1628973|201143|201950,1626157|1628384|1628404|1628969|1628973,1627759|1628369|1628401|201143|201950,,,1610612752.0,42400213
1,PT06M43.00S,06:43,Q1 06:43,41.28333333333333,58,2pt,MISS M. Bridges 8' fadeaway Shot,[],Bridges,6,13,Missed,True,False,1628969,,rebound,rebound,,,,1626157|1627759|1628369|1628384|1628401|1628404|1628969|1628973|201143|201950,1626157|1628384|1628404|1628969|1628973,1627759|1628369|1628401|201143|201950,83.0,4.0,1610612752.0,42400213
1,PT06M41.00S,06:41,Q1 06:41,41.31666666666667,59,rebound,J. Brown REBOUND (Off:0 Def:2),[],Brown,6,13,,False,False,1627759,,2pt missed,foul,,,,1626157|1627759|1628369|1628384|1628401|1628404|1628969|1628973|201143|201950,1627759|1628369|1628401|201143|201950,1626157|1628384|1628404|1628969|1628973,,,1610612738.0,42400213
1,PT06M35.00S,06:35,Q1 06:35,41.416666666666664,60,foul,M. Bridges shooting personal FOUL (1 PF) (Brown 2 FT),['2freethrow'],Bridges,6,13,,False,False,1628969,,rebound,timeout,1627759.0,,,1626157|1627759|1628369|1628384|1628401|1628404|1628969|1628973|201143|201950,1626157|1628384|1628404|1628969|1628973,1627759|1628369|1628401|201143|201950,,,1610612752.0,42400213
1,PT06M35.00S,06:35,Q1 06:35,41.416666666666664,62,timeout,NYK Timeout,"['team', 'mandatory']",,6,13,,False,False,0,,foul,freethrow,,,,1626157|1627759|1628369|1628384|1628401|1628404|1628969|1628973|201143|201950,1626157|1628384|1628404|1628969|1628973,1627759|1628369|1628401|201143|201950,,,1610612752.0,42400213
1,PT06M35.00S,06:35,Q1 06:35,41.416666666666664,65,freethrow,J. Brown Free Throw 1 of 2 (4 PTS),[],Brown,6,14,Made,False,False,1627759,,timeout,freethrow,,,,1626157|1627759|1628369|1628384|1628401|1628404|1628969|1628973|201143|201950,1627759|1628369|1628401|201143|201950,1626157|1628384|1628404|1628969|1628973,,,1610612738.0,42400213
1,PT06M35.00S,06:35,Q1 06:35,41.416666666666664,66,freethrow,J. Brown Free Throw 2 of 2 (5 PTS),[],Brown,6,15,Made,False,False,1627759,,freethrow,substitution,,,,1626157|1627759|1628369|1628384|1628401|1628404|1628969|1628973|201143|201950,1627759|1628369|1628401|201143|201950,1626157|1628384|1628404|1628969|1628973,,,1610612738.0,42400213
1,PT06M35.00S,06:35,Q1 06:35,41.416666666666664,63,substitution,SUB out: J. Holiday,[],Holiday,6,13,,False,False,201950,,freethrow,substitution,,,,1626157|1627759|1628369|1628384|1628401|1628404|1628969|1628973|201143,1627759|1628369|1628401|201143,1626157|1628384|1628404|1628969|1628973,,,1610612738.0,42400213
1,PT06M35.00S,06:35,Q1 06:35,41.416666666666664,64,substitution,SUB in: P. Pritchard,[],Pritchard,6,13,,False,False,1630202,,substitution,2pt made,,,,1626157|1627759|1628369|1628384|1628401|1628404|1628969|1628973|1630202|201143,1627759|1628369|1628401|1630202|201143,1626157|1628384|1628404|1628969|1628973,,,1610612738.0,42400213
1,PT06M10.00S,06:10,Q1 06:10,41.833333333333336,67,2pt,J. Brunson 12' turnaround fadeaway Jump Shot (2 PTS),[],Brunson,8,15,Made,True,False,1628973,,substitution,2pt made,,,,1626157|1627759|1628369|1628384|1628401|1628404|1628969|1628973|1630202|201143,1626157|1628384|1628404|1628969|1628973,1627759|1628369|1628401|1630202|201143,129.0,17.0,1610612752.0,42400213
1,PT05M56.00S,05:56,Q1 05:56,40.06666666666667,68,2pt,J. Brown driving Hook (7 PTS) (J. Tatum 2 AST),['pointsinthepaint'],Brown,8,17,Made,True,True,1627759,1628369.0,2pt made,foul,,,,1626157|1627759|1628369|1628384|1628401|1628404|1628969|1628973|1630202|201143,1627759|1628369|1628401|1630202|201143,1626157|1628384|1628404|1628969|1628973,5.0,25.0,1610612738.0,42400213
1,PT05M45.00S,05:45,Q1 05:45,40.25,70,foul,D. White shooting personal FOUL (1 PF) (Brunson 2 FT),['2freethrow'],White,8,17,,False,False,1628401,,2pt made,freethrow,1628973.0,,,1626157|1627759|1628369|1628384|1628401|1628404|1628969|1628973|1630202|201143,1627759|1628369|1628401|1630202|201143,1626157|1628384|1628404|1628969|1628973,,,1610612738.0,42400213
1,PT05M45.00S,05:45,Q1 05:45,40.25,72,freethrow,J. Brunson Free Throw 1 of 2 (3 PTS),[],Brunson,9,17,Made,False,False,1628973,,foul,freethrow,,,,1626157|1627759|1628369|1628384|1628401|1628404|1628969|1628973|1630202|201143,1626157|1628384|1628404|1628969|1628973,1627759|1628369|1628401|1630202|201143,,,1610612752.0,42400213
1,PT05M45.00S,05:45,Q1 05:45,40.25,77,freethrow,J. Brunson Free Throw 2 of 2 (4 PTS),[],Brunson,10,17,Made,False,False,1628973,,freethrow,substitution,,,,1626157|1627759|1628369|1628384|1628401|1628404|1628969|1628973|1630202|201143,1626157|1628384|1628404|1628969|1628973,1627759|1628369|1628401|1630202|201143,,,1610612752.0,42400213
1,PT05M45.00S,05:45,Q1 05:45,40.25,73,substitution,SUB out: K. Towns,[],Towns,8,17,,False,False,1626157,,freethrow,substitution,,,,1627759|1628369|1628384|1628401|1628404|1628969|1628973|1630202|201143,1628384|1628404|1628969|1628973,1627759|1628369|1628401|1630202|201143,,,1610612752.0,42400213
1,PT05M45.00S,05:45,Q1 05:45,40.25,74,substitution,SUB out: A. Horford,[],Horford,8,17,,False,False,201143,,substitution,substitution,,,,1627759|1628369|1628384|1628401|1628404|1628969|1628973|1630202,1627759|1628369|1628401|1630202,1628384|1628404|1628969|1628973,,,1610612738.0,42400213
1,PT05M45.00S,05:45,Q1 05:45,40.25,75,substitution,SUB in: M. Robinson,[],Robinson,8,17,,False,False,1629011,,substitution,substitution,,,,1627759|1628369|1628384|1628401|1628404|1628969|1628973|1629011|1630202,1628384|1628404|1628969|1628973|1629011,1627759|1628369|1628401|1630202,,,1610612752.0,42400213
1,PT05M45.00S,05:45,Q1 05:45,40.25,76,substitution,SUB in: K. Porziņģis,[],Porziņģis,8,17,,False,False,204001,,substitution,3pt made,,,,1627759|1628369|1628384|1628401|1628404|1628969|1628973|1629011|1630202|204001,1627759|1628369|1628401|1630202|204001,1628384|1628404|1628969|1628973|1629011,,,1610612738.0,42400213
1,PT05M25.00S,05:25,Q1 05:25,40.583333333333336,78,3pt,D. White 27' 3PT pullup (5 PTS),[],White,10,20,Made,True,False,1628401,,substitution,foul,,,,1627759|1628369|1628384|1628401|1628404|1628969|1628973|1629011|1630202|204001,1627759|1628369|1628401|1630202|204001,1628384|1628404|1628969|1628973|1629011,7.0,273.0,1610612738.0,42400213
1,PT05M01.00S,05:01,Q1 05:01,40.983333333333334,79,foul,J. Brown personal FOUL (1 PF),[],Brown,10,20,,False,False,1627759,,3pt made,2pt made,1628384.0,,,1627759|1628369|1628384|1628401|1628404|1628969|1628973|1629011|1630202|204001,1627759|1628369|1628401|1630202|204001,1628384|1628404|1628969|1628973|1629011,,,1610612738.0,42400213
1,PT04M53.00S,04:53,Q1 04:53,39.11666666666667,81,2pt,M. Bridges driving bank Hook (4 PTS) (M. Robinson 1 AST),['pointsinthepaint'],Bridges,12,20,Made,True,True,1628969,1629011.0,foul,2pt missed,,,,1627759|1628369|1628384|1628401|1628404|1628969|1628973|1629011|1630202|204001,1628384|1628404|1628969|1628973|1629011,1627759|1628369|1628401|1630202|204001,-6.0,12.0,1610612752.0,42400213
1,PT04M42.00S,04:42,Q1 04:42,39.3,83,2pt,MISS D. White driving floating Shot,['pointsinthepaint'],White,12,20,Missed,True,False,1628401,,2pt made,rebound,,,,1627759|1628369|1628384|1628401|1628404|1628969|1628973|1629011|1630202|204001,1627759|1628369|1628401|1630202|204001,1628384|1628404|1628969|1628973|1629011,-9.0,48.0,1610612738.0,42400213
1,PT04M40.00S,04:40,Q1 04:40,39.333333333333336,84,rebound,M. Robinson REBOUND (Off:0 Def:1),[],Robinson,12,20,,False,False,1629011,,2pt missed,2pt missed,,,,1627759|1628369|1628384|1628401|1628404|1628969|1628973|1629011|1630202|204001,1628384|1628404|1628969|1628973|1629011,1627759|1628369|1628401|1630202|204001,,,1610612752.0,42400213
1,PT04M30.00S,04:30,Q1 04:30,39.5,85,2pt,MISS J. Brunson 12' driving floating Shot,['pointsinthepaint'],Brunson,12,20,Missed,True,False,1628973,,rebound,rebound,,,,1627759|1628369|1628384|1628401|1628404|1628969|1628973|1629011|1630202|204001,1628384|1628404|1628969|1628973|1629011,1627759|1628369|1628401|1630202|204001,10.0,126.0,1610612752.0,42400213
1,PT04M27.00S,04:27,Q1 04:27,39.55,86,rebound,D. White REBOUND (Off:1 Def:1),[],White,12,20,,False,False,1628401,,2pt missed,2pt missed,,,,1627759|1628369|1628384|1628401|1628404|1628969|1628973|1629011|1630202|204001,1627759|1628369|1628401|1630202|204001,1628384|1628404|1628969|1628973|1629011,,,1610612738.0,42400213
1,PT04M11.00S,04:11,Q1 04:11,39.81666666666667,87,2pt,MISS P. Pritchard driving Layup,['pointsinthepaint'],Pritchard,12,20,Missed,True,False,1630202,,rebound,rebound,,,,1627759|1628369|1628384|1628401|1628404|1628969|1628973|1629011|1630202|204001,1627759|1628369|1628401|1630202|204001,1628384|1628404|1628969|1628973|1629011,-15.0,4.0,1610612738.0,42400213
1,PT04M08.00S,04:08,Q1 04:08,39.86666666666667,88,rebound,P. Pritchard REBOUND (Off:1 Def:0),[],Pritchard,12,20,,False,False,1630202,,2pt missed,foul,,,,1627759|1628369|1628384|1628401|1628404|1628969|1628973|1629011|1630202|204001,1627759|1628369|1628401|1630202|204001,1628384|1628404|1628969|1628973|1629011,,,1610612738.0,42400213
1,PT04M08.00S,04:08,Q1 04:08,39.86666666666667,89,foul,M. Robinson shooting personal FOUL (1 PF) (Pritchard 2 FT),['2freethrow'],Robinson,12,20,,False,False,1629011,,rebound,freethrow,1630202.0,,,1627759|1628369|1628384|1628401|1628404|1628969|1628973|1629011|1630202|204001,1628384|1628404|1628969|1628973|1629011,1627759|1628369|1628401|1630202|204001,,,1610612752.0,42400213
1,PT04M08.00S,04:08,Q1 04:08,39.86666666666667,93,freethrow,P. Pritchard Free Throw 1 of 2 (1 PTS),['2ndchance'],Pritchard,12,21,Made,False,False,1630202,,foul,freethrow,,,,1627759|1628369|1628384|1628401|1628404|1628969|1628973|1629011|1630202|204001,1627759|1628369|1628401|1630202|204001,1628384|1628404|1628969|1628973|1629011,,,1610612738.0,42400213
1,PT04M08.00S,04:08,Q1 04:08,39.86666666666667,94,freethrow,P. Pritchard Free Throw 2 of 2 (2 PTS),['2ndchance'],Pritchard,12,22,Made,False,False,1630202,,freethrow,substitution,,,,1627759|1628369|1628384|1628401|1628404|1628969|1628973|1629011|1630202|204001,1627759|1628369|1628401|1630202|204001,1628384|1628404|1628969|1628973|1629011,,,1610612738.0,42400213
1,PT04M08.00S,04:08,Q1 04:08,39.86666666666667,91,substitution,SUB out: M. Bridges,[],Bridges,12,20,,False,False,1628969,,freethrow,substitution,,,,1627759|1628369|1628384|1628401|1628404|1628973|1629011|1630202|204001,1628384|1628404|1628973|1629011,1627759|1628369|1628401|1630202|204001,,,1610612752.0,42400213
1,PT04M08.00S,04:08,Q1 04:08,39.86666666666667,92,substitution,SUB in: M. McBride,[],McBride,12,20,,False,False,1630540,,substitution,3pt missed,,,,1627759|1628369|1628384|1628401|1628404|1628973|1629011|1630202|1630540|204001,1628384|1628404|1628973|1629011|1630540,1627759|1628369|1628401|1630202|204001,,,1610612752.0,42400213
1,PT03M54.00S,03:54,Q1 03:54,38.1,95,3pt,MISS J. Hart 25' 3PT,[],Hart,12,22,Missed,True,False,1628404,,substitution,rebound,,,,1627759|1628369|1628384|1628401|1628404|1628973|1629011|1630202|1630540|204001,1628384|1628404|1628973|1629011|1630540,1627759|1628369|1628401|1630202|204001,-49.0,248.0,1610612752.0,42400213
1,PT03M49.00S,03:49,Q1 03:49,38.18333333333333,96,rebound,M. Robinson REBOUND (Off:1 Def:1),[],Robinson,12,22,,False,False,1629011,,3pt missed,2pt missed,,,,1627759|1628369|1628384|1628401|1628404|1628973|1629011|1630202|1630540|204001,1628384|1628404|1628973|1629011|1630540,1627759|1628369|1628401|1630202|204001,,,1610612752.0,42400213
1,PT03M43.00S,03:43,Q1 03:43,38.28333333333333,97,2pt,MISS J. Hart driving Layup,"['pointsinthepaint', '2ndchance']",Hart,12,22,Missed,True,False,1628404,,rebound,rebound,,,,1627759|1628369|1628384|1628401|1628404|1628973|1629011|1630202|1630540|204001,1628384|1628404|1628973|1629011|1630540,1627759|1628369|1628401|1630202|204001,-17.0,-1.0,1610612752.0,42400213
1,PT03M41.00S,03:41,Q1 03:41,38.31666666666667,98,rebound,K. Porziņģis REBOUND (Off:0 Def:1),[],Porziņģis,12,22,,False,False,204001,,2pt missed,3pt missed,,,,1627759|1628369|1628384|1628401|1628404|1628973|1629011|1630202|1630540|204001,1627759|1628369|1628401|1630202|204001,1628384|1628404|1628973|1629011|1630540,,,1610612738.0,42400213
1,PT03M38.00S,03:38,Q1 03:38,38.36666666666667,99,3pt,MISS P. Pritchard 24' running pullup 3PT,['fastbreak'],Pritchard,12,22,Missed,True,False,1630202,,rebound,rebound,,,,1627759|1628369|1628384|1628401|1628404|1628973|1629011|1630202|1630540|204001,1627759|1628369|1628401|1630202|204001,1628384|1628404|1628973|1629011|1630540,131.0,209.0,1610612738.0,42400213
1,PT03M34.00S,03:34,Q1 03:34,38.43333333333333,100,rebound,D. White REBOUND (Off:2 Def:1),[],White,12,22,,False,False,1628401,,3pt missed,2pt made,,,,1627759|1628369|1628384|1628401|1628404|1628973|1629011|1630202|1630540|204001,1627759|1628369|1628401|1630202|204001,1628384|1628404|1628973|1629011|1630540,,,1610612738.0,42400213
1,PT03M33.00S,03:33,Q1 03:33,38.45,101,2pt,D. White tip Layup (7 PTS),"['fastbreak', 'pointsinthepaint', '2ndchance']",White,12,24,Made,True,False,1628401,,rebound,foul,,,,1627759|1628369|1628384|1628401|1628404|1628973|1629011|1630202|1630540|204001,1627759|1628369|1628401|1630202|204001,1628384|1628404|1628973|1629011|1630540,-6.0,1.0,1610612738.0,42400213
1,PT03M16.00S,03:16,Q1 03:16,38.733333333333334,102,foul,P. Pritchard personal FOUL (1 PF),[],Pritchard,12,24,,False,False,1630202,,2pt made,substitution,1628973.0,,,1627759|1628369|1628384|1628401|1628404|1628973|1629011|1630202|1630540|204001,1627759|1628369|1628401|1630202|204001,1628384|1628404|1628973|1629011|1630540,,,1610612738.0,42400213
1,PT03M16.00S,03:16,Q1 03:16,38.733333333333334,104,substitution,SUB out: J. Hart,[],Hart,12,24,,False,False,1628404,,foul,substitution,,,,1627759|1628369|1628384|1628401|1628973|1629011|1630202|1630540|204001,1628384|1628973|1629011|1630540,1627759|1628369|1628401|1630202|204001,,,1610612752.0,42400213
1,PT03M16.00S,03:16,Q1 03:16,38.733333333333334,105,substitution,SUB in: K. Towns,[],Towns,12,24,,False,False,1626157,,substitution,foul,,,,1626157|1627759|1628369|1628384|1628401|1628973|1629011|1630202|1630540|204001,1626157|1628384|1628973|1629011|1630540,1627759|1628369|1628401|1630202|204001,,,1610612752.0,42400213
1,PT03M14.00S,03:14,Q1 03:14,38.766666666666666,106,foul,K. Porziņģis take personal FOUL (1 PF) (Robinson 2 FT),"['inpenalty', '2freethrow']",Porziņģis,12,24,,False,False,204001,,substitution,freethrow,1629011.0,,,1626157|1627759|1628369|1628384|1628401|1628973|1629011|1630202|1630540|204001,1627759|1628369|1628401|1630202|204001,1626157|1628384|1628973|1629011|1630540,,,1610612738.0,42400213
1,PT03M14.00S,03:14,Q1 03:14,38.766666666666666,108,freethrow,MISS M. Robinson Free Throw 1 of 2,[],Robinson,12,24,Missed,False,False,1629011,,foul,rebound,,,,1626157|1627759|1628369|1628384|1628401|1628973|1629011|1630202|1630540|204001,1626157|1628384|1628973|1629011|1630540,1627759|1628369|1628401|1630202|204001,,,1610612752.0,42400213
1,PT03M14.00S,03:14,Q1 03:14,38.766666666666666,109,rebound,TEAM offensive REBOUND,"['team', 'deadball']",,12,24,,False,False,0,,freethrow,freethrow,,,,1626157|1627759|1628369|1628384|1628401|1628973|1629011|1630202|1630540|204001,1626157|1628384|1628973|1629011|1630540,1627759|1628369|1628401|1630202|204001,,,1610612752.0,42400213
1,PT03M14.00S,03:14,Q1 03:14,38.766666666666666,110,freethrow,MISS M. Robinson Free Throw 2 of 2,[],Robinson,12,24,Missed,False,False,1629011,,rebound,rebound,,,,1626157|1627759|1628369|1628384|1628401|1628973|1629011|1630202|1630540|204001,1626157|1628384|1628973|1629011|1630540,1627759|1628369|1628401|1630202|204001,,,1610612752.0,42400213
1,PT03M09.00S,03:09,Q1 03:09,38.85,111,rebound,J. Brown REBOUND (Off:0 Def:3),[],Brown,12,24,,False,False,1627759,,freethrow,3pt made,,,,1626157|1627759|1628369|1628384|1628401|1628973|1629011|1630202|1630540|204001,1627759|1628369|1628401|1630202|204001,1626157|1628384|1628973|1629011|1630540,,,1610612738.0,42400213
1,PT03M00.00S,03:00,Q1 03:00,39.0,112,3pt,J. Tatum 25' 3PT  (6 PTS) (J. Brown 2 AST),[],Tatum,12,27,Made,True,True,1628369,1627759.0,rebound,timeout,,,,1626157|1627759|1628369|1628384|1628401|1628973|1629011|1630202|1630540|204001,1627759|1628369|1628401|1630202|204001,1626157|1628384|1628973|1629011|1630540,-26.0,251.0,1610612738.0,42400213
1,PT02M55.00S,02:55,Q1 02:55,37.083333333333336,114,timeout,NYK Timeout,"['team', 'mandatory']",,12,27,,False,False,0,,3pt made,substitution,,,,1626157|1627759|1628369|1628384|1628401|1628973|1629011|1630202|1630540|204001,1626157|1628384|1628973|1629011|1630540,1627759|1628369|1628401|1630202|204001,,,1610612752.0,42400213
1,PT02M55.00S,02:55,Q1 02:55,37.083333333333336,115,substitution,SUB out: M. Robinson,[],Robinson,12,27,,False,False,1629011,,timeout,substitution,,,,1626157|1627759|1628369|1628384|1628401|1628973|1630202|1630540|204001,1626157|1628384|1628973|1630540,1627759|1628369|1628401|1630202|204001,,,1610612752.0,42400213
1,PT02M55.00S,02:55,Q1 02:55,37.083333333333336,116,substitution,SUB in: P. Achiuwa,[],Achiuwa,12,27,,False,False,1630173,,substitution,2pt missed,,,,1626157|1627759|1628369|1628384|1628401|1628973|1630173|1630202|1630540|204001,1626157|1628384|1628973|1630173|1630540,1627759|1628369|1628401|1630202|204001,,,1610612752.0,42400213
1,PT02M34.00S,02:34,Q1 02:34,37.43333333333333,117,2pt,MISS K. Towns 6' driving Hook,['pointsinthepaint'],Towns,12,27,Missed,True,False,1626157,,substitution,rebound,,,,1626157|1627759|1628369|1628384|1628401|1628973|1630173|1630202|1630540|204001,1626157|1628384|1628973|1630173|1630540,1627759|1628369|1628401|1630202|204001,5.0,60.0,1610612752.0,42400213
1,PT02M33.00S,02:33,Q1 02:33,37.45,118,rebound,J. Tatum REBOUND (Off:0 Def:2),[],Tatum,12,27,,False,False,1628369,,2pt missed,2pt missed,,,,1626157|1627759|1628369|1628384|1628401|1628973|1630173|1630202|1630540|204001,1627759|1628369|1628401|1630202|204001,1626157|1628384|1628973|1630173|1630540,,,1610612738.0,42400213
1,PT02M25.00S,02:25,Q1 02:25,37.583333333333336,119,2pt,MISS J. Tatum driving floating Shot,['pointsinthepaint'],Tatum,12,27,Missed,True,False,1628369,,rebound,rebound,,,,1626157|1627759|1628369|1628384|1628401|1628973|1630173|1630202|1630540|204001,1627759|1628369|1628401|1630202|204001,1626157|1628384|1628973|1630173|1630540,-17.0,11.0,1610612738.0,42400213
1,PT02M23.00S,02:23,Q1 02:23,37.61666666666667,120,rebound,K. Towns REBOUND (Off:0 Def:2),[],Towns,12,27,,False,False,1626157,,2pt missed,2pt made,,,,1626157|1627759|1628369|1628384|1628401|1628973|1630173|1630202|1630540|204001,1626157|1628384|1628973|1630173|1630540,1627759|1628369|1628401|1630202|204001,,,1610612752.0,42400213
1,PT02M11.00S,02:11,Q1 02:11,37.81666666666667,121,2pt,K. Towns DUNK (6 PTS) (O. Anunoby 1 AST),['pointsinthepaint'],Towns,14,27,Made,True,True,1626157,1628384.0,rebound,foul,,,,1626157|1627759|1628369|1628384|1628401|1628973|1630173|1630202|1630540|204001,1626157|1628384|1628973|1630173|1630540,1627759|1628369|1628401|1630202|204001,-6.0,6.0,1610612752.0,42400213
1,PT01M53.00S,01:53,Q1 01:53,36.11666666666667,123,foul,K. Towns personal FOUL (2 PF),[],Towns,14,27,,False,False,1626157,,2pt made,foul,1627759.0,,,1626157|1627759|1628369|1628384|1628401|1628973|1630173|1630202|1630540|204001,1626157|1628384|1628973|1630173|1630540,1627759|1628369|1628401|1630202|204001,,,1610612752.0,42400213
1,PT01M48.00S,01:48,Q1 01:48,36.2,125,foul,P. Achiuwa personal FOUL (1 PF) (Porziņģis 2 FT),"['inpenalty', '2freethrow']",Achiuwa,14,27,,False,False,1630173,,foul,freethrow,204001.0,,,1626157|1627759|1628369|1628384|1628401|1628973|1630173|1630202|1630540|204001,1626157|1628384|1628973|1630173|1630540,1627759|1628369|1628401|1630202|204001,,,1610612752.0,42400213
1,PT01M48.00S,01:48,Q1 01:48,36.2,127,freethrow,K. Porziņģis Free Throw 1 of 2 (1 PTS),[],Porziņģis,14,28,Made,False,False,204001,,foul,freethrow,,,,1626157|1627759|1628369|1628384|1628401|1628973|1630173|1630202|1630540|204001,1627759|1628369|1628401|1630202|204001,1626157|1628384|1628973|1630173|1630540,,,1610612738.0,42400213
1,PT01M48.00S,01:48,Q1 01:48,36.2,132,freethrow,K. Porziņģis Free Throw 2 of 2 (2 PTS),[],Porziņģis,14,29,Made,False,False,204001,,freethrow,substitution,,,,1626157|1627759|1628369|1628384|1628401|1628973|1630173|1630202|1630540|204001,1627759|1628369|1628401|1630202|204001,1626157|1628384|1628973|1630173|1630540,,,1610612738.0,42400213
1,PT01M48.00S,01:48,Q1 01:48,36.2,128,substitution,SUB out: J. Brown,[],Brown,14,27,,False,False,1627759,,freethrow,substitution,,,,1626157|1628369|1628384|1628401|1628973|1630173|1630202|1630540|204001,1628369|1628401|1630202|204001,1626157|1628384|1628973|1630173|1630540,,,1610612738.0,42400213
1,PT01M48.00S,01:48,Q1 01:48,36.2,129,substitution,SUB in: A. Horford,[],Horford,14,27,,False,False,201143,,substitution,substitution,,,,1626157|1628369|1628384|1628401|1628973|1630173|1630202|1630540|201143|204001,1628369|1628401|1630202|201143|204001,1626157|1628384|1628973|1630173|1630540,,,1610612738.0,42400213
1,PT01M48.00S,01:48,Q1 01:48,36.2,130,substitution,SUB out: K. Towns,[],Towns,14,27,,False,False,1626157,,substitution,substitution,,,,1628369|1628384|1628401|1628973|1630173|1630202|1630540|201143|204001,1628384|1628973|1630173|1630540,1628369|1628401|1630202|201143|204001,,,1610612752.0,42400213
1,PT01M48.00S,01:48,Q1 01:48,36.2,131,substitution,SUB in: M. Robinson,[],Robinson,14,27,,False,False,1629011,,substitution,2pt made,,,,1628369|1628384|1628401|1628973|1629011|1630173|1630202|1630540|201143|204001,1628384|1628973|1629011|1630173|1630540,1628369|1628401|1630202|201143|204001,,,1610612752.0,42400213
1,PT01M33.00S,01:33,Q1 01:33,36.45,133,2pt,J. Brunson 12' step back Jump Shot (6 PTS),['pointsinthepaint'],Brunson,16,29,Made,True,False,1628973,,substitution,3pt made,,,,1628369|1628384|1628401|1628973|1629011|1630173|1630202|1630540|201143|204001,1628384|1628973|1629011|1630173|1630540,1628369|1628401|1630202|201143|204001,-36.0,118.0,1610612752.0,42400213
1,PT01M14.00S,01:14,Q1 01:14,36.766666666666666,134,3pt,P. Pritchard 25' 3PT pullup (5 PTS),[],Pritchard,16,32,Made,True,False,1630202,,2pt made,2pt made,,,,1628369|1628384|1628401|1628973|1629011|1630173|1630202|1630540|201143|204001,1628369|1628401|1630202|201143|204001,1628384|1628973|1629011|1630173|1630540,-100.0,231.0,1610612738.0,42400213
1,PT00M52.20S,00:52,Q1 00:52,35.13333333333333,135,2pt,P. Achiuwa driving Layup (2 PTS) (J. Brunson 2 AST),['pointsinthepaint'],Achiuwa,18,32,Made,True,True,1630173,1628973.0,3pt made,foul,,,,1628369|1628384|1628401|1628973|1629011|1630173|1630202|1630540|201143|204001,1628384|1628973|1629011|1630173|1630540,1628369|1628401|1630202|201143|204001,11.0,6.0,1610612752.0,42400213
1,PT00M39.00S,00:39,Q1 00:39,35.35,137,foul,M. Robinson shooting personal FOUL (2 PF) (Porziņģis 2 FT),"['inpenalty', '2freethrow']",Robinson,18,32,,False,False,1629011,,2pt made,freethrow,204001.0,,,1628369|1628384|1628401|1628973|1629011|1630173|1630202|1630540|201143|204001,1628384|1628973|1629011|1630173|1630540,1628369|1628401|1630202|201143|204001,,,1610612752.0,42400213
1,PT00M39.00S,00:39,Q1 00:39,35.35,139,freethrow,K. Porziņģis Free Throw 1 of 2 (3 PTS),[],Porziņģis,18,33,Made,False,False,204001,,foul,freethrow,,,,1628369|1628384|1628401|1628973|1629011|1630173|1630202|1630540|201143|204001,1628369|1628401|1630202|201143|204001,1628384|1628973|1629011|1630173|1630540,,,1610612738.0,42400213
1,PT00M39.00S,00:39,Q1 00:39,35.35,140,freethrow,K. Porziņģis Free Throw 2 of 2 (4 PTS),[],Porziņģis,18,34,Made,False,False,204001,,freethrow,2pt missed,,,,1628369|1628384|1628401|1628973|1629011|1630173|1630202|1630540|201143|204001,1628369|1628401|1630202|201143|204001,1628384|1628973|1629011|1630173|1630540,,,1610612738.0,42400213
1,PT00M24.80S,00:24,Q1 00:24,35.6,141,2pt,MISS P. Achiuwa 6' floating Shot,['pointsinthepaint'],Achiuwa,18,34,Missed,True,False,1630173,,freethrow,rebound,,,,1628369|1628384|1628401|1628973|1629011|1630173|1630202|1630540|201143|204001,1628384|1628973|1629011|1630173|1630540,1628369|1628401|1630202|201143|204001,2.0,60.0,1610612752.0,42400213
1,PT00M23.30S,00:23,Q1 00:23,35.61666666666667,142,rebound,M. Robinson REBOUND (Off:2 Def:1),[],Robinson,18,34,,False,False,1629011,,2pt missed,3pt missed,,,,1628369|1628384|1628401|1628973|1629011|1630173|1630202|1630540|201143|204001,1628384|1628973|1629011|1630173|1630540,1628369|1628401|1630202|201143|204001,,,1610612752.0,42400213
1,PT00M21.30S,00:21,Q1 00:21,35.65,143,3pt,MISS M. McBride 26' 3PT,['2ndchance'],McBride,18,34,Missed,True,False,1630540,,rebound,rebound,,,,1628369|1628384|1628401|1628973|1629011|1630173|1630202|1630540|201143|204001,1628384|1628973|1629011|1630173|1630540,1628369|1628401|1630202|201143|204001,-113.0,241.0,1610612752.0,42400213
1,PT00M17.80S,00:17,Q1 00:17,35.71666666666667,144,rebound,P. Achiuwa REBOUND (Off:1 Def:0),[],Achiuwa,18,34,,False,False,1630173,,3pt missed,2pt made,,,,1628369|1628384|1628401|1628973|1629011|1630173|1630202|1630540|201143|204001,1628384|1628973|1629011|1630173|1630540,1628369|1628401|1630202|201143|204001,,,1610612752.0,42400213
1,PT00M17.80S,00:17,Q1 00:17,35.71666666666667,145,2pt,P. Achiuwa putback Layup (4 PTS),"['pointsinthepaint', '2ndchance']",Achiuwa,20,34,Made,True,False,1630173,,rebound,foul,,,,1628369|1628384|1628401|1628973|1629011|1630173|1630202|1630540|201143|204001,1628384|1628973|1629011|1630173|1630540,1628369|1628401|1630202|201143|204001,-1.0,8.0,1610612752.0,42400213
1,PT00M17.80S,00:17,Q1 00:17,35.71666666666667,146,foul,J. Tatum shooting personal FOUL (1 PF) (Achiuwa 1 FT),"['inpenalty', '1freethrow']",Tatum,20,34,,False,False,1628369,,2pt made,freethrow,1630173.0,,,1628369|1628384|1628401|1628973|1629011|1630173|1630202|1630540|201143|204001,1628369|1628401|1630202|201143|204001,1628384|1628973|1629011|1630173|1630540,,,1610612738.0,42400213
1,PT00M17.80S,00:17,Q1 00:17,35.71666666666667,150,freethrow,MISS P. Achiuwa Free Throw 1 of 1,['2ndchance'],Achiuwa,20,34,Missed,False,False,1630173,,foul,substitution,,,,1628369|1628384|1628401|1628973|1629011|1630173|1630202|1630540|201143|204001,1628384|1628973|1629011|1630173|1630540,1628369|1628401|1630202|201143|204001,,,1610612752.0,42400213
1,PT00M17.80S,00:17,Q1 00:17,35.71666666666667,148,substitution,SUB out: J. Brunson,[],Brunson,20,34,,False,False,1628973,,freethrow,substitution,,,,1628369|1628384|1628401|1629011|1630173|1630202|1630540|201143|204001,1628384|1629011|1630173|1630540,1628369|1628401|1630202|201143|204001,,,1610612752.0,42400213
1,PT00M17.80S,00:17,Q1 00:17,35.71666666666667,149,substitution,SUB in: M. Bridges,[],Bridges,20,34,,False,False,1628969,,substitution,rebound,,,,1628369|1628384|1628401|1628969|1629011|1630173|1630202|1630540|201143|204001,1628384|1628969|1629011|1630173|1630540,1628369|1628401|1630202|201143|204001,,,1610612752.0,42400213
1,PT00M17.50S,00:17,Q1 00:17,35.71666666666667,151,rebound,TEAM offensive REBOUND,['team'],,20,34,,False,False,0,,substitution,foul,,,,1628369|1628384|1628401|1628969|1629011|1630173|1630202|1630540|201143|204001,1628384|1628969|1629011|1630173|1630540,1628369|1628401|1630202|201143|204001,,,1610612752.0,42400213
1,PT00M17.50S,00:17,Q1 00:17,35.71666666666667,152,foul,K. Porziņģis loose ball personal FOUL (2 PF) (Robinson 2 FT),"['inpenalty', '2freethrow']",Porziņģis,20,34,,False,False,204001,,rebound,freethrow,1629011.0,,,1628369|1628384|1628401|1628969|1629011|1630173|1630202|1630540|201143|204001,1628369|1628401|1630202|201143|204001,1628384|1628969|1629011|1630173|1630540,,,1610612738.0,42400213
1,PT00M17.50S,00:17,Q1 00:17,35.71666666666667,154,freethrow,MISS M. Robinson Free Throw 1 of 2,['2ndchance'],Robinson,20,34,Missed,False,False,1629011,,foul,rebound,,,,1628369|1628384|1628401|1628969|1629011|1630173|1630202|1630540|201143|204001,1628384|1628969|1629011|1630173|1630540,1628369|1628401|1630202|201143|204001,,,1610612752.0,42400213
1,PT00M17.50S,00:17,Q1 00:17,35.71666666666667,155,rebound,TEAM offensive REBOUND,"['deadball', 'team']",,20,34,,False,False,0,,freethrow,freethrow,,,,1628369|1628384|1628401|1628969|1629011|1630173|1630202|1630540|201143|204001,1628384|1628969|1629011|1630173|1630540,1628369|1628401|1630202|201143|204001,,,1610612752.0,42400213
1,PT00M17.50S,00:17,Q1 00:17,35.71666666666667,156,freethrow,MISS M. Robinson Free Throw 2 of 2,['2ndchance'],Robinson,20,34,Missed,False,False,1629011,,rebound,rebound,,,,1628369|1628384|1628401|1628969|1629011|1630173|1630202|1630540|201143|204001,1628384|1628969|1629011|1630173|1630540,1628369|1628401|1630202|201143|204001,,,1610612752.0,42400213
1,PT00M17.50S,00:17,Q1 00:17,35.71666666666667,157,rebound,TEAM defensive REBOUND,['team'],,20,34,,False,False,0,,freethrow,2pt made,,,,1628369|1628384|1628401|1628969|1629011|1630173|1630202|1630540|201143|204001,1628369|1628401|1630202|201143|204001,1628384|1628969|1629011|1630173|1630540,,,1610612738.0,42400213
1,PT00M00.00S,00:00,Q1 00:00,36.0,160,2pt,P. Pritchard 10' fadeaway Jump Shot (7 PTS),[],Pritchard,20,36,Made,True,False,1630202,,rebound,substitution,,,,1628369|1628384|1628401|1628969|1629011|1630173|1630202|1630540|201143|204001,1628369|1628401|1630202|201143|204001,1628384|1628969|1629011|1630173|1630540,100.0,38.0,1610612738.0,42400213
2,PT12M00.00S,12:00,Q2 12:00,36.0,163,substitution,SUB out: O. Anunoby,['startperiod'],Anunoby,20,36,,False,False,1628384,,2pt made,substitution,,,,1628369|1628401|1628969|1629011|1630173|1630202|1630540|201143|204001,1628969|1629011|1630173|1630540,1628369|1628401|1630202|201143|204001,,,1610612752.0,42400213
2,PT12M00.00S,12:00,Q2 12:00,36.0,165,substitution,SUB out: J. Tatum,['startperiod'],Tatum,20,36,,False,False,1628369,,substitution,substitution,,,,1628401|1628969|1629011|1630173|1630202|1630540|201143|204001,1628401|1630202|201143|204001,1628969|1629011|1630173|1630540,,,1610612738.0,42400213
2,PT12M00.00S,12:00,Q2 12:00,36.0,166,substitution,SUB out: D. White,['startperiod'],White,20,36,,False,False,1628401,,substitution,substitution,,,,1628969|1629011|1630173|1630202|1630540|201143|204001,1630202|201143|204001,1628969|1629011|1630173|1630540,,,1610612738.0,42400213
2,PT12M00.00S,12:00,Q2 12:00,36.0,167,substitution,SUB out: K. Porziņģis,['startperiod'],Porziņģis,20,36,,False,False,204001,,substitution,substitution,,,,1628969|1629011|1630173|1630202|1630540|201143,1630202|201143,1628969|1629011|1630173|1630540,,,1610612738.0,42400213
2,PT12M00.00S,12:00,Q2 12:00,36.0,168,substitution,SUB in: C. Payne,['startperiod'],Payne,20,36,,False,False,1626166,,substitution,substitution,,,,1626166|1628969|1629011|1630173|1630202|1630540|201143,1626166|1628969|1629011|1630173|1630540,1630202|201143,,,1610612752.0,42400213
2,PT12M00.00S,12:00,Q2 12:00,36.0,169,substitution,SUB in: J. Hart,['startperiod'],Hart,20,36,,False,False,1628404,,substitution,substitution,,,,1626166|1628404|1628969|1629011|1630173|1630202|1630540|201143,1626166|1628404|1628969|1629011|1630173|1630540,1630202|201143,,,1610612752.0,42400213
2,PT12M00.00S,12:00,Q2 12:00,36.0,170,substitution,SUB in: L. Kornet,['startperiod'],Kornet,20,36,,False,False,1628436,,substitution,substitution,,,,1626166|1628404|1628436|1628969|1629011|1630173|1630202|1630540|201143,1628436|1630202|201143,1626166|1628404|1628969|1629011|1630173|1630540,,,1610612738.0,42400213
2,PT12M00.00S,12:00,Q2 12:00,36.0,171,substitution,SUB in: J. Brown,['startperiod'],Brown,20,36,,False,False,1627759,,substitution,substitution,,,,1626166|1627759|1628404|1628436|1628969|1629011|1630173|1630202|1630540|201143,1627759|1628436|1630202|201143,1626166|1628404|1628969|1629011|1630173|1630540,,,1610612738.0,42400213
2,PT12M00.00S,12:00,Q2 12:00,36.0,172,substitution,SUB in: J. Holiday,['startperiod'],Holiday,20,36,,False,False,201950,,substitution,substitution,,,,1626166|1627759|1628404|1628436|1628969|1629011|1630173|1630202|1630540|201143|201950,1627759|1628436|1630202|201143|201950,1626166|1628404|1628969|1629011|1630173|1630540,,,1610612738.0,42400213
2,PT12M00.00S,12:00,Q2 12:00,36.0,173,substitution,SUB out: P. Achiuwa,['startperiod'],Achiuwa,20,36,,False,False,1630173,,substitution,3pt missed,,,,1626166|1627759|1628404|1628436|1628969|1629011|1630202|1630540|201143|201950,1626166|1628404|1628969|1629011|1630540,1627759|1628436|1630202|201143|201950,,,1610612752.0,42400213
2,PT11M40.00S,11:40,Q2 11:40,34.333333333333336,175,3pt,MISS P. Pritchard 25' step back 3PT,[],Pritchard,20,36,Missed,True,False,1630202,,substitution,rebound,,,,1626166|1627759|1628404|1628436|1628969|1629011|1630202|1630540|201143|201950,1627759|1628436|1630202|201143|201950,1626166|1628404|1628969|1629011|1630540,-113.0,225.0,1610612738.0,42400213
2,PT11M37.00S,11:37,Q2 11:37,34.38333333333333,176,rebound,A. Horford REBOUND (Off:1 Def:2),[],Horford,20,36,,False,False,201143,,3pt missed,2pt missed,,,,1626166|1627759|1628404|1628436|1628969|1629011|1630202|1630540|201143|201950,1627759|1628436|1630202|201143|201950,1626166|1628404|1628969|1629011|1630540,,,1610612738.0,42400213
2,PT11M36.00S,11:36,Q2 11:36,34.4,177,2pt,MISS A. Horford tip Layup,"['pointsinthepaint', '2ndchance']",Horford,20,36,Missed,True,False,201143,,rebound,rebound,,,,1626166|1627759|1628404|1628436|1628969|1629011|1630202|1630540|201143|201950,1627759|1628436|1630202|201143|201950,1626166|1628404|1628969|1629011|1630540,-2.0,21.0,1610612738.0,42400213
2,PT11M33.00S,11:33,Q2 11:33,34.45,178,rebound,A. Horford REBOUND (Off:2 Def:2),[],Horford,20,36,,False,False,201143,,2pt missed,2pt missed,,,,1626166|1627759|1628404|1628436|1628969|1629011|1630202|1630540|201143|201950,1627759|1628436|1630202|201143|201950,1626166|1628404|1628969|1629011|1630540,,,1610612738.0,42400213
2,PT11M32.00S,11:32,Q2 11:32,34.46666666666667,179,2pt,MISS A. Horford putback Layup,"['pointsinthepaint', '2ndchance']",Horford,20,36,Missed,True,False,201143,,rebound,rebound,,,,1626166|1627759|1628404|1628436|1628969|1629011|1630202|1630540|201143|201950,1627759|1628436|1630202|201143|201950,1626166|1628404|1628969|1629011|1630540,-1.0,10.0,1610612738.0,42400213
2,PT11M30.00S,11:30,Q2 11:30,34.5,180,rebound,L. Kornet REBOUND (Off:1 Def:0),[],Kornet,20,36,,False,False,1628436,,2pt missed,2pt made,,,,1626166|1627759|1628404|1628436|1628969|1629011|1630202|1630540|201143|201950,1627759|1628436|1630202|201143|201950,1626166|1628404|1628969|1629011|1630540,,,1610612738.0,42400213
2,PT11M27.00S,11:27,Q2 11:27,34.55,181,2pt,L. Kornet tip Layup (2 PTS),"['pointsinthepaint', '2ndchance']",Kornet,20,38,Made,True,False,1628436,,rebound,2pt made,,,,1626166|1627759|1628404|1628436|1628969|1629011|1630202|1630540|201143|201950,1627759|1628436|1630202|201143|201950,1626166|1628404|1628969|1629011|1630540,-2.0,3.0,1610612738.0,42400213
2,PT11M08.00S,11:08,Q2 11:08,34.86666666666667,182,2pt,C. Payne turnaround Hook (2 PTS),['pointsinthepaint'],Payne,22,38,Made,True,False,1626166,,2pt made,2pt missed,,,,1626166|1627759|1628404|1628436|1628969|1629011|1630202|1630540|201143|201950,1626166|1628404|1628969|1629011|1630540,1627759|1628436|1630202|201143|201950,-49.0,4.0,1610612752.0,42400213
2,PT10M43.00S,10:43,Q2 10:43,33.28333333333333,183,2pt,MISS J. Brown driving floating bank Shot,['pointsinthepaint'],Brown,22,38,Missed,True,False,1627759,,2pt made,rebound,,,,1626166|1627759|1628404|1628436|1628969|1629011|1630202|1630540|201143|201950,1627759|1628436|1630202|201143|201950,1626166|1628404|1628969|1629011|1630540,-9.0,30.0,1610612738.0,42400213
2,PT10M43.00S,10:43,Q2 10:43,33.28333333333333,184,rebound,TEAM offensive REBOUND,['team'],,22,38,,False,False,0,,2pt missed,turnover,,,,1626166|1627759|1628404|1628436|1628969|1629011|1630202|1630540|201143|201950,1627759|1628436|1630202|201143|201950,1626166|1628404|1628969|1629011|1630540,,,1610612738.0,42400213
2,PT10M43.00S,10:43,Q2 10:43,33.28333333333333,186,turnover,BOS shot clock Team TURNOVER,['team'],,22,38,,False,False,0,,rebound,3pt missed,,,,1626166|1627759|1628404|1628436|1628969|1629011|1630202|1630540|201143|201950,1627759|1628436|1630202|201143|201950,1626166|1628404|1628969|1629011|1630540,,,1610612738.0,42400213
2,PT10M34.00S,10:34,Q2 10:34,33.43333333333333,187,3pt,MISS C. Payne 25' pullup 3PT,['fromturnover'],Payne,22,38,Missed,True,False,1626166,,turnover,rebound,,,,1626166|1627759|1628404|1628436|1628969|1629011|1630202|1630540|201143|201950,1626166|1628404|1628969|1629011|1630540,1627759|1628436|1630202|201143|201950,153.0,202.0,1610612752.0,42400213
2,PT10M32.00S,10:32,Q2 10:32,33.46666666666667,188,rebound,M. Robinson REBOUND (Off:3 Def:1),[],Robinson,22,38,,False,False,1629011,,3pt missed,foul,,,,1626166|1627759|1628404|1628436|1628969|1629011|1630202|1630540|201143|201950,1626166|1628404|1628969|1629011|1630540,1627759|1628436|1630202|201143|201950,,,1610612752.0,42400213
2,PT10M32.00S,10:32,Q2 10:32,33.46666666666667,189,foul,L. Kornet shooting personal FOUL (1 PF) (Robinson 2 FT),['2freethrow'],Kornet,22,38,,False,False,1628436,,rebound,freethrow,1629011.0,,,1626166|1627759|1628404|1628436|1628969|1629011|1630202|1630540|201143|201950,1627759|1628436|1630202|201143|201950,1626166|1628404|1628969|1629011|1630540,,,1610612738.0,42400213
2,PT10M32.00S,10:32,Q2 10:32,33.46666666666667,191,freethrow,MISS M. Robinson Free Throw 1 of 2,"['fromturnover', '2ndchance']",Robinson,22,38,Missed,False,False,1629011,,foul,rebound,,,,1626166|1627759|1628404|1628436|1628969|1629011|1630202|1630540|201143|201950,1626166|1628404|1628969|1629011|1630540,1627759|1628436|1630202|201143|201950,,,1610612752.0,42400213
2,PT10M32.00S,10:32,Q2 10:32,33.46666666666667,192,rebound,TEAM offensive REBOUND,"['deadball', 'team']",,22,38,,False,False,0,,freethrow,freethrow,,,,1626166|1627759|1628404|1628436|1628969|1629011|1630202|1630540|201143|201950,1626166|1628404|1628969|1629011|1630540,1627759|1628436|1630202|201143|201950,,,1610612752.0,42400213
2,PT10M32.00S,10:32,Q2 10:32,33.46666666666667,193,freethrow,M. Robinson Free Throw 2 of 2 (1 PTS),"['fromturnover', '2ndchance']",Robinson,23,38,Made,False,False,1629011,,rebound,3pt missed,,,,1626166|1627759|1628404|1628436|1628969|1629011|1630202|1630540|201143|201950,1626166|1628404|1628969|1629011|1630540,1627759|1628436|1630202|201143|201950,,,1610612752.0,42400213
2,PT10M14.00S,10:14,Q2 10:14,33.766666666666666,194,3pt,MISS J. Holiday 25' step back 3PT,[],Holiday,23,38,Missed,True,False,201950,,freethrow,rebound,,,,1626166|1627759|1628404|1628436|1628969|1629011|1630202|1630540|201143|201950,1627759|1628436|1630202|201143|201950,1626166|1628404|1628969|1629011|1630540,-104.0,234.0,1610612738.0,42400213
2,PT10M11.00S,10:11,Q2 10:11,33.81666666666667,195,rebound,C. Payne REBOUND (Off:0 Def:1),[],Payne,23,38,,False,False,1626166,,3pt missed,foul,,,,1626166|1627759|1628404|1628436|1628969|1629011|1630202|1630540|201143|201950,1626166|1628404|1628969|1629011|1630540,1627759|1628436|1630202|201143|201950,,,1610612752.0,42400213
2,PT10M08.00S,10:08,Q2 10:08,33.86666666666667,196,foul,J. Brown personal FOUL (2 PF),[],Brown,23,38,,False,False,1627759,,rebound,2pt made,1628404.0,,,1626166|1627759|1628404|1628436|1628969|1629011|1630202|1630540|201143|201950,1627759|1628436|1630202|201143|201950,1626166|1628404|1628969|1629011|1630540,,,1610612738.0,42400213
2,PT10M00.00S,10:00,Q2 10:00,34.0,198,2pt,M. McBride 18' pullup Jump Shot (2 PTS),[],McBride,25,38,Made,True,False,1630540,,foul,3pt missed,,,,1626166|1627759|1628404|1628436|1628969|1629011|1630202|1630540|201143|201950,1626166|1628404|1628969|1629011|1630540,1627759|1628436|1630202|201143|201950,-71.0,170.0,1610612752.0,42400213
2,PT09M49.00S,09:49,Q2 09:49,32.18333333333333,199,3pt,MISS J. Brown 25' 3PT,[],Brown,25,38,Missed,True,False,1627759,,2pt made,rebound,,,,1626166|1627759|1628404|1628436|1628969|1629011|1630202|1630540|201143|201950,1627759|1628436|1630202|201143|201950,1626166|1628404|1628969|1629011|1630540,135.0,218.0,1610612738.0,42400213
2,PT09M46.00S,09:46,Q2 09:46,32.233333333333334,200,rebound,L. Kornet REBOUND (Off:2 Def:0),[],Kornet,25,38,,False,False,1628436,,3pt missed,foul,,,,1626166|1627759|1628404|1628436|1628969|1629011|1630202|1630540|201143|201950,1627759|1628436|1630202|201143|201950,1626166|1628404|1628969|1629011|1630540,,,1610612738.0,42400213
2,PT09M46.00S,09:46,Q2 09:46,32.233333333333334,201,foul,M. Robinson shooting personal FOUL (3 PF) (Kornet 2 FT),['2freethrow'],Robinson,25,38,,False,False,1629011,,rebound,freethrow,1628436.0,,,1626166|1627759|1628404|1628436|1628969|1629011|1630202|1630540|201143|201950,1626166|1628404|1628969|1629011|1630540,1627759|1628436|1630202|201143|201950,,,1610612752.0,42400213
2,PT09M46.00S,09:46,Q2 09:46,32.233333333333334,203,freethrow,L. Kornet Free Throw 1 of 2 (3 PTS),['2ndchance'],Kornet,25,39,Made,False,False,1628436,,foul,freethrow,,,,1626166|1627759|1628404|1628436|1628969|1629011|1630202|1630540|201143|201950,1627759|1628436|1630202|201143|201950,1626166|1628404|1628969|1629011|1630540,,,1610612738.0,42400213
2,PT09M46.00S,09:46,Q2 09:46,32.233333333333334,206,freethrow,L. Kornet Free Throw 2 of 2 (4 PTS),['2ndchance'],Kornet,25,40,Made,False,False,1628436,,freethrow,substitution,,,,1626166|1627759|1628404|1628436|1628969|1629011|1630202|1630540|201143|201950,1627759|1628436|1630202|201143|201950,1626166|1628404|1628969|1629011|1630540,,,1610612738.0,42400213
2,PT09M46.00S,09:46,Q2 09:46,32.233333333333334,204,substitution,SUB out: M. Robinson,[],Robinson,25,38,,False,False,1629011,,freethrow,substitution,,,,1626166|1627759|1628404|1628436|1628969|1630202|1630540|201143|201950,1626166|1628404|1628969|1630540,1627759|1628436|1630202|201143|201950,,,1610612752.0,42400213
2,PT09M46.00S,09:46,Q2 09:46,32.233333333333334,205,substitution,SUB in: K. Towns,[],Towns,25,38,,False,False,1626157,,substitution,turnover,,,,1626157|1626166|1627759|1628404|1628436|1628969|1630202|1630540|201143|201950,1626157|1626166|1628404|1628969|1630540,1627759|1628436|1630202|201143|201950,,,1610612752.0,42400213
2,PT09M33.00S,09:33,Q2 09:33,32.45,207,turnover,M. Bridges bad pass TURNOVER (1 TO),[],Bridges,25,40,,False,False,1628969,,substitution,steal,,201950.0,,1626157|1626166|1627759|1628404|1628436|1628969|1630202|1630540|201143|201950,1626157|1626166|1628404|1628969|1630540,1627759|1628436|1630202|201143|201950,,,1610612752.0,42400213
2,PT09M33.00S,09:33,Q2 09:33,32.45,208,steal,J. Holiday STEAL (1 STL),[],Holiday,25,40,,False,False,201950,,turnover,foul,,,,1626157|1626166|1627759|1628404|1628436|1628969|1630202|1630540|201143|201950,1627759|1628436|1630202|201143|201950,1626157|1626166|1628404|1628969|1630540,,,1610612738.0,42400213
2,PT09M33.00S,09:33,Q2 09:33,32.45,209,foul,C. Payne personal FOUL (1 PF),[],Payne,25,40,,False,False,1626166,,steal,2pt missed,201950.0,,,1626157|1626166|1627759|1628404|1628436|1628969|1630202|1630540|201143|201950,1626157|1626166|1628404|1628969|1630540,1627759|1628436|1630202|201143|201950,,,1610612752.0,42400213
2,PT09M16.00S,09:16,Q2 09:16,32.733333333333334,211,2pt,MISS J. Brown 13' pullup Shot,['fromturnover'],Brown,25,40,Missed,True,False,1627759,,foul,rebound,,,,1626157|1626166|1627759|1628404|1628436|1628969|1630202|1630540|201143|201950,1627759|1628436|1630202|201143|201950,1626157|1626166|1628404|1628969|1630540,-87.0,109.0,1610612738.0,42400213
2,PT09M15.00S,09:15,Q2 09:15,32.75,212,rebound,J. Brown REBOUND (Off:1 Def:3),[],Brown,25,40,,False,False,1627759,,2pt missed,2pt made,,,,1626157|1626166|1627759|1628404|1628436|1628969|1630202|1630540|201143|201950,1627759|1628436|1630202|201143|201950,1626157|1626166|1628404|1628969|1630540,,,1610612738.0,42400213
2,PT09M12.00S,09:12,Q2 09:12,32.8,213,2pt,J. Brown floating Jump Shot (9 PTS),"['pointsinthepaint', 'fromturnover', '2ndchance']",Brown,25,42,Made,True,False,1627759,,rebound,2pt missed,,,,1626157|1626166|1627759|1628404|1628436|1628969|1630202|1630540|201143|201950,1627759|1628436|1630202|201143|201950,1626157|1626166|1628404|1628969|1630540,17.0,25.0,1610612738.0,42400213
2,PT09M03.00S,09:03,Q2 09:03,32.95,214,2pt,MISS J. Hart driving Layup - blocked,['pointsinthepaint'],Hart,25,42,Missed,True,False,1628404,,2pt made,block,,,1628436.0,1626157|1626166|1627759|1628404|1628436|1628969|1630202|1630540|201143|201950,1626157|1626166|1628404|1628969|1630540,1627759|1628436|1630202|201143|201950,17.0,16.0,1610612752.0,42400213
2,PT09M03.00S,09:03,Q2 09:03,32.95,215,block,L. Kornet BLOCK (1 BLK),[],Kornet,25,42,,False,False,1628436,,2pt missed,rebound,,,,1626157|1626166|1627759|1628404|1628436|1628969|1630202|1630540|201143|201950,1627759|1628436|1630202|201143|201950,1626157|1626166|1628404|1628969|1630540,,,1610612738.0,42400213
2,PT09M01.00S,09:01,Q2 09:01,32.983333333333334,216,rebound,J. Holiday REBOUND (Off:0 Def:2),[],Holiday,25,42,,False,False,201950,,block,2pt made,,,,1626157|1626166|1627759|1628404|1628436|1628969|1630202|1630540|201143|201950,1627759|1628436|1630202|201143|201950,1626157|1626166|1628404|1628969|1630540,,,1610612738.0,42400213
2,PT08M57.00S,08:57,Q2 08:57,31.05,217,2pt,A. Horford running Layup (5 PTS) (J. Holiday 1 AST),"['pointsinthepaint', 'fastbreak']",Horford,25,44,Made,True,True,201143,201950.0,rebound,timeout,,,,1626157|1626166|1627759|1628404|1628436|1628969|1630202|1630540|201143|201950,1627759|1628436|1630202|201143|201950,1626157|1626166|1628404|1628969|1630540,2.0,5.0,1610612738.0,42400213
2,PT08M50.00S,08:50,Q2 08:50,31.166666666666668,219,timeout,NYK Timeout,"['team', 'mandatory']",,25,44,,False,False,0,,2pt made,substitution,,,,1626157|1626166|1627759|1628404|1628436|1628969|1630202|1630540|201143|201950,1626157|1626166|1628404|1628969|1630540,1627759|1628436|1630202|201143|201950,,,1610612752.0,42400213
2,PT08M50.00S,08:50,Q2 08:50,31.166666666666668,220,substitution,SUB out: J. Brown,[],Brown,25,44,,False,False,1627759,,timeout,substitution,,,,1626157|1626166|1628404|1628436|1628969|1630202|1630540|201143|201950,1628436|1630202|201143|201950,1626157|1626166|1628404|1628969|1630540,,,1610612738.0,42400213
2,PT08M50.00S,08:50,Q2 08:50,31.166666666666668,221,substitution,SUB in: J. Tatum,[],Tatum,25,44,,False,False,1628369,,substitution,turnover,,,,1626157|1626166|1628369|1628404|1628436|1628969|1630202|1630540|201143|201950,1628369|1628436|1630202|201143|201950,1626157|1626166|1628404|1628969|1630540,,,1610612738.0,42400213
2,PT08M35.00S,08:35,Q2 08:35,31.416666666666668,222,turnover,M. Bridges traveling TURNOVER (2 TO),[],Bridges,25,44,,False,False,1628969,,substitution,3pt missed,,,,1626157|1626166|1628369|1628404|1628436|1628969|1630202|1630540|201143|201950,1626157|1626166|1628404|1628969|1630540,1628369|1628436|1630202|201143|201950,,,1610612752.0,42400213
2,PT08M18.00S,08:18,Q2 08:18,31.7,223,3pt,MISS P. Pritchard 26' 3PT,['fromturnover'],Pritchard,25,44,Missed,True,False,1630202,,turnover,rebound,,,,1626157|1626166|1628369|1628404|1628436|1628969|1630202|1630540|201143|201950,1628369|1628436|1630202|201143|201950,1626157|1626166|1628404|1628969|1630540,229.0,134.0,1610612738.0,42400213
2,PT08M14.00S,08:14,Q2 08:14,31.766666666666666,224,rebound,M. Bridges REBOUND (Off:0 Def:1),[],Bridges,25,44,,False,False,1628969,,3pt missed,3pt missed,,,,1626157|1626166|1628369|1628404|1628436|1628969|1630202|1630540|201143|201950,1626157|1626166|1628404|1628969|1630540,1628369|1628436|1630202|201143|201950,,,1610612752.0,42400213
2,PT08M09.00S,08:09,Q2 08:09,31.85,225,3pt,MISS K. Towns 28' running 3PT,['fastbreak'],Towns,25,44,Missed,True,False,1626157,,rebound,rebound,,,,1626157|1626166|1628369|1628404|1628436|1628969|1630202|1630540|201143|201950,1626157|1626166|1628404|1628969|1630540,1628369|1628436|1630202|201143|201950,-27.0,280.0,1610612752.0,42400213
2,PT08M07.00S,08:07,Q2 08:07,31.883333333333333,226,rebound,A. Horford REBOUND (Off:2 Def:3),[],Horford,25,44,,False,False,201143,,3pt missed,3pt made,,,,1626157|1626166|1628369|1628404|1628436|1628969|1630202|1630540|201143|201950,1628369|1628436|1630202|201143|201950,1626157|1626166|1628404|1628969|1630540,,,1610612738.0,42400213
2,PT07M58.00S,07:58,Q2 07:58,30.033333333333335,227,3pt,P. Pritchard 27' 3PT  (10 PTS) (A. Horford 1 AST),[],Pritchard,25,47,Made,True,True,1630202,201143.0,rebound,2pt made,,,,1626157|1626166|1628369|1628404|1628436|1628969|1630202|1630540|201143|201950,1628369|1628436|1630202|201143|201950,1626157|1626166|1628404|1628969|1630540,179.0,205.0,1610612738.0,42400213
2,PT07M31.00S,07:31,Q2 07:31,30.483333333333334,229,2pt,K. Towns 10' driving floating Jump Shot (8 PTS),['pointsinthepaint'],Towns,27,47,Made,True,False,1626157,,3pt made,foul,,,,1626157|1626166|1628369|1628404|1628436|1628969|1630202|1630540|201143|201950,1626157|1626166|1628404|1628969|1630540,1628369|1628436|1630202|201143|201950,-49.0,89.0,1610612752.0,42400213
2,PT07M31.00S,07:31,Q2 07:31,30.483333333333334,230,foul,J. Holiday shooting personal FOUL (2 PF) (Towns 1 FT),['1freethrow'],Holiday,27,47,,False,False,201950,,2pt made,freethrow,1626157.0,,,1626157|1626166|1628369|1628404|1628436|1628969|1630202|1630540|201143|201950,1628369|1628436|1630202|201143|201950,1626157|1626166|1628404|1628969|1630540,,,1610612738.0,42400213
2,PT07M31.00S,07:31,Q2 07:31,30.483333333333334,240,freethrow,K. Towns Free Throw 1 of 1 (9 PTS),[],Towns,28,47,Made,False,False,1626157,,foul,substitution,,,,1626157|1626166|1628369|1628404|1628436|1628969|1630202|1630540|201143|201950,1626157|1626166|1628404|1628969|1630540,1628369|1628436|1630202|201143|201950,,,1610612752.0,42400213
2,PT07M31.00S,07:31,Q2 07:31,30.483333333333334,232,substitution,SUB out: M. McBride,[],McBride,27,47,,False,False,1630540,,freethrow,substitution,,,,1626157|1626166|1628369|1628404|1628436|1628969|1630202|201143|201950,1626157|1626166|1628404|1628969,1628369|1628436|1630202|201143|201950,,,1610612752.0,42400213
2,PT07M31.00S,07:31,Q2 07:31,30.483333333333334,233,substitution,SUB out: C. Payne,[],Payne,27,47,,False,False,1626166,,substitution,substitution,,,,1626157|1628369|1628404|1628436|1628969|1630202|201143|201950,1626157|1628404|1628969,1628369|1628436|1630202|201143|201950,,,1610612752.0,42400213
2,PT07M31.00S,07:31,Q2 07:31,30.483333333333334,234,substitution,SUB in: O. Anunoby,[],Anunoby,27,47,,False,False,1628384,,substitution,substitution,,,,1626157|1628369|1628384|1628404|1628436|1628969|1630202|201143|201950,1626157|1628384|1628404|1628969,1628369|1628436|1630202|201143|201950,,,1610612752.0,42400213
2,PT07M31.00S,07:31,Q2 07:31,30.483333333333334,235,substitution,SUB in: J. Brunson,[],Brunson,27,47,,False,False,1628973,,substitution,substitution,,,,1626157|1628369|1628384|1628404|1628436|1628969|1628973|1630202|201143|201950,1626157|1628384|1628404|1628969|1628973,1628369|1628436|1630202|201143|201950,,,1610612752.0,42400213
2,PT07M31.00S,07:31,Q2 07:31,30.483333333333334,236,substitution,SUB out: A. Horford,[],Horford,27,47,,False,False,201143,,substitution,substitution,,,,1626157|1628369|1628384|1628404|1628436|1628969|1628973|1630202|201950,1628369|1628436|1630202|201950,1626157|1628384|1628404|1628969|1628973,,,1610612738.0,42400213
2,PT07M31.00S,07:31,Q2 07:31,30.483333333333334,237,substitution,SUB out: L. Kornet,[],Kornet,27,47,,False,False,1628436,,substitution,substitution,,,,1626157|1628369|1628384|1628404|1628969|1628973|1630202|201950,1628369|1630202|201950,1626157|1628384|1628404|1628969|1628973,,,1610612738.0,42400213
2,PT07M31.00S,07:31,Q2 07:31,30.483333333333334,238,substitution,SUB in: J. Brown,[],Brown,27,47,,False,False,1627759,,substitution,substitution,,,,1626157|1627759|1628369|1628384|1628404|1628969|1628973|1630202|201950,1627759|1628369|1630202|201950,1626157|1628384|1628404|1628969|1628973,,,1610612738.0,42400213
2,PT07M31.00S,07:31,Q2 07:31,30.483333333333334,239,substitution,SUB in: K. Porziņģis,[],Porziņģis,27,47,,False,False,204001,,substitution,turnover,,,,1626157|1627759|1628369|1628384|1628404|1628969|1628973|1630202|201950|204001,1627759|1628369|1630202|201950|204001,1626157|1628384|1628404|1628969|1628973,,,1610612738.0,42400213
2,PT07M15.00S,07:15,Q2 07:15,30.75,241,turnover,J. Holiday bad pass out-of-bounds TURNOVER (2 TO),[],Holiday,28,47,,False,False,201950,,substitution,2pt made,,,,1626157|1627759|1628369|1628384|1628404|1628969|1628973|1630202|201950|204001,1627759|1628369|1630202|201950|204001,1626157|1628384|1628404|1628969|1628973,,,1610612738.0,42400213
2,PT06M58.00S,06:58,Q2 06:58,29.033333333333335,242,2pt,J. Hart cutting Layup (2 PTS) (J. Brunson 3 AST),"['pointsinthepaint', 'fromturnover']",Hart,30,47,Made,True,True,1628404,1628973.0,turnover,timeout,,,,1626157|1627759|1628369|1628384|1628404|1628969|1628973|1630202|201950|204001,1626157|1628384|1628404|1628969|1628973,1627759|1628369|1630202|201950|204001,12.0,7.0,1610612752.0,42400213
2,PT06M57.00S,06:57,Q2 06:57,29.05,244,timeout,BOS Timeout,"['team', 'mandatory']",,30,47,,False,False,0,,2pt made,2pt missed,,,,1626157|1627759|1628369|1628384|1628404|1628969|1628973|1630202|201950|204001,1627759|1628369|1630202|201950|204001,1626157|1628384|1628404|1628969|1628973,,,1610612738.0,42400213
2,PT06M37.00S,06:37,Q2 06:37,29.383333333333333,245,2pt,MISS J. Brown driving floating Shot,['pointsinthepaint'],Brown,30,47,Missed,True,False,1627759,,timeout,rebound,,,,1626157|1627759|1628369|1628384|1628404|1628969|1628973|1630202|201950|204001,1627759|1628369|1630202|201950|204001,1626157|1628384|1628404|1628969|1628973,-37.0,26.0,1610612738.0,42400213
2,PT06M36.00S,06:36,Q2 06:36,29.4,246,rebound,TEAM defensive REBOUND,['team'],,30,47,,False,False,0,,2pt missed,substitution,,,,1626157|1627759|1628369|1628384|1628404|1628969|1628973|1630202|201950|204001,1626157|1628384|1628404|1628969|1628973,1627759|1628369|1630202|201950|204001,,,1610612752.0,42400213
2,PT06M36.00S,06:36,Q2 06:36,29.4,248,substitution,SUB out: J. Holiday,[],Holiday,30,47,,False,False,201950,,rebound,substitution,,,,1626157|1627759|1628369|1628384|1628404|1628969|1628973|1630202|204001,1627759|1628369|1630202|204001,1626157|1628384|1628404|1628969|1628973,,,1610612738.0,42400213
2,PT06M36.00S,06:36,Q2 06:36,29.4,249,substitution,SUB in: D. White,[],White,30,47,,False,False,1628401,,substitution,turnover,,,,1626157|1627759|1628369|1628384|1628401|1628404|1628969|1628973|1630202|204001,1627759|1628369|1628401|1630202|204001,1626157|1628384|1628404|1628969|1628973,,,1610612738.0,42400213
2,PT06M15.00S,06:15,Q2 06:15,29.75,252,turnover,K. Towns offensive goaltending TURNOVER (1 TO),[],Towns,30,47,,False,False,1626157,,substitution,3pt missed,,,,1626157|1627759|1628369|1628384|1628401|1628404|1628969|1628973|1630202|204001,1626157|1628384|1628404|1628969|1628973,1627759|1628369|1628401|1630202|204001,,,1610612752.0,42400213
2,PT05M58.00S,05:58,Q2 05:58,28.033333333333335,253,3pt,MISS K. Porziņģis 26' 3PT,['fromturnover'],Porziņģis,30,47,Missed,True,False,204001,,turnover,rebound,,,,1626157|1627759|1628369|1628384|1628401|1628404|1628969|1628973|1630202|204001,1627759|1628369|1628401|1630202|204001,1626157|1628384|1628404|1628969|1628973,174.0,197.0,1610612738.0,42400213
2,PT05M56.00S,05:56,Q2 05:56,28.066666666666666,254,rebound,K. Towns REBOUND (Off:0 Def:3),[],Towns,30,47,,False,False,1626157,,3pt missed,2pt missed,,,,1626157|1627759|1628369|1628384|1628401|1628404|1628969|1628973|1630202|204001,1626157|1628384|1628404|1628969|1628973,1627759|1628369|1628401|1630202|204001,,,1610612752.0,42400213
2,PT05M46.00S,05:46,Q2 05:46,28.233333333333334,255,2pt,MISS J. Hart cutting Layup - blocked,['pointsinthepaint'],Hart,30,47,Missed,True,False,1628404,,rebound,block,,,204001.0,1626157|1627759|1628369|1628384|1628401|1628404|1628969|1628973|1630202|204001,1626157|1628384|1628404|1628969|1628973,1627759|1628369|1628401|1630202|204001,4.0,10.0,1610612752.0,42400213
2,PT05M46.00S,05:46,Q2 05:46,28.233333333333334,256,block,K. Porziņģis BLOCK (1 BLK),[],Porziņģis,30,47,,False,False,204001,,2pt missed,rebound,,,,1626157|1627759|1628369|1628384|1628401|1628404|1628969|1628973|1630202|204001,1627759|1628369|1628401|1630202|204001,1626157|1628384|1628404|1628969|1628973,,,1610612738.0,42400213
2,PT05M44.00S,05:44,Q2 05:44,28.266666666666666,257,rebound,J. Brown REBOUND (Off:1 Def:4),[],Brown,30,47,,False,False,1627759,,block,2pt made,,,,1626157|1627759|1628369|1628384|1628401|1628404|1628969|1628973|1630202|204001,1627759|1628369|1628401|1630202|204001,1626157|1628384|1628404|1628969|1628973,,,1610612738.0,42400213
2,PT05M41.00S,05:41,Q2 05:41,28.316666666666666,258,2pt,D. White running Layup (9 PTS) (P. Pritchard 1 AST),"['pointsinthepaint', 'fastbreak']",White,30,49,Made,True,True,1628401,1630202.0,rebound,2pt made,,,,1626157|1627759|1628369|1628384|1628401|1628404|1628969|1628973|1630202|204001,1627759|1628369|1628401|1630202|204001,1626157|1628384|1628404|1628969|1628973,-6.0,0.0,1610612738.0,42400213
2,PT05M22.00S,05:22,Q2 05:22,28.633333333333333,260,2pt,J. Brunson 7' driving bank Jump Shot (8 PTS),['pointsinthepaint'],Brunson,32,49,Made,True,False,1628973,,2pt made,foul,,,,1626157|1627759|1628369|1628384|1628401|1628404|1628969|1628973|1630202|204001,1626157|1628384|1628404|1628969|1628973,1627759|1628369|1628401|1630202|204001,67.0,31.0,1610612752.0,42400213
2,PT05M22.00S,05:22,Q2 05:22,28.633333333333333,261,foul,P. Pritchard shooting personal FOUL (2 PF) (Brunson 1 FT),['1freethrow'],Pritchard,32,49,,False,False,1630202,,2pt made,freethrow,1628973.0,,,1626157|1627759|1628369|1628384|1628401|1628404|1628969|1628973|1630202|204001,1627759|1628369|1628401|1630202|204001,1626157|1628384|1628404|1628969|1628973,,,1610612738.0,42400213
2,PT05M22.00S,05:22,Q2 05:22,28.633333333333333,263,freethrow,J. Brunson Free Throw 1 of 1 (9 PTS),[],Brunson,33,49,Made,False,False,1628973,,foul,3pt made,,,,1626157|1627759|1628369|1628384|1628401|1628404|1628969|1628973|1630202|204001,1626157|1628384|1628404|1628969|1628973,1627759|1628369|1628401|1630202|204001,,,1610612752.0,42400213
2,PT05M06.00S,05:06,Q2 05:06,28.9,264,3pt,J. Tatum 28' 3PT pullup (9 PTS),[],Tatum,33,52,Made,True,False,1628369,,freethrow,2pt missed,,,,1626157|1627759|1628369|1628384|1628401|1628404|1628969|1628973|1630202|204001,1627759|1628369|1628401|1630202|204001,1626157|1628384|1628404|1628969|1628973,-161.0,234.0,1610612738.0,42400213
2,PT04M53.00S,04:53,Q2 04:53,27.116666666666667,266,2pt,MISS J. Brunson cutting Layup - blocked,['pointsinthepaint'],Brunson,33,52,Missed,True,False,1628973,,3pt made,block,,,1628401.0,1626157|1627759|1628369|1628384|1628401|1628404|1628969|1628973|1630202|204001,1626157|1628384|1628404|1628969|1628973,1627759|1628369|1628401|1630202|204001,-6.0,13.0,1610612752.0,42400213
2,PT04M53.00S,04:53,Q2 04:53,27.116666666666667,267,block,D. White BLOCK (1 BLK),[],White,33,52,,False,False,1628401,,2pt missed,rebound,,,,1626157|1627759|1628369|1628384|1628401|1628404|1628969|1628973|1630202|204001,1627759|1628369|1628401|1630202|204001,1626157|1628384|1628404|1628969|1628973,,,1610612738.0,42400213
2,PT04M50.00S,04:50,Q2 04:50,27.166666666666668,268,rebound,J. Hart REBOUND (Off:1 Def:2),[],Hart,33,52,,False,False,1628404,,block,2pt missed,,,,1626157|1627759|1628369|1628384|1628401|1628404|1628969|1628973|1630202|204001,1626157|1628384|1628404|1628969|1628973,1627759|1628369|1628401|1630202|204001,,,1610612752.0,42400213
2,PT04M48.00S,04:48,Q2 04:48,27.2,269,2pt,MISS M. Bridges 11' fadeaway Shot,['2ndchance'],Bridges,33,52,Missed,True,False,1628969,,rebound,rebound,,,,1626157|1627759|1628369|1628384|1628401|1628404|1628969|1628973|1630202|204001,1626157|1628384|1628404|1628969|1628973,1627759|1628369|1628401|1630202|204001,-104.0,50.0,1610612752.0,42400213
2,PT04M45.00S,04:45,Q2 04:45,27.25,270,rebound,D. White REBOUND (Off:2 Def:2),[],White,33,52,,False,False,1628401,,2pt missed,3pt made,,,,1626157|1627759|1628369|1628384|1628401|1628404|1628969|1628973|1630202|204001,1627759|1628369|1628401|1630202|204001,1626157|1628384|1628404|1628969|1628973,,,1610612738.0,42400213
2,PT04M31.00S,04:31,Q2 04:31,27.483333333333334,271,3pt,P. Pritchard 3PT  (13 PTS) (K. Porziņģis 1 AST),[],Pritchard,33,55,Made,True,True,1630202,204001.0,rebound,3pt missed,,,,1626157|1627759|1628369|1628384|1628401|1628404|1628969|1628973|1630202|204001,1627759|1628369|1628401|1630202|204001,1626157|1628384|1628404|1628969|1628973,234.0,19.0,1610612738.0,42400213
2,PT04M20.00S,04:20,Q2 04:20,27.666666666666668,273,3pt,MISS J. Brunson 26' pullup 3PT,[],Brunson,33,55,Missed,True,False,1628973,,3pt made,rebound,,,,1626157|1627759|1628369|1628384|1628401|1628404|1628969|1628973|1630202|204001,1626157|1628384|1628404|1628969|1628973,1627759|1628369|1628401|1630202|204001,-181.0,195.0,1610612752.0,42400213
2,PT04M17.00S,04:17,Q2 04:17,27.716666666666665,274,rebound,K. Towns REBOUND (Off:1 Def:3),[],Towns,33,55,,False,False,1626157,,3pt missed,foul,,,,1626157|1627759|1628369|1628384|1628401|1628404|1628969|1628973|1630202|204001,1626157|1628384|1628404|1628969|1628973,1627759|1628369|1628401|1630202|204001,,,1610612752.0,42400213
2,PT04M15.00S,04:15,Q2 04:15,27.75,275,foul,K. Porziņģis personal FOUL (3 PF) (Hart 2 FT),"['inpenalty', '2freethrow']",Porziņģis,33,55,,False,False,204001,,rebound,freethrow,1628404.0,,,1626157|1627759|1628369|1628384|1628401|1628404|1628969|1628973|1630202|204001,1627759|1628369|1628401|1630202|204001,1626157|1628384|1628404|1628969|1628973,,,1610612738.0,42400213
2,PT04M15.00S,04:15,Q2 04:15,27.75,277,freethrow,J. Hart Free Throw 1 of 2 (3 PTS),['2ndchance'],Hart,34,55,Made,False,False,1628404,,foul,freethrow,,,,1626157|1627759|1628369|1628384|1628401|1628404|1628969|1628973|1630202|204001,1626157|1628384|1628404|1628969|1628973,1627759|1628369|1628401|1630202|204001,,,1610612752.0,42400213
2,PT04M15.00S,04:15,Q2 04:15,27.75,280,freethrow,J. Hart Free Throw 2 of 2 (4 PTS),['2ndchance'],Hart,35,55,Made,False,False,1628404,,freethrow,substitution,,,,1626157|1627759|1628369|1628384|1628401|1628404|1628969|1628973|1630202|204001,1626157|1628384|1628404|1628969|1628973,1627759|1628369|1628401|1630202|204001,,,1610612752.0,42400213
2,PT04M15.00S,04:15,Q2 04:15,27.75,278,substitution,SUB out: K. Porziņģis,[],Porziņģis,33,55,,False,False,204001,,freethrow,substitution,,,,1626157|1627759|1628369|1628384|1628401|1628404|1628969|1628973|1630202,1627759|1628369|1628401|1630202,1626157|1628384|1628404|1628969|1628973,,,1610612738.0,42400213
2,PT04M15.00S,04:15,Q2 04:15,27.75,279,substitution,SUB in: A. Horford,[],Horford,33,55,,False,False,201143,,substitution,2pt made,,,,1626157|1627759|1628369|1628384|1628401|1628404|1628969|1628973|1630202|201143,1627759|1628369|1628401|1630202|201143,1626157|1628384|1628404|1628969|1628973,,,1610612738.0,42400213
2,PT03M58.00S,03:58,Q2 03:58,26.033333333333335,281,2pt,J. Brown driving Layup (11 PTS),['pointsinthepaint'],Brown,35,57,Made,True,False,1627759,,substitution,2pt missed,,,,1626157|1627759|1628369|1628384|1628401|1628404|1628969|1628973|1630202|201143,1627759|1628369|1628401|1630202|201143,1626157|1628384|1628404|1628969|1628973,22.0,5.0,1610612738.0,42400213
2,PT03M41.00S,03:41,Q2 03:41,26.316666666666666,282,2pt,MISS K. Towns driving Layup,['pointsinthepaint'],Towns,35,57,Missed,True,False,1626157,,2pt made,rebound,,,,1626157|1627759|1628369|1628384|1628401|1628404|1628969|1628973|1630202|201143,1626157|1628384|1628404|1628969|1628973,1627759|1628369|1628401|1630202|201143,-20.0,13.0,1610612752.0,42400213
2,PT03M38.00S,03:38,Q2 03:38,26.366666666666667,283,rebound,O. Anunoby REBOUND (Off:2 Def:0),[],Anunoby,35,57,,False,False,1628384,,2pt missed,2pt made,,,,1626157|1627759|1628369|1628384|1628401|1628404|1628969|1628973|1630202|201143,1626157|1628384|1628404|1628969|1628973,1627759|1628369|1628401|1630202|201143,,,1610612752.0,42400213
2,PT03M29.00S,03:29,Q2 03:29,26.516666666666666,284,2pt,K. Towns 18' turnaround Jump Shot (11 PTS) (J. Hart 2 AST),['2ndchance'],Towns,37,57,Made,True,True,1626157,1628404.0,rebound,2pt missed,,,,1626157|1627759|1628369|1628384|1628401|1628404|1628969|1628973|1630202|201143,1626157|1628384|1628404|1628969|1628973,1627759|1628369|1628401|1630202|201143,4.0,186.0,1610612752.0,42400213
2,PT03M03.00S,03:03,Q2 03:03,26.95,285,2pt,MISS J. Brown 7' turnaround fadeaway Shot,['pointsinthepaint'],Brown,37,57,Missed,True,False,1627759,,2pt made,rebound,,,,1626157|1627759|1628369|1628384|1628401|1628404|1628969|1628973|1630202|201143,1627759|1628369|1628401|1630202|201143,1626157|1628384|1628404|1628969|1628973,-65.0,46.0,1610612738.0,42400213
2,PT03M01.00S,03:01,Q2 03:01,26.983333333333334,286,rebound,K. Towns REBOUND (Off:1 Def:4),[],Towns,37,57,,False,False,1626157,,2pt missed,3pt made,,,,1626157|1627759|1628369|1628384|1628401|1628404|1628969|1628973|1630202|201143,1626157|1628384|1628404|1628969|1628973,1627759|1628369|1628401|1630202|201143,,,1610612752.0,42400213
2,PT02M55.00S,02:55,Q2 02:55,25.083333333333332,287,3pt,J. Brunson 25' 3PT running pullup (12 PTS),['fastbreak'],Brunson,40,57,Made,True,False,1628973,,rebound,3pt made,,,,1626157|1627759|1628369|1628384|1628401|1628404|1628969|1628973|1630202|201143,1626157|1628384|1628404|1628969|1628973,1627759|1628369|1628401|1630202|201143,108.0,236.0,1610612752.0,42400213
2,PT02M41.00S,02:41,Q2 02:41,25.316666666666666,288,3pt,J. Tatum 25' 3PT pullup (12 PTS),[],Tatum,40,60,Made,True,False,1628369,,3pt made,foul,,,,1626157|1627759|1628369|1628384|1628401|1628404|1628969|1628973|1630202|201143,1627759|1628369|1628401|1630202|201143,1626157|1628384|1628404|1628969|1628973,4.0,253.0,1610612738.0,42400213
2,PT02M29.00S,02:29,Q2 02:29,25.516666666666666,289,foul,J. Hart offensive FOUL (1 PF),[],Hart,40,60,,False,False,1628404,,3pt made,turnover,1628401.0,,,1626157|1627759|1628369|1628384|1628401|1628404|1628969|1628973|1630202|201143,1626157|1628384|1628404|1628969|1628973,1627759|1628369|1628401|1630202|201143,,,1610612752.0,42400213
2,PT02M29.00S,02:29,Q2 02:29,25.516666666666666,291,turnover,J. Hart offensive foul TURNOVER (1 TO),[],Hart,40,60,,False,False,1628404,,foul,turnover,,,,1626157|1627759|1628369|1628384|1628401|1628404|1628969|1628973|1630202|201143,1626157|1628384|1628404|1628969|1628973,1627759|1628369|1628401|1630202|201143,,,1610612752.0,42400213
2,PT02M17.00S,02:17,Q2 02:17,25.716666666666665,292,turnover,J. Tatum lost ball TURNOVER (1 TO),[],Tatum,40,60,,False,False,1628369,,turnover,foul,,,,1626157|1627759|1628369|1628384|1628401|1628404|1628969|1628973|1630202|201143,1627759|1628369|1628401|1630202|201143,1626157|1628384|1628404|1628969|1628973,,,1610612738.0,42400213
2,PT02M17.00S,02:17,Q2 02:17,25.716666666666665,293,foul,J. Tatum loose ball personal FOUL (2 PF) (Hart 2 FT),"['inpenalty', '2freethrow']",Tatum,40,60,,False,False,1628369,,turnover,freethrow,1628404.0,,,1626157|1627759|1628369|1628384|1628401|1628404|1628969|1628973|1630202|201143,1627759|1628369|1628401|1630202|201143,1626157|1628384|1628404|1628969|1628973,,,1610612738.0,42400213
2,PT02M17.00S,02:17,Q2 02:17,25.716666666666665,295,freethrow,J. Hart Free Throw 1 of 2 (5 PTS),['fromturnover'],Hart,41,60,Made,False,False,1628404,,foul,freethrow,,,,1626157|1627759|1628369|1628384|1628401|1628404|1628969|1628973|1630202|201143,1626157|1628384|1628404|1628969|1628973,1627759|1628369|1628401|1630202|201143,,,1610612752.0,42400213
2,PT02M17.00S,02:17,Q2 02:17,25.716666666666665,296,freethrow,J. Hart Free Throw 2 of 2 (6 PTS),['fromturnover'],Hart,42,60,Made,False,False,1628404,,freethrow,3pt made,,,,1626157|1627759|1628369|1628384|1628401|1628404|1628969|1628973|1630202|201143,1626157|1628384|1628404|1628969|1628973,1627759|1628369|1628401|1630202|201143,,,1610612752.0,42400213
2,PT02M03.00S,02:03,Q2 02:03,25.95,297,3pt,A. Horford 25' 3PT  (8 PTS) (J. Tatum 3 AST),[],Horford,42,63,Made,True,True,201143,1628369.0,freethrow,turnover,,,,1626157|1627759|1628369|1628384|1628401|1628404|1628969|1628973|1630202|201143,1627759|1628369|1628401|1630202|201143,1626157|1628384|1628404|1628969|1628973,-39.0,251.0,1610612738.0,42400213
2,PT01M45.00S,01:45,Q2 01:45,24.25,299,turnover,J. Brunson bad pass TURNOVER (2 TO),[],Brunson,42,63,,False,False,1628973,,3pt made,steal,,1627759.0,,1626157|1627759|1628369|1628384|1628401|1628404|1628969|1628973|1630202|201143,1626157|1628384|1628404|1628969|1628973,1627759|1628369|1628401|1630202|201143,,,1610612752.0,42400213
2,PT01M45.00S,01:45,Q2 01:45,24.25,300,steal,J. Brown STEAL (1 STL),[],Brown,42,63,,False,False,1627759,,turnover,2pt made,,,,1626157|1627759|1628369|1628384|1628401|1628404|1628969|1628973|1630202|201143,1627759|1628369|1628401|1630202|201143,1626157|1628384|1628404|1628969|1628973,,,1610612738.0,42400213
2,PT01M41.00S,01:41,Q2 01:41,24.316666666666666,301,2pt,J. Tatum running Layup (14 PTS) (J. Brown 3 AST),"['pointsinthepaint', 'fromturnover', 'fastbreak']",Tatum,42,65,Made,True,True,1628369,1627759.0,steal,2pt made,,,,1626157|1627759|1628369|1628384|1628401|1628404|1628969|1628973|1630202|201143,1627759|1628369|1628401|1630202|201143,1626157|1628384|1628404|1628969|1628973,-9.0,11.0,1610612738.0,42400213
2,PT01M28.00S,01:28,Q2 01:28,24.533333333333335,303,2pt,J. Hart cutting DUNK (8 PTS) (J. Brunson 4 AST),['pointsinthepaint'],Hart,44,65,Made,True,True,1628404,1628973.0,2pt made,3pt missed,,,,1626157|1627759|1628369|1628384|1628401|1628404|1628969|1628973|1630202|201143,1626157|1628384|1628404|1628969|1628973,1627759|1628369|1628401|1630202|201143,-2.0,8.0,1610612752.0,42400213
2,PT01M05.00S,01:05,Q2 01:05,24.916666666666668,305,3pt,MISS J. Tatum 24' pullup 3PT,[],Tatum,44,65,Missed,True,False,1628369,,2pt made,rebound,,,,1626157|1627759|1628369|1628384|1628401|1628404|1628969|1628973|1630202|201143,1627759|1628369|1628401|1630202|201143,1626157|1628384|1628404|1628969|1628973,127.0,211.0,1610612738.0,42400213
2,PT01M02.00S,01:02,Q2 01:02,24.966666666666665,306,rebound,D. White REBOUND (Off:3 Def:2),[],White,44,65,,False,False,1628401,,3pt missed,2pt made,,,,1626157|1627759|1628369|1628384|1628401|1628404|1628969|1628973|1630202|201143,1627759|1628369|1628401|1630202|201143,1626157|1628384|1628404|1628969|1628973,,,1610612738.0,42400213
2,PT01M00.00S,01:00,Q2 01:00,25.0,307,2pt,J. Brown 10' Jump Shot (13 PTS) (D. White 2 AST),['2ndchance'],Brown,44,67,Made,True,True,1627759,1628401.0,rebound,2pt missed,,,,1626157|1627759|1628369|1628384|1628401|1628404|1628969|1628973|1630202|201143,1627759|1628369|1628401|1630202|201143,1626157|1628384|1628404|1628969|1628973,-86.0,52.0,1610612738.0,42400213
2,PT00M39.90S,00:39,Q2 00:39,23.35,310,2pt,MISS O. Anunoby driving Layup - blocked,['pointsinthepaint'],Anunoby,44,67,Missed,True,False,1628384,,2pt made,block,,,201143.0,1626157|1627759|1628369|1628384|1628401|1628404|1628969|1628973|1630202|201143,1626157|1628384|1628404|1628969|1628973,1627759|1628369|1628401|1630202|201143,-12.0,8.0,1610612752.0,42400213
2,PT00M39.90S,00:39,Q2 00:39,23.35,311,block,A. Horford BLOCK (1 BLK),[],Horford,44,67,,False,False,201143,,2pt missed,rebound,,,,1626157|1627759|1628369|1628384|1628401|1628404|1628969|1628973|1630202|201143,1627759|1628369|1628401|1630202|201143,1626157|1628384|1628404|1628969|1628973,,,1610612738.0,42400213
2,PT00M38.30S,00:38,Q2 00:38,23.366666666666667,312,rebound,K. Towns REBOUND (Off:2 Def:4),[],Towns,44,67,,False,False,1626157,,block,2pt made,,,,1626157|1627759|1628369|1628384|1628401|1628404|1628969|1628973|1630202|201143,1626157|1628384|1628404|1628969|1628973,1627759|1628369|1628401|1630202|201143,,,1610612752.0,42400213
2,PT00M38.30S,00:38,Q2 00:38,23.366666666666667,313,2pt,K. Towns putback Layup (13 PTS),"['pointsinthepaint', '2ndchance']",Towns,46,67,Made,True,False,1626157,,rebound,3pt made,,,,1626157|1627759|1628369|1628384|1628401|1628404|1628969|1628973|1630202|201143,1626157|1628384|1628404|1628969|1628973,1627759|1628369|1628401|1630202|201143,-11.0,18.0,1610612752.0,42400213
2,PT00M30.50S,00:30,Q2 00:30,23.5,314,3pt,J. Brown 25' 3PT pullup (16 PTS) (P. Pritchard 2 AST),[],Brown,46,70,Made,True,True,1627759,1630202.0,2pt made,2pt missed,,,,1626157|1627759|1628369|1628384|1628401|1628404|1628969|1628973|1630202|201143,1627759|1628369|1628401|1630202|201143,1626157|1628384|1628404|1628969|1628973,118.0,225.0,1610612738.0,42400213
2,PT00M22.90S,00:22,Q2 00:22,23.633333333333333,316,2pt,MISS J. Brunson turnaround bank Shot,['pointsinthepaint'],Brunson,46,70,Missed,True,False,1628973,,3pt made,rebound,,,,1626157|1627759|1628369|1628384|1628401|1628404|1628969|1628973|1630202|201143,1626157|1628384|1628404|1628969|1628973,1627759|1628369|1628401|1630202|201143,-23.0,38.0,1610612752.0,42400213
2,PT00M20.10S,00:20,Q2 00:20,23.666666666666668,317,rebound,P. Pritchard REBOUND (Off:1 Def:1),[],Pritchard,46,70,,False,False,1630202,,2pt missed,foul,,,,1626157|1627759|1628369|1628384|1628401|1628404|1628969|1628973|1630202|201143,1627759|1628369|1628401|1630202|201143,1626157|1628384|1628404|1628969|1628973,,,1610612738.0,42400213
2,PT00M03.00S,00:03,Q2 00:03,23.95,318,foul,K. Towns shooting personal FOUL (3 PF) (Brown 2 FT),['2freethrow'],Towns,46,70,,False,False,1626157,,rebound,freethrow,1627759.0,,,1626157|1627759|1628369|1628384|1628401|1628404|1628969|1628973|1630202|201143,1626157|1628384|1628404|1628969|1628973,1627759|1628369|1628401|1630202|201143,,,1610612752.0,42400213
2,PT00M03.00S,00:03,Q2 00:03,23.95,320,freethrow,MISS J. Brown Free Throw 1 of 2,[],Brown,46,70,Missed,False,False,1627759,,foul,rebound,,,,1626157|1627759|1628369|1628384|1628401|1628404|1628969|1628973|1630202|201143,1627759|1628369|1628401|1630202|201143,1626157|1628384|1628404|1628969|1628973,,,1610612738.0,42400213
2,PT00M03.00S,00:03,Q2 00:03,23.95,321,rebound,TEAM offensive REBOUND,"['deadball', 'team']",,46,70,,False,False,0,,freethrow,freethrow,,,,1626157|1627759|1628369|1628384|1628401|1628404|1628969|1628973|1630202|201143,1627759|1628369|1628401|1630202|201143,1626157|1628384|1628404|1628969|1628973,,,1610612738.0,42400213
2,PT00M03.00S,00:03,Q2 00:03,23.95,324,freethrow,J. Brown Free Throw 2 of 2 (17 PTS),[],Brown,46,71,Made,False,False,1627759,,rebound,substitution,,,,1626157|1627759|1628369|1628384|1628401|1628404|1628969|1628973|1630202|201143,1627759|1628369|1628401|1630202|201143,1626157|1628384|1628404|1628969|1628973,,,1610612738.0,42400213
2,PT00M03.00S,00:03,Q2 00:03,23.95,322,substitution,SUB out: J. Tatum,[],Tatum,46,70,,False,False,1628369,,freethrow,substitution,,,,1626157|1627759|1628384|1628401|1628404|1628969|1628973|1630202|201143,1627759|1628401|1630202|201143,1626157|1628384|1628404|1628969|1628973,,,1610612738.0,42400213
2,PT00M03.00S,00:03,Q2 00:03,23.95,323,substitution,SUB in: J. Holiday,[],Holiday,46,70,,False,False,201950,,substitution,3pt missed,,,,1626157|1627759|1628384|1628401|1628404|1628969|1628973|1630202|201143|201950,1627759|1628401|1630202|201143|201950,1626157|1628384|1628404|1628969|1628973,,,1610612738.0,42400213
2,PT00M00.90S,00:00,Q2 00:00,24.0,325,3pt,MISS K. Towns 25' 3PT,[],Towns,46,71,Missed,True,False,1626157,,substitution,rebound,,,,1626157|1627759|1628384|1628401|1628404|1628969|1628973|1630202|201143|201950,1626157|1628384|1628404|1628969|1628973,1627759|1628401|1630202|201143|201950,-130.0,220.0,1610612752.0,42400213
2,PT00M00.10S,00:00,Q2 00:00,24.0,326,rebound,TEAM offensive REBOUND,['team'],,46,71,,False,False,0,,3pt missed,substitution,,,,1626157|1627759|1628384|1628401|1628404|1628969|1628973|1630202|201143|201950,1626157|1628384|1628404|1628969|1628973,1627759|1628401|1630202|201143|201950,,,1610612752.0,42400213
3,PT12M00.00S,12:00,Q3 12:00,24.0,329,substitution,SUB out: P. Pritchard,['startperiod'],Pritchard,46,71,,False,False,1630202,,rebound,substitution,,,,1626157|1627759|1628384|1628401|1628404|1628969|1628973|201143|201950,1627759|1628401|201143|201950,1626157|1628384|1628404|1628969|1628973,,,1610612738.0,42400213
3,PT12M00.00S,12:00,Q3 12:00,24.0,330,substitution,SUB in: J. Tatum,['startperiod'],Tatum,46,71,,False,False,1628369,,substitution,3pt missed,,,,1626157|1627759|1628369|1628384|1628401|1628404|1628969|1628973|201143|201950,1627759|1628369|1628401|201143|201950,1626157|1628384|1628404|1628969|1628973,,,1610612738.0,42400213
3,PT11M38.00S,11:38,Q3 11:38,22.366666666666667,332,3pt,MISS J. Brown 24' 3PT,[],Brown,46,71,Missed,True,False,1627759,,substitution,rebound,,,,1626157|1627759|1628369|1628384|1628401|1628404|1628969|1628973|201143|201950,1627759|1628369|1628401|201143|201950,1626157|1628384|1628404|1628969|1628973,232.0,83.0,1610612738.0,42400213
3,PT11M34.00S,11:34,Q3 11:34,22.433333333333334,333,rebound,J. Brunson REBOUND (Off:1 Def:1),[],Brunson,46,71,,False,False,1628973,,3pt missed,3pt missed,,,,1626157|1627759|1628369|1628384|1628401|1628404|1628969|1628973|201143|201950,1626157|1628384|1628404|1628969|1628973,1627759|1628369|1628401|201143|201950,,,1610612752.0,42400213
3,PT11M27.00S,11:27,Q3 11:27,22.55,334,3pt,MISS M. Bridges 25' 3PT,[],Bridges,46,71,Missed,True,False,1628969,,rebound,rebound,,,,1626157|1627759|1628369|1628384|1628401|1628404|1628969|1628973|201143|201950,1626157|1628384|1628404|1628969|1628973,1627759|1628369|1628401|201143|201950,-225.0,125.0,1610612752.0,42400213
3,PT11M25.00S,11:25,Q3 11:25,22.583333333333332,335,rebound,J. Tatum REBOUND (Off:0 Def:3),[],Tatum,46,71,,False,False,1628369,,3pt missed,3pt made,,,,1626157|1627759|1628369|1628384|1628401|1628404|1628969|1628973|201143|201950,1627759|1628369|1628401|201143|201950,1626157|1628384|1628404|1628969|1628973,,,1610612738.0,42400213
3,PT11M18.00S,11:18,Q3 11:18,22.7,336,3pt,D. White 3PT  (12 PTS) (J. Holiday 2 AST),[],White,46,74,Made,True,True,1628401,201950.0,rebound,3pt missed,,,,1626157|1627759|1628369|1628384|1628401|1628404|1628969|1628973|201143|201950,1627759|1628369|1628401|201143|201950,1626157|1628384|1628404|1628969|1628973,232.0,-15.0,1610612738.0,42400213
3,PT10M57.00S,10:57,Q3 10:57,21.05,338,3pt,MISS J. Brunson 25' pullup 3PT,[],Brunson,46,74,Missed,True,False,1628973,,3pt made,rebound,,,,1626157|1627759|1628369|1628384|1628401|1628404|1628969|1628973|201143|201950,1626157|1628384|1628404|1628969|1628973,1627759|1628369|1628401|201143|201950,53.0,253.0,1610612752.0,42400213
3,PT10M56.00S,10:56,Q3 10:56,21.066666666666666,339,rebound,K. Towns REBOUND (Off:3 Def:4),[],Towns,46,74,,False,False,1626157,,3pt missed,foul,,,,1626157|1627759|1628369|1628384|1628401|1628404|1628969|1628973|201143|201950,1626157|1628384|1628404|1628969|1628973,1627759|1628369|1628401|201143|201950,,,1610612752.0,42400213
3,PT10M56.00S,10:56,Q3 10:56,21.066666666666666,340,foul,J. Holiday shooting personal FOUL (3 PF) (Towns 2 FT),['2freethrow'],Holiday,46,74,,False,False,201950,,rebound,freethrow,1626157.0,,,1626157|1627759|1628369|1628384|1628401|1628404|1628969|1628973|201143|201950,1627759|1628369|1628401|201143|201950,1626157|1628384|1628404|1628969|1628973,,,1610612738.0,42400213
3,PT10M56.00S,10:56,Q3 10:56,21.066666666666666,342,freethrow,K. Towns Free Throw 1 of 2 (14 PTS),['2ndchance'],Towns,47,74,Made,False,False,1626157,,foul,freethrow,,,,1626157|1627759|1628369|1628384|1628401|1628404|1628969|1628973|201143|201950,1626157|1628384|1628404|1628969|1628973,1627759|1628369|1628401|201143|201950,,,1610612752.0,42400213
3,PT10M56.00S,10:56,Q3 10:56,21.066666666666666,343,freethrow,K. Towns Free Throw 2 of 2 (15 PTS),['2ndchance'],Towns,48,74,Made,False,False,1626157,,freethrow,3pt made,,,,1626157|1627759|1628369|1628384|1628401|1628404|1628969|1628973|201143|201950,1626157|1628384|1628404|1628969|1628973,1627759|1628369|1628401|201143|201950,,,1610612752.0,42400213
3,PT10M41.00S,10:41,Q3 10:41,21.316666666666666,344,3pt,J. Holiday 25' 3PT  (5 PTS) (J. Tatum 4 AST),[],Holiday,48,77,Made,True,True,201950,1628369.0,freethrow,3pt missed,,,,1626157|1627759|1628369|1628384|1628401|1628404|1628969|1628973|201143|201950,1627759|1628369|1628401|201143|201950,1626157|1628384|1628404|1628969|1628973,-217.0,139.0,1610612738.0,42400213
3,PT10M32.00S,10:32,Q3 10:32,21.466666666666665,346,3pt,MISS O. Anunoby 24' 3PT - blocked,[],Anunoby,48,77,Missed,True,False,1628384,,3pt made,block,,,1627759.0,1626157|1627759|1628369|1628384|1628401|1628404|1628969|1628973|201143|201950,1626157|1628384|1628404|1628969|1628973,1627759|1628369|1628401|201143|201950,-210.0,135.0,1610612752.0,42400213
3,PT10M32.00S,10:32,Q3 10:32,21.466666666666665,347,block,J. Brown BLOCK (1 BLK),[],Brown,48,77,,False,False,1627759,,3pt missed,rebound,,,,1626157|1627759|1628369|1628384|1628401|1628404|1628969|1628973|201143|201950,1627759|1628369|1628401|201143|201950,1626157|1628384|1628404|1628969|1628973,,,1610612738.0,42400213
3,PT10M30.00S,10:30,Q3 10:30,21.5,348,rebound,A. Horford REBOUND (Off:2 Def:4),[],Horford,48,77,,False,False,201143,,block,foul,,,,1626157|1627759|1628369|1628384|1628401|1628404|1628969|1628973|201143|201950,1627759|1628369|1628401|201143|201950,1626157|1628384|1628404|1628969|1628973,,,1610612738.0,42400213
3,PT10M21.00S,10:21,Q3 10:21,21.65,349,foul,J. Brunson shooting personal FOUL (1 PF) (White 2 FT),['2freethrow'],Brunson,48,77,,False,False,1628973,,rebound,freethrow,1628401.0,,,1626157|1627759|1628369|1628384|1628401|1628404|1628969|1628973|201143|201950,1626157|1628384|1628404|1628969|1628973,1627759|1628369|1628401|201143|201950,,,1610612752.0,42400213
3,PT10M21.00S,10:21,Q3 10:21,21.65,351,freethrow,D. White Free Throw 1 of 2 (13 PTS),[],White,48,78,Made,False,False,1628401,,foul,freethrow,,,,1626157|1627759|1628369|1628384|1628401|1628404|1628969|1628973|201143|201950,1627759|1628369|1628401|201143|201950,1626157|1628384|1628404|1628969|1628973,,,1610612738.0,42400213
3,PT10M21.00S,10:21,Q3 10:21,21.65,352,freethrow,D. White Free Throw 2 of 2 (14 PTS),[],White,48,79,Made,False,False,1628401,,freethrow,2pt made,,,,1626157|1627759|1628369|1628384|1628401|1628404|1628969|1628973|201143|201950,1627759|1628369|1628401|201143|201950,1626157|1628384|1628404|1628969|1628973,,,1610612738.0,42400213
3,PT10M03.00S,10:03,Q3 10:03,21.95,353,2pt,J. Brunson 6' driving floating Jump Shot (14 PTS),['pointsinthepaint'],Brunson,50,79,Made,True,False,1628973,,freethrow,3pt missed,,,,1626157|1627759|1628369|1628384|1628401|1628404|1628969|1628973|201143|201950,1626157|1628384|1628404|1628969|1628973,1627759|1628369|1628401|201143|201950,-51.0,31.0,1610612752.0,42400213
3,PT09M39.00S,09:39,Q3 09:39,20.35,354,3pt,MISS J. Brown 26' pullup 3PT,[],Brown,50,79,Missed,True,False,1627759,,2pt made,rebound,,,,1626157|1627759|1628369|1628384|1628401|1628404|1628969|1628973|201143|201950,1627759|1628369|1628401|201143|201950,1626157|1628384|1628404|1628969|1628973,-225.0,136.0,1610612738.0,42400213
3,PT09M38.00S,09:38,Q3 09:38,20.366666666666667,355,rebound,TEAM defensive REBOUND,['team'],,50,79,,False,False,0,,3pt missed,2pt made,,,,1626157|1627759|1628369|1628384|1628401|1628404|1628969|1628973|201143|201950,1626157|1628384|1628404|1628969|1628973,1627759|1628369|1628401|201143|201950,,,1610612752.0,42400213
3,PT09M26.00S,09:26,Q3 09:26,20.566666666666666,357,2pt,M. Bridges 10' pullup Jump Shot (6 PTS) (J. Hart 3 AST),['pointsinthepaint'],Bridges,52,79,Made,True,True,1628969,1628404.0,rebound,3pt missed,,,,1626157|1627759|1628369|1628384|1628401|1628404|1628969|1628973|201143|201950,1626157|1628384|1628404|1628969|1628973,1627759|1628369|1628401|201143|201950,-40.0,94.0,1610612752.0,42400213
3,PT09M09.00S,09:09,Q3 09:09,20.85,359,3pt,MISS J. Tatum 25' 3PT,[],Tatum,52,79,Missed,True,False,1628369,,2pt made,rebound,,,,1626157|1627759|1628369|1628384|1628401|1628404|1628969|1628973|201143|201950,1627759|1628369|1628401|201143|201950,1626157|1628384|1628404|1628969|1628973,156.0,207.0,1610612738.0,42400213
3,PT09M06.00S,09:06,Q3 09:06,20.9,360,rebound,K. Towns REBOUND (Off:3 Def:5),[],Towns,52,79,,False,False,1626157,,3pt missed,3pt missed,,,,1626157|1627759|1628369|1628384|1628401|1628404|1628969|1628973|201143|201950,1626157|1628384|1628404|1628969|1628973,1627759|1628369|1628401|201143|201950,,,1610612752.0,42400213
3,PT08M57.00S,08:57,Q3 08:57,19.05,361,3pt,MISS K. Towns 25' 3PT,[],Towns,52,79,Missed,True,False,1626157,,rebound,rebound,,,,1626157|1627759|1628369|1628384|1628401|1628404|1628969|1628973|201143|201950,1626157|1628384|1628404|1628969|1628973,1627759|1628369|1628401|201143|201950,-2.0,255.0,1610612752.0,42400213
3,PT08M54.00S,08:54,Q3 08:54,19.1,362,rebound,J. Tatum REBOUND (Off:0 Def:4),[],Tatum,52,79,,False,False,1628369,,3pt missed,3pt missed,,,,1626157|1627759|1628369|1628384|1628401|1628404|1628969|1628973|201143|201950,1627759|1628369|1628401|201143|201950,1626157|1628384|1628404|1628969|1628973,,,1610612738.0,42400213
3,PT08M45.00S,08:45,Q3 08:45,19.25,363,3pt,MISS J. Brown step back 3PT,[],Brown,52,79,Missed,True,False,1627759,,rebound,rebound,,,,1626157|1627759|1628369|1628384|1628401|1628404|1628969|1628973|201143|201950,1627759|1628369|1628401|201143|201950,1626157|1628384|1628404|1628969|1628973,229.0,21.0,1610612738.0,42400213
3,PT08M43.00S,08:43,Q3 08:43,19.283333333333335,364,rebound,J. Brunson REBOUND (Off:1 Def:2),[],Brunson,52,79,,False,False,1628973,,3pt missed,foul,,,,1626157|1627759|1628369|1628384|1628401|1628404|1628969|1628973|201143|201950,1626157|1628384|1628404|1628969|1628973,1627759|1628369|1628401|201143|201950,,,1610612752.0,42400213
3,PT08M43.00S,08:43,Q3 08:43,19.283333333333335,365,foul,D. White personal FOUL (2 PF),[],White,52,79,,False,False,1628401,,rebound,2pt made,1628973.0,,,1626157|1627759|1628369|1628384|1628401|1628404|1628969|1628973|201143|201950,1627759|1628369|1628401|201143|201950,1626157|1628384|1628404|1628969|1628973,,,1610612738.0,42400213
3,PT08M25.00S,08:25,Q3 08:25,19.583333333333332,367,2pt,J. Hart cutting DUNK (10 PTS) (J. Brunson 5 AST),['pointsinthepaint'],Hart,54,79,Made,True,True,1628404,1628973.0,foul,timeout,,,,1626157|1627759|1628369|1628384|1628401|1628404|1628969|1628973|201143|201950,1626157|1628384|1628404|1628969|1628973,1627759|1628369|1628401|201143|201950,1.0,3.0,1610612752.0,42400213
3,PT08M25.00S,08:25,Q3 08:25,19.583333333333332,369,timeout,BOS Timeout,"['team', 'mandatory']",,54,79,,False,False,0,,2pt made,2pt missed,,,,1626157|1627759|1628369|1628384|1628401|1628404|1628969|1628973|201143|201950,1627759|1628369|1628401|201143|201950,1626157|1628384|1628404|1628969|1628973,,,1610612738.0,42400213
3,PT08M05.00S,08:05,Q3 08:05,19.916666666666668,370,2pt,MISS J. Tatum 18' Jump Shot,[],Tatum,54,79,Missed,True,False,1628369,,timeout,rebound,,,,1626157|1627759|1628369|1628384|1628401|1628404|1628969|1628973|201143|201950,1627759|1628369|1628401|201143|201950,1626157|1628384|1628404|1628969|1628973,148.0,115.0,1610612738.0,42400213
3,PT08M02.00S,08:02,Q3 08:02,19.966666666666665,371,rebound,J. Hart REBOUND (Off:1 Def:3),[],Hart,54,79,,False,False,1628404,,2pt missed,2pt made,,,,1626157|1627759|1628369|1628384|1628401|1628404|1628969|1628973|201143|201950,1626157|1628384|1628404|1628969|1628973,1627759|1628369|1628401|201143|201950,,,1610612752.0,42400213
3,PT07M51.00S,07:51,Q3 07:51,18.15,372,2pt,M. Bridges 12' pullup Jump Shot (8 PTS),['pointsinthepaint'],Bridges,56,79,Made,True,False,1628969,,rebound,3pt made,,,,1626157|1627759|1628369|1628384|1628401|1628404|1628969|1628973|201143|201950,1626157|1628384|1628404|1628969|1628973,1627759|1628369|1628401|201143|201950,0.0,120.0,1610612752.0,42400213
3,PT07M41.00S,07:41,Q3 07:41,18.316666666666666,373,3pt,D. White 3PT  (17 PTS) (J. Holiday 3 AST),[],White,56,82,Made,True,True,1628401,201950.0,2pt made,2pt made,,,,1626157|1627759|1628369|1628384|1628401|1628404|1628969|1628973|201143|201950,1627759|1628369|1628401|201143|201950,1626157|1628384|1628404|1628969|1628973,225.0,5.0,1610612738.0,42400213
3,PT07M21.00S,07:21,Q3 07:21,18.65,375,2pt,O. Anunoby driving DUNK (2 PTS) (J. Brunson 6 AST),['pointsinthepaint'],Anunoby,58,82,Made,True,True,1628384,1628973.0,3pt made,2pt missed,,,,1626157|1627759|1628369|1628384|1628401|1628404|1628969|1628973|201143|201950,1626157|1628384|1628404|1628969|1628973,1627759|1628369|1628401|201143|201950,-11.0,6.0,1610612752.0,42400213
3,PT06M53.00S,06:53,Q3 06:53,17.116666666666667,378,2pt,MISS J. Brown driving Layup - blocked,['pointsinthepaint'],Brown,58,82,Missed,True,False,1627759,,2pt made,block,,,1628404.0,1626157|1627759|1628369|1628384|1628401|1628404|1628969|1628973|201143|201950,1627759|1628369|1628401|201143|201950,1626157|1628384|1628404|1628969|1628973,4.0,11.0,1610612738.0,42400213
3,PT06M53.00S,06:53,Q3 06:53,17.116666666666667,379,block,J. Hart BLOCK (1 BLK),[],Hart,58,82,,False,False,1628404,,2pt missed,rebound,,,,1626157|1627759|1628369|1628384|1628401|1628404|1628969|1628973|201143|201950,1626157|1628384|1628404|1628969|1628973,1627759|1628369|1628401|201143|201950,,,1610612752.0,42400213
3,PT06M53.00S,06:53,Q3 06:53,17.116666666666667,380,rebound,TEAM defensive REBOUND,['team'],,58,82,,False,False,0,,block,turnover,,,,1626157|1627759|1628369|1628384|1628401|1628404|1628969|1628973|201143|201950,1626157|1628384|1628404|1628969|1628973,1627759|1628369|1628401|201143|201950,,,1610612752.0,42400213
3,PT06M37.00S,06:37,Q3 06:37,17.383333333333333,382,turnover,J. Brunson lost ball TURNOVER (3 TO),[],Brunson,58,82,,False,False,1628973,,rebound,steal,,1628401.0,,1626157|1627759|1628369|1628384|1628401|1628404|1628969|1628973|201143|201950,1626157|1628384|1628404|1628969|1628973,1627759|1628369|1628401|201143|201950,,,1610612752.0,42400213
3,PT06M37.00S,06:37,Q3 06:37,17.383333333333333,383,steal,D. White STEAL (1 STL),[],White,58,82,,False,False,1628401,,turnover,2pt made,,,,1626157|1627759|1628369|1628384|1628401|1628404|1628969|1628973|201143|201950,1627759|1628369|1628401|201143|201950,1626157|1628384|1628404|1628969|1628973,,,1610612738.0,42400213
3,PT06M36.00S,06:36,Q3 06:36,17.4,384,2pt,J. Tatum running Layup (16 PTS) (J. Holiday 4 AST),"['pointsinthepaint', 'fromturnover', 'fastbreak']",Tatum,58,84,Made,True,True,1628369,201950.0,steal,foul,,,,1626157|1627759|1628369|1628384|1628401|1628404|1628969|1628973|201143|201950,1627759|1628369|1628401|201143|201950,1626157|1628384|1628404|1628969|1628973,1.0,6.0,1610612738.0,42400213
3,PT06M36.00S,06:36,Q3 06:36,17.4,386,foul,J. Brunson shooting personal FOUL (2 PF) (Tatum 1 FT),['1freethrow'],Brunson,58,84,,False,False,1628973,,2pt made,freethrow,1628369.0,,,1626157|1627759|1628369|1628384|1628401|1628404|1628969|1628973|201143|201950,1626157|1628384|1628404|1628969|1628973,1627759|1628369|1628401|201143|201950,,,1610612752.0,42400213
3,PT06M36.00S,06:36,Q3 06:36,17.4,388,freethrow,J. Tatum Free Throw 1 of 1 (17 PTS),"['fromturnover', 'fastbreak']",Tatum,58,85,Made,False,False,1628369,,foul,2pt made,,,,1626157|1627759|1628369|1628384|1628401|1628404|1628969|1628973|201143|201950,1627759|1628369|1628401|201143|201950,1626157|1628384|1628404|1628969|1628973,,,1610612738.0,42400213
3,PT06M24.00S,06:24,Q3 06:24,17.6,389,2pt,M. Bridges 7' fadeaway Jump Shot (10 PTS),['pointsinthepaint'],Bridges,60,85,Made,True,False,1628969,,freethrow,3pt missed,,,,1626157|1627759|1628369|1628384|1628401|1628404|1628969|1628973|201143|201950,1626157|1628384|1628404|1628969|1628973,1627759|1628369|1628401|201143|201950,-75.0,19.0,1610612752.0,42400213
3,PT06M08.00S,06:08,Q3 06:08,17.866666666666667,390,3pt,MISS D. White 3PT,[],White,60,85,Missed,True,False,1628401,,2pt made,rebound,,,,1626157|1627759|1628369|1628384|1628401|1628404|1628969|1628973|201143|201950,1627759|1628369|1628401|201143|201950,1626157|1628384|1628404|1628969|1628973,-234.0,12.0,1610612738.0,42400213
3,PT06M05.00S,06:05,Q3 06:05,17.916666666666668,391,rebound,K. Towns REBOUND (Off:3 Def:6),[],Towns,60,85,,False,False,1626157,,3pt missed,turnover,,,,1626157|1627759|1628369|1628384|1628401|1628404|1628969|1628973|201143|201950,1626157|1628384|1628404|1628969|1628973,1627759|1628369|1628401|201143|201950,,,1610612752.0,42400213
3,PT05M54.00S,05:54,Q3 05:54,16.1,392,turnover,O. Anunoby bad pass out-of-bounds TURNOVER (1 TO),[],Anunoby,60,85,,False,False,1628384,,rebound,3pt missed,,,,1626157|1627759|1628369|1628384|1628401|1628404|1628969|1628973|201143|201950,1626157|1628384|1628404|1628969|1628973,1627759|1628369|1628401|201143|201950,,,1610612752.0,42400213
3,PT05M41.00S,05:41,Q3 05:41,16.316666666666666,393,3pt,MISS A. Horford 26' 3PT,['fromturnover'],Horford,60,85,Missed,True,False,201143,,turnover,rebound,,,,1626157|1627759|1628369|1628384|1628401|1628404|1628969|1628973|201143|201950,1627759|1628369|1628401|201143|201950,1626157|1628384|1628404|1628969|1628973,-196.0,178.0,1610612738.0,42400213
3,PT05M36.00S,05:36,Q3 05:36,16.4,394,rebound,J. Hart REBOUND (Off:1 Def:4),[],Hart,60,85,,False,False,1628404,,3pt missed,3pt missed,,,,1626157|1627759|1628369|1628384|1628401|1628404|1628969|1628973|201143|201950,1626157|1628384|1628404|1628969|1628973,1627759|1628369|1628401|201143|201950,,,1610612752.0,42400213
3,PT05M25.00S,05:25,Q3 05:25,16.583333333333332,395,3pt,MISS J. Hart 24' 3PT,[],Hart,60,85,Missed,True,False,1628404,,rebound,rebound,,,,1626157|1627759|1628369|1628384|1628401|1628404|1628969|1628973|201143|201950,1626157|1628384|1628404|1628969|1628973,1627759|1628369|1628401|201143|201950,0.0,247.0,1610612752.0,42400213
3,PT05M22.00S,05:22,Q3 05:22,16.633333333333333,396,rebound,J. Tatum REBOUND (Off:0 Def:5),[],Tatum,60,85,,False,False,1628369,,3pt missed,2pt made,,,,1626157|1627759|1628369|1628384|1628401|1628404|1628969|1628973|201143|201950,1627759|1628369|1628401|201143|201950,1626157|1628384|1628404|1628969|1628973,,,1610612738.0,42400213
3,PT05M19.00S,05:19,Q3 05:19,16.683333333333334,397,2pt,A. Horford running alley-oop DUNK (10 PTS) (J. Brown 4 AST),"['pointsinthepaint', 'fastbreak']",Horford,60,87,Made,True,True,201143,1627759.0,rebound,2pt missed,,,,1626157|1627759|1628369|1628384|1628401|1628404|1628969|1628973|201143|201950,1627759|1628369|1628401|201143|201950,1626157|1628384|1628404|1628969|1628973,-2.0,0.0,1610612738.0,42400213
3,PT05M05.00S,05:05,Q3 05:05,16.916666666666668,399,2pt,MISS J. Brunson 8' driving floating Shot,['pointsinthepaint'],Brunson,60,87,Missed,True,False,1628973,,2pt made,rebound,,,,1626157|1627759|1628369|1628384|1628401|1628404|1628969|1628973|201143|201950,1626157|1628384|1628404|1628969|1628973,1627759|1628369|1628401|201143|201950,17.0,85.0,1610612752.0,42400213
3,PT05M03.00S,05:03,Q3 05:03,16.95,400,rebound,TEAM defensive REBOUND,['team'],,60,87,,False,False,0,,2pt missed,foul,,,,1626157|1627759|1628369|1628384|1628401|1628404|1628969|1628973|201143|201950,1627759|1628369|1628401|201143|201950,1626157|1628384|1628404|1628969|1628973,,,1610612738.0,42400213
3,PT05M03.00S,05:03,Q3 05:03,16.95,402,foul,K. Towns loose ball personal FOUL (4 PF),[],Towns,60,87,,False,False,1626157,,rebound,substitution,1628369.0,,,1626157|1627759|1628369|1628384|1628401|1628404|1628969|1628973|201143|201950,1626157|1628384|1628404|1628969|1628973,1627759|1628369|1628401|201143|201950,,,1610612752.0,42400213
3,PT05M03.00S,05:03,Q3 05:03,16.95,405,substitution,SUB out: K. Towns,[],Towns,60,87,,False,False,1626157,,foul,substitution,,,,1627759|1628369|1628384|1628401|1628404|1628969|1628973|201143|201950,1628384|1628404|1628969|1628973,1627759|1628369|1628401|201143|201950,,,1610612752.0,42400213
3,PT05M03.00S,05:03,Q3 05:03,16.95,406,substitution,SUB out: J. Holiday,[],Holiday,60,87,,False,False,201950,,substitution,substitution,,,,1627759|1628369|1628384|1628401|1628404|1628969|1628973|201143,1627759|1628369|1628401|201143,1628384|1628404|1628969|1628973,,,1610612738.0,42400213
3,PT05M03.00S,05:03,Q3 05:03,16.95,407,substitution,SUB out: A. Horford,[],Horford,60,87,,False,False,201143,,substitution,substitution,,,,1627759|1628369|1628384|1628401|1628404|1628969|1628973,1627759|1628369|1628401,1628384|1628404|1628969|1628973,,,1610612738.0,42400213
3,PT05M03.00S,05:03,Q3 05:03,16.95,408,substitution,SUB in: M. Robinson,[],Robinson,60,87,,False,False,1629011,,substitution,substitution,,,,1627759|1628369|1628384|1628401|1628404|1628969|1628973|1629011,1628384|1628404|1628969|1628973|1629011,1627759|1628369|1628401,,,1610612752.0,42400213
3,PT05M03.00S,05:03,Q3 05:03,16.95,409,substitution,SUB in: K. Porziņģis,[],Porziņģis,60,87,,False,False,204001,,substitution,substitution,,,,1627759|1628369|1628384|1628401|1628404|1628969|1628973|1629011|204001,1627759|1628369|1628401|204001,1628384|1628404|1628969|1628973|1629011,,,1610612738.0,42400213
3,PT05M03.00S,05:03,Q3 05:03,16.95,410,substitution,SUB in: P. Pritchard,[],Pritchard,60,87,,False,False,1630202,,substitution,3pt missed,,,,1627759|1628369|1628384|1628401|1628404|1628969|1628973|1629011|1630202|204001,1627759|1628369|1628401|1630202|204001,1628384|1628404|1628969|1628973|1629011,,,1610612738.0,42400213
3,PT04M50.00S,04:50,Q3 04:50,15.166666666666666,411,3pt,MISS D. White 25' 3PT,[],White,60,87,Missed,True,False,1628401,,substitution,rebound,,,,1627759|1628369|1628384|1628401|1628404|1628969|1628973|1629011|1630202|204001,1627759|1628369|1628401|1630202|204001,1628384|1628404|1628969|1628973|1629011,-202.0,153.0,1610612738.0,42400213
3,PT04M46.00S,04:46,Q3 04:46,15.233333333333333,412,rebound,J. Hart REBOUND (Off:1 Def:5),[],Hart,60,87,,False,False,1628404,,3pt missed,2pt missed,,,,1627759|1628369|1628384|1628401|1628404|1628969|1628973|1629011|1630202|204001,1628384|1628404|1628969|1628973|1629011,1627759|1628369|1628401|1630202|204001,,,1610612752.0,42400213
3,PT04M35.00S,04:35,Q3 04:35,15.416666666666666,413,2pt,MISS O. Anunoby 9' turnaround fadeaway Shot,['pointsinthepaint'],Anunoby,60,87,Missed,True,False,1628384,,rebound,rebound,,,,1627759|1628369|1628384|1628401|1628404|1628969|1628973|1629011|1630202|204001,1628384|1628404|1628969|1628973|1629011,1627759|1628369|1628401|1630202|204001,71.0,68.0,1610612752.0,42400213
3,PT04M34.00S,04:34,Q3 04:34,15.433333333333334,414,rebound,M. Robinson REBOUND (Off:4 Def:1),[],Robinson,60,87,,False,False,1629011,,2pt missed,2pt missed,,,,1627759|1628369|1628384|1628401|1628404|1628969|1628973|1629011|1630202|204001,1628384|1628404|1628969|1628973|1629011,1627759|1628369|1628401|1630202|204001,,,1610612752.0,42400213
3,PT04M34.00S,04:34,Q3 04:34,15.433333333333334,415,2pt,MISS M. Robinson tip Layup,"['2ndchance', 'pointsinthepaint']",Robinson,60,87,Missed,True,False,1629011,,rebound,rebound,,,,1627759|1628369|1628384|1628401|1628404|1628969|1628973|1629011|1630202|204001,1628384|1628404|1628969|1628973|1629011,1627759|1628369|1628401|1630202|204001,0.0,0.0,1610612752.0,42400213
3,PT04M34.00S,04:34,Q3 04:34,15.433333333333334,416,rebound,TEAM defensive REBOUND,['team'],,60,87,,False,False,0,,2pt missed,foul,,,,1627759|1628369|1628384|1628401|1628404|1628969|1628973|1629011|1630202|204001,1627759|1628369|1628401|1630202|204001,1628384|1628404|1628969|1628973|1629011,,,1610612738.0,42400213
3,PT04M21.00S,04:21,Q3 04:21,15.65,418,foul,J. Tatum offensive FOUL (3 PF),[],Tatum,60,87,,False,False,1628369,,rebound,turnover,1629011.0,,,1627759|1628369|1628384|1628401|1628404|1628969|1628973|1629011|1630202|204001,1627759|1628369|1628401|1630202|204001,1628384|1628404|1628969|1628973|1629011,,,1610612738.0,42400213
3,PT04M21.00S,04:21,Q3 04:21,15.65,420,turnover,J. Tatum offensive foul TURNOVER (2 TO),[],Tatum,60,87,,False,False,1628369,,foul,turnover,,,,1627759|1628369|1628384|1628401|1628404|1628969|1628973|1629011|1630202|204001,1627759|1628369|1628401|1630202|204001,1628384|1628404|1628969|1628973|1629011,,,1610612738.0,42400213
3,PT03M59.00S,03:59,Q3 03:59,14.016666666666667,422,turnover,J. Brunson bad pass out-of-bounds TURNOVER (4 TO),[],Brunson,60,87,,False,False,1628973,,turnover,2pt made,,,,1627759|1628369|1628384|1628401|1628404|1628969|1628973|1629011|1630202|204001,1628384|1628404|1628969|1628973|1629011,1627759|1628369|1628401|1630202|204001,,,1610612752.0,42400213
3,PT03M38.00S,03:38,Q3 03:38,14.366666666666667,423,2pt,J. Brown 11' pullup Jump Shot (19 PTS),"['pointsinthepaint', 'fromturnover']",Brown,60,89,Made,True,False,1627759,,turnover,foul,,,,1627759|1628369|1628384|1628401|1628404|1628969|1628973|1629011|1630202|204001,1627759|1628369|1628401|1630202|204001,1628384|1628404|1628969|1628973|1629011,4.0,111.0,1610612738.0,42400213
3,PT03M26.00S,03:26,Q3 03:26,14.566666666666666,424,foul,D. White shooting personal FOUL (3 PF) (Brunson 2 FT),['2freethrow'],White,60,89,,False,False,1628401,,2pt made,freethrow,1628973.0,,,1627759|1628369|1628384|1628401|1628404|1628969|1628973|1629011|1630202|204001,1627759|1628369|1628401|1630202|204001,1628384|1628404|1628969|1628973|1629011,,,1610612738.0,42400213
3,PT03M26.00S,03:26,Q3 03:26,14.566666666666666,426,freethrow,J. Brunson Free Throw 1 of 2 (15 PTS),[],Brunson,61,89,Made,False,False,1628973,,foul,freethrow,,,,1627759|1628369|1628384|1628401|1628404|1628969|1628973|1629011|1630202|204001,1628384|1628404|1628969|1628973|1629011,1627759|1628369|1628401|1630202|204001,,,1610612752.0,42400213
3,PT03M26.00S,03:26,Q3 03:26,14.566666666666666,429,freethrow,MISS J. Brunson Free Throw 2 of 2,[],Brunson,61,89,Missed,False,False,1628973,,freethrow,substitution,,,,1627759|1628369|1628384|1628401|1628404|1628969|1628973|1629011|1630202|204001,1628384|1628404|1628969|1628973|1629011,1627759|1628369|1628401|1630202|204001,,,1610612752.0,42400213
3,PT03M26.00S,03:26,Q3 03:26,14.566666666666666,427,substitution,SUB out: M. Bridges,[],Bridges,60,89,,False,False,1628969,,freethrow,substitution,,,,1627759|1628369|1628384|1628401|1628404|1628973|1629011|1630202|204001,1628384|1628404|1628973|1629011,1627759|1628369|1628401|1630202|204001,,,1610612752.0,42400213
3,PT03M26.00S,03:26,Q3 03:26,14.566666666666666,428,substitution,SUB in: M. McBride,[],McBride,60,89,,False,False,1630540,,substitution,rebound,,,,1627759|1628369|1628384|1628401|1628404|1628973|1629011|1630202|1630540|204001,1628384|1628404|1628973|1629011|1630540,1627759|1628369|1628401|1630202|204001,,,1610612752.0,42400213
3,PT03M24.00S,03:24,Q3 03:24,14.6,430,rebound,J. Brown REBOUND (Off:1 Def:5),[],Brown,61,89,,False,False,1627759,,substitution,foul,,,,1627759|1628369|1628384|1628401|1628404|1628973|1629011|1630202|1630540|204001,1627759|1628369|1628401|1630202|204001,1628384|1628404|1628973|1629011|1630540,,,1610612738.0,42400213
3,PT03M15.00S,03:15,Q3 03:15,14.75,431,foul,J. Brunson personal FOUL (3 PF),[],Brunson,61,89,,False,False,1628973,,rebound,turnover,1627759.0,,,1627759|1628369|1628384|1628401|1628404|1628973|1629011|1630202|1630540|204001,1628384|1628404|1628973|1629011|1630540,1627759|1628369|1628401|1630202|204001,,,1610612752.0,42400213
3,PT03M06.00S,03:06,Q3 03:06,14.9,433,turnover,J. Brown bad pass out-of-bounds TURNOVER (2 TO),[],Brown,61,89,,False,False,1627759,,foul,foul,,,,1627759|1628369|1628384|1628401|1628404|1628973|1629011|1630202|1630540|204001,1627759|1628369|1628401|1630202|204001,1628384|1628404|1628973|1629011|1630540,,,1610612738.0,42400213
3,PT02M58.00S,02:58,Q3 02:58,13.033333333333333,434,foul,P. Pritchard shooting personal FOUL (3 PF) (Brunson 2 FT),['2freethrow'],Pritchard,61,89,,False,False,1630202,,turnover,timeout,1628973.0,,,1627759|1628369|1628384|1628401|1628404|1628973|1629011|1630202|1630540|204001,1627759|1628369|1628401|1630202|204001,1628384|1628404|1628973|1629011|1630540,,,1610612738.0,42400213
3,PT02M58.00S,02:58,Q3 02:58,13.033333333333333,436,timeout,NYK Timeout,"['team', 'mandatory']",,61,89,,False,False,0,,foul,freethrow,,,,1627759|1628369|1628384|1628401|1628404|1628973|1629011|1630202|1630540|204001,1628384|1628404|1628973|1629011|1630540,1627759|1628369|1628401|1630202|204001,,,1610612752.0,42400213
3,PT02M58.00S,02:58,Q3 02:58,13.033333333333333,439,freethrow,J. Brunson Free Throw 1 of 2 (16 PTS),['fromturnover'],Brunson,62,89,Made,False,False,1628973,,timeout,freethrow,,,,1627759|1628369|1628384|1628401|1628404|1628973|1629011|1630202|1630540|204001,1628384|1628404|1628973|1629011|1630540,1627759|1628369|1628401|1630202|204001,,,1610612752.0,42400213
3,PT02M58.00S,02:58,Q3 02:58,13.033333333333333,440,freethrow,J. Brunson Free Throw 2 of 2 (17 PTS),['fromturnover'],Brunson,63,89,Made,False,False,1628973,,freethrow,substitution,,,,1627759|1628369|1628384|1628401|1628404|1628973|1629011|1630202|1630540|204001,1628384|1628404|1628973|1629011|1630540,1627759|1628369|1628401|1630202|204001,,,1610612752.0,42400213
3,PT02M58.00S,02:58,Q3 02:58,13.033333333333333,437,substitution,SUB out: J. Tatum,[],Tatum,61,89,,False,False,1628369,,freethrow,substitution,,,,1627759|1628384|1628401|1628404|1628973|1629011|1630202|1630540|204001,1627759|1628401|1630202|204001,1628384|1628404|1628973|1629011|1630540,,,1610612738.0,42400213
3,PT02M58.00S,02:58,Q3 02:58,13.033333333333333,438,substitution,SUB in: L. Kornet,[],Kornet,61,89,,False,False,1628436,,substitution,3pt made,,,,1627759|1628384|1628401|1628404|1628436|1628973|1629011|1630202|1630540|204001,1627759|1628401|1628436|1630202|204001,1628384|1628404|1628973|1629011|1630540,,,1610612738.0,42400213
3,PT02M39.00S,02:39,Q3 02:39,13.35,441,3pt,P. Pritchard 26' 3PT step back (16 PTS),[],Pritchard,63,92,Made,True,False,1630202,,substitution,foul,,,,1627759|1628384|1628401|1628404|1628436|1628973|1629011|1630202|1630540|204001,1627759|1628401|1628436|1630202|204001,1628384|1628404|1628973|1629011|1630540,-151.0,212.0,1610612738.0,42400213
3,PT02M34.00S,02:34,Q3 02:34,13.433333333333334,442,foul,L. Kornet take personal FOUL (2 PF) (Robinson 2 FT),"['inpenalty', '2freethrow']",Kornet,63,92,,False,False,1628436,,3pt made,freethrow,1629011.0,,,1627759|1628384|1628401|1628404|1628436|1628973|1629011|1630202|1630540|204001,1627759|1628401|1628436|1630202|204001,1628384|1628404|1628973|1629011|1630540,,,1610612738.0,42400213
3,PT02M34.00S,02:34,Q3 02:34,13.433333333333334,444,freethrow,M. Robinson Free Throw 1 of 2 (2 PTS),[],Robinson,64,92,Made,False,False,1629011,,foul,freethrow,,,,1627759|1628384|1628401|1628404|1628436|1628973|1629011|1630202|1630540|204001,1628384|1628404|1628973|1629011|1630540,1627759|1628401|1628436|1630202|204001,,,1610612752.0,42400213
3,PT02M34.00S,02:34,Q3 02:34,13.433333333333334,445,freethrow,M. Robinson Free Throw 2 of 2 (3 PTS),[],Robinson,65,92,Made,False,False,1629011,,freethrow,2pt made,,,,1627759|1628384|1628401|1628404|1628436|1628973|1629011|1630202|1630540|204001,1628384|1628404|1628973|1629011|1630540,1627759|1628401|1628436|1630202|204001,,,1610612752.0,42400213
3,PT02M13.00S,02:13,Q3 02:13,13.783333333333333,446,2pt,L. Kornet cutting DUNK (6 PTS) (K. Porziņģis 2 AST),['pointsinthepaint'],Kornet,65,94,Made,True,True,1628436,204001.0,freethrow,foul,,,,1627759|1628384|1628401|1628404|1628436|1628973|1629011|1630202|1630540|204001,1627759|1628401|1628436|1630202|204001,1628384|1628404|1628973|1629011|1630540,-2.0,11.0,1610612738.0,42400213
3,PT02M07.00S,02:07,Q3 02:07,13.883333333333333,448,foul,L. Kornet take personal FOUL (3 PF) (Robinson 2 FT),"['inpenalty', '2freethrow']",Kornet,65,94,,False,False,1628436,,2pt made,freethrow,1629011.0,,,1627759|1628384|1628401|1628404|1628436|1628973|1629011|1630202|1630540|204001,1627759|1628401|1628436|1630202|204001,1628384|1628404|1628973|1629011|1630540,,,1610612738.0,42400213
3,PT02M07.00S,02:07,Q3 02:07,13.883333333333333,450,freethrow,MISS M. Robinson Free Throw 1 of 2,[],Robinson,65,94,Missed,False,False,1629011,,foul,rebound,,,,1627759|1628384|1628401|1628404|1628436|1628973|1629011|1630202|1630540|204001,1628384|1628404|1628973|1629011|1630540,1627759|1628401|1628436|1630202|204001,,,1610612752.0,42400213
3,PT02M07.00S,02:07,Q3 02:07,13.883333333333333,451,rebound,TEAM offensive REBOUND,"['team', 'deadball']",,65,94,,False,False,0,,freethrow,freethrow,,,,1627759|1628384|1628401|1628404|1628436|1628973|1629011|1630202|1630540|204001,1628384|1628404|1628973|1629011|1630540,1627759|1628401|1628436|1630202|204001,,,1610612752.0,42400213
3,PT02M07.00S,02:07,Q3 02:07,13.883333333333333,456,freethrow,MISS M. Robinson Free Throw 2 of 2,[],Robinson,65,94,Missed,False,False,1629011,,rebound,substitution,,,,1627759|1628384|1628401|1628404|1628436|1628973|1629011|1630202|1630540|204001,1628384|1628404|1628973|1629011|1630540,1627759|1628401|1628436|1630202|204001,,,1610612752.0,42400213
3,PT02M07.00S,02:07,Q3 02:07,13.883333333333333,452,substitution,SUB out: O. Anunoby,[],Anunoby,65,94,,False,False,1628384,,freethrow,substitution,,,,1627759|1628401|1628404|1628436|1628973|1629011|1630202|1630540|204001,1628404|1628973|1629011|1630540,1627759|1628401|1628436|1630202|204001,,,1610612752.0,42400213
3,PT02M07.00S,02:07,Q3 02:07,13.883333333333333,453,substitution,SUB out: L. Kornet,[],Kornet,65,94,,False,False,1628436,,substitution,substitution,,,,1627759|1628401|1628404|1628973|1629011|1630202|1630540|204001,1627759|1628401|1630202|204001,1628404|1628973|1629011|1630540,,,1610612738.0,42400213
3,PT02M07.00S,02:07,Q3 02:07,13.883333333333333,454,substitution,SUB in: K. Towns,[],Towns,65,94,,False,False,1626157,,substitution,substitution,,,,1626157|1627759|1628401|1628404|1628973|1629011|1630202|1630540|204001,1626157|1628404|1628973|1629011|1630540,1627759|1628401|1630202|204001,,,1610612752.0,42400213
3,PT02M07.00S,02:07,Q3 02:07,13.883333333333333,455,substitution,SUB in: A. Horford,[],Horford,65,94,,False,False,201143,,substitution,rebound,,,,1626157|1627759|1628401|1628404|1628973|1629011|1630202|1630540|201143|204001,1627759|1628401|1630202|201143|204001,1626157|1628404|1628973|1629011|1630540,,,1610612738.0,42400213
3,PT02M04.00S,02:04,Q3 02:04,13.933333333333334,457,rebound,K. Porziņģis REBOUND (Off:0 Def:2),[],Porziņģis,65,94,,False,False,204001,,substitution,2pt made,,,,1626157|1627759|1628401|1628404|1628973|1629011|1630202|1630540|201143|204001,1627759|1628401|1630202|201143|204001,1626157|1628404|1628973|1629011|1630540,,,1610612738.0,42400213
3,PT01M42.00S,01:42,Q3 01:42,12.3,458,2pt,P. Pritchard driving reverse Layup (18 PTS),['pointsinthepaint'],Pritchard,65,96,Made,True,False,1630202,,rebound,2pt made,,,,1626157|1627759|1628401|1628404|1628973|1629011|1630202|1630540|201143|204001,1627759|1628401|1630202|201143|204001,1626157|1628404|1628973|1629011|1630540,2.0,6.0,1610612738.0,42400213
3,PT01M33.00S,01:33,Q3 01:33,12.45,459,2pt,M. Robinson alley-oop DUNK (5 PTS) (J. Brunson 7 AST),['pointsinthepaint'],Robinson,67,96,Made,True,True,1629011,1628973.0,2pt made,turnover,,,,1626157|1627759|1628401|1628404|1628973|1629011|1630202|1630540|201143|204001,1626157|1628404|1628973|1629011|1630540,1627759|1628401|1630202|201143|204001,-1.0,8.0,1610612752.0,42400213
3,PT01M06.00S,01:06,Q3 01:06,12.9,461,turnover,BOS shot clock Team TURNOVER,['team'],,67,96,,False,False,0,,2pt made,2pt made,,,,1626157|1627759|1628401|1628404|1628973|1629011|1630202|1630540|201143|204001,1627759|1628401|1630202|201143|204001,1626157|1628404|1628973|1629011|1630540,,,1610612738.0,42400213
3,PT00M57.70S,00:57,Q3 00:57,11.05,462,2pt,J. Brunson 6' driving floating Jump Shot (19 PTS),"['pointsinthepaint', 'fromturnover']",Brunson,69,96,Made,True,False,1628973,,turnover,2pt missed,,,,1626157|1627759|1628401|1628404|1628973|1629011|1630202|1630540|201143|204001,1626157|1628404|1628973|1629011|1630540,1627759|1628401|1630202|201143|204001,-56.0,40.0,1610612752.0,42400213
3,PT00M33.10S,00:33,Q3 00:33,11.45,463,2pt,MISS J. Brown 15' turnaround Shot,[],Brown,69,96,Missed,True,False,1627759,,2pt made,rebound,,,,1626157|1627759|1628401|1628404|1628973|1629011|1630202|1630540|201143|204001,1627759|1628401|1630202|201143|204001,1626157|1628404|1628973|1629011|1630540,-49.0,146.0,1610612738.0,42400213
3,PT00M31.30S,00:31,Q3 00:31,11.483333333333333,464,rebound,K. Towns REBOUND (Off:3 Def:7),[],Towns,69,96,,False,False,1626157,,2pt missed,foul,,,,1626157|1627759|1628401|1628404|1628973|1629011|1630202|1630540|201143|204001,1626157|1628404|1628973|1629011|1630540,1627759|1628401|1630202|201143|204001,,,1610612752.0,42400213
3,PT00M27.00S,00:27,Q3 00:27,11.55,465,foul,K. Porziņģis take personal FOUL (4 PF) (Robinson 2 FT),"['inpenalty', '2freethrow']",Porziņģis,69,96,,False,False,204001,,rebound,freethrow,1629011.0,,,1626157|1627759|1628401|1628404|1628973|1629011|1630202|1630540|201143|204001,1627759|1628401|1630202|201143|204001,1626157|1628404|1628973|1629011|1630540,,,1610612738.0,42400213
3,PT00M27.00S,00:27,Q3 00:27,11.55,467,freethrow,M. Robinson Free Throw 1 of 2 (6 PTS),[],Robinson,70,96,Made,False,False,1629011,,foul,freethrow,,,,1626157|1627759|1628401|1628404|1628973|1629011|1630202|1630540|201143|204001,1626157|1628404|1628973|1629011|1630540,1627759|1628401|1630202|201143|204001,,,1610612752.0,42400213
3,PT00M27.00S,00:27,Q3 00:27,11.55,470,freethrow,MISS M. Robinson Free Throw 2 of 2,[],Robinson,70,96,Missed,False,False,1629011,,freethrow,substitution,,,,1626157|1627759|1628401|1628404|1628973|1629011|1630202|1630540|201143|204001,1626157|1628404|1628973|1629011|1630540,1627759|1628401|1630202|201143|204001,,,1610612752.0,42400213
3,PT00M27.00S,00:27,Q3 00:27,11.55,468,substitution,SUB out: J. Brunson,[],Brunson,69,96,,False,False,1628973,,freethrow,substitution,,,,1626157|1627759|1628401|1628404|1629011|1630202|1630540|201143|204001,1626157|1628404|1629011|1630540,1627759|1628401|1630202|201143|204001,,,1610612752.0,42400213
3,PT00M27.00S,00:27,Q3 00:27,11.55,469,substitution,SUB in: M. Bridges,[],Bridges,69,96,,False,False,1628969,,substitution,rebound,,,,1626157|1627759|1628401|1628404|1628969|1629011|1630202|1630540|201143|204001,1626157|1628404|1628969|1629011|1630540,1627759|1628401|1630202|201143|204001,,,1610612752.0,42400213
3,PT00M23.80S,00:23,Q3 00:23,11.616666666666667,471,rebound,K. Porziņģis REBOUND (Off:0 Def:3),[],Porziņģis,70,96,,False,False,204001,,substitution,3pt missed,,,,1626157|1627759|1628401|1628404|1628969|1629011|1630202|1630540|201143|204001,1627759|1628401|1630202|201143|204001,1626157|1628404|1628969|1629011|1630540,,,1610612738.0,42400213
3,PT00M04.10S,00:04,Q3 00:04,11.933333333333334,472,3pt,MISS D. White 26' pullup 3PT,[],White,70,96,Missed,True,False,1628401,,rebound,rebound,,,,1626157|1627759|1628401|1628404|1628969|1629011|1630202|1630540|201143|204001,1627759|1628401|1630202|201143|204001,1626157|1628404|1628969|1629011|1630540,123.0,232.0,1610612738.0,42400213
3,PT00M00.80S,00:00,Q3 00:00,12.0,473,rebound,M. Robinson REBOUND (Off:4 Def:2),[],Robinson,70,96,,False,False,1629011,,3pt missed,substitution,,,,1626157|1627759|1628401|1628404|1628969|1629011|1630202|1630540|201143|204001,1626157|1628404|1628969|1629011|1630540,1627759|1628401|1630202|201143|204001,,,1610612752.0,42400213
4,PT12M00.00S,12:00,Q4 12:00,12.0,477,substitution,SUB out: J. Hart,['startperiod'],Hart,70,96,,False,False,1628404,,rebound,substitution,,,,1626157|1627759|1628401|1628969|1629011|1630202|1630540|201143|204001,1626157|1628969|1629011|1630540,1627759|1628401|1630202|201143|204001,,,1610612752.0,42400213
4,PT12M00.00S,12:00,Q4 12:00,12.0,478,substitution,SUB out: J. Brown,['startperiod'],Brown,70,96,,False,False,1627759,,substitution,substitution,,,,1626157|1628401|1628969|1629011|1630202|1630540|201143|204001,1628401|1630202|201143|204001,1626157|1628969|1629011|1630540,,,1610612738.0,42400213
4,PT12M00.00S,12:00,Q4 12:00,12.0,479,substitution,SUB out: D. White,['startperiod'],White,70,96,,False,False,1628401,,substitution,substitution,,,,1626157|1628969|1629011|1630202|1630540|201143|204001,1630202|201143|204001,1626157|1628969|1629011|1630540,,,1610612738.0,42400213
4,PT12M00.00S,12:00,Q4 12:00,12.0,480,substitution,SUB out: K. Porziņģis,['startperiod'],Porziņģis,70,96,,False,False,204001,,substitution,substitution,,,,1626157|1628969|1629011|1630202|1630540|201143,1630202|201143,1626157|1628969|1629011|1630540,,,1610612738.0,42400213
4,PT12M00.00S,12:00,Q4 12:00,12.0,481,substitution,SUB in: J. Brunson,['startperiod'],Brunson,70,96,,False,False,1628973,,substitution,substitution,,,,1626157|1628969|1628973|1629011|1630202|1630540|201143,1626157|1628969|1628973|1629011|1630540,1630202|201143,,,1610612752.0,42400213
4,PT12M00.00S,12:00,Q4 12:00,12.0,482,substitution,SUB in: L. Kornet,['startperiod'],Kornet,70,96,,False,False,1628436,,substitution,substitution,,,,1626157|1628436|1628969|1628973|1629011|1630202|1630540|201143,1628436|1630202|201143,1626157|1628969|1628973|1629011|1630540,,,1610612738.0,42400213
4,PT12M00.00S,12:00,Q4 12:00,12.0,483,substitution,SUB in: J. Holiday,['startperiod'],Holiday,70,96,,False,False,201950,,substitution,substitution,,,,1626157|1628436|1628969|1628973|1629011|1630202|1630540|201143|201950,1628436|1630202|201143|201950,1626157|1628969|1628973|1629011|1630540,,,1610612738.0,42400213
4,PT12M00.00S,12:00,Q4 12:00,12.0,484,substitution,SUB in: J. Tatum,['startperiod'],Tatum,70,96,,False,False,1628369,,substitution,3pt made,,,,1626157|1628369|1628436|1628969|1628973|1629011|1630202|1630540|201143|201950,1628369|1628436|1630202|201143|201950,1626157|1628969|1628973|1629011|1630540,,,1610612738.0,42400213
4,PT11M53.00S,11:53,Q4 11:53,10.116666666666667,486,3pt,J. Brunson 3PT  (22 PTS) (M. Bridges 1 AST),[],Brunson,73,96,Made,True,True,1628973,1628969.0,substitution,2pt missed,,,,1626157|1628369|1628436|1628969|1628973|1629011|1630202|1630540|201143|201950,1626157|1628969|1628973|1629011|1630540,1628369|1628436|1630202|201143|201950,228.0,9.0,1610612752.0,42400213
4,PT11M25.00S,11:25,Q4 11:25,10.583333333333334,488,2pt,MISS J. Tatum 13' pullup Shot,['pointsinthepaint'],Tatum,73,96,Missed,True,False,1628369,,3pt made,rebound,,,,1626157|1628369|1628436|1628969|1628973|1629011|1630202|1630540|201143|201950,1628369|1628436|1630202|201143|201950,1626157|1628969|1628973|1629011|1630540,-34.0,132.0,1610612738.0,42400213
4,PT11M23.00S,11:23,Q4 11:23,10.616666666666667,489,rebound,K. Towns REBOUND (Off:3 Def:8),[],Towns,73,96,,False,False,1626157,,2pt missed,turnover,,,,1626157|1628369|1628436|1628969|1628973|1629011|1630202|1630540|201143|201950,1626157|1628969|1628973|1629011|1630540,1628369|1628436|1630202|201143|201950,,,1610612752.0,42400213
4,PT11M10.00S,11:10,Q4 11:10,10.833333333333334,490,turnover,M. McBride bad pass TURNOVER (1 TO),[],McBride,73,96,,False,False,1630540,,rebound,steal,,1628369.0,,1626157|1628369|1628436|1628969|1628973|1629011|1630202|1630540|201143|201950,1626157|1628969|1628973|1629011|1630540,1628369|1628436|1630202|201143|201950,,,1610612752.0,42400213
4,PT11M10.00S,11:10,Q4 11:10,10.833333333333334,491,steal,J. Tatum STEAL (2 STL),[],Tatum,73,96,,False,False,1628369,,turnover,3pt made,,,,1626157|1628369|1628436|1628969|1628973|1629011|1630202|1630540|201143|201950,1628369|1628436|1630202|201143|201950,1626157|1628969|1628973|1629011|1630540,,,1610612738.0,42400213
4,PT11M08.00S,11:08,Q4 11:08,10.866666666666667,492,3pt,P. Pritchard 26' 3PT running (21 PTS) (J. Tatum 5 AST),"['fromturnover', 'fastbreak']",Pritchard,73,99,Made,True,True,1630202,1628369.0,steal,3pt missed,,,,1626157|1628369|1628436|1628969|1628973|1629011|1630202|1630540|201143|201950,1628369|1628436|1630202|201143|201950,1626157|1628969|1628973|1629011|1630540,167.0,207.0,1610612738.0,42400213
4,PT10M43.00S,10:43,Q4 10:43,9.283333333333333,494,3pt,MISS J. Brunson 26' 3PT,[],Brunson,73,99,Missed,True,False,1628973,,3pt made,rebound,,,,1626157|1628369|1628436|1628969|1628973|1629011|1630202|1630540|201143|201950,1626157|1628969|1628973|1629011|1630540,1628369|1628436|1630202|201143|201950,208.0,161.0,1610612752.0,42400213
4,PT10M40.00S,10:40,Q4 10:40,9.333333333333334,495,rebound,M. Bridges REBOUND (Off:1 Def:1),[],Bridges,73,99,,False,False,1628969,,3pt missed,3pt made,,,,1626157|1628369|1628436|1628969|1628973|1629011|1630202|1630540|201143|201950,1626157|1628969|1628973|1629011|1630540,1628369|1628436|1630202|201143|201950,,,1610612752.0,42400213
4,PT10M39.00S,10:39,Q4 10:39,9.35,496,3pt,M. McBride 27' 3PT  (5 PTS) (M. Bridges 2 AST),['2ndchance'],McBride,76,99,Made,True,True,1630540,1628969.0,rebound,foul,,,,1626157|1628369|1628436|1628969|1628973|1629011|1630202|1630540|201143|201950,1626157|1628969|1628973|1629011|1630540,1628369|1628436|1630202|201143|201950,-233.0,140.0,1610612752.0,42400213
4,PT10M13.00S,10:13,Q4 10:13,9.783333333333333,499,foul,J. Tatum offensive FOUL (4 PF),[],Tatum,76,99,,False,False,1628369,,3pt made,turnover,1628973.0,,,1626157|1628369|1628436|1628969|1628973|1629011|1630202|1630540|201143|201950,1628369|1628436|1630202|201143|201950,1626157|1628969|1628973|1629011|1630540,,,1610612738.0,42400213
4,PT10M13.00S,10:13,Q4 10:13,9.783333333333333,501,turnover,J. Tatum offensive foul TURNOVER (3 TO),[],Tatum,76,99,,False,False,1628369,,foul,3pt made,,,,1626157|1628369|1628436|1628969|1628973|1629011|1630202|1630540|201143|201950,1628369|1628436|1630202|201143|201950,1626157|1628969|1628973|1629011|1630540,,,1610612738.0,42400213
4,PT09M54.00S,09:54,Q4 09:54,8.1,502,3pt,J. Brunson 25' 3PT step back (25 PTS),['fromturnover'],Brunson,79,99,Made,True,False,1628973,,turnover,timeout,,,,1626157|1628369|1628436|1628969|1628973|1629011|1630202|1630540|201143|201950,1626157|1628969|1628973|1629011|1630540,1628369|1628436|1630202|201143|201950,240.0,96.0,1610612752.0,42400213
4,PT09M52.00S,09:52,Q4 09:52,8.133333333333333,503,timeout,BOS Timeout,"['team', 'mandatory']",,79,99,,False,False,0,,3pt made,substitution,,,,1626157|1628369|1628436|1628969|1628973|1629011|1630202|1630540|201143|201950,1628369|1628436|1630202|201143|201950,1626157|1628969|1628973|1629011|1630540,,,1610612738.0,42400213
4,PT09M52.00S,09:52,Q4 09:52,8.133333333333333,504,substitution,SUB out: L. Kornet,[],Kornet,79,99,,False,False,1628436,,timeout,substitution,,,,1626157|1628369|1628969|1628973|1629011|1630202|1630540|201143|201950,1628369|1630202|201143|201950,1626157|1628969|1628973|1629011|1630540,,,1610612738.0,42400213
4,PT09M52.00S,09:52,Q4 09:52,8.133333333333333,505,substitution,SUB in: K. Porziņģis,[],Porziņģis,79,99,,False,False,204001,,substitution,foul,,,,1626157|1628369|1628969|1628973|1629011|1630202|1630540|201143|201950|204001,1628369|1630202|201143|201950|204001,1626157|1628969|1628973|1629011|1630540,,,1610612738.0,42400213
4,PT09M36.00S,09:36,Q4 09:36,8.4,506,foul,M. Bridges shooting personal FOUL (2 PF) (Porziņģis 2 FT),['2freethrow'],Bridges,79,99,,False,False,1628969,,substitution,freethrow,204001.0,,,1626157|1628369|1628969|1628973|1629011|1630202|1630540|201143|201950|204001,1626157|1628969|1628973|1629011|1630540,1628369|1630202|201143|201950|204001,,,1610612752.0,42400213
4,PT09M36.00S,09:36,Q4 09:36,8.4,508,freethrow,MISS K. Porziņģis Free Throw 1 of 2,[],Porziņģis,79,99,Missed,False,False,204001,,foul,rebound,,,,1626157|1628369|1628969|1628973|1629011|1630202|1630540|201143|201950|204001,1628369|1630202|201143|201950|204001,1626157|1628969|1628973|1629011|1630540,,,1610612738.0,42400213
4,PT09M36.00S,09:36,Q4 09:36,8.4,509,rebound,TEAM offensive REBOUND,"['deadball', 'team']",,79,99,,False,False,0,,freethrow,freethrow,,,,1626157|1628369|1628969|1628973|1629011|1630202|1630540|201143|201950|204001,1628369|1630202|201143|201950|204001,1626157|1628969|1628973|1629011|1630540,,,1610612738.0,42400213
4,PT09M36.00S,09:36,Q4 09:36,8.4,510,freethrow,K. Porziņģis Free Throw 2 of 2 (5 PTS),[],Porziņģis,79,100,Made,False,False,204001,,rebound,2pt missed,,,,1626157|1628369|1628969|1628973|1629011|1630202|1630540|201143|201950|204001,1628369|1630202|201143|201950|204001,1626157|1628969|1628973|1629011|1630540,,,1610612738.0,42400213
4,PT09M19.00S,09:19,Q4 09:19,8.683333333333334,511,2pt,MISS J. Brunson 12' turnaround fadeaway Shot,['pointsinthepaint'],Brunson,79,100,Missed,True,False,1628973,,freethrow,rebound,,,,1626157|1628369|1628969|1628973|1629011|1630202|1630540|201143|201950|204001,1626157|1628969|1628973|1629011|1630540,1628369|1630202|201143|201950|204001,4.0,129.0,1610612752.0,42400213
4,PT09M14.00S,09:14,Q4 09:14,8.766666666666667,512,rebound,M. Robinson REBOUND (Off:5 Def:2),[],Robinson,79,100,,False,False,1629011,,2pt missed,2pt missed,,,,1626157|1628369|1628969|1628973|1629011|1630202|1630540|201143|201950|204001,1626157|1628969|1628973|1629011|1630540,1628369|1630202|201143|201950|204001,,,1610612752.0,42400213
4,PT09M14.00S,09:14,Q4 09:14,8.766666666666667,513,2pt,MISS M. Robinson tip Layup,"['2ndchance', 'pointsinthepaint']",Robinson,79,100,Missed,True,False,1629011,,rebound,rebound,,,,1626157|1628369|1628969|1628973|1629011|1630202|1630540|201143|201950|204001,1626157|1628969|1628973|1629011|1630540,1628369|1630202|201143|201950|204001,0.0,0.0,1610612752.0,42400213
4,PT09M14.00S,09:14,Q4 09:14,8.766666666666667,514,rebound,J. Tatum REBOUND (Off:0 Def:6),[],Tatum,79,100,,False,False,1628369,,2pt missed,2pt missed,,,,1626157|1628369|1628969|1628973|1629011|1630202|1630540|201143|201950|204001,1628369|1630202|201143|201950|204001,1626157|1628969|1628973|1629011|1630540,,,1610612738.0,42400213
4,PT09M07.00S,09:07,Q4 09:07,8.883333333333333,515,2pt,MISS J. Tatum 11' fadeaway Shot,['pointsinthepaint'],Tatum,79,100,Missed,True,False,1628369,,rebound,rebound,,,,1626157|1628369|1628969|1628973|1629011|1630202|1630540|201143|201950|204001,1628369|1630202|201143|201950|204001,1626157|1628969|1628973|1629011|1630540,50.0,105.0,1610612738.0,42400213
4,PT09M04.00S,09:04,Q4 09:04,8.933333333333334,516,rebound,K. Towns REBOUND (Off:3 Def:9),[],Towns,79,100,,False,False,1626157,,2pt missed,2pt missed,,,,1626157|1628369|1628969|1628973|1629011|1630202|1630540|201143|201950|204001,1626157|1628969|1628973|1629011|1630540,1628369|1630202|201143|201950|204001,,,1610612752.0,42400213
4,PT08M51.00S,08:51,Q4 08:51,7.15,517,2pt,MISS K. Towns driving Layup,['pointsinthepaint'],Towns,79,100,Missed,True,False,1626157,,rebound,rebound,,,,1626157|1628369|1628969|1628973|1629011|1630202|1630540|201143|201950|204001,1626157|1628969|1628973|1629011|1630540,1628369|1630202|201143|201950|204001,12.0,35.0,1610612752.0,42400213
4,PT08M48.00S,08:48,Q4 08:48,7.2,518,rebound,P. Pritchard REBOUND (Off:1 Def:2),[],Pritchard,79,100,,False,False,1630202,,2pt missed,timeout,,,,1626157|1628369|1628969|1628973|1629011|1630202|1630540|201143|201950|204001,1628369|1630202|201143|201950|204001,1626157|1628969|1628973|1629011|1630540,,,1610612738.0,42400213
4,PT08M41.00S,08:41,Q4 08:41,7.316666666666666,519,timeout,BOS Timeout,"['team', 'mandatory']",,79,100,,False,False,0,,rebound,2pt made,,,,1626157|1628369|1628969|1628973|1629011|1630202|1630540|201143|201950|204001,1628369|1630202|201143|201950|204001,1626157|1628969|1628973|1629011|1630540,,,1610612738.0,42400213
4,PT08M28.00S,08:28,Q4 08:28,7.533333333333333,520,2pt,P. Pritchard 17' pullup Jump Shot (23 PTS),[],Pritchard,79,102,Made,True,False,1630202,,timeout,2pt made,,,,1626157|1628369|1628969|1628973|1629011|1630202|1630540|201143|201950|204001,1628369|1630202|201143|201950|204001,1626157|1628969|1628973|1629011|1630540,89.0,155.0,1610612738.0,42400213
4,PT08M11.00S,08:11,Q4 08:11,7.816666666666666,521,2pt,M. Bridges 6' fadeaway Jump Shot (12 PTS),['pointsinthepaint'],Bridges,81,102,Made,True,False,1628969,,2pt made,3pt missed,,,,1626157|1628369|1628969|1628973|1629011|1630202|1630540|201143|201950|204001,1626157|1628969|1628973|1629011|1630540,1628369|1630202|201143|201950|204001,62.0,20.0,1610612752.0,42400213
4,PT07M51.00S,07:51,Q4 07:51,6.15,522,3pt,MISS J. Tatum 26' step back 3PT,[],Tatum,81,102,Missed,True,False,1628369,,2pt made,rebound,,,,1626157|1628369|1628969|1628973|1629011|1630202|1630540|201143|201950|204001,1628369|1630202|201143|201950|204001,1626157|1628969|1628973|1629011|1630540,103.0,242.0,1610612738.0,42400213
4,PT07M47.00S,07:47,Q4 07:47,6.216666666666667,523,rebound,A. Horford REBOUND (Off:3 Def:4),[],Horford,81,102,,False,False,201143,,3pt missed,2pt made,,,,1626157|1628369|1628969|1628973|1629011|1630202|1630540|201143|201950|204001,1628369|1630202|201143|201950|204001,1626157|1628969|1628973|1629011|1630540,,,1610612738.0,42400213
4,PT07M46.00S,07:46,Q4 07:46,6.233333333333333,524,2pt,A. Horford putback Layup (12 PTS),"['pointsinthepaint', '2ndchance']",Horford,81,104,Made,True,False,201143,,rebound,2pt missed,,,,1626157|1628369|1628969|1628973|1629011|1630202|1630540|201143|201950|204001,1628369|1630202|201143|201950|204001,1626157|1628969|1628973|1629011|1630540,-4.0,5.0,1610612738.0,42400213
4,PT07M32.00S,07:32,Q4 07:32,6.466666666666667,526,2pt,MISS M. Robinson cutting DUNK - blocked,['pointsinthepaint'],Robinson,81,104,Missed,True,False,1629011,,2pt made,block,,,201143.0,1626157|1628369|1628969|1628973|1629011|1630202|1630540|201143|201950|204001,1626157|1628969|1628973|1629011|1630540,1628369|1630202|201143|201950|204001,6.0,13.0,1610612752.0,42400213
4,PT07M32.00S,07:32,Q4 07:32,6.466666666666667,527,block,A. Horford BLOCK (2 BLK),[],Horford,81,104,,False,False,201143,,2pt missed,rebound,,,,1626157|1628369|1628969|1628973|1629011|1630202|1630540|201143|201950|204001,1628369|1630202|201143|201950|204001,1626157|1628969|1628973|1629011|1630540,,,1610612738.0,42400213
4,PT07M28.00S,07:28,Q4 07:28,6.533333333333333,528,rebound,K. Porziņģis REBOUND (Off:0 Def:4),[],Porziņģis,81,104,,False,False,204001,,block,2pt missed,,,,1626157|1628369|1628969|1628973|1629011|1630202|1630540|201143|201950|204001,1628369|1630202|201143|201950|204001,1626157|1628969|1628973|1629011|1630540,,,1610612738.0,42400213
4,PT07M09.00S,07:09,Q4 07:09,6.85,530,2pt,MISS K. Porziņģis 10' turnaround Shot,['pointsinthepaint'],Porziņģis,81,104,Missed,True,False,204001,,rebound,rebound,,,,1626157|1628369|1628969|1628973|1629011|1630202|1630540|201143|201950|204001,1628369|1630202|201143|201950|204001,1626157|1628969|1628973|1629011|1630540,7.0,106.0,1610612738.0,42400213
4,PT07M06.00S,07:06,Q4 07:06,6.9,531,rebound,J. Brunson REBOUND (Off:1 Def:3),[],Brunson,81,104,,False,False,1628973,,2pt missed,2pt missed,,,,1626157|1628369|1628969|1628973|1629011|1630202|1630540|201143|201950|204001,1626157|1628969|1628973|1629011|1630540,1628369|1630202|201143|201950|204001,,,1610612752.0,42400213
4,PT07M02.00S,07:02,Q4 07:02,6.966666666666667,532,2pt,MISS K. Towns cutting Layup - blocked,['pointsinthepaint'],Towns,81,104,Missed,True,False,1626157,,rebound,block,,,204001.0,1626157|1628369|1628969|1628973|1629011|1630202|1630540|201143|201950|204001,1626157|1628969|1628973|1629011|1630540,1628369|1630202|201143|201950|204001,0.0,50.0,1610612752.0,42400213
4,PT07M02.00S,07:02,Q4 07:02,6.966666666666667,537,block,K. Porziņģis BLOCK (2 BLK),[],Porziņģis,81,104,,False,False,204001,,2pt missed,rebound,,,,1626157|1628369|1628969|1628973|1629011|1630202|1630540|201143|201950|204001,1628369|1630202|201143|201950|204001,1626157|1628969|1628973|1629011|1630540,,,1610612738.0,42400213
4,PT07M00.00S,07:00,Q4 07:00,7.0,533,rebound,K. Towns REBOUND (Off:4 Def:9),[],Towns,81,104,,False,False,1626157,,block,2pt missed,,,,1626157|1628369|1628969|1628973|1629011|1630202|1630540|201143|201950|204001,1626157|1628969|1628973|1629011|1630540,1628369|1630202|201143|201950|204001,,,1610612752.0,42400213
4,PT07M00.00S,07:00,Q4 07:00,7.0,534,2pt,MISS K. Towns Jump Shot,"['pointsinthepaint', '2ndchance']",Towns,81,104,Missed,True,False,1626157,,rebound,rebound,,,,1626157|1628369|1628969|1628973|1629011|1630202|1630540|201143|201950|204001,1626157|1628969|1628973|1629011|1630540,1628369|1630202|201143|201950|204001,-2.0,38.0,1610612752.0,42400213
4,PT06M58.00S,06:58,Q4 06:58,5.033333333333333,536,rebound,M. Robinson REBOUND (Off:6 Def:2),[],Robinson,81,104,,False,False,1629011,,2pt missed,turnover,,,,1626157|1628369|1628969|1628973|1629011|1630202|1630540|201143|201950|204001,1626157|1628969|1628973|1629011|1630540,1628369|1630202|201143|201950|204001,,,1610612752.0,42400213
4,PT06M57.00S,06:57,Q4 06:57,5.05,569,turnover,M. Robinson lost ball TURNOVER (1 TO),[],Robinson,81,104,,False,False,1629011,,rebound,steal,,1630202.0,,1626157|1628369|1628969|1628973|1629011|1630202|1630540|201143|201950|204001,1626157|1628969|1628973|1629011|1630540,1628369|1630202|201143|201950|204001,,,1610612752.0,42400213
4,PT06M57.00S,06:57,Q4 06:57,5.05,570,steal,P. Pritchard STEAL (1 STL),[],Pritchard,81,104,,False,False,1630202,,turnover,3pt missed,,,,1626157|1628369|1628969|1628973|1629011|1630202|1630540|201143|201950|204001,1628369|1630202|201143|201950|204001,1626157|1628969|1628973|1629011|1630540,,,1610612738.0,42400213
4,PT06M38.00S,06:38,Q4 06:38,5.366666666666667,538,3pt,MISS P. Pritchard 26' step back 3PT,['fromturnover'],Pritchard,81,104,Missed,True,False,1630202,,steal,rebound,,,,1626157|1628369|1628969|1628973|1629011|1630202|1630540|201143|201950|204001,1628369|1630202|201143|201950|204001,1626157|1628969|1628973|1629011|1630540,-159.0,215.0,1610612738.0,42400213
4,PT06M36.00S,06:36,Q4 06:36,5.4,539,rebound,M. Bridges REBOUND (Off:1 Def:2),[],Bridges,81,104,,False,False,1628969,,3pt missed,2pt missed,,,,1626157|1628369|1628969|1628973|1629011|1630202|1630540|201143|201950|204001,1626157|1628969|1628973|1629011|1630540,1628369|1630202|201143|201950|204001,,,1610612752.0,42400213
4,PT06M27.00S,06:27,Q4 06:27,5.55,540,2pt,MISS K. Towns 6' driving floating Shot - blocked,['pointsinthepaint'],Towns,81,104,Missed,True,False,1626157,,rebound,block,,,204001.0,1626157|1628369|1628969|1628973|1629011|1630202|1630540|201143|201950|204001,1626157|1628969|1628973|1629011|1630540,1628369|1630202|201143|201950|204001,38.0,52.0,1610612752.0,42400213
4,PT06M27.00S,06:27,Q4 06:27,5.55,541,block,K. Porziņģis BLOCK (3 BLK),[],Porziņģis,81,104,,False,False,204001,,2pt missed,rebound,,,,1626157|1628369|1628969|1628973|1629011|1630202|1630540|201143|201950|204001,1628369|1630202|201143|201950|204001,1626157|1628969|1628973|1629011|1630540,,,1610612738.0,42400213
4,PT06M27.00S,06:27,Q4 06:27,5.55,542,rebound,A. Horford REBOUND (Off:3 Def:5),[],Horford,81,104,,False,False,201143,,block,turnover,,,,1626157|1628369|1628969|1628973|1629011|1630202|1630540|201143|201950|204001,1628369|1630202|201143|201950|204001,1626157|1628969|1628973|1629011|1630540,,,1610612738.0,42400213
4,PT06M21.00S,06:21,Q4 06:21,5.65,543,turnover,J. Holiday bad pass TURNOVER (3 TO),[],Holiday,81,104,,False,False,201950,,rebound,steal,,1628969.0,,1626157|1628369|1628969|1628973|1629011|1630202|1630540|201143|201950|204001,1628369|1630202|201143|201950|204001,1626157|1628969|1628973|1629011|1630540,,,1610612738.0,42400213
4,PT06M21.00S,06:21,Q4 06:21,5.65,544,steal,M. Bridges STEAL (2 STL),[],Bridges,81,104,,False,False,1628969,,turnover,3pt missed,,,,1626157|1628369|1628969|1628973|1629011|1630202|1630540|201143|201950|204001,1626157|1628969|1628973|1629011|1630540,1628369|1630202|201143|201950|204001,,,1610612752.0,42400213
4,PT06M13.00S,06:13,Q4 06:13,5.783333333333333,545,3pt,MISS K. Towns 28' running 3PT,"['fromturnover', 'fastbreak']",Towns,81,104,Missed,True,False,1626157,,steal,rebound,,,,1626157|1628369|1628969|1628973|1629011|1630202|1630540|201143|201950|204001,1626157|1628969|1628973|1629011|1630540,1628369|1630202|201143|201950|204001,86.0,267.0,1610612752.0,42400213
4,PT06M10.00S,06:10,Q4 06:10,5.833333333333333,546,rebound,J. Tatum REBOUND (Off:0 Def:7),[],Tatum,81,104,,False,False,1628369,,3pt missed,3pt missed,,,,1626157|1628369|1628969|1628973|1629011|1630202|1630540|201143|201950|204001,1628369|1630202|201143|201950|204001,1626157|1628969|1628973|1629011|1630540,,,1610612738.0,42400213
4,PT05M56.00S,05:56,Q4 05:56,4.066666666666666,547,3pt,MISS K. Porziņģis 27' 3PT,[],Porziņģis,81,104,Missed,True,False,204001,,rebound,rebound,,,,1626157|1628369|1628969|1628973|1629011|1630202|1630540|201143|201950|204001,1628369|1630202|201143|201950|204001,1626157|1628969|1628973|1629011|1630540,-202.0,191.0,1610612738.0,42400213
4,PT05M53.00S,05:53,Q4 05:53,4.116666666666667,548,rebound,K. Towns REBOUND (Off:4 Def:10),[],Towns,81,104,,False,False,1626157,,3pt missed,2pt made,,,,1626157|1628369|1628969|1628973|1629011|1630202|1630540|201143|201950|204001,1626157|1628969|1628973|1629011|1630540,1628369|1630202|201143|201950|204001,,,1610612752.0,42400213
4,PT05M41.00S,05:41,Q4 05:41,4.316666666666666,549,2pt,J. Brunson 9' driving floating Jump Shot (27 PTS),['pointsinthepaint'],Brunson,83,104,Made,True,False,1628973,,rebound,3pt made,,,,1626157|1628369|1628969|1628973|1629011|1630202|1630540|201143|201950|204001,1626157|1628969|1628973|1629011|1630540,1628369|1630202|201143|201950|204001,5.0,92.0,1610612752.0,42400213
4,PT05M23.00S,05:23,Q4 05:23,4.616666666666666,550,3pt,J. Holiday 25' 3PT  (8 PTS) (J. Tatum 6 AST),[],Holiday,83,107,Made,True,True,201950,1628369.0,2pt made,foul,,,,1626157|1628369|1628969|1628973|1629011|1630202|1630540|201143|201950|204001,1628369|1630202|201143|201950|204001,1626157|1628969|1628973|1629011|1630540,-132.0,222.0,1610612738.0,42400213
4,PT05M03.00S,05:03,Q4 05:03,4.95,552,foul,K. Porziņģis shooting personal FOUL (5 PF) (Towns 2 FT),['2freethrow'],Porziņģis,83,107,,False,False,204001,,3pt made,freethrow,1626157.0,,,1626157|1628369|1628969|1628973|1629011|1630202|1630540|201143|201950|204001,1628369|1630202|201143|201950|204001,1626157|1628969|1628973|1629011|1630540,,,1610612738.0,42400213
4,PT05M03.00S,05:03,Q4 05:03,4.95,554,freethrow,K. Towns Free Throw 1 of 2 (16 PTS),[],Towns,84,107,Made,False,False,1626157,,foul,freethrow,,,,1626157|1628369|1628969|1628973|1629011|1630202|1630540|201143|201950|204001,1626157|1628969|1628973|1629011|1630540,1628369|1630202|201143|201950|204001,,,1610612752.0,42400213
4,PT05M03.00S,05:03,Q4 05:03,4.95,561,freethrow,K. Towns Free Throw 2 of 2 (17 PTS),[],Towns,85,107,Made,False,False,1626157,,freethrow,substitution,,,,1626157|1628369|1628969|1628973|1629011|1630202|1630540|201143|201950|204001,1626157|1628969|1628973|1629011|1630540,1628369|1630202|201143|201950|204001,,,1610612752.0,42400213
4,PT05M03.00S,05:03,Q4 05:03,4.95,555,substitution,SUB out: M. Robinson,[],Robinson,83,107,,False,False,1629011,,freethrow,substitution,,,,1626157|1628369|1628969|1628973|1630202|1630540|201143|201950|204001,1626157|1628969|1628973|1630540,1628369|1630202|201143|201950|204001,,,1610612752.0,42400213
4,PT05M03.00S,05:03,Q4 05:03,4.95,556,substitution,SUB out: J. Holiday,[],Holiday,83,107,,False,False,201950,,substitution,substitution,,,,1626157|1628369|1628969|1628973|1630202|1630540|201143|204001,1628369|1630202|201143|204001,1626157|1628969|1628973|1630540,,,1610612738.0,42400213
4,PT05M03.00S,05:03,Q4 05:03,4.95,557,substitution,SUB out: K. Porziņģis,[],Porziņģis,83,107,,False,False,204001,,substitution,substitution,,,,1626157|1628369|1628969|1628973|1630202|1630540|201143,1628369|1630202|201143,1626157|1628969|1628973|1630540,,,1610612738.0,42400213
4,PT05M03.00S,05:03,Q4 05:03,4.95,558,substitution,SUB in: O. Anunoby,[],Anunoby,83,107,,False,False,1628384,,substitution,substitution,,,,1626157|1628369|1628384|1628969|1628973|1630202|1630540|201143,1626157|1628384|1628969|1628973|1630540,1628369|1630202|201143,,,1610612752.0,42400213
4,PT05M03.00S,05:03,Q4 05:03,4.95,559,substitution,SUB in: D. White,[],White,83,107,,False,False,1628401,,substitution,substitution,,,,1626157|1628369|1628384|1628401|1628969|1628973|1630202|1630540|201143,1628369|1628401|1630202|201143,1626157|1628384|1628969|1628973|1630540,,,1610612738.0,42400213
4,PT05M03.00S,05:03,Q4 05:03,4.95,560,substitution,SUB in: J. Brown,[],Brown,83,107,,False,False,1627759,,substitution,2pt missed,,,,1626157|1627759|1628369|1628384|1628401|1628969|1628973|1630202|1630540|201143,1627759|1628369|1628401|1630202|201143,1626157|1628384|1628969|1628973|1630540,,,1610612738.0,42400213
4,PT04M40.00S,04:40,Q4 04:40,3.3333333333333335,562,2pt,MISS J. Tatum 23' pullup Shot,[],Tatum,85,107,Missed,True,False,1628369,,substitution,rebound,,,,1626157|1627759|1628369|1628384|1628401|1628969|1628973|1630202|1630540|201143,1627759|1628369|1628401|1630202|201143,1626157|1628384|1628969|1628973|1630540,-93.0,217.0,1610612738.0,42400213
4,PT04M38.00S,04:38,Q4 04:38,3.3666666666666667,563,rebound,M. McBride REBOUND (Off:0 Def:1),[],McBride,85,107,,False,False,1630540,,2pt missed,foul,,,,1626157|1627759|1628369|1628384|1628401|1628969|1628973|1630202|1630540|201143,1626157|1628384|1628969|1628973|1630540,1627759|1628369|1628401|1630202|201143,,,1610612752.0,42400213
4,PT04M27.00S,04:27,Q4 04:27,3.55,564,foul,J. Brown shooting personal FOUL (3 PF) (Towns 2 FT),['2freethrow'],Brown,85,107,,False,False,1627759,,rebound,freethrow,1626157.0,,,1626157|1627759|1628369|1628384|1628401|1628969|1628973|1630202|1630540|201143,1627759|1628369|1628401|1630202|201143,1626157|1628384|1628969|1628973|1630540,,,1610612738.0,42400213
4,PT04M27.00S,04:27,Q4 04:27,3.55,566,freethrow,K. Towns Free Throw 1 of 2 (18 PTS),[],Towns,86,107,Made,False,False,1626157,,foul,freethrow,,,,1626157|1627759|1628369|1628384|1628401|1628969|1628973|1630202|1630540|201143,1626157|1628384|1628969|1628973|1630540,1627759|1628369|1628401|1630202|201143,,,1610612752.0,42400213
4,PT04M27.00S,04:27,Q4 04:27,3.55,573,freethrow,K. Towns Free Throw 2 of 2 (19 PTS),[],Towns,87,107,Made,False,False,1626157,,freethrow,substitution,,,,1626157|1627759|1628369|1628384|1628401|1628969|1628973|1630202|1630540|201143,1626157|1628384|1628969|1628973|1630540,1627759|1628369|1628401|1630202|201143,,,1610612752.0,42400213
4,PT04M27.00S,04:27,Q4 04:27,3.55,567,substitution,SUB out: M. McBride,[],McBride,85,107,,False,False,1630540,,freethrow,substitution,,,,1626157|1627759|1628369|1628384|1628401|1628969|1628973|1630202|201143,1626157|1628384|1628969|1628973,1627759|1628369|1628401|1630202|201143,,,1610612752.0,42400213
4,PT04M27.00S,04:27,Q4 04:27,3.55,568,substitution,SUB in: J. Hart,[],Hart,85,107,,False,False,1628404,,substitution,substitution,,,,1626157|1627759|1628369|1628384|1628401|1628404|1628969|1628973|1630202|201143,1626157|1628384|1628404|1628969|1628973,1627759|1628369|1628401|1630202|201143,,,1610612752.0,42400213
4,PT04M27.00S,04:27,Q4 04:27,3.55,571,substitution,SUB out: A. Horford,[],Horford,85,107,,False,False,201143,,substitution,substitution,,,,1626157|1627759|1628369|1628384|1628401|1628404|1628969|1628973|1630202,1627759|1628369|1628401|1630202,1626157|1628384|1628404|1628969|1628973,,,1610612738.0,42400213
4,PT04M27.00S,04:27,Q4 04:27,3.55,572,substitution,SUB in: L. Kornet,[],Kornet,85,107,,False,False,1628436,,substitution,foul,,,,1626157|1627759|1628369|1628384|1628401|1628404|1628436|1628969|1628973|1630202,1627759|1628369|1628401|1628436|1630202,1626157|1628384|1628404|1628969|1628973,,,1610612738.0,42400213
4,PT04M08.00S,04:08,Q4 04:08,3.8666666666666667,574,foul,J. Brunson personal FOUL (4 PF),[],Brunson,87,107,,False,False,1628973,,substitution,3pt missed,1627759.0,,,1626157|1627759|1628369|1628384|1628401|1628404|1628436|1628969|1628973|1630202,1626157|1628384|1628404|1628969|1628973,1627759|1628369|1628401|1628436|1630202,,,1610612752.0,42400213
4,PT03M54.00S,03:54,Q4 03:54,2.1,577,3pt,MISS P. Pritchard 27' pullup 3PT - blocked,[],Pritchard,87,107,Missed,True,False,1630202,,foul,block,,,1628404.0,1626157|1627759|1628369|1628384|1628401|1628404|1628436|1628969|1628973|1630202,1627759|1628369|1628401|1628436|1630202,1626157|1628384|1628404|1628969|1628973,23.0,275.0,1610612738.0,42400213
4,PT03M54.00S,03:54,Q4 03:54,2.1,580,block,J. Hart BLOCK (2 BLK),[],Hart,87,107,,False,False,1628404,,3pt missed,rebound,,,,1626157|1627759|1628369|1628384|1628401|1628404|1628436|1628969|1628973|1630202,1626157|1628384|1628404|1628969|1628973,1627759|1628369|1628401|1628436|1630202,,,1610612752.0,42400213
4,PT03M54.00S,03:54,Q4 03:54,2.1,578,rebound,TEAM offensive REBOUND,['team'],,87,107,,False,False,0,,block,turnover,,,,1626157|1627759|1628369|1628384|1628401|1628404|1628436|1628969|1628973|1630202,1627759|1628369|1628401|1628436|1630202,1626157|1628384|1628404|1628969|1628973,,,1610612738.0,42400213
4,PT03M54.00S,03:54,Q4 03:54,2.1,579,turnover,BOS shot clock Team TURNOVER,['team'],,87,107,,False,False,0,,rebound,3pt missed,,,,1626157|1627759|1628369|1628384|1628401|1628404|1628436|1628969|1628973|1630202,1627759|1628369|1628401|1628436|1630202,1626157|1628384|1628404|1628969|1628973,,,1610612738.0,42400213
4,PT03M47.00S,03:47,Q4 03:47,2.216666666666667,581,3pt,MISS J. Brunson 25' pullup 3PT,['fromturnover'],Brunson,87,107,Missed,True,False,1628973,,turnover,rebound,,,,1626157|1627759|1628369|1628384|1628401|1628404|1628436|1628969|1628973|1630202,1626157|1628384|1628404|1628969|1628973,1627759|1628369|1628401|1628436|1630202,156.0,203.0,1610612752.0,42400213
4,PT03M47.00S,03:47,Q4 03:47,2.216666666666667,582,rebound,J. Tatum REBOUND (Off:0 Def:8),[],Tatum,87,107,,False,False,1628369,,3pt missed,3pt made,,,,1626157|1627759|1628369|1628384|1628401|1628404|1628436|1628969|1628973|1630202,1627759|1628369|1628401|1628436|1630202,1626157|1628384|1628404|1628969|1628973,,,1610612738.0,42400213
4,PT03M31.00S,03:31,Q4 03:31,2.4833333333333334,583,3pt,J. Tatum 26' 3PT  (20 PTS) (J. Brown 5 AST),[],Tatum,87,110,Made,True,True,1628369,1627759.0,rebound,foul,,,,1626157|1627759|1628369|1628384|1628401|1628404|1628436|1628969|1628973|1630202,1627759|1628369|1628401|1628436|1630202,1626157|1628384|1628404|1628969|1628973,-197.0,170.0,1610612738.0,42400213
4,PT03M13.00S,03:13,Q4 03:13,2.783333333333333,585,foul,D. White personal FOUL (4 PF),[],White,87,110,,False,False,1628401,,3pt made,substitution,1628973.0,,,1626157|1627759|1628369|1628384|1628401|1628404|1628436|1628969|1628973|1630202,1627759|1628369|1628401|1628436|1630202,1626157|1628384|1628404|1628969|1628973,,,1610612738.0,42400213
4,PT03M13.00S,03:13,Q4 03:13,2.783333333333333,587,substitution,SUB out: P. Pritchard,[],Pritchard,87,110,,False,False,1630202,,foul,substitution,,,,1626157|1627759|1628369|1628384|1628401|1628404|1628436|1628969|1628973,1627759|1628369|1628401|1628436,1626157|1628384|1628404|1628969|1628973,,,1610612738.0,42400213
4,PT03M13.00S,03:13,Q4 03:13,2.783333333333333,588,substitution,SUB in: A. Horford,[],Horford,87,110,,False,False,201143,,substitution,2pt missed,,,,1626157|1627759|1628369|1628384|1628401|1628404|1628436|1628969|1628973|201143,1627759|1628369|1628401|1628436|201143,1626157|1628384|1628404|1628969|1628973,,,1610612738.0,42400213
4,PT03M06.00S,03:06,Q4 03:06,2.9,589,2pt,MISS J. Brunson driving floating Shot,['pointsinthepaint'],Brunson,87,110,Missed,True,False,1628973,,substitution,rebound,,,,1626157|1627759|1628369|1628384|1628401|1628404|1628436|1628969|1628973|201143,1626157|1628384|1628404|1628969|1628973,1627759|1628369|1628401|1628436|201143,-34.0,11.0,1610612752.0,42400213
4,PT03M06.00S,03:06,Q4 03:06,2.9,590,rebound,K. Towns REBOUND (Off:5 Def:10),[],Towns,87,110,,False,False,1626157,,2pt missed,foul,,,,1626157|1627759|1628369|1628384|1628401|1628404|1628436|1628969|1628973|201143,1626157|1628384|1628404|1628969|1628973,1627759|1628369|1628401|1628436|201143,,,1610612752.0,42400213
4,PT03M06.00S,03:06,Q4 03:06,2.9,591,foul,L. Kornet shooting personal FOUL (4 PF) (Towns 2 FT),['2freethrow'],Kornet,87,110,,False,False,1628436,,rebound,freethrow,1626157.0,,,1626157|1627759|1628369|1628384|1628401|1628404|1628436|1628969|1628973|201143,1627759|1628369|1628401|1628436|201143,1626157|1628384|1628404|1628969|1628973,,,1610612738.0,42400213
4,PT03M06.00S,03:06,Q4 03:06,2.9,593,freethrow,K. Towns Free Throw 1 of 2 (20 PTS),['2ndchance'],Towns,88,110,Made,False,False,1626157,,foul,freethrow,,,,1626157|1627759|1628369|1628384|1628401|1628404|1628436|1628969|1628973|201143,1626157|1628384|1628404|1628969|1628973,1627759|1628369|1628401|1628436|201143,,,1610612752.0,42400213
4,PT03M06.00S,03:06,Q4 03:06,2.9,602,freethrow,K. Towns Free Throw 2 of 2 (21 PTS),['2ndchance'],Towns,89,110,Made,False,False,1626157,,freethrow,substitution,,,,1626157|1627759|1628369|1628384|1628401|1628404|1628436|1628969|1628973|201143,1626157|1628384|1628404|1628969|1628973,1627759|1628369|1628401|1628436|201143,,,1610612752.0,42400213
4,PT03M06.00S,03:06,Q4 03:06,2.9,594,substitution,SUB out: M. Bridges,[],Bridges,87,110,,False,False,1628969,,freethrow,substitution,,,,1626157|1627759|1628369|1628384|1628401|1628404|1628436|1628973|201143,1626157|1628384|1628404|1628973,1627759|1628369|1628401|1628436|201143,,,1610612752.0,42400213
4,PT03M06.00S,03:06,Q4 03:06,2.9,595,substitution,SUB out: J. Brunson,[],Brunson,87,110,,False,False,1628973,,substitution,substitution,,,,1626157|1627759|1628369|1628384|1628401|1628404|1628436|201143,1626157|1628384|1628404,1627759|1628369|1628401|1628436|201143,,,1610612752.0,42400213
4,PT03M06.00S,03:06,Q4 03:06,2.9,596,substitution,SUB out: O. Anunoby,[],Anunoby,87,110,,False,False,1628384,,substitution,substitution,,,,1626157|1627759|1628369|1628401|1628404|1628436|201143,1626157|1628404,1627759|1628369|1628401|1628436|201143,,,1610612752.0,42400213
4,PT03M06.00S,03:06,Q4 03:06,2.9,597,substitution,SUB out: J. Hart,[],Hart,87,110,,False,False,1628404,,substitution,substitution,,,,1626157|1627759|1628369|1628401|1628436|201143,1626157,1627759|1628369|1628401|1628436|201143,,,1610612752.0,42400213
4,PT03M06.00S,03:06,Q4 03:06,2.9,598,substitution,SUB in: C. Payne,[],Payne,87,110,,False,False,1626166,,substitution,substitution,,,,1626157|1626166|1627759|1628369|1628401|1628436|201143,1626157|1626166,1627759|1628369|1628401|1628436|201143,,,1610612752.0,42400213
4,PT03M06.00S,03:06,Q4 03:06,2.9,599,substitution,SUB in: L. Shamet,[],Shamet,87,110,,False,False,1629013,,substitution,substitution,,,,1626157|1626166|1627759|1628369|1628401|1628436|1629013|201143,1626157|1626166|1629013,1627759|1628369|1628401|1628436|201143,,,1610612752.0,42400213
4,PT03M06.00S,03:06,Q4 03:06,2.9,600,substitution,SUB in: D. Wright,[],Wright,87,110,,False,False,1626153,,substitution,substitution,,,,1626153|1626157|1626166|1627759|1628369|1628401|1628436|1629013|201143,1626153|1626157|1626166|1629013,1627759|1628369|1628401|1628436|201143,,,1610612752.0,42400213
4,PT03M06.00S,03:06,Q4 03:06,2.9,601,substitution,SUB in: P. Achiuwa,[],Achiuwa,87,110,,False,False,1630173,,substitution,3pt missed,,,,1626153|1626157|1626166|1627759|1628369|1628401|1628436|1629013|1630173|201143,1626153|1626157|1626166|1629013|1630173,1627759|1628369|1628401|1628436|201143,,,1610612752.0,42400213
4,PT02M44.00S,02:44,Q4 02:44,1.2666666666666666,603,3pt,MISS J. Tatum 26' pullup 3PT,[],Tatum,89,110,Missed,True,False,1628369,,substitution,rebound,,,,1626153|1626157|1626166|1627759|1628369|1628401|1628436|1629013|1630173|201143,1627759|1628369|1628401|1628436|201143,1626153|1626157|1626166|1629013|1630173,-65.0,256.0,1610612738.0,42400213
4,PT02M42.00S,02:42,Q4 02:42,1.3,604,rebound,J. Tatum REBOUND (Off:1 Def:8),[],Tatum,89,110,,False,False,1628369,,3pt missed,2pt made,,,,1626153|1626157|1626166|1627759|1628369|1628401|1628436|1629013|1630173|201143,1627759|1628369|1628401|1628436|201143,1626153|1626157|1626166|1629013|1630173,,,1610612738.0,42400213
4,PT02M40.00S,02:40,Q4 02:40,1.3333333333333335,605,2pt,J. Tatum putback Layup (22 PTS),"['pointsinthepaint', '2ndchance']",Tatum,89,112,Made,True,False,1628369,,rebound,2pt missed,,,,1626153|1626157|1626166|1627759|1628369|1628401|1628436|1629013|1630173|201143,1627759|1628369|1628401|1628436|201143,1626153|1626157|1626166|1629013|1630173,-1.0,6.0,1610612738.0,42400213
4,PT02M22.00S,02:22,Q4 02:22,1.6333333333333333,606,2pt,MISS K. Towns driving floating Shot,['pointsinthepaint'],Towns,89,112,Missed,True,False,1626157,,2pt made,rebound,,,,1626153|1626157|1626166|1627759|1628369|1628401|1628436|1629013|1630173|201143,1626153|1626157|1626166|1629013|1630173,1627759|1628369|1628401|1628436|201143,-26.0,27.0,1610612752.0,42400213
4,PT02M20.00S,02:20,Q4 02:20,1.6666666666666667,607,rebound,A. Horford REBOUND (Off:3 Def:6),[],Horford,89,112,,False,False,201143,,2pt missed,3pt made,,,,1626153|1626157|1626166|1627759|1628369|1628401|1628436|1629013|1630173|201143,1627759|1628369|1628401|1628436|201143,1626153|1626157|1626166|1629013|1630173,,,1610612738.0,42400213
4,PT02M07.00S,02:07,Q4 02:07,1.8833333333333333,608,3pt,A. Horford 24' 3PT  (15 PTS) (J. Tatum 7 AST),[],Horford,89,115,Made,True,True,201143,1628369.0,rebound,timeout,,,,1626153|1626157|1626166|1627759|1628369|1628401|1628436|1629013|1630173|201143,1627759|1628369|1628401|1628436|201143,1626153|1626157|1626166|1629013|1630173,179.0,170.0,1610612738.0,42400213
4,PT02M06.00S,02:06,Q4 02:06,1.9,610,timeout,NYK Timeout,['team'],,89,115,,False,False,0,,3pt made,substitution,,,,1626153|1626157|1626166|1627759|1628369|1628401|1628436|1629013|1630173|201143,1626153|1626157|1626166|1629013|1630173,1627759|1628369|1628401|1628436|201143,,,1610612752.0,42400213
4,PT02M06.00S,02:06,Q4 02:06,1.9,611,substitution,SUB out: K. Towns,[],Towns,89,115,,False,False,1626157,,timeout,substitution,,,,1626153|1626166|1627759|1628369|1628401|1628436|1629013|1630173|201143,1626153|1626166|1629013|1630173,1627759|1628369|1628401|1628436|201143,,,1610612752.0,42400213
4,PT02M06.00S,02:06,Q4 02:06,1.9,612,substitution,SUB out: J. Tatum,[],Tatum,89,115,,False,False,1628369,,substitution,substitution,,,,1626153|1626166|1627759|1628401|1628436|1629013|1630173|201143,1627759|1628401|1628436|201143,1626153|1626166|1629013|1630173,,,1610612738.0,42400213
4,PT02M06.00S,02:06,Q4 02:06,1.9,613,substitution,SUB out: D. White,[],White,89,115,,False,False,1628401,,substitution,substitution,,,,1626153|1626166|1627759|1628436|1629013|1630173|201143,1627759|1628436|201143,1626153|1626166|1629013|1630173,,,1610612738.0,42400213
4,PT02M06.00S,02:06,Q4 02:06,1.9,614,substitution,SUB out: J. Brown,[],Brown,89,115,,False,False,1627759,,substitution,substitution,,,,1626153|1626166|1628436|1629013|1630173|201143,1628436|201143,1626153|1626166|1629013|1630173,,,1610612738.0,42400213
4,PT02M06.00S,02:06,Q4 02:06,1.9,615,substitution,SUB out: L. Kornet,[],Kornet,89,115,,False,False,1628436,,substitution,substitution,,,,1626153|1626166|1629013|1630173|201143,201143,1626153|1626166|1629013|1630173,,,1610612738.0,42400213
4,PT02M06.00S,02:06,Q4 02:06,1.9,616,substitution,SUB out: A. Horford,[],Horford,89,115,,False,False,201143,,substitution,substitution,,,,1626153|1626166|1629013|1630173,,1626153|1626166|1629013|1630173,,,1610612738.0,42400213
4,PT02M06.00S,02:06,Q4 02:06,1.9,617,substitution,SUB in: A. Hukporti,[],Hukporti,89,115,,False,False,1630574,,substitution,substitution,,,,1626153|1626166|1629013|1630173|1630574,1626153|1626166|1629013|1630173|1630574,,,,1610612752.0,42400213
4,PT02M06.00S,02:06,Q4 02:06,1.9,618,substitution,SUB in: B. Scheierman,[],Scheierman,89,115,,False,False,1631248,,substitution,substitution,,,,1626153|1626166|1629013|1630173|1630574|1631248,1631248,1626153|1626166|1629013|1630173|1630574,,,1610612738.0,42400213
4,PT02M06.00S,02:06,Q4 02:06,1.9,619,substitution,SUB in: J. Walsh,[],Walsh,89,115,,False,False,1641775,,substitution,substitution,,,,1626153|1626166|1629013|1630173|1630574|1631248|1641775,1631248|1641775,1626153|1626166|1629013|1630173|1630574,,,1610612738.0,42400213
4,PT02M06.00S,02:06,Q4 02:06,1.9,620,substitution,SUB in: T. Craig,[],Craig,89,115,,False,False,1628470,,substitution,substitution,,,,1626153|1626166|1628470|1629013|1630173|1630574|1631248|1641775,1628470|1631248|1641775,1626153|1626166|1629013|1630173|1630574,,,1610612738.0,42400213
4,PT02M06.00S,02:06,Q4 02:06,1.9,621,substitution,SUB in: N. Queta,[],Queta,89,115,,False,False,1629674,,substitution,substitution,,,,1626153|1626166|1628470|1629013|1629674|1630173|1630574|1631248|1641775,1628470|1629674|1631248|1641775,1626153|1626166|1629013|1630173|1630574,,,1610612738.0,42400213
4,PT02M06.00S,02:06,Q4 02:06,1.9,622,substitution,SUB in: P. Pritchard,[],Pritchard,89,115,,False,False,1630202,,substitution,3pt missed,,,,1626153|1626166|1628470|1629013|1629674|1630173|1630202|1630574|1631248|1641775,1628470|1629674|1630202|1631248|1641775,1626153|1626166|1629013|1630173|1630574,,,1610612738.0,42400213
4,PT01M53.00S,01:53,Q4 01:53,0.1166666666666667,623,3pt,MISS C. Payne 28' 3PT,[],Payne,89,115,Missed,True,False,1626166,,substitution,rebound,,,,1626153|1626166|1628470|1629013|1629674|1630173|1630202|1630574|1631248|1641775,1626153|1626166|1629013|1630173|1630574,1628470|1629674|1630202|1631248|1641775,162.0,237.0,1610612752.0,42400213
4,PT01M51.00S,01:51,Q4 01:51,0.15000000000000002,624,rebound,TEAM offensive REBOUND,['team'],,89,115,,False,False,0,,3pt missed,2pt made,,,,1626153|1626166|1628470|1629013|1629674|1630173|1630202|1630574|1631248|1641775,1626153|1626166|1629013|1630173|1630574,1628470|1629674|1630202|1631248|1641775,,,1610612752.0,42400213
4,PT01M50.00S,01:50,Q4 01:50,0.16666666666666663,626,2pt,P. Achiuwa cutting DUNK (6 PTS) (C. Payne 1 AST),"['pointsinthepaint', '2ndchance']",Achiuwa,91,115,Made,True,True,1630173,1626166.0,rebound,2pt missed,,,,1626153|1626166|1628470|1629013|1629674|1630173|1630202|1630574|1631248|1641775,1626153|1626166|1629013|1630173|1630574,1628470|1629674|1630202|1631248|1641775,-6.0,-2.0,1610612752.0,42400213
4,PT01M32.00S,01:32,Q4 01:32,0.4666666666666667,628,2pt,MISS P. Pritchard driving Layup,['pointsinthepaint'],Pritchard,91,115,Missed,True,False,1630202,,2pt made,rebound,,,,1626153|1626166|1628470|1629013|1629674|1630173|1630202|1630574|1631248|1641775,1628470|1629674|1630202|1631248|1641775,1626153|1626166|1629013|1630173|1630574,-9.0,13.0,1610612738.0,42400213
4,PT01M30.00S,01:30,Q4 01:30,0.5,629,rebound,A. Hukporti REBOUND (Off:0 Def:1),[],Hukporti,91,115,,False,False,1630574,,2pt missed,3pt missed,,,,1626153|1626166|1628470|1629013|1629674|1630173|1630202|1630574|1631248|1641775,1626153|1626166|1629013|1630173|1630574,1628470|1629674|1630202|1631248|1641775,,,1610612752.0,42400213
4,PT01M11.00S,01:11,Q4 01:11,0.8166666666666667,630,3pt,MISS L. Shamet 24' 3PT,[],Shamet,91,115,Missed,True,False,1629013,,rebound,rebound,,,,1626153|1626166|1628470|1629013|1629674|1630173|1630202|1630574|1631248|1641775,1626153|1626166|1629013|1630173|1630574,1628470|1629674|1630202|1631248|1641775,-241.0,-10.0,1610612752.0,42400213
4,PT01M08.00S,01:08,Q4 01:08,0.8666666666666667,631,rebound,B. Scheierman REBOUND (Off:0 Def:1),[],Scheierman,91,115,,False,False,1631248,,3pt missed,2pt missed,,,,1626153|1626166|1628470|1629013|1629674|1630173|1630202|1630574|1631248|1641775,1628470|1629674|1630202|1631248|1641775,1626153|1626166|1629013|1630173|1630574,,,1610612738.0,42400213
4,PT00M54.00S,00:54,Q4 00:54,-0.9,632,2pt,MISS B. Scheierman 9' pullup Shot,['pointsinthepaint'],Scheierman,91,115,Missed,True,False,1631248,,rebound,rebound,,,,1626153|1626166|1628470|1629013|1629674|1630173|1630202|1630574|1631248|1641775,1628470|1629674|1630202|1631248|1641775,1626153|1626166|1629013|1630173|1630574,70.0,67.0,1610612738.0,42400213
4,PT00M50.80S,00:50,Q4 00:50,-0.8333333333333334,633,rebound,P. Pritchard REBOUND (Off:2 Def:2),[],Pritchard,91,115,,False,False,1630202,,2pt missed,2pt missed,,,,1626153|1626166|1628470|1629013|1629674|1630173|1630202|1630574|1631248|1641775,1628470|1629674|1630202|1631248|1641775,1626153|1626166|1629013|1630173|1630574,,,1610612738.0,42400213
4,PT00M38.90S,00:38,Q4 00:38,-0.6333333333333333,634,2pt,MISS P. Pritchard 13' pullup Shot,"['pointsinthepaint', '2ndchance']",Pritchard,91,115,Missed,True,False,1630202,,rebound,rebound,,,,1626153|1626166|1628470|1629013|1629674|1630173|1630202|1630574|1631248|1641775,1628470|1629674|1630202|1631248|1641775,1626153|1626166|1629013|1630173|1630574,-23.0,133.0,1610612738.0,42400213
4,PT00M36.80S,00:36,Q4 00:36,-0.6,635,rebound,A. Hukporti REBOUND (Off:0 Def:2),[],Hukporti,91,115,,False,False,1630574,,2pt missed,2pt made,,,,1626153|1626166|1628470|1629013|1629674|1630173|1630202|1630574|1631248|1641775,1626153|1626166|1629013|1630173|1630574,1628470|1629674|1630202|1631248|1641775,,,1610612752.0,42400213
4,PT00M30.00S,00:30,Q4 00:30,-0.5,636,2pt,A. Hukporti cutting DUNK (2 PTS) (C. Payne 2 AST),['pointsinthepaint'],Hukporti,93,115,Made,True,True,1630574,1626166.0,rebound,turnover,,,,1626153|1626166|1628470|1629013|1629674|1630173|1630202|1630574|1631248|1641775,1626153|1626166|1629013|1630173|1630574,1628470|1629674|1630202|1631248|1641775,-7.0,3.0,1610612752.0,42400213
4,PT00M06.00S,00:06,Q4 00:06,-0.1,638,turnover,BOS shot clock Team TURNOVER,['team'],,93,115,,False,False,0,,2pt made,,,,,1626153|1626166|1628470|1629013|1629674|1630173|1630202|1630574|1631248|1641775,1628470|1629674|1630202|1631248|1641775,1626153|1626166|1629013|1630173|1630574,,,1610612738.0,42400213
