period,clock,clock_display,game_clock,minutes_left_in_game,actionNumber,actionType,description,qualifier,playerName,scoreHome,scoreAway,shotResult,isFieldGoal,assisted,person_id,assister_id,previous_action,next_action,foulDrawnPersonId,stealPersonId,blockPersonId,players_on,off_players_on,def_players_on,xLegacy,yLegacy,teamId,game_id
1,PT11M42.00S,11:42,Q1 11:42,46.3,7,2pt,L. Shamet cutting Layup (2 PTS) (K. Towns 1 AST),['pointsinthepaint'],Shamet,0,2,Made,True,True,1629013,1626157.0,,foul,,,,1626157|1628969|1628973|1629011|1629013|1629023|1630314|1631108|1641726|202691,1626157|1628969|1628973|1629011|1629013,1629023|1630314|1631108|1641726|202691,25.0,14.0,1610612752.0,22500262
1,PT11M42.00S,11:42,Q1 11:42,46.3,9,foul,B. Williams shooting personal FOUL (1 PF) (Shamet 1 FT),['1freethrow'],Williams,0,2,,False,False,1630314,,2pt made,freethrow,1629013.0,,,1626157|1628969|1628973|1629011|1629013|1629023|1630314|1631108|1641726|202691,1629023|1630314|1631108|1641726|202691,1626157|1628969|1628973|1629011|1629013,,,1610612742.0,22500262
1,PT11M42.00S,11:42,Q1 11:42,46.3,11,freethrow,L. Shamet Free Throw 1 of 1 (3 PTS),[],Shamet,0,3,Made,False,False,1629013,,foul,2pt missed,,,,1626157|1628969|1628973|1629011|1629013|1629023|1630314|1631108|1641726|202691,1626157|1628969|1628973|1629011|1629013,1629023|1630314|1631108|1641726|202691,,,1610612752.0,22500262
1,PT11M23.00S,11:23,Q1 11:23,46.61666666666667,12,2pt,MISS B. Williams driving Layup,['pointsinthepaint'],Williams,0,3,Missed,True,False,1630314,,freethrow,rebound,,,,1626157|1628969|1628973|1629011|1629013|1629023|1630314|1631108|1641726|202691,1629023|1630314|1631108|1641726|202691,1626157|1628969|1628973|1629011|1629013,26.0,6.0,1610612742.0,22500262
1,PT11M22.00S,11:22,Q1 11:22,46.63333333333333,13,rebound,B. Williams REBOUND (Off:1 Def:0),[],Williams,0,3,,False,False,1630314,,2pt missed,3pt missed,,,,1626157|1628969|1628973|1629011|1629013|1629023|1630314|1631108|1641726|202691,1629023|1630314|1631108|1641726|202691,1626157|1628969|1628973|1629011|1629013,,,1610612742.0,22500262
1,PT11M19.00S,11:19,Q1 11:19,46.68333333333333,14,3pt,MISS K. Thompson 25' 3PT,['2ndchance'],Thompson,0,3,Missed,True,False,202691,,rebound,rebound,,,,1626157|1628969|1628973|1629011|1629013|1629023|1630314|1631108|1641726|202691,1629023|1630314|1631108|1641726|202691,1626157|1628969|1628973|1629011|1629013,-112.0,233.0,1610612742.0,22500262
1,PT11M15.00S,11:15,Q1 11:15,46.75,15,rebound,D. Lively II REBOUND (Off:1 Def:0),[],Lively II,0,3,,False,False,1641726,,3pt missed,2pt missed,,,,1626157|1628969|1628973|1629011|1629013|1629023|1630314|1631108|1641726|202691,1629023|1630314|1631108|1641726|202691,1626157|1628969|1628973|1629011|1629013,,,1610612742.0,22500262
1,PT11M14.00S,11:14,Q1 11:14,46.766666666666666,16,2pt,MISS D. Lively II putback Layup - blocked,"['pointsinthepaint', '2ndchance']",Lively II,0,3,Missed,True,False,1641726,,rebound,block,,,1629011.0,1626157|1628969|1628973|1629011|1629013|1629023|1630314|1631108|1641726|202691,1629023|1630314|1631108|1641726|202691,1626157|1628969|1628973|1629011|1629013,-2.0,15.0,1610612742.0,22500262
1,PT11M14.00S,11:14,Q1 11:14,46.766666666666666,17,block,M. Robinson BLOCK (1 BLK),[],Robinson,0,3,,False,False,1629011,,2pt missed,rebound,,,,1626157|1628969|1628973|1629011|1629013|1629023|1630314|1631108|1641726|202691,1626157|1628969|1628973|1629011|1629013,1629023|1630314|1631108|1641726|202691,,,1610612752.0,22500262
1,PT11M14.00S,11:14,Q1 11:14,46.766666666666666,18,rebound,M. Bridges REBOUND (Off:0 Def:1),[],Bridges,0,3,,False,False,1628969,,block,3pt missed,,,,1626157|1628969|1628973|1629011|1629013|1629023|1630314|1631108|1641726|202691,1626157|1628969|1628973|1629011|1629013,1629023|1630314|1631108|1641726|202691,,,1610612752.0,22500262
1,PT11M07.00S,11:07,Q1 11:07,46.88333333333333,19,3pt,MISS K. Towns 24' running 3PT,['fastbreak'],Towns,0,3,Missed,True,False,1626157,,rebound,rebound,,,,1626157|1628969|1628973|1629011|1629013|1629023|1630314|1631108|1641726|202691,1626157|1628969|1628973|1629011|1629013,1629023|1630314|1631108|1641726|202691,-4.0,250.0,1610612752.0,22500262
1,PT11M04.00S,11:04,Q1 11:04,46.93333333333333,20,rebound,M. Christie REBOUND (Off:0 Def:1),[],Christie,0,3,,False,False,1631108,,3pt missed,2pt missed,,,,1626157|1628969|1628973|1629011|1629013|1629023|1630314|1631108|1641726|202691,1629023|1630314|1631108|1641726|202691,1626157|1628969|1628973|1629011|1629013,,,1610612742.0,22500262
1,PT10M51.00S,10:51,Q1 10:51,45.15,21,2pt,MISS P. Washington 6' driving floating Shot,['pointsinthepaint'],Washington,0,3,Missed,True,False,1629023,,rebound,rebound,,,,1626157|1628969|1628973|1629011|1629013|1629023|1630314|1631108|1641726|202691,1629023|1630314|1631108|1641726|202691,1626157|1628969|1628973|1629011|1629013,65.0,0.0,1610612742.0,22500262
1,PT10M49.00S,10:49,Q1 10:49,45.18333333333333,22,rebound,M. Robinson REBOUND (Off:0 Def:1),[],Robinson,0,3,,False,False,1629011,,2pt missed,2pt made,,,,1626157|1628969|1628973|1629011|1629013|1629023|1630314|1631108|1641726|202691,1626157|1628969|1628973|1629011|1629013,1629023|1630314|1631108|1641726|202691,,,1610612752.0,22500262
1,PT10M40.00S,10:40,Q1 10:40,45.333333333333336,23,2pt,M. Bridges 8' pullup Jump Shot (2 PTS),['pointsinthepaint'],Bridges,0,5,Made,True,False,1628969,,rebound,2pt missed,,,,1626157|1628969|1628973|1629011|1629013|1629023|1630314|1631108|1641726|202691,1626157|1628969|1628973|1629011|1629013,1629023|1630314|1631108|1641726|202691,-69.0,45.0,1610612752.0,22500262
1,PT10M10.00S,10:10,Q1 10:10,45.833333333333336,24,2pt,MISS P. Washington 9' driving Hook,[],Washington,0,5,Missed,True,False,1629023,,2pt made,rebound,,,,1626157|1628969|1628973|1629011|1629013|1629023|1630314|1631108|1641726|202691,1629023|1630314|1631108|1641726|202691,1626157|1628969|1628973|1629011|1629013,89.0,20.0,1610612742.0,22500262
1,PT10M10.00S,10:10,Q1 10:10,45.833333333333336,25,rebound,TEAM offensive REBOUND,['team'],,0,5,,False,False,0,,2pt missed,foul,,,,1626157|1628969|1628973|1629011|1629013|1629023|1630314|1631108|1641726|202691,1629023|1630314|1631108|1641726|202691,1626157|1628969|1628973|1629011|1629013,,,1610612742.0,22500262
1,PT10M10.00S,10:10,Q1 10:10,45.833333333333336,26,foul,M. Bridges loose ball personal FOUL (1 PF),[],Bridges,0,5,,False,False,1628969,,rebound,foul,1641726.0,,,1626157|1628969|1628973|1629011|1629013|1629023|1630314|1631108|1641726|202691,1626157|1628969|1628973|1629011|1629013,1629023|1630314|1631108|1641726|202691,,,1610612752.0,22500262
1,PT09M58.00S,09:58,Q1 09:58,44.03333333333333,29,foul,B. Williams offensive FOUL (2 PF),[],Williams,0,5,,False,False,1630314,,foul,turnover,1628969.0,,,1626157|1628969|1628973|1629011|1629013|1629023|1630314|1631108|1641726|202691,1629023|1630314|1631108|1641726|202691,1626157|1628969|1628973|1629011|1629013,,,1610612742.0,22500262
1,PT09M58.00S,09:58,Q1 09:58,44.03333333333333,31,turnover,B. Williams offensive foul TURNOVER (1 TO),[],Williams,0,5,,False,False,1630314,,foul,substitution,,,,1626157|1628969|1628973|1629011|1629013|1629023|1630314|1631108|1641726|202691,1629023|1630314|1631108|1641726|202691,1626157|1628969|1628973|1629011|1629013,,,1610612742.0,22500262
1,PT09M58.00S,09:58,Q1 09:58,44.03333333333333,34,substitution,SUB out: B. Williams,[],Williams,0,5,,False,False,1630314,,turnover,substitution,,,,1626157|1628969|1628973|1629011|1629013|1629023|1631108|1641726|202691,1629023|1631108|1641726|202691,1626157|1628969|1628973|1629011|1629013,,,1610612742.0,22500262
1,PT09M58.00S,09:58,Q1 09:58,44.03333333333333,35,substitution,SUB in: D. Russell,[],Russell,0,5,,False,False,1626156,,substitution,2pt missed,,,,1626156|1626157|1628969|1628973|1629011|1629013|1629023|1631108|1641726|202691,1626156|1629023|1631108|1641726|202691,1626157|1628969|1628973|1629011|1629013,,,1610612742.0,22500262
1,PT09M40.00S,09:40,Q1 09:40,44.333333333333336,36,2pt,MISS L. Shamet driving finger roll Layup - blocked,"['pointsinthepaint', 'fromturnover']",Shamet,0,5,Missed,True,False,1629013,,substitution,block,,,1641726.0,1626156|1626157|1628969|1628973|1629011|1629013|1629023|1631108|1641726|202691,1626157|1628969|1628973|1629011|1629013,1626156|1629023|1631108|1641726|202691,-13.0,31.0,1610612752.0,22500262
1,PT09M40.00S,09:40,Q1 09:40,44.333333333333336,37,block,D. Lively II BLOCK (1 BLK),[],Lively II,0,5,,False,False,1641726,,2pt missed,rebound,,,,1626156|1626157|1628969|1628973|1629011|1629013|1629023|1631108|1641726|202691,1626156|1629023|1631108|1641726|202691,1626157|1628969|1628973|1629011|1629013,,,1610612742.0,22500262
1,PT09M37.00S,09:37,Q1 09:37,44.38333333333333,38,rebound,K. Towns REBOUND (Off:1 Def:0),[],Towns,0,5,,False,False,1626157,,block,2pt missed,,,,1626156|1626157|1628969|1628973|1629011|1629013|1629023|1631108|1641726|202691,1626157|1628969|1628973|1629011|1629013,1626156|1629023|1631108|1641726|202691,,,1610612752.0,22500262
1,PT09M36.00S,09:36,Q1 09:36,44.4,39,2pt,MISS K. Towns 16' turnaround Shot,"['fromturnover', '2ndchance']",Towns,0,5,Missed,True,False,1626157,,rebound,rebound,,,,1626156|1626157|1628969|1628973|1629011|1629013|1629023|1631108|1641726|202691,1626157|1628969|1628973|1629011|1629013,1626156|1629023|1631108|1641726|202691,150.0,58.0,1610612752.0,22500262
1,PT09M35.00S,09:35,Q1 09:35,44.416666666666664,40,rebound,D. Lively II REBOUND (Off:1 Def:1),[],Lively II,0,5,,False,False,1641726,,2pt missed,3pt made,,,,1626156|1626157|1628969|1628973|1629011|1629013|1629023|1631108|1641726|202691,1626156|1629023|1631108|1641726|202691,1626157|1628969|1628973|1629011|1629013,,,1610612742.0,22500262
1,PT09M30.00S,09:30,Q1 09:30,44.5,41,3pt,D. Russell 26' 3PT running pullup (3 PTS),['fastbreak'],Russell,3,5,Made,True,False,1626156,,rebound,turnover,,,,1626156|1626157|1628969|1628973|1629011|1629013|1629023|1631108|1641726|202691,1626156|1629023|1631108|1641726|202691,1626157|1628969|1628973|1629011|1629013,-137.0,225.0,1610612742.0,22500262
1,PT09M14.00S,09:14,Q1 09:14,44.766666666666666,42,turnover,M. Bridges lost ball TURNOVER (1 TO),[],Bridges,3,5,,False,False,1628969,,3pt made,steal,,1626156.0,,1626156|1626157|1628969|1628973|1629011|1629013|1629023|1631108|1641726|202691,1626157|1628969|1628973|1629011|1629013,1626156|1629023|1631108|1641726|202691,,,1610612752.0,22500262
1,PT09M14.00S,09:14,Q1 09:14,44.766666666666666,43,steal,D. Russell STEAL (1 STL),[],Russell,3,5,,False,False,1626156,,turnover,2pt made,,,,1626156|1626157|1628969|1628973|1629011|1629013|1629023|1631108|1641726|202691,1626156|1629023|1631108|1641726|202691,1626157|1628969|1628973|1629011|1629013,,,1610612742.0,22500262
1,PT09M09.00S,09:09,Q1 09:09,44.85,44,2pt,M. Christie running Layup (2 PTS) (D. Russell 1 AST),"['pointsinthepaint', 'fromturnover', 'fastbreak']",Christie,5,5,Made,True,True,1631108,1626156.0,steal,foul,,,,1626156|1626157|1628969|1628973|1629011|1629013|1629023|1631108|1641726|202691,1626156|1629023|1631108|1641726|202691,1626157|1628969|1628973|1629011|1629013,-11.0,12.0,1610612742.0,22500262
1,PT09M02.00S,09:02,Q1 09:02,44.96666666666667,46,foul,K. Thompson shooting personal FOUL (1 PF) (Bridges 2 FT),['2freethrow'],Thompson,5,5,,False,False,202691,,2pt made,freethrow,1628969.0,,,1626156|1626157|1628969|1628973|1629011|1629013|1629023|1631108|1641726|202691,1626156|1629023|1631108|1641726|202691,1626157|1628969|1628973|1629011|1629013,,,1610612742.0,22500262
1,PT09M02.00S,09:02,Q1 09:02,44.96666666666667,48,freethrow,M. Bridges Free Throw 1 of 2 (3 PTS),[],Bridges,5,6,Made,False,False,1628969,,foul,freethrow,,,,1626156|1626157|1628969|1628973|1629011|1629013|1629023|1631108|1641726|202691,1626157|1628969|1628973|1629011|1629013,1626156|1629023|1631108|1641726|202691,,,1610612752.0,22500262
1,PT09M02.00S,09:02,Q1 09:02,44.96666666666667,49,freethrow,MISS M. Bridges Free Throw 2 of 2,[],Bridges,5,6,Missed,False,False,1628969,,freethrow,rebound,,,,1626156|1626157|1628969|1628973|1629011|1629013|1629023|1631108|1641726|202691,1626157|1628969|1628973|1629011|1629013,1626156|1629023|1631108|1641726|202691,,,1610612752.0,22500262
1,PT08M59.00S,08:59,Q1 08:59,43.016666666666666,50,rebound,D. Lively II REBOUND (Off:1 Def:2),[],Lively II,5,6,,False,False,1641726,,freethrow,3pt made,,,,1626156|1626157|1628969|1628973|1629011|1629013|1629023|1631108|1641726|202691,1626156|1629023|1631108|1641726|202691,1626157|1628969|1628973|1629011|1629013,,,1610612742.0,22500262
1,PT08M48.00S,08:48,Q1 08:48,43.2,51,3pt,P. Washington 26' 3PT  (3 PTS) (K. Thompson 1 AST),[],Washington,8,6,Made,True,True,1629023,202691.0,rebound,2pt missed,,,,1626156|1626157|1628969|1628973|1629011|1629013|1629023|1631108|1641726|202691,1626156|1629023|1631108|1641726|202691,1626157|1628969|1628973|1629011|1629013,-200.0,168.0,1610612742.0,22500262
1,PT08M35.00S,08:35,Q1 08:35,43.416666666666664,53,2pt,MISS J. Brunson 12' fadeaway Shot,['pointsinthepaint'],Brunson,8,6,Missed,True,False,1628973,,3pt made,rebound,,,,1626156|1626157|1628969|1628973|1629011|1629013|1629023|1631108|1641726|202691,1626157|1628969|1628973|1629011|1629013,1626156|1629023|1631108|1641726|202691,40.0,122.0,1610612752.0,22500262
1,PT08M31.00S,08:31,Q1 08:31,43.483333333333334,54,rebound,M. Bridges REBOUND (Off:1 Def:1),[],Bridges,8,6,,False,False,1628969,,2pt missed,2pt missed,,,,1626156|1626157|1628969|1628973|1629011|1629013|1629023|1631108|1641726|202691,1626157|1628969|1628973|1629011|1629013,1626156|1629023|1631108|1641726|202691,,,1610612752.0,22500262
1,PT08M24.00S,08:24,Q1 08:24,43.6,55,2pt,MISS J. Brunson driving floating bank Shot - blocked,"['pointsinthepaint', '2ndchance']",Brunson,8,6,Missed,True,False,1628973,,rebound,block,,,1641726.0,1626156|1626157|1628969|1628973|1629011|1629013|1629023|1631108|1641726|202691,1626157|1628969|1628973|1629011|1629013,1626156|1629023|1631108|1641726|202691,50.0,22.0,1610612752.0,22500262
1,PT08M24.00S,08:24,Q1 08:24,43.6,56,block,D. Lively II BLOCK (2 BLK),[],Lively II,8,6,,False,False,1641726,,2pt missed,rebound,,,,1626156|1626157|1628969|1628973|1629011|1629013|1629023|1631108|1641726|202691,1626156|1629023|1631108|1641726|202691,1626157|1628969|1628973|1629011|1629013,,,1610612742.0,22500262
1,PT08M22.00S,08:22,Q1 08:22,43.63333333333333,57,rebound,D. Russell REBOUND (Off:0 Def:1),[],Russell,8,6,,False,False,1626156,,block,3pt missed,,,,1626156|1626157|1628969|1628973|1629011|1629013|1629023|1631108|1641726|202691,1626156|1629023|1631108|1641726|202691,1626157|1628969|1628973|1629011|1629013,,,1610612742.0,22500262
1,PT08M19.00S,08:19,Q1 08:19,43.68333333333333,58,3pt,MISS D. Russell 27' running pullup 3PT,['fastbreak'],Russell,8,6,Missed,True,False,1626156,,rebound,rebound,,,,1626156|1626157|1628969|1628973|1629011|1629013|1629023|1631108|1641726|202691,1626156|1629023|1631108|1641726|202691,1626157|1628969|1628973|1629011|1629013,-154.0,227.0,1610612742.0,22500262
1,PT08M15.00S,08:15,Q1 08:15,43.75,59,rebound,K. Towns REBOUND (Off:1 Def:1),[],Towns,8,6,,False,False,1626157,,3pt missed,2pt missed,,,,1626156|1626157|1628969|1628973|1629011|1629013|1629023|1631108|1641726|202691,1626157|1628969|1628973|1629011|1629013,1626156|1629023|1631108|1641726|202691,,,1610612752.0,22500262
1,PT08M08.00S,08:08,Q1 08:08,43.86666666666667,60,2pt,MISS K. Towns driving Layup,['pointsinthepaint'],Towns,8,6,Missed,True,False,1626157,,rebound,rebound,,,,1626156|1626157|1628969|1628973|1629011|1629013|1629023|1631108|1641726|202691,1626157|1628969|1628973|1629011|1629013,1626156|1629023|1631108|1641726|202691,-49.0,0.0,1610612752.0,22500262
1,PT08M07.00S,08:07,Q1 08:07,43.88333333333333,61,rebound,P. Washington REBOUND (Off:0 Def:1),[],Washington,8,6,,False,False,1629023,,2pt missed,2pt missed,,,,1626156|1626157|1628969|1628973|1629011|1629013|1629023|1631108|1641726|202691,1626156|1629023|1631108|1641726|202691,1626157|1628969|1628973|1629011|1629013,,,1610612742.0,22500262
1,PT08M02.00S,08:02,Q1 08:02,43.96666666666667,62,2pt,MISS P. Washington running Layup - blocked,"['pointsinthepaint', 'fastbreak']",Washington,8,6,Missed,True,False,1629023,,rebound,block,,,1628969.0,1626156|1626157|1628969|1628973|1629011|1629013|1629023|1631108|1641726|202691,1626156|1629023|1631108|1641726|202691,1626157|1628969|1628973|1629011|1629013,12.0,11.0,1610612742.0,22500262
1,PT08M02.00S,08:02,Q1 08:02,43.96666666666667,63,block,M. Bridges BLOCK (1 BLK),[],Bridges,8,6,,False,False,1628969,,2pt missed,rebound,,,,1626156|1626157|1628969|1628973|1629011|1629013|1629023|1631108|1641726|202691,1626157|1628969|1628973|1629011|1629013,1626156|1629023|1631108|1641726|202691,,,1610612752.0,22500262
1,PT08M00.00S,08:00,Q1 08:00,44.0,64,rebound,J. Brunson REBOUND (Off:0 Def:1),[],Brunson,8,6,,False,False,1628973,,block,turnover,,,,1626156|1626157|1628969|1628973|1629011|1629013|1629023|1631108|1641726|202691,1626157|1628969|1628973|1629011|1629013,1626156|1629023|1631108|1641726|202691,,,1610612752.0,22500262
1,PT07M55.00S,07:55,Q1 07:55,42.083333333333336,65,turnover,J. Brunson lost ball TURNOVER (1 TO),[],Brunson,8,6,,False,False,1628973,,rebound,steal,,1629023.0,,1626156|1626157|1628969|1628973|1629011|1629013|1629023|1631108|1641726|202691,1626157|1628969|1628973|1629011|1629013,1626156|1629023|1631108|1641726|202691,,,1610612752.0,22500262
1,PT07M55.00S,07:55,Q1 07:55,42.083333333333336,66,steal,P. Washington STEAL (1 STL),[],Washington,8,6,,False,False,1629023,,turnover,3pt made,,,,1626156|1626157|1628969|1628973|1629011|1629013|1629023|1631108|1641726|202691,1626156|1629023|1631108|1641726|202691,1626157|1628969|1628973|1629011|1629013,,,1610612742.0,22500262
1,PT07M51.00S,07:51,Q1 07:51,42.15,67,3pt,K. Thompson 25' 3PT pullup (3 PTS),"['fromturnover', 'fastbreak']",Thompson,11,6,Made,True,False,202691,,steal,timeout,,,,1626156|1626157|1628969|1628973|1629011|1629013|1629023|1631108|1641726|202691,1626156|1629023|1631108|1641726|202691,1626157|1628969|1628973|1629011|1629013,174.0,186.0,1610612742.0,22500262
1,PT07M48.00S,07:48,Q1 07:48,42.2,68,timeout,NYK Timeout,"['team', 'mandatory']",,11,6,,False,False,0,,3pt made,substitution,,,,1626156|1626157|1628969|1628973|1629011|1629013|1629023|1631108|1641726|202691,1626157|1628969|1628973|1629011|1629013,1626156|1629023|1631108|1641726|202691,,,1610612752.0,22500262
1,PT07M48.00S,07:48,Q1 07:48,42.2,69,substitution,SUB out: D. Lively II,[],Lively II,11,6,,False,False,1641726,,timeout,substitution,,,,1626156|1626157|1628969|1628973|1629011|1629013|1629023|1631108|202691,1626156|1629023|1631108|202691,1626157|1628969|1628973|1629011|1629013,,,1610612742.0,22500262
1,PT07M48.00S,07:48,Q1 07:48,42.2,70,substitution,SUB out: M. Robinson,[],Robinson,11,6,,False,False,1629011,,substitution,substitution,,,,1626156|1626157|1628969|1628973|1629013|1629023|1631108|202691,1626157|1628969|1628973|1629013,1626156|1629023|1631108|202691,,,1610612752.0,22500262
1,PT07M48.00S,07:48,Q1 07:48,42.2,71,substitution,SUB out: M. Bridges,[],Bridges,11,6,,False,False,1628969,,substitution,substitution,,,,1626156|1626157|1628973|1629013|1629023|1631108|202691,1626157|1628973|1629013,1626156|1629023|1631108|202691,,,1610612752.0,22500262
1,PT07M48.00S,07:48,Q1 07:48,42.2,72,substitution,SUB in: D. Gafford,[],Gafford,11,6,,False,False,1629655,,substitution,substitution,,,,1626156|1626157|1628973|1629013|1629023|1629655|1631108|202691,1626156|1629023|1629655|1631108|202691,1626157|1628973|1629013,,,1610612742.0,22500262
1,PT07M48.00S,07:48,Q1 07:48,42.2,73,substitution,SUB in: J. Hart,[],Hart,11,6,,False,False,1628404,,substitution,substitution,,,,1626156|1626157|1628404|1628973|1629013|1629023|1629655|1631108|202691,1626157|1628404|1628973|1629013,1626156|1629023|1629655|1631108|202691,,,1610612752.0,22500262
1,PT07M48.00S,07:48,Q1 07:48,42.2,74,substitution,SUB in: G. Yabusele,[],Yabusele,11,6,,False,False,1627824,,substitution,2pt made,,,,1626156|1626157|1627824|1628404|1628973|1629013|1629023|1629655|1631108|202691,1626157|1627824|1628404|1628973|1629013,1626156|1629023|1629655|1631108|202691,,,1610612752.0,22500262
1,PT07M32.00S,07:32,Q1 07:32,42.46666666666667,75,2pt,J. Brunson 8' floating Jump Shot (2 PTS) (K. Towns 2 AST),['pointsinthepaint'],Brunson,11,8,Made,True,True,1628973,1626157.0,substitution,2pt missed,,,,1626156|1626157|1627824|1628404|1628973|1629013|1629023|1629655|1631108|202691,1626157|1627824|1628404|1628973|1629013,1626156|1629023|1629655|1631108|202691,38.0,77.0,1610612752.0,22500262
1,PT07M15.00S,07:15,Q1 07:15,42.75,77,2pt,MISS P. Washington driving Layup,['pointsinthepaint'],Washington,11,8,Missed,True,False,1629023,,2pt made,rebound,,,,1626156|1626157|1627824|1628404|1628973|1629013|1629023|1629655|1631108|202691,1626156|1629023|1629655|1631108|202691,1626157|1627824|1628404|1628973|1629013,29.0,25.0,1610612742.0,22500262
1,PT07M14.00S,07:14,Q1 07:14,42.766666666666666,78,rebound,P. Washington REBOUND (Off:1 Def:1),[],Washington,11,8,,False,False,1629023,,2pt missed,3pt missed,,,,1626156|1626157|1627824|1628404|1628973|1629013|1629023|1629655|1631108|202691,1626156|1629023|1629655|1631108|202691,1626157|1627824|1628404|1628973|1629013,,,1610612742.0,22500262
1,PT07M12.00S,07:12,Q1 07:12,42.8,79,3pt,MISS K. Thompson 3PT,['2ndchance'],Thompson,11,8,Missed,True,False,202691,,rebound,rebound,,,,1626156|1626157|1627824|1628404|1628973|1629013|1629023|1629655|1631108|202691,1626156|1629023|1629655|1631108|202691,1626157|1627824|1628404|1628973|1629013,227.0,50.0,1610612742.0,22500262
1,PT07M12.00S,07:12,Q1 07:12,42.8,80,rebound,K. Towns REBOUND (Off:1 Def:2),[],Towns,11,8,,False,False,1626157,,3pt missed,3pt missed,,,,1626156|1626157|1627824|1628404|1628973|1629013|1629023|1629655|1631108|202691,1626157|1627824|1628404|1628973|1629013,1626156|1629023|1629655|1631108|202691,,,1610612752.0,22500262
1,PT06M52.00S,06:52,Q1 06:52,41.13333333333333,81,3pt,MISS G. Yabusele 24' 3PT,[],Yabusele,11,8,Missed,True,False,1627824,,rebound,rebound,,,,1626156|1626157|1627824|1628404|1628973|1629013|1629023|1629655|1631108|202691,1626157|1627824|1628404|1628973|1629013,1626156|1629023|1629655|1631108|202691,-228.0,80.0,1610612752.0,22500262
1,PT06M49.00S,06:49,Q1 06:49,41.18333333333333,82,rebound,D. Russell REBOUND (Off:0 Def:2),[],Russell,11,8,,False,False,1626156,,3pt missed,substitution,,,,1626156|1626157|1627824|1628404|1628973|1629013|1629023|1629655|1631108|202691,1626156|1629023|1629655|1631108|202691,1626157|1627824|1628404|1628973|1629013,,,1610612742.0,22500262
1,PT06M46.00S,06:46,Q1 06:46,41.233333333333334,84,substitution,SUB out: M. Christie,[],Christie,11,8,,False,False,1631108,,rebound,substitution,,,,1626156|1626157|1627824|1628404|1628973|1629013|1629023|1629655|202691,1626156|1629023|1629655|202691,1626157|1627824|1628404|1628973|1629013,,,1610612742.0,22500262
1,PT06M46.00S,06:46,Q1 06:46,41.233333333333334,85,substitution,SUB in: N. Marshall,[],Marshall,11,8,,False,False,1630230,,substitution,2pt missed,,,,1626156|1626157|1627824|1628404|1628973|1629013|1629023|1629655|1630230|202691,1626156|1629023|1629655|1630230|202691,1626157|1627824|1628404|1628973|1629013,,,1610612742.0,22500262
1,PT06M30.00S,06:30,Q1 06:30,41.5,86,2pt,MISS P. Washington driving floating bank Shot,['pointsinthepaint'],Washington,11,8,Missed,True,False,1629023,,substitution,rebound,,,,1626156|1626157|1627824|1628404|1628973|1629013|1629023|1629655|1630230|202691,1626156|1629023|1629655|1630230|202691,1626157|1627824|1628404|1628973|1629013,38.0,36.0,1610612742.0,22500262
1,PT06M28.00S,06:28,Q1 06:28,41.53333333333333,87,rebound,J. Hart REBOUND (Off:0 Def:1),[],Hart,11,8,,False,False,1628404,,2pt missed,3pt missed,,,,1626156|1626157|1627824|1628404|1628973|1629013|1629023|1629655|1630230|202691,1626157|1627824|1628404|1628973|1629013,1626156|1629023|1629655|1630230|202691,,,1610612752.0,22500262
1,PT06M23.00S,06:23,Q1 06:23,41.61666666666667,88,3pt,MISS K. Towns 26' pullup 3PT,[],Towns,11,8,Missed,True,False,1626157,,rebound,rebound,,,,1626156|1626157|1627824|1628404|1628973|1629013|1629023|1629655|1630230|202691,1626157|1627824|1628404|1628973|1629013,1626156|1629023|1629655|1630230|202691,2.0,266.0,1610612752.0,22500262
1,PT06M20.00S,06:20,Q1 06:20,41.666666666666664,89,rebound,G. Yabusele REBOUND (Off:1 Def:0),[],Yabusele,11,8,,False,False,1627824,,3pt missed,2pt missed,,,,1626156|1626157|1627824|1628404|1628973|1629013|1629023|1629655|1630230|202691,1626157|1627824|1628404|1628973|1629013,1626156|1629023|1629655|1630230|202691,,,1610612752.0,22500262
1,PT06M10.00S,06:10,Q1 06:10,41.833333333333336,90,2pt,MISS J. Hart 14' driving floating Shot,"['pointsinthepaint', '2ndchance']",Hart,11,8,Missed,True,False,1628404,,rebound,rebound,,,,1626156|1626157|1627824|1628404|1628973|1629013|1629023|1629655|1630230|202691,1626157|1627824|1628404|1628973|1629013,1626156|1629023|1629655|1630230|202691,55.0,130.0,1610612752.0,22500262
1,PT06M10.00S,06:10,Q1 06:10,41.833333333333336,91,rebound,TEAM defensive REBOUND,['team'],,11,8,,False,False,0,,2pt missed,foul,,,,1626156|1626157|1627824|1628404|1628973|1629013|1629023|1629655|1630230|202691,1626156|1629023|1629655|1630230|202691,1626157|1627824|1628404|1628973|1629013,,,1610612742.0,22500262
1,PT06M10.00S,06:10,Q1 06:10,41.833333333333336,92,foul,J. Hart loose ball personal FOUL (1 PF),[],Hart,11,8,,False,False,1628404,,rebound,substitution,1629023.0,,,1626156|1626157|1627824|1628404|1628973|1629013|1629023|1629655|1630230|202691,1626157|1627824|1628404|1628973|1629013,1626156|1629023|1629655|1630230|202691,,,1610612752.0,22500262
1,PT06M10.00S,06:10,Q1 06:10,41.833333333333336,94,substitution,SUB out: L. Shamet,[],Shamet,11,8,,False,False,1629013,,foul,substitution,,,,1626156|1626157|1627824|1628404|1628973|1629023|1629655|1630230|202691,1626157|1627824|1628404|1628973,1626156|1629023|1629655|1630230|202691,,,1610612752.0,22500262
1,PT06M10.00S,06:10,Q1 06:10,41.833333333333336,95,substitution,SUB in: M. Bridges,[],Bridges,11,8,,False,False,1628969,,substitution,3pt missed,,,,1626156|1626157|1627824|1628404|1628969|1628973|1629023|1629655|1630230|202691,1626157|1627824|1628404|1628969|1628973,1626156|1629023|1629655|1630230|202691,,,1610612752.0,22500262
1,PT05M58.00S,05:58,Q1 05:58,40.03333333333333,96,3pt,MISS D. Russell 26' 3PT,[],Russell,11,8,Missed,True,False,1626156,,substitution,rebound,,,,1626156|1626157|1627824|1628404|1628969|1628973|1629023|1629655|1630230|202691,1626156|1629023|1629655|1630230|202691,1626157|1627824|1628404|1628969|1628973,-132.0,228.0,1610612742.0,22500262
1,PT05M55.00S,05:55,Q1 05:55,40.083333333333336,97,rebound,K. Towns REBOUND (Off:1 Def:3),[],Towns,11,8,,False,False,1626157,,3pt missed,3pt made,,,,1626156|1626157|1627824|1628404|1628969|1628973|1629023|1629655|1630230|202691,1626157|1627824|1628404|1628969|1628973,1626156|1629023|1629655|1630230|202691,,,1610612752.0,22500262
1,PT05M50.00S,05:50,Q1 05:50,40.166666666666664,98,3pt,J. Hart 3PT running (3 PTS) (M. Bridges 1 AST),['fastbreak'],Hart,11,11,Made,True,True,1628404,1628969.0,rebound,turnover,,,,1626156|1626157|1627824|1628404|1628969|1628973|1629023|1629655|1630230|202691,1626157|1627824|1628404|1628969|1628973,1626156|1629023|1629655|1630230|202691,230.0,55.0,1610612752.0,22500262
1,PT05M41.00S,05:41,Q1 05:41,40.31666666666667,100,turnover,D. Russell lost ball out-of-bounds TURNOVER (1 TO),[],Russell,11,11,,False,False,1626156,,3pt made,substitution,,,,1626156|1626157|1627824|1628404|1628969|1628973|1629023|1629655|1630230|202691,1626156|1629023|1629655|1630230|202691,1626157|1627824|1628404|1628969|1628973,,,1610612742.0,22500262
1,PT05M41.00S,05:41,Q1 05:41,40.31666666666667,101,substitution,SUB out: K. Thompson,[],Thompson,11,11,,False,False,202691,,turnover,substitution,,,,1626156|1626157|1627824|1628404|1628969|1628973|1629023|1629655|1630230,1626156|1629023|1629655|1630230,1626157|1627824|1628404|1628969|1628973,,,1610612742.0,22500262
1,PT05M41.00S,05:41,Q1 05:41,40.31666666666667,102,substitution,SUB in: J. Hardy,[],Hardy,11,11,,False,False,1630702,,substitution,2pt made,,,,1626156|1626157|1627824|1628404|1628969|1628973|1629023|1629655|1630230|1630702,1626156|1629023|1629655|1630230|1630702,1626157|1627824|1628404|1628969|1628973,,,1610612742.0,22500262
1,PT05M20.00S,05:20,Q1 05:20,40.666666666666664,103,2pt,G. Yabusele 21' turnaround Jump Shot (2 PTS) (K. Towns 3 AST),['fromturnover'],Yabusele,11,13,Made,True,True,1627824,1626157.0,substitution,3pt made,,,,1626156|1626157|1627824|1628404|1628969|1628973|1629023|1629655|1630230|1630702,1626157|1627824|1628404|1628969|1628973,1626156|1629023|1629655|1630230|1630702,-147.0,152.0,1610612752.0,22500262
1,PT05M07.00S,05:07,Q1 05:07,40.88333333333333,105,3pt,N. Marshall 25' 3PT  (3 PTS) (D. Gafford 1 AST),[],Marshall,14,13,Made,True,True,1630230,1629655.0,2pt made,2pt missed,,,,1626156|1626157|1627824|1628404|1628969|1628973|1629023|1629655|1630230|1630702,1626156|1629023|1629655|1630230|1630702,1626157|1627824|1628404|1628969|1628973,-5.0,254.0,1610612742.0,22500262
1,PT04M52.00S,04:52,Q1 04:52,39.13333333333333,107,2pt,MISS J. Brunson 12' step back Shot,[],Brunson,14,13,Missed,True,False,1628973,,3pt made,rebound,,,,1626156|1626157|1627824|1628404|1628969|1628973|1629023|1629655|1630230|1630702,1626157|1627824|1628404|1628969|1628973,1626156|1629023|1629655|1630230|1630702,-124.0,6.0,1610612752.0,22500262
1,PT04M49.00S,04:49,Q1 04:49,39.18333333333333,108,rebound,J. Hardy REBOUND (Off:0 Def:1),[],Hardy,14,13,,False,False,1630702,,2pt missed,3pt made,,,,1626156|1626157|1627824|1628404|1628969|1628973|1629023|1629655|1630230|1630702,1626156|1629023|1629655|1630230|1630702,1626157|1627824|1628404|1628969|1628973,,,1610612742.0,22500262
1,PT04M41.00S,04:41,Q1 04:41,39.31666666666667,109,3pt,N. Marshall 3PT  (6 PTS) (P. Washington 1 AST),[],Marshall,17,13,Made,True,True,1630230,1629023.0,rebound,foul,,,,1626156|1626157|1627824|1628404|1628969|1628973|1629023|1629655|1630230|1630702,1626156|1629023|1629655|1630230|1630702,1626157|1627824|1628404|1628969|1628973,-234.0,-1.0,1610612742.0,22500262
1,PT04M21.00S,04:21,Q1 04:21,39.65,111,foul,J. Hardy personal FOUL (1 PF),[],Hardy,17,13,,False,False,1630702,,3pt made,2pt made,1627824.0,,,1626156|1626157|1627824|1628404|1628969|1628973|1629023|1629655|1630230|1630702,1626156|1629023|1629655|1630230|1630702,1626157|1627824|1628404|1628969|1628973,,,1610612742.0,22500262
1,PT04M10.00S,04:10,Q1 04:10,39.833333333333336,113,2pt,K. Towns driving DUNK (2 PTS) (J. Brunson 1 AST),['pointsinthepaint'],Towns,17,15,Made,True,True,1626157,1628973.0,foul,foul,,,,1626156|1626157|1627824|1628404|1628969|1628973|1629023|1629655|1630230|1630702,1626157|1627824|1628404|1628969|1628973,1626156|1629023|1629655|1630230|1630702,2.0,1.0,1610612752.0,22500262
1,PT04M10.00S,04:10,Q1 04:10,39.833333333333336,115,foul,D. Gafford shooting personal FOUL (1 PF) (Towns 1 FT),['1freethrow'],Gafford,17,15,,False,False,1629655,,2pt made,freethrow,1626157.0,,,1626156|1626157|1627824|1628404|1628969|1628973|1629023|1629655|1630230|1630702,1626156|1629023|1629655|1630230|1630702,1626157|1627824|1628404|1628969|1628973,,,1610612742.0,22500262
1,PT04M10.00S,04:10,Q1 04:10,39.833333333333336,119,freethrow,MISS K. Towns Free Throw 1 of 1,[],Towns,17,15,Missed,False,False,1626157,,foul,substitution,,,,1626156|1626157|1627824|1628404|1628969|1628973|1629023|1629655|1630230|1630702,1626157|1627824|1628404|1628969|1628973,1626156|1629023|1629655|1630230|1630702,,,1610612752.0,22500262
1,PT04M10.00S,04:10,Q1 04:10,39.833333333333336,117,substitution,SUB out: G. Yabusele,[],Yabusele,17,15,,False,False,1627824,,freethrow,substitution,,,,1626156|1626157|1628404|1628969|1628973|1629023|1629655|1630230|1630702,1626157|1628404|1628969|1628973,1626156|1629023|1629655|1630230|1630702,,,1610612752.0,22500262
1,PT04M10.00S,04:10,Q1 04:10,39.833333333333336,118,substitution,SUB in: M. McBride,[],McBride,17,15,,False,False,1630540,,substitution,rebound,,,,1626156|1626157|1628404|1628969|1628973|1629023|1629655|1630230|1630540|1630702,1626157|1628404|1628969|1628973|1630540,1626156|1629023|1629655|1630230|1630702,,,1610612752.0,22500262
1,PT04M08.00S,04:08,Q1 04:08,39.86666666666667,120,rebound,D. Gafford REBOUND (Off:0 Def:1),[],Gafford,17,15,,False,False,1629655,,substitution,substitution,,,,1626156|1626157|1628404|1628969|1628973|1629023|1629655|1630230|1630540|1630702,1626156|1629023|1629655|1630230|1630702,1626157|1628404|1628969|1628973|1630540,,,1610612742.0,22500262
1,PT03M58.00S,03:58,Q1 03:58,38.03333333333333,122,substitution,SUB out: K. Towns,[],Towns,17,15,,False,False,1626157,,rebound,substitution,,,,1626156|1628404|1628969|1628973|1629023|1629655|1630230|1630540|1630702,1628404|1628969|1628973|1630540,1626156|1629023|1629655|1630230|1630702,,,1610612752.0,22500262
1,PT03M58.00S,03:58,Q1 03:58,38.03333333333333,123,substitution,SUB in: M. Robinson,[],Robinson,17,15,,False,False,1629011,,substitution,turnover,,,,1626156|1628404|1628969|1628973|1629011|1629023|1629655|1630230|1630540|1630702,1628404|1628969|1628973|1629011|1630540,1626156|1629023|1629655|1630230|1630702,,,1610612752.0,22500262
1,PT03M56.00S,03:56,Q1 03:56,38.06666666666667,124,turnover,N. Marshall bad pass TURNOVER (1 TO),[],Marshall,17,15,,False,False,1630230,,substitution,steal,,1628969.0,,1626156|1628404|1628969|1628973|1629011|1629023|1629655|1630230|1630540|1630702,1626156|1629023|1629655|1630230|1630702,1628404|1628969|1628973|1629011|1630540,,,1610612742.0,22500262
1,PT03M56.00S,03:56,Q1 03:56,38.06666666666667,125,steal,M. Bridges STEAL (1 STL),[],Bridges,17,15,,False,False,1628969,,turnover,3pt missed,,,,1626156|1628404|1628969|1628973|1629011|1629023|1629655|1630230|1630540|1630702,1628404|1628969|1628973|1629011|1630540,1626156|1629023|1629655|1630230|1630702,,,1610612752.0,22500262
1,PT03M51.00S,03:51,Q1 03:51,38.15,126,3pt,MISS M. McBride 24' running pullup 3PT,"['fromturnover', 'fastbreak']",McBride,17,15,Missed,True,False,1630540,,steal,rebound,,,,1626156|1628404|1628969|1628973|1629011|1629023|1629655|1630230|1630540|1630702,1628404|1628969|1628973|1629011|1630540,1626156|1629023|1629655|1630230|1630702,-176.0,177.0,1610612752.0,22500262
1,PT03M46.00S,03:46,Q1 03:46,38.233333333333334,127,rebound,J. Hart REBOUND (Off:1 Def:1),[],Hart,17,15,,False,False,1628404,,3pt missed,3pt missed,,,,1626156|1628404|1628969|1628973|1629011|1629023|1629655|1630230|1630540|1630702,1628404|1628969|1628973|1629011|1630540,1626156|1629023|1629655|1630230|1630702,,,1610612752.0,22500262
1,PT03M45.00S,03:45,Q1 03:45,38.25,128,3pt,MISS J. Brunson 26' 3PT,"['fromturnover', '2ndchance']",Brunson,17,15,Missed,True,False,1628973,,rebound,rebound,,,,1626156|1628404|1628969|1628973|1629011|1629023|1629655|1630230|1630540|1630702,1628404|1628969|1628973|1629011|1630540,1626156|1629023|1629655|1630230|1630702,201.0,171.0,1610612752.0,22500262
1,PT03M45.00S,03:45,Q1 03:45,38.25,129,rebound,N. Marshall REBOUND (Off:0 Def:1),[],Marshall,17,15,,False,False,1630230,,3pt missed,3pt made,,,,1626156|1628404|1628969|1628973|1629011|1629023|1629655|1630230|1630540|1630702,1626156|1629023|1629655|1630230|1630702,1628404|1628969|1628973|1629011|1630540,,,1610612742.0,22500262
1,PT03M30.00S,03:30,Q1 03:30,38.5,130,3pt,J. Hardy 26' 3PT  (3 PTS) (D. Russell 2 AST),[],Hardy,20,15,Made,True,True,1630702,1626156.0,rebound,3pt missed,,,,1626156|1628404|1628969|1628973|1629011|1629023|1629655|1630230|1630540|1630702,1626156|1629023|1629655|1630230|1630702,1628404|1628969|1628973|1629011|1630540,-179.0,196.0,1610612742.0,22500262
1,PT03M08.00S,03:08,Q1 03:08,38.86666666666667,132,3pt,MISS M. McBride 24' 3PT,[],McBride,20,15,Missed,True,False,1630540,,3pt made,rebound,,,,1626156|1628404|1628969|1628973|1629011|1629023|1629655|1630230|1630540|1630702,1628404|1628969|1628973|1629011|1630540,1626156|1629023|1629655|1630230|1630702,228.0,98.0,1610612752.0,22500262
1,PT03M05.00S,03:05,Q1 03:05,38.916666666666664,133,rebound,P. Washington REBOUND (Off:1 Def:2),[],Washington,20,15,,False,False,1629023,,3pt missed,3pt missed,,,,1626156|1628404|1628969|1628973|1629011|1629023|1629655|1630230|1630540|1630702,1626156|1629023|1629655|1630230|1630702,1628404|1628969|1628973|1629011|1630540,,,1610612742.0,22500262
1,PT02M58.00S,02:58,Q1 02:58,37.03333333333333,134,3pt,MISS J. Hardy 24' 3PT,[],Hardy,20,15,Missed,True,False,1630702,,rebound,rebound,,,,1626156|1628404|1628969|1628973|1629011|1629023|1629655|1630230|1630540|1630702,1626156|1629023|1629655|1630230|1630702,1628404|1628969|1628973|1629011|1630540,140.0,206.0,1610612742.0,22500262
1,PT02M56.00S,02:56,Q1 02:56,37.06666666666667,135,rebound,J. Brunson REBOUND (Off:0 Def:2),[],Brunson,20,15,,False,False,1628973,,3pt missed,3pt missed,,,,1626156|1628404|1628969|1628973|1629011|1629023|1629655|1630230|1630540|1630702,1628404|1628969|1628973|1629011|1630540,1626156|1629023|1629655|1630230|1630702,,,1610612752.0,22500262
1,PT02M37.00S,02:37,Q1 02:37,37.38333333333333,136,3pt,MISS M. McBride 24' step back 3PT,[],McBride,20,15,Missed,True,False,1630540,,rebound,rebound,,,,1626156|1628404|1628969|1628973|1629011|1629023|1629655|1630230|1630540|1630702,1628404|1628969|1628973|1629011|1630540,1626156|1629023|1629655|1630230|1630702,-214.0,113.0,1610612752.0,22500262
1,PT02M34.00S,02:34,Q1 02:34,37.43333333333333,137,rebound,D. Russell REBOUND (Off:0 Def:3),[],Russell,20,15,,False,False,1626156,,3pt missed,3pt missed,,,,1626156|1628404|1628969|1628973|1629011|1629023|1629655|1630230|1630540|1630702,1626156|1629023|1629655|1630230|1630702,1628404|1628969|1628973|1629011|1630540,,,1610612742.0,22500262
1,PT02M25.00S,02:25,Q1 02:25,37.583333333333336,138,3pt,MISS J. Hardy 3PT,[],Hardy,20,15,Missed,True,False,1630702,,rebound,rebound,,,,1626156|1628404|1628969|1628973|1629011|1629023|1629655|1630230|1630540|1630702,1626156|1629023|1629655|1630230|1630702,1628404|1628969|1628973|1629011|1630540,228.0,-6.0,1610612742.0,22500262
1,PT02M23.00S,02:23,Q1 02:23,37.61666666666667,139,rebound,J. Brunson REBOUND (Off:0 Def:3),[],Brunson,20,15,,False,False,1628973,,3pt missed,foul,,,,1626156|1628404|1628969|1628973|1629011|1629023|1629655|1630230|1630540|1630702,1628404|1628969|1628973|1629011|1630540,1626156|1629023|1629655|1630230|1630702,,,1610612752.0,22500262
1,PT02M19.00S,02:19,Q1 02:19,37.68333333333333,140,foul,J. Hardy shooting personal FOUL (2 PF) (Hart 2 FT),"['inpenalty', '2freethrow']",Hardy,20,15,,False,False,1630702,,rebound,timeout,1628404.0,,,1626156|1628404|1628969|1628973|1629011|1629023|1629655|1630230|1630540|1630702,1626156|1629023|1629655|1630230|1630702,1628404|1628969|1628973|1629011|1630540,,,1610612742.0,22500262
1,PT02M19.00S,02:19,Q1 02:19,37.68333333333333,142,timeout,DAL Timeout,"['team', 'mandatory']",,20,15,,False,False,0,,foul,freethrow,,,,1626156|1628404|1628969|1628973|1629011|1629023|1629655|1630230|1630540|1630702,1626156|1629023|1629655|1630230|1630702,1628404|1628969|1628973|1629011|1630540,,,1610612742.0,22500262
1,PT02M19.00S,02:19,Q1 02:19,37.68333333333333,147,freethrow,MISS J. Hart Free Throw 1 of 2,['fastbreak'],Hart,20,15,Missed,False,False,1628404,,timeout,rebound,,,,1626156|1628404|1628969|1628973|1629011|1629023|1629655|1630230|1630540|1630702,1628404|1628969|1628973|1629011|1630540,1626156|1629023|1629655|1630230|1630702,,,1610612752.0,22500262
1,PT02M19.00S,02:19,Q1 02:19,37.68333333333333,148,rebound,TEAM offensive REBOUND,"['deadball', 'team']",,20,15,,False,False,0,,freethrow,freethrow,,,,1626156|1628404|1628969|1628973|1629011|1629023|1629655|1630230|1630540|1630702,1628404|1628969|1628973|1629011|1630540,1626156|1629023|1629655|1630230|1630702,,,1610612752.0,22500262
1,PT02M19.00S,02:19,Q1 02:19,37.68333333333333,149,freethrow,J. Hart Free Throw 2 of 2 (4 PTS),['fastbreak'],Hart,20,16,Made,False,False,1628404,,rebound,substitution,,,,1626156|1628404|1628969|1628973|1629011|1629023|1629655|1630230|1630540|1630702,1628404|1628969|1628973|1629011|1630540,1626156|1629023|1629655|1630230|1630702,,,1610612752.0,22500262
1,PT02M19.00S,02:19,Q1 02:19,37.68333333333333,143,substitution,SUB out: D. Gafford,[],Gafford,20,15,,False,False,1629655,,freethrow,substitution,,,,1626156|1628404|1628969|1628973|1629011|1629023|1630230|1630540|1630702,1626156|1629023|1630230|1630702,1628404|1628969|1628973|1629011|1630540,,,1610612742.0,22500262
1,PT02M19.00S,02:19,Q1 02:19,37.68333333333333,144,substitution,SUB out: P. Washington,[],Washington,20,15,,False,False,1629023,,substitution,substitution,,,,1626156|1628404|1628969|1628973|1629011|1630230|1630540|1630702,1626156|1630230|1630702,1628404|1628969|1628973|1629011|1630540,,,1610612742.0,22500262
1,PT02M19.00S,02:19,Q1 02:19,37.68333333333333,145,substitution,SUB in: M. Christie,[],Christie,20,15,,False,False,1631108,,substitution,substitution,,,,1626156|1628404|1628969|1628973|1629011|1630230|1630540|1630702|1631108,1626156|1630230|1630702|1631108,1628404|1628969|1628973|1629011|1630540,,,1610612742.0,22500262
1,PT02M19.00S,02:19,Q1 02:19,37.68333333333333,146,substitution,SUB in: M. Cisse,[],Cisse,20,15,,False,False,1630619,,substitution,turnover,,,,1626156|1628404|1628969|1628973|1629011|1630230|1630540|1630619|1630702|1631108,1626156|1630230|1630619|1630702|1631108,1628404|1628969|1628973|1629011|1630540,,,1610612742.0,22500262
1,PT02M05.00S,02:05,Q1 02:05,37.916666666666664,150,turnover,D. Russell bad pass out-of-bounds TURNOVER (2 TO),[],Russell,20,16,,False,False,1626156,,substitution,2pt made,,,,1626156|1628404|1628969|1628973|1629011|1630230|1630540|1630619|1630702|1631108,1626156|1630230|1630619|1630702|1631108,1628404|1628969|1628973|1629011|1630540,,,1610612742.0,22500262
1,PT01M46.00S,01:46,Q1 01:46,36.233333333333334,151,2pt,M. Bridges 8' Jump Shot (5 PTS),"['pointsinthepaint', 'fromturnover']",Bridges,20,18,Made,True,False,1628969,,turnover,2pt made,,,,1626156|1628404|1628969|1628973|1629011|1630230|1630540|1630619|1630702|1631108,1628404|1628969|1628973|1629011|1630540,1626156|1630230|1630619|1630702|1631108,-6.0,84.0,1610612752.0,22500262
1,PT01M33.00S,01:33,Q1 01:33,36.45,152,2pt,N. Marshall 6' Jump Shot (8 PTS),['pointsinthepaint'],Marshall,22,18,Made,True,False,1630230,,2pt made,3pt made,,,,1626156|1628404|1628969|1628973|1629011|1630230|1630540|1630619|1630702|1631108,1626156|1630230|1630619|1630702|1631108,1628404|1628969|1628973|1629011|1630540,-20.0,65.0,1610612742.0,22500262
1,PT01M23.00S,01:23,Q1 01:23,36.61666666666667,153,3pt,J. Brunson 25' 3PT pullup (5 PTS),[],Brunson,22,21,Made,True,False,1628973,,2pt made,turnover,,,,1626156|1628404|1628969|1628973|1629011|1630230|1630540|1630619|1630702|1631108,1628404|1628969|1628973|1629011|1630540,1626156|1630230|1630619|1630702|1631108,-59.0,247.0,1610612752.0,22500262
1,PT00M59.20S,00:59,Q1 00:59,35.016666666666666,154,turnover,M. Cisse lost ball TURNOVER (1 TO),[],Cisse,22,21,,False,False,1630619,,3pt made,steal,,1628973.0,,1626156|1628404|1628969|1628973|1629011|1630230|1630540|1630619|1630702|1631108,1626156|1630230|1630619|1630702|1631108,1628404|1628969|1628973|1629011|1630540,,,1610612742.0,22500262
1,PT00M59.20S,00:59,Q1 00:59,35.016666666666666,155,steal,J. Brunson STEAL (1 STL),[],Brunson,22,21,,False,False,1628973,,turnover,3pt missed,,,,1626156|1628404|1628969|1628973|1629011|1630230|1630540|1630619|1630702|1631108,1628404|1628969|1628973|1629011|1630540,1626156|1630230|1630619|1630702|1631108,,,1610612752.0,22500262
1,PT00M53.10S,00:53,Q1 00:53,35.11666666666667,156,3pt,MISS J. Brunson 24' 3PT,['fromturnover'],Brunson,22,21,Missed,True,False,1628973,,steal,rebound,,,,1626156|1628404|1628969|1628973|1629011|1630230|1630540|1630619|1630702|1631108,1628404|1628969|1628973|1629011|1630540,1626156|1630230|1630619|1630702|1631108,-222.0,101.0,1610612752.0,22500262
1,PT00M49.00S,00:49,Q1 00:49,35.18333333333333,157,rebound,M. Robinson REBOUND (Off:1 Def:1),[],Robinson,22,21,,False,False,1629011,,3pt missed,3pt made,,,,1626156|1628404|1628969|1628973|1629011|1630230|1630540|1630619|1630702|1631108,1628404|1628969|1628973|1629011|1630540,1626156|1630230|1630619|1630702|1631108,,,1610612752.0,22500262
1,PT00M47.00S,00:47,Q1 00:47,35.21666666666667,158,3pt,J. Brunson 25' 3PT  (8 PTS) (M. McBride 1 AST),"['fromturnover', '2ndchance']",Brunson,22,24,Made,True,True,1628973,1630540.0,rebound,3pt missed,,,,1626156|1628404|1628969|1628973|1629011|1630230|1630540|1630619|1630702|1631108,1628404|1628969|1628973|1629011|1630540,1626156|1630230|1630619|1630702|1631108,96.0,231.0,1610612752.0,22500262
1,PT00M35.50S,00:35,Q1 00:35,35.416666666666664,160,3pt,MISS N. Marshall 25' 3PT,[],Marshall,22,24,Missed,True,False,1630230,,3pt made,rebound,,,,1626156|1628404|1628969|1628973|1629011|1630230|1630540|1630619|1630702|1631108,1626156|1630230|1630619|1630702|1631108,1628404|1628969|1628973|1629011|1630540,-140.0,215.0,1610612742.0,22500262
1,PT00M33.10S,00:33,Q1 00:33,35.45,161,rebound,M. Bridges REBOUND (Off:1 Def:2),[],Bridges,22,24,,False,False,1628969,,3pt missed,2pt missed,,,,1626156|1628404|1628969|1628973|1629011|1630230|1630540|1630619|1630702|1631108,1628404|1628969|1628973|1629011|1630540,1626156|1630230|1630619|1630702|1631108,,,1610612752.0,22500262
1,PT00M13.90S,00:13,Q1 00:13,35.78333333333333,162,2pt,MISS J. Brunson 7' driving floating Shot,['pointsinthepaint'],Brunson,22,24,Missed,True,False,1628973,,rebound,rebound,,,,1626156|1628404|1628969|1628973|1629011|1630230|1630540|1630619|1630702|1631108,1628404|1628969|1628973|1629011|1630540,1626156|1630230|1630619|1630702|1631108,27.0,74.0,1610612752.0,22500262
1,PT00M11.90S,00:11,Q1 00:11,35.81666666666667,163,rebound,N. Marshall REBOUND (Off:0 Def:2),[],Marshall,22,24,,False,False,1630230,,2pt missed,3pt made,,,,1626156|1628404|1628969|1628973|1629011|1630230|1630540|1630619|1630702|1631108,1626156|1630230|1630619|1630702|1631108,1628404|1628969|1628973|1629011|1630540,,,1610612742.0,22500262
1,PT00M01.90S,00:01,Q1 00:01,35.983333333333334,164,3pt,N. Marshall 25' 3PT  (11 PTS) (D. Russell 3 AST),[],Marshall,25,24,Made,True,True,1630230,1626156.0,rebound,rebound,,,,1626156|1628404|1628969|1628973|1629011|1630230|1630540|1630619|1630702|1631108,1626156|1630230|1630619|1630702|1631108,1628404|1628969|1628973|1629011|1630540,54.0,251.0,1610612742.0,22500262
1,PT00M00.00S,00:00,Q1 00:00,36.0,167,rebound,TEAM offensive REBOUND,['team'],,25,24,,False,False,0,,3pt made,substitution,,,,1626156|1628404|1628969|1628973|1629011|1630230|1630540|1630619|1630702|1631108,1628404|1628969|1628973|1629011|1630540,1626156|1630230|1630619|1630702|1631108,,,1610612752.0,22500262
2,PT12M00.00S,12:00,Q2 12:00,36.0,169,substitution,SUB out: J. Hardy,['startperiod'],Hardy,25,24,,False,False,1630702,,rebound,substitution,,,,1626156|1628404|1628969|1628973|1629011|1630230|1630540|1630619|1631108,1626156|1630230|1630619|1631108,1628404|1628969|1628973|1629011|1630540,,,1610612742.0,22500262
2,PT12M00.00S,12:00,Q2 12:00,36.0,170,substitution,SUB out: D. Russell,['startperiod'],Russell,25,24,,False,False,1626156,,substitution,substitution,,,,1628404|1628969|1628973|1629011|1630230|1630540|1630619|1631108,1630230|1630619|1631108,1628404|1628969|1628973|1629011|1630540,,,1610612742.0,22500262
2,PT12M00.00S,12:00,Q2 12:00,36.0,171,substitution,SUB out: M. Cisse,['startperiod'],Cisse,25,24,,False,False,1630619,,substitution,substitution,,,,1628404|1628969|1628973|1629011|1630230|1630540|1631108,1630230|1631108,1628404|1628969|1628973|1629011|1630540,,,1610612742.0,22500262
2,PT12M00.00S,12:00,Q2 12:00,36.0,172,substitution,SUB out: J. Brunson,['startperiod'],Brunson,25,24,,False,False,1628973,,substitution,substitution,,,,1628404|1628969|1629011|1630230|1630540|1631108,1628404|1628969|1629011|1630540,1630230|1631108,,,1610612752.0,22500262
2,PT12M00.00S,12:00,Q2 12:00,36.0,173,substitution,SUB out: M. Robinson,['startperiod'],Robinson,25,24,,False,False,1629011,,substitution,substitution,,,,1628404|1628969|1630230|1630540|1631108,1628404|1628969|1630540,1630230|1631108,,,1610612752.0,22500262
2,PT12M00.00S,12:00,Q2 12:00,36.0,174,substitution,SUB out: M. Bridges,['startperiod'],Bridges,25,24,,False,False,1628969,,substitution,substitution,,,,1628404|1630230|1630540|1631108,1628404|1630540,1630230|1631108,,,1610612752.0,22500262
2,PT12M00.00S,12:00,Q2 12:00,36.0,175,substitution,SUB in: K. Thompson,['startperiod'],Thompson,25,24,,False,False,202691,,substitution,substitution,,,,1628404|1630230|1630540|1631108|202691,1630230|1631108|202691,1628404|1630540,,,1610612742.0,22500262
2,PT12M00.00S,12:00,Q2 12:00,36.0,176,substitution,SUB in: D. Lively II,['startperiod'],Lively II,25,24,,False,False,1641726,,substitution,substitution,,,,1628404|1630230|1630540|1631108|1641726|202691,1630230|1631108|1641726|202691,1628404|1630540,,,1610612742.0,22500262
2,PT12M00.00S,12:00,Q2 12:00,36.0,177,substitution,SUB in: B. Williams,['startperiod'],Williams,25,24,,False,False,1630314,,substitution,substitution,,,,1628404|1630230|1630314|1630540|1631108|1641726|202691,1630230|1630314|1631108|1641726|202691,1628404|1630540,,,1610612742.0,22500262
2,PT12M00.00S,12:00,Q2 12:00,36.0,178,substitution,SUB in: K. Towns,['startperiod'],Towns,25,24,,False,False,1626157,,substitution,substitution,,,,1626157|1628404|1630230|1630314|1630540|1631108|1641726|202691,1626157|1628404|1630540,1630230|1630314|1631108|1641726|202691,,,1610612752.0,22500262
2,PT12M00.00S,12:00,Q2 12:00,36.0,179,substitution,SUB in: G. Yabusele,['startperiod'],Yabusele,25,24,,False,False,1627824,,substitution,substitution,,,,1626157|1627824|1628404|1630230|1630314|1630540|1631108|1641726|202691,1626157|1627824|1628404|1630540,1630230|1630314|1631108|1641726|202691,,,1610612752.0,22500262
2,PT12M00.00S,12:00,Q2 12:00,36.0,180,substitution,SUB in: J. Clarkson,['startperiod'],Clarkson,25,24,,False,False,203903,,substitution,3pt missed,,,,1626157|1627824|1628404|1630230|1630314|1630540|1631108|1641726|202691|203903,1626157|1627824|1628404|1630540|203903,1630230|1630314|1631108|1641726|202691,,,1610612752.0,22500262
2,PT11M40.00S,11:40,Q2 11:40,34.333333333333336,182,3pt,MISS B. Williams 24' 3PT,[],Williams,25,24,Missed,True,False,1630314,,substitution,rebound,,,,1626157|1627824|1628404|1630230|1630314|1630540|1631108|1641726|202691|203903,1630230|1630314|1631108|1641726|202691,1626157|1627824|1628404|1630540|203903,232.0,89.0,1610612742.0,22500262
2,PT11M36.00S,11:36,Q2 11:36,34.4,183,rebound,J. Hart REBOUND (Off:1 Def:2),[],Hart,25,24,,False,False,1628404,,3pt missed,2pt missed,,,,1626157|1627824|1628404|1630230|1630314|1630540|1631108|1641726|202691|203903,1626157|1627824|1628404|1630540|203903,1630230|1630314|1631108|1641726|202691,,,1610612752.0,22500262
2,PT11M25.00S,11:25,Q2 11:25,34.583333333333336,184,2pt,MISS J. Hart driving Layup,['pointsinthepaint'],Hart,25,24,Missed,True,False,1628404,,rebound,rebound,,,,1626157|1627824|1628404|1630230|1630314|1630540|1631108|1641726|202691|203903,1626157|1627824|1628404|1630540|203903,1630230|1630314|1631108|1641726|202691,45.0,15.0,1610612752.0,22500262
2,PT11M23.00S,11:23,Q2 11:23,34.61666666666667,185,rebound,D. Lively II REBOUND (Off:1 Def:3),[],Lively II,25,24,,False,False,1641726,,2pt missed,turnover,,,,1626157|1627824|1628404|1630230|1630314|1630540|1631108|1641726|202691|203903,1630230|1630314|1631108|1641726|202691,1626157|1627824|1628404|1630540|203903,,,1610612742.0,22500262
2,PT11M15.00S,11:15,Q2 11:15,34.75,186,turnover,N. Marshall bad pass out-of-bounds TURNOVER (2 TO),[],Marshall,25,24,,False,False,1630230,,rebound,3pt missed,,,,1626157|1627824|1628404|1630230|1630314|1630540|1631108|1641726|202691|203903,1630230|1630314|1631108|1641726|202691,1626157|1627824|1628404|1630540|203903,,,1610612742.0,22500262
2,PT10M56.00S,10:56,Q2 10:56,33.06666666666667,187,3pt,MISS J. Clarkson 3PT,['fromturnover'],Clarkson,25,24,Missed,True,False,203903,,turnover,rebound,,,,1626157|1627824|1628404|1630230|1630314|1630540|1631108|1641726|202691|203903,1626157|1627824|1628404|1630540|203903,1630230|1630314|1631108|1641726|202691,232.0,30.0,1610612752.0,22500262
2,PT10M53.00S,10:53,Q2 10:53,33.11666666666667,188,rebound,K. Thompson REBOUND (Off:0 Def:1),[],Thompson,25,24,,False,False,202691,,3pt missed,foul,,,,1626157|1627824|1628404|1630230|1630314|1630540|1631108|1641726|202691|203903,1630230|1630314|1631108|1641726|202691,1626157|1627824|1628404|1630540|203903,,,1610612742.0,22500262
2,PT10M48.00S,10:48,Q2 10:48,33.2,189,foul,J. Hart personal FOUL (2 PF),[],Hart,25,24,,False,False,1628404,,rebound,2pt missed,1641726.0,,,1626157|1627824|1628404|1630230|1630314|1630540|1631108|1641726|202691|203903,1626157|1627824|1628404|1630540|203903,1630230|1630314|1631108|1641726|202691,,,1610612752.0,22500262
2,PT10M42.00S,10:42,Q2 10:42,33.3,191,2pt,MISS M. Christie driving floating bank Shot,['pointsinthepaint'],Christie,25,24,Missed,True,False,1631108,,foul,rebound,,,,1626157|1627824|1628404|1630230|1630314|1630540|1631108|1641726|202691|203903,1630230|1630314|1631108|1641726|202691,1626157|1627824|1628404|1630540|203903,-36.0,37.0,1610612742.0,22500262
2,PT10M39.00S,10:39,Q2 10:39,33.35,192,rebound,J. Hart REBOUND (Off:1 Def:3),[],Hart,25,24,,False,False,1628404,,2pt missed,3pt missed,,,,1626157|1627824|1628404|1630230|1630314|1630540|1631108|1641726|202691|203903,1626157|1627824|1628404|1630540|203903,1630230|1630314|1631108|1641726|202691,,,1610612752.0,22500262
2,PT10M34.00S,10:34,Q2 10:34,33.43333333333333,193,3pt,MISS K. Towns 25' running 3PT,['fastbreak'],Towns,25,24,Missed,True,False,1626157,,rebound,rebound,,,,1626157|1627824|1628404|1630230|1630314|1630540|1631108|1641726|202691|203903,1626157|1627824|1628404|1630540|203903,1630230|1630314|1631108|1641726|202691,-6.0,253.0,1610612752.0,22500262
2,PT10M31.00S,10:31,Q2 10:31,33.483333333333334,194,rebound,M. Christie REBOUND (Off:0 Def:2),[],Christie,25,24,,False,False,1631108,,3pt missed,3pt missed,,,,1626157|1627824|1628404|1630230|1630314|1630540|1631108|1641726|202691|203903,1630230|1630314|1631108|1641726|202691,1626157|1627824|1628404|1630540|203903,,,1610612742.0,22500262
2,PT10M21.00S,10:21,Q2 10:21,33.65,195,3pt,MISS B. Williams 24' 3PT,[],Williams,25,24,Missed,True,False,1630314,,rebound,rebound,,,,1626157|1627824|1628404|1630230|1630314|1630540|1631108|1641726|202691|203903,1630230|1630314|1631108|1641726|202691,1626157|1627824|1628404|1630540|203903,-234.0,67.0,1610612742.0,22500262
2,PT10M18.00S,10:18,Q2 10:18,33.7,196,rebound,K. Towns REBOUND (Off:1 Def:4),[],Towns,25,24,,False,False,1626157,,3pt missed,turnover,,,,1626157|1627824|1628404|1630230|1630314|1630540|1631108|1641726|202691|203903,1626157|1627824|1628404|1630540|203903,1630230|1630314|1631108|1641726|202691,,,1610612752.0,22500262
2,PT10M09.00S,10:09,Q2 10:09,33.85,197,turnover,J. Hart traveling TURNOVER (1 TO),[],Hart,25,24,,False,False,1628404,,rebound,2pt missed,,,,1626157|1627824|1628404|1630230|1630314|1630540|1631108|1641726|202691|203903,1626157|1627824|1628404|1630540|203903,1630230|1630314|1631108|1641726|202691,,,1610612752.0,22500262
2,PT09M56.00S,09:56,Q2 09:56,32.06666666666667,198,2pt,MISS D. Lively II driving Layup,"['pointsinthepaint', 'fromturnover']",Lively II,25,24,Missed,True,False,1641726,,turnover,rebound,,,,1626157|1627824|1628404|1630230|1630314|1630540|1631108|1641726|202691|203903,1630230|1630314|1631108|1641726|202691,1626157|1627824|1628404|1630540|203903,33.0,16.0,1610612742.0,22500262
2,PT09M54.00S,09:54,Q2 09:54,32.1,199,rebound,J. Hart REBOUND (Off:1 Def:4),[],Hart,25,24,,False,False,1628404,,2pt missed,3pt missed,,,,1626157|1627824|1628404|1630230|1630314|1630540|1631108|1641726|202691|203903,1626157|1627824|1628404|1630540|203903,1630230|1630314|1631108|1641726|202691,,,1610612752.0,22500262
2,PT09M40.00S,09:40,Q2 09:40,32.333333333333336,200,3pt,MISS M. McBride 25' 3PT,[],McBride,25,24,Missed,True,False,1630540,,rebound,rebound,,,,1626157|1627824|1628404|1630230|1630314|1630540|1631108|1641726|202691|203903,1626157|1627824|1628404|1630540|203903,1630230|1630314|1631108|1641726|202691,-156.0,197.0,1610612752.0,22500262
2,PT09M38.00S,09:38,Q2 09:38,32.36666666666667,201,rebound,J. Clarkson REBOUND (Off:1 Def:0),[],Clarkson,25,24,,False,False,203903,,3pt missed,3pt missed,,,,1626157|1627824|1628404|1630230|1630314|1630540|1631108|1641726|202691|203903,1626157|1627824|1628404|1630540|203903,1630230|1630314|1631108|1641726|202691,,,1610612752.0,22500262
2,PT09M34.00S,09:34,Q2 09:34,32.43333333333333,202,3pt,MISS G. Yabusele 25' 3PT,['2ndchance'],Yabusele,25,24,Missed,True,False,1627824,,rebound,rebound,,,,1626157|1627824|1628404|1630230|1630314|1630540|1631108|1641726|202691|203903,1626157|1627824|1628404|1630540|203903,1630230|1630314|1631108|1641726|202691,165.0,194.0,1610612752.0,22500262
2,PT09M31.00S,09:31,Q2 09:31,32.483333333333334,203,rebound,N. Marshall REBOUND (Off:0 Def:3),[],Marshall,25,24,,False,False,1630230,,3pt missed,foul,,,,1626157|1627824|1628404|1630230|1630314|1630540|1631108|1641726|202691|203903,1630230|1630314|1631108|1641726|202691,1626157|1627824|1628404|1630540|203903,,,1610612742.0,22500262
2,PT09M24.00S,09:24,Q2 09:24,32.6,204,foul,M. McBride personal FOUL (1 PF),[],McBride,25,24,,False,False,1630540,,rebound,substitution,1630314.0,,,1626157|1627824|1628404|1630230|1630314|1630540|1631108|1641726|202691|203903,1626157|1627824|1628404|1630540|203903,1630230|1630314|1631108|1641726|202691,,,1610612752.0,22500262
2,PT09M24.00S,09:24,Q2 09:24,32.6,206,substitution,SUB out: J. Hart,[],Hart,25,24,,False,False,1628404,,foul,substitution,,,,1626157|1627824|1630230|1630314|1630540|1631108|1641726|202691|203903,1626157|1627824|1630540|203903,1630230|1630314|1631108|1641726|202691,,,1610612752.0,22500262
2,PT09M24.00S,09:24,Q2 09:24,32.6,207,substitution,SUB in: M. Diawara,[],Diawara,25,24,,False,False,1642885,,substitution,turnover,,,,1626157|1627824|1630230|1630314|1630540|1631108|1641726|1642885|202691|203903,1626157|1627824|1630540|1642885|203903,1630230|1630314|1631108|1641726|202691,,,1610612752.0,22500262
2,PT09M23.00S,09:23,Q2 09:23,32.61666666666667,208,turnover,M. Christie backcourt TURNOVER (1 TO),[],Christie,25,24,,False,False,1631108,,substitution,3pt missed,,,,1626157|1627824|1630230|1630314|1630540|1631108|1641726|1642885|202691|203903,1630230|1630314|1631108|1641726|202691,1626157|1627824|1630540|1642885|203903,,,1610612742.0,22500262
2,PT09M05.00S,09:05,Q2 09:05,32.916666666666664,210,3pt,MISS M. McBride 24' 3PT,['fromturnover'],McBride,25,24,Missed,True,False,1630540,,turnover,rebound,,,,1626157|1627824|1630230|1630314|1630540|1631108|1641726|1642885|202691|203903,1626157|1627824|1630540|1642885|203903,1630230|1630314|1631108|1641726|202691,-36.0,245.0,1610612752.0,22500262
2,PT09M03.00S,09:03,Q2 09:03,32.95,211,rebound,D. Lively II REBOUND (Off:1 Def:4),[],Lively II,25,24,,False,False,1641726,,3pt missed,foul,,,,1626157|1627824|1630230|1630314|1630540|1631108|1641726|1642885|202691|203903,1630230|1630314|1631108|1641726|202691,1626157|1627824|1630540|1642885|203903,,,1610612742.0,22500262
2,PT08M57.00S,08:57,Q2 08:57,31.05,212,foul,K. Towns shooting personal FOUL (1 PF) (Marshall 2 FT),['2freethrow'],Towns,25,24,,False,False,1626157,,rebound,freethrow,1630230.0,,,1626157|1627824|1630230|1630314|1630540|1631108|1641726|1642885|202691|203903,1626157|1627824|1630540|1642885|203903,1630230|1630314|1631108|1641726|202691,,,1610612752.0,22500262
2,PT08M57.00S,08:57,Q2 08:57,31.05,214,freethrow,N. Marshall Free Throw 1 of 2 (12 PTS),[],Marshall,26,24,Made,False,False,1630230,,foul,freethrow,,,,1626157|1627824|1630230|1630314|1630540|1631108|1641726|1642885|202691|203903,1630230|1630314|1631108|1641726|202691,1626157|1627824|1630540|1642885|203903,,,1610612742.0,22500262
2,PT08M57.00S,08:57,Q2 08:57,31.05,216,freethrow,N. Marshall Free Throw 2 of 2 (13 PTS),[],Marshall,27,24,Made,False,False,1630230,,freethrow,2pt made,,,,1626157|1627824|1630230|1630314|1630540|1631108|1641726|1642885|202691|203903,1630230|1630314|1631108|1641726|202691,1626157|1627824|1630540|1642885|203903,,,1610612742.0,22500262
2,PT08M38.00S,08:38,Q2 08:38,31.366666666666667,217,2pt,J. Clarkson driving Layup (2 PTS),['pointsinthepaint'],Clarkson,27,26,Made,True,False,203903,,freethrow,2pt missed,,,,1626157|1627824|1630230|1630314|1630540|1631108|1641726|1642885|202691|203903,1626157|1627824|1630540|1642885|203903,1630230|1630314|1631108|1641726|202691,-21.0,1.0,1610612752.0,22500262
2,PT08M21.00S,08:21,Q2 08:21,31.65,218,2pt,MISS M. Christie driving Layup - blocked,['pointsinthepaint'],Christie,27,26,Missed,True,False,1631108,,2pt made,block,,,1642885.0,1626157|1627824|1630230|1630314|1630540|1631108|1641726|1642885|202691|203903,1630230|1630314|1631108|1641726|202691,1626157|1627824|1630540|1642885|203903,28.0,17.0,1610612742.0,22500262
2,PT08M21.00S,08:21,Q2 08:21,31.65,219,block,M. Diawara BLOCK (1 BLK),[],Diawara,27,26,,False,False,1642885,,2pt missed,rebound,,,,1626157|1627824|1630230|1630314|1630540|1631108|1641726|1642885|202691|203903,1626157|1627824|1630540|1642885|203903,1630230|1630314|1631108|1641726|202691,,,1610612752.0,22500262
2,PT08M19.00S,08:19,Q2 08:19,31.683333333333334,220,rebound,D. Lively II REBOUND (Off:2 Def:4),[],Lively II,27,26,,False,False,1641726,,block,foul,,,,1626157|1627824|1630230|1630314|1630540|1631108|1641726|1642885|202691|203903,1630230|1630314|1631108|1641726|202691,1626157|1627824|1630540|1642885|203903,,,1610612742.0,22500262
2,PT08M19.00S,08:19,Q2 08:19,31.683333333333334,221,foul,M. Diawara shooting personal FOUL (1 PF) (Marshall 2 FT),['2freethrow'],Diawara,27,26,,False,False,1642885,,rebound,freethrow,1630230.0,,,1626157|1627824|1630230|1630314|1630540|1631108|1641726|1642885|202691|203903,1626157|1627824|1630540|1642885|203903,1630230|1630314|1631108|1641726|202691,,,1610612752.0,22500262
2,PT08M19.00S,08:19,Q2 08:19,31.683333333333334,223,freethrow,N. Marshall Free Throw 1 of 2 (14 PTS),['2ndchance'],Marshall,28,26,Made,False,False,1630230,,foul,freethrow,,,,1626157|1627824|1630230|1630314|1630540|1631108|1641726|1642885|202691|203903,1630230|1630314|1631108|1641726|202691,1626157|1627824|1630540|1642885|203903,,,1610612742.0,22500262
2,PT08M19.00S,08:19,Q2 08:19,31.683333333333334,224,freethrow,N. Marshall Free Throw 2 of 2 (15 PTS),['2ndchance'],Marshall,29,26,Made,False,False,1630230,,freethrow,2pt made,,,,1626157|1627824|1630230|1630314|1630540|1631108|1641726|1642885|202691|203903,1630230|1630314|1631108|1641726|202691,1626157|1627824|1630540|1642885|203903,,,1610612742.0,22500262
2,PT07M56.00S,07:56,Q2 07:56,30.066666666666666,225,2pt,M. McBride driving reverse Layup (2 PTS) (G. Yabusele 1 AST),['pointsinthepaint'],McBride,29,28,Made,True,True,1630540,1627824.0,freethrow,turnover,,,,1626157|1627824|1630230|1630314|1630540|1631108|1641726|1642885|202691|203903,1626157|1627824|1630540|1642885|203903,1630230|1630314|1631108|1641726|202691,-21.0,3.0,1610612752.0,22500262
2,PT07M40.00S,07:40,Q2 07:40,30.333333333333332,227,turnover,M. Christie bad pass TURNOVER (2 TO),[],Christie,29,28,,False,False,1631108,,2pt made,steal,,1626157.0,,1626157|1627824|1630230|1630314|1630540|1631108|1641726|1642885|202691|203903,1630230|1630314|1631108|1641726|202691,1626157|1627824|1630540|1642885|203903,,,1610612742.0,22500262
2,PT07M40.00S,07:40,Q2 07:40,30.333333333333332,228,steal,K. Towns STEAL (1 STL),[],Towns,29,28,,False,False,1626157,,turnover,foul,,,,1626157|1627824|1630230|1630314|1630540|1631108|1641726|1642885|202691|203903,1626157|1627824|1630540|1642885|203903,1630230|1630314|1631108|1641726|202691,,,1610612752.0,22500262
2,PT07M38.00S,07:38,Q2 07:38,30.366666666666667,229,foul,K. Thompson shooting personal FOUL (2 PF) (Towns 2 FT),['2freethrow'],Thompson,29,28,,False,False,202691,,steal,freethrow,1626157.0,,,1626157|1627824|1630230|1630314|1630540|1631108|1641726|1642885|202691|203903,1630230|1630314|1631108|1641726|202691,1626157|1627824|1630540|1642885|203903,,,1610612742.0,22500262
2,PT07M38.00S,07:38,Q2 07:38,30.366666666666667,231,freethrow,K. Towns Free Throw 1 of 2 (3 PTS),"['fromturnover', 'fastbreak']",Towns,29,29,Made,False,False,1626157,,foul,freethrow,,,,1626157|1627824|1630230|1630314|1630540|1631108|1641726|1642885|202691|203903,1626157|1627824|1630540|1642885|203903,1630230|1630314|1631108|1641726|202691,,,1610612752.0,22500262
2,PT07M38.00S,07:38,Q2 07:38,30.366666666666667,240,freethrow,MISS K. Towns Free Throw 2 of 2,"['fastbreak', 'fromturnover']",Towns,29,29,Missed,False,False,1626157,,freethrow,substitution,,,,1626157|1627824|1630230|1630314|1630540|1631108|1641726|1642885|202691|203903,1626157|1627824|1630540|1642885|203903,1630230|1630314|1631108|1641726|202691,,,1610612752.0,22500262
2,PT07M38.00S,07:38,Q2 07:38,30.366666666666667,232,substitution,SUB out: D. Lively II,[],Lively II,29,29,,False,False,1641726,,freethrow,substitution,,,,1626157|1627824|1630230|1630314|1630540|1631108|1642885|202691|203903,1630230|1630314|1631108|202691,1626157|1627824|1630540|1642885|203903,,,1610612742.0,22500262
2,PT07M38.00S,07:38,Q2 07:38,30.366666666666667,233,substitution,SUB out: N. Marshall,[],Marshall,29,29,,False,False,1630230,,substitution,substitution,,,,1626157|1627824|1630314|1630540|1631108|1642885|202691|203903,1630314|1631108|202691,1626157|1627824|1630540|1642885|203903,,,1610612742.0,22500262
2,PT07M38.00S,07:38,Q2 07:38,30.366666666666667,234,substitution,SUB out: G. Yabusele,[],Yabusele,29,29,,False,False,1627824,,substitution,substitution,,,,1626157|1630314|1630540|1631108|1642885|202691|203903,1626157|1630540|1642885|203903,1630314|1631108|202691,,,1610612752.0,22500262
2,PT07M38.00S,07:38,Q2 07:38,30.366666666666667,235,substitution,SUB out: M. Diawara,[],Diawara,29,29,,False,False,1642885,,substitution,substitution,,,,1626157|1630314|1630540|1631108|202691|203903,1626157|1630540|203903,1630314|1631108|202691,,,1610612752.0,22500262
2,PT07M38.00S,07:38,Q2 07:38,30.366666666666667,236,substitution,SUB in: P. Washington,[],Washington,29,29,,False,False,1629023,,substitution,substitution,,,,1626157|1629023|1630314|1630540|1631108|202691|203903,1629023|1630314|1631108|202691,1626157|1630540|203903,,,1610612742.0,22500262
2,PT07M38.00S,07:38,Q2 07:38,30.366666666666667,237,substitution,SUB in: D. Gafford,[],Gafford,29,29,,False,False,1629655,,substitution,substitution,,,,1626157|1629023|1629655|1630314|1630540|1631108|202691|203903,1629023|1629655|1630314|1631108|202691,1626157|1630540|203903,,,1610612742.0,22500262
2,PT07M38.00S,07:38,Q2 07:38,30.366666666666667,238,substitution,SUB in: M. Robinson,[],Robinson,29,29,,False,False,1629011,,substitution,substitution,,,,1626157|1629011|1629023|1629655|1630314|1630540|1631108|202691|203903,1626157|1629011|1630540|203903,1629023|1629655|1630314|1631108|202691,,,1610612752.0,22500262
2,PT07M38.00S,07:38,Q2 07:38,30.366666666666667,239,substitution,SUB in: L. Shamet,[],Shamet,29,29,,False,False,1629013,,substitution,rebound,,,,1626157|1629011|1629013|1629023|1629655|1630314|1630540|1631108|202691|203903,1626157|1629011|1629013|1630540|203903,1629023|1629655|1630314|1631108|202691,,,1610612752.0,22500262
2,PT07M36.00S,07:36,Q2 07:36,30.4,241,rebound,D. Gafford REBOUND (Off:0 Def:2),[],Gafford,29,29,,False,False,1629655,,substitution,3pt made,,,,1626157|1629011|1629013|1629023|1629655|1630314|1630540|1631108|202691|203903,1629023|1629655|1630314|1631108|202691,1626157|1629011|1629013|1630540|203903,,,1610612742.0,22500262
2,PT07M26.00S,07:26,Q2 07:26,30.566666666666666,242,3pt,K. Thompson 25' 3PT  (6 PTS) (B. Williams 1 AST),[],Thompson,32,29,Made,True,True,202691,1630314.0,rebound,3pt missed,,,,1626157|1629011|1629013|1629023|1629655|1630314|1630540|1631108|202691|203903,1629023|1629655|1630314|1631108|202691,1626157|1629011|1629013|1630540|203903,44.0,252.0,1610612742.0,22500262
2,PT07M10.00S,07:10,Q2 07:10,30.833333333333332,244,3pt,MISS M. McBride 24' 3PT,[],McBride,32,29,Missed,True,False,1630540,,3pt made,rebound,,,,1626157|1629011|1629013|1629023|1629655|1630314|1630540|1631108|202691|203903,1626157|1629011|1629013|1630540|203903,1629023|1629655|1630314|1631108|202691,152.0,193.0,1610612752.0,22500262
2,PT07M07.00S,07:07,Q2 07:07,30.883333333333333,245,rebound,M. Christie REBOUND (Off:0 Def:3),[],Christie,32,29,,False,False,1631108,,3pt missed,3pt missed,,,,1626157|1629011|1629013|1629023|1629655|1630314|1630540|1631108|202691|203903,1629023|1629655|1630314|1631108|202691,1626157|1629011|1629013|1630540|203903,,,1610612742.0,22500262
2,PT06M56.00S,06:56,Q2 06:56,29.066666666666666,246,3pt,MISS B. Williams 3PT,[],Williams,32,29,Missed,True,False,1630314,,rebound,rebound,,,,1626157|1629011|1629013|1629023|1629655|1630314|1630540|1631108|202691|203903,1629023|1629655|1630314|1631108|202691,1626157|1629011|1629013|1630540|203903,227.0,-8.0,1610612742.0,22500262
2,PT06M54.00S,06:54,Q2 06:54,29.1,247,rebound,K. Towns REBOUND (Off:1 Def:5),[],Towns,32,29,,False,False,1626157,,3pt missed,2pt missed,,,,1626157|1629011|1629013|1629023|1629655|1630314|1630540|1631108|202691|203903,1626157|1629011|1629013|1630540|203903,1629023|1629655|1630314|1631108|202691,,,1610612752.0,22500262
2,PT06M43.00S,06:43,Q2 06:43,29.283333333333335,248,2pt,MISS L. Shamet 14' driving floating Shot,['pointsinthepaint'],Shamet,32,29,Missed,True,False,1629013,,rebound,rebound,,,,1626157|1629011|1629013|1629023|1629655|1630314|1630540|1631108|202691|203903,1626157|1629011|1629013|1630540|203903,1629023|1629655|1630314|1631108|202691,-67.0,129.0,1610612752.0,22500262
2,PT06M41.00S,06:41,Q2 06:41,29.316666666666666,249,rebound,L. Shamet REBOUND (Off:1 Def:0),[],Shamet,32,29,,False,False,1629013,,2pt missed,2pt made,,,,1626157|1629011|1629013|1629023|1629655|1630314|1630540|1631108|202691|203903,1626157|1629011|1629013|1630540|203903,1629023|1629655|1630314|1631108|202691,,,1610612752.0,22500262
2,PT06M36.00S,06:36,Q2 06:36,29.4,250,2pt,J. Clarkson 6' driving floating Jump Shot (4 PTS),"['pointsinthepaint', '2ndchance']",Clarkson,32,31,Made,True,False,203903,,rebound,foul,,,,1626157|1629011|1629013|1629023|1629655|1630314|1630540|1631108|202691|203903,1626157|1629011|1629013|1630540|203903,1629023|1629655|1630314|1631108|202691,12.0,68.0,1610612752.0,22500262
2,PT06M36.00S,06:36,Q2 06:36,29.4,251,foul,B. Williams shooting personal FOUL (3 PF) (Clarkson 1 FT),['1freethrow'],Williams,32,31,,False,False,1630314,,2pt made,timeout,203903.0,,,1626157|1629011|1629013|1629023|1629655|1630314|1630540|1631108|202691|203903,1629023|1629655|1630314|1631108|202691,1626157|1629011|1629013|1630540|203903,,,1610612742.0,22500262
2,PT06M36.00S,06:36,Q2 06:36,29.4,253,timeout,DAL Timeout,"['team', 'mandatory']",,32,31,,False,False,0,,foul,freethrow,,,,1626157|1629011|1629013|1629023|1629655|1630314|1630540|1631108|202691|203903,1629023|1629655|1630314|1631108|202691,1626157|1629011|1629013|1630540|203903,,,1610612742.0,22500262
2,PT06M36.00S,06:36,Q2 06:36,29.4,260,freethrow,J. Clarkson Free Throw 1 of 1 (5 PTS),['2ndchance'],Clarkson,32,32,Made,False,False,203903,,timeout,substitution,,,,1626157|1629011|1629013|1629023|1629655|1630314|1630540|1631108|202691|203903,1626157|1629011|1629013|1630540|203903,1629023|1629655|1630314|1631108|202691,,,1610612752.0,22500262
2,PT06M36.00S,06:36,Q2 06:36,29.4,254,substitution,SUB out: B. Williams,[],Williams,32,31,,False,False,1630314,,freethrow,substitution,,,,1626157|1629011|1629013|1629023|1629655|1630540|1631108|202691|203903,1629023|1629655|1631108|202691,1626157|1629011|1629013|1630540|203903,,,1610612742.0,22500262
2,PT06M36.00S,06:36,Q2 06:36,29.4,255,substitution,SUB out: M. McBride,[],McBride,32,31,,False,False,1630540,,substitution,substitution,,,,1626157|1629011|1629013|1629023|1629655|1631108|202691|203903,1626157|1629011|1629013|203903,1629023|1629655|1631108|202691,,,1610612752.0,22500262
2,PT06M36.00S,06:36,Q2 06:36,29.4,256,substitution,SUB out: K. Towns,[],Towns,32,31,,False,False,1626157,,substitution,substitution,,,,1629011|1629013|1629023|1629655|1631108|202691|203903,1629011|1629013|203903,1629023|1629655|1631108|202691,,,1610612752.0,22500262
2,PT06M36.00S,06:36,Q2 06:36,29.4,257,substitution,SUB in: D. Russell,[],Russell,32,31,,False,False,1626156,,substitution,substitution,,,,1626156|1629011|1629013|1629023|1629655|1631108|202691|203903,1626156|1629023|1629655|1631108|202691,1629011|1629013|203903,,,1610612742.0,22500262
2,PT06M36.00S,06:36,Q2 06:36,29.4,258,substitution,SUB in: J. Hart,[],Hart,32,31,,False,False,1628404,,substitution,substitution,,,,1626156|1628404|1629011|1629013|1629023|1629655|1631108|202691|203903,1628404|1629011|1629013|203903,1626156|1629023|1629655|1631108|202691,,,1610612752.0,22500262
2,PT06M36.00S,06:36,Q2 06:36,29.4,259,substitution,SUB in: J. Brunson,[],Brunson,32,31,,False,False,1628973,,substitution,3pt made,,,,1626156|1628404|1628973|1629011|1629013|1629023|1629655|1631108|202691|203903,1628404|1628973|1629011|1629013|203903,1626156|1629023|1629655|1631108|202691,,,1610612752.0,22500262
2,PT06M22.00S,06:22,Q2 06:22,29.633333333333333,261,3pt,M. Christie 26' 3PT  (5 PTS) (K. Thompson 2 AST),[],Christie,35,32,Made,True,True,1631108,202691.0,substitution,3pt missed,,,,1626156|1628404|1628973|1629011|1629013|1629023|1629655|1631108|202691|203903,1626156|1629023|1629655|1631108|202691,1628404|1628973|1629011|1629013|203903,-205.0,160.0,1610612742.0,22500262
2,PT06M07.00S,06:07,Q2 06:07,29.883333333333333,263,3pt,MISS J. Hart 3PT,[],Hart,35,32,Missed,True,False,1628404,,3pt made,rebound,,,,1626156|1628404|1628973|1629011|1629013|1629023|1629655|1631108|202691|203903,1628404|1628973|1629011|1629013|203903,1626156|1629023|1629655|1631108|202691,222.0,46.0,1610612752.0,22500262
2,PT06M02.00S,06:02,Q2 06:02,29.966666666666665,264,rebound,J. Clarkson REBOUND (Off:2 Def:0),[],Clarkson,35,32,,False,False,203903,,3pt missed,foul,,,,1626156|1628404|1628973|1629011|1629013|1629023|1629655|1631108|202691|203903,1628404|1628973|1629011|1629013|203903,1626156|1629023|1629655|1631108|202691,,,1610612752.0,22500262
2,PT05M58.00S,05:58,Q2 05:58,28.033333333333335,265,foul,M. Christie shooting personal FOUL (1 PF) (Robinson 2 FT),['2freethrow'],Christie,35,32,,False,False,1631108,,rebound,freethrow,1629011.0,,,1626156|1628404|1628973|1629011|1629013|1629023|1629655|1631108|202691|203903,1626156|1629023|1629655|1631108|202691,1628404|1628973|1629011|1629013|203903,,,1610612742.0,22500262
2,PT05M58.00S,05:58,Q2 05:58,28.033333333333335,267,freethrow,M. Robinson Free Throw 1 of 2 (1 PTS),['2ndchance'],Robinson,35,33,Made,False,False,1629011,,foul,freethrow,,,,1626156|1628404|1628973|1629011|1629013|1629023|1629655|1631108|202691|203903,1628404|1628973|1629011|1629013|203903,1626156|1629023|1629655|1631108|202691,,,1610612752.0,22500262
2,PT05M58.00S,05:58,Q2 05:58,28.033333333333335,270,freethrow,MISS M. Robinson Free Throw 2 of 2,['2ndchance'],Robinson,35,33,Missed,False,False,1629011,,freethrow,substitution,,,,1626156|1628404|1628973|1629011|1629013|1629023|1629655|1631108|202691|203903,1628404|1628973|1629011|1629013|203903,1626156|1629023|1629655|1631108|202691,,,1610612752.0,22500262
2,PT05M58.00S,05:58,Q2 05:58,28.033333333333335,268,substitution,SUB out: J. Clarkson,[],Clarkson,35,33,,False,False,203903,,freethrow,substitution,,,,1626156|1628404|1628973|1629011|1629013|1629023|1629655|1631108|202691,1628404|1628973|1629011|1629013,1626156|1629023|1629655|1631108|202691,,,1610612752.0,22500262
2,PT05M58.00S,05:58,Q2 05:58,28.033333333333335,269,substitution,SUB in: M. Bridges,[],Bridges,35,33,,False,False,1628969,,substitution,rebound,,,,1626156|1628404|1628969|1628973|1629011|1629013|1629023|1629655|1631108|202691,1628404|1628969|1628973|1629011|1629013,1626156|1629023|1629655|1631108|202691,,,1610612752.0,22500262
2,PT05M56.00S,05:56,Q2 05:56,28.066666666666666,271,rebound,D. Gafford REBOUND (Off:0 Def:3),[],Gafford,35,33,,False,False,1629655,,substitution,2pt missed,,,,1626156|1628404|1628969|1628973|1629011|1629013|1629023|1629655|1631108|202691,1626156|1629023|1629655|1631108|202691,1628404|1628969|1628973|1629011|1629013,,,1610612742.0,22500262
2,PT05M39.00S,05:39,Q2 05:39,28.35,272,2pt,MISS D. Russell driving finger roll Layup - blocked,['pointsinthepaint'],Russell,35,33,Missed,True,False,1626156,,rebound,block,,,1629013.0,1626156|1628404|1628969|1628973|1629011|1629013|1629023|1629655|1631108|202691,1626156|1629023|1629655|1631108|202691,1628404|1628969|1628973|1629011|1629013,-42.0,11.0,1610612742.0,22500262
2,PT05M39.00S,05:39,Q2 05:39,28.35,273,block,L. Shamet BLOCK (1 BLK),[],Shamet,35,33,,False,False,1629013,,2pt missed,rebound,,,,1626156|1628404|1628969|1628973|1629011|1629013|1629023|1629655|1631108|202691,1628404|1628969|1628973|1629011|1629013,1626156|1629023|1629655|1631108|202691,,,1610612752.0,22500262
2,PT05M36.00S,05:36,Q2 05:36,28.4,274,rebound,L. Shamet REBOUND (Off:1 Def:1),[],Shamet,35,33,,False,False,1629013,,block,3pt missed,,,,1626156|1628404|1628969|1628973|1629011|1629013|1629023|1629655|1631108|202691,1628404|1628969|1628973|1629011|1629013,1626156|1629023|1629655|1631108|202691,,,1610612752.0,22500262
2,PT05M30.00S,05:30,Q2 05:30,28.5,275,3pt,MISS J. Brunson 3PT,[],Brunson,35,33,Missed,True,False,1628973,,rebound,rebound,,,,1626156|1628404|1628969|1628973|1629011|1629013|1629023|1629655|1631108|202691,1628404|1628969|1628973|1629011|1629013,1626156|1629023|1629655|1631108|202691,230.0,59.0,1610612752.0,22500262
2,PT05M28.00S,05:28,Q2 05:28,28.533333333333335,276,rebound,M. Robinson REBOUND (Off:2 Def:1),[],Robinson,35,33,,False,False,1629011,,3pt missed,turnover,,,,1626156|1628404|1628969|1628973|1629011|1629013|1629023|1629655|1631108|202691,1628404|1628969|1628973|1629011|1629013,1626156|1629023|1629655|1631108|202691,,,1610612752.0,22500262
2,PT05M26.00S,05:26,Q2 05:26,28.566666666666666,277,turnover,M. Robinson lost ball out-of-bounds TURNOVER (1 TO),[],Robinson,35,33,,False,False,1629011,,rebound,substitution,,,,1626156|1628404|1628969|1628973|1629011|1629013|1629023|1629655|1631108|202691,1628404|1628969|1628973|1629011|1629013,1626156|1629023|1629655|1631108|202691,,,1610612752.0,22500262
2,PT05M26.00S,05:26,Q2 05:26,28.566666666666666,278,substitution,SUB out: M. Christie,[],Christie,35,33,,False,False,1631108,,turnover,substitution,,,,1626156|1628404|1628969|1628973|1629011|1629013|1629023|1629655|202691,1626156|1629023|1629655|202691,1628404|1628969|1628973|1629011|1629013,,,1610612742.0,22500262
2,PT05M26.00S,05:26,Q2 05:26,28.566666666666666,279,substitution,SUB out: K. Thompson,[],Thompson,35,33,,False,False,202691,,substitution,substitution,,,,1626156|1628404|1628969|1628973|1629011|1629013|1629023|1629655,1626156|1629023|1629655,1628404|1628969|1628973|1629011|1629013,,,1610612742.0,22500262
2,PT05M26.00S,05:26,Q2 05:26,28.566666666666666,280,substitution,SUB in: J. Hardy,[],Hardy,35,33,,False,False,1630702,,substitution,substitution,,,,1626156|1628404|1628969|1628973|1629011|1629013|1629023|1629655|1630702,1626156|1629023|1629655|1630702,1628404|1628969|1628973|1629011|1629013,,,1610612742.0,22500262
2,PT05M26.00S,05:26,Q2 05:26,28.566666666666666,281,substitution,SUB in: N. Marshall,[],Marshall,35,33,,False,False,1630230,,substitution,3pt missed,,,,1626156|1628404|1628969|1628973|1629011|1629013|1629023|1629655|1630230|1630702,1626156|1629023|1629655|1630230|1630702,1628404|1628969|1628973|1629011|1629013,,,1610612742.0,22500262
2,PT05M12.00S,05:12,Q2 05:12,28.8,282,3pt,MISS J. Hardy 25' 3PT,['fromturnover'],Hardy,35,33,Missed,True,False,1630702,,substitution,rebound,,,,1626156|1628404|1628969|1628973|1629011|1629013|1629023|1629655|1630230|1630702,1626156|1629023|1629655|1630230|1630702,1628404|1628969|1628973|1629011|1629013,169.0,188.0,1610612742.0,22500262
2,PT05M12.00S,05:12,Q2 05:12,28.8,283,rebound,TEAM offensive REBOUND,['team'],,35,33,,False,False,0,,3pt missed,foul,,,,1626156|1628404|1628969|1628973|1629011|1629013|1629023|1629655|1630230|1630702,1626156|1629023|1629655|1630230|1630702,1628404|1628969|1628973|1629011|1629013,,,1610612742.0,22500262
2,PT05M12.00S,05:12,Q2 05:12,28.8,284,foul,L. Shamet loose ball personal FOUL (1 PF) (Hardy 2 FT),"['inpenalty', '2freethrow']",Shamet,35,33,,False,False,1629013,,rebound,freethrow,1630702.0,,,1626156|1628404|1628969|1628973|1629011|1629013|1629023|1629655|1630230|1630702,1628404|1628969|1628973|1629011|1629013,1626156|1629023|1629655|1630230|1630702,,,1610612752.0,22500262
2,PT05M12.00S,05:12,Q2 05:12,28.8,286,freethrow,MISS J. Hardy Free Throw 1 of 2,"['fromturnover', '2ndchance']",Hardy,35,33,Missed,False,False,1630702,,foul,rebound,,,,1626156|1628404|1628969|1628973|1629011|1629013|1629023|1629655|1630230|1630702,1626156|1629023|1629655|1630230|1630702,1628404|1628969|1628973|1629011|1629013,,,1610612742.0,22500262
2,PT05M12.00S,05:12,Q2 05:12,28.8,287,rebound,TEAM offensive REBOUND,"['deadball', 'team']",,35,33,,False,False,0,,freethrow,freethrow,,,,1626156|1628404|1628969|1628973|1629011|1629013|1629023|1629655|1630230|1630702,1626156|1629023|1629655|1630230|1630702,1628404|1628969|1628973|1629011|1629013,,,1610612742.0,22500262
2,PT05M12.00S,05:12,Q2 05:12,28.8,288,freethrow,J. Hardy Free Throw 2 of 2 (4 PTS),"['fromturnover', '2ndchance']",Hardy,36,33,Made,False,False,1630702,,rebound,turnover,,,,1626156|1628404|1628969|1628973|1629011|1629013|1629023|1629655|1630230|1630702,1626156|1629023|1629655|1630230|1630702,1628404|1628969|1628973|1629011|1629013,,,1610612742.0,22500262
2,PT04M56.00S,04:56,Q2 04:56,27.066666666666666,289,turnover,L. Shamet bad pass TURNOVER (1 TO),[],Shamet,36,33,,False,False,1629013,,freethrow,steal,,1629023.0,,1626156|1628404|1628969|1628973|1629011|1629013|1629023|1629655|1630230|1630702,1628404|1628969|1628973|1629011|1629013,1626156|1629023|1629655|1630230|1630702,,,1610612752.0,22500262
2,PT04M56.00S,04:56,Q2 04:56,27.066666666666666,290,steal,P. Washington STEAL (2 STL),[],Washington,36,33,,False,False,1629023,,turnover,2pt made,,,,1626156|1628404|1628969|1628973|1629011|1629013|1629023|1629655|1630230|1630702,1626156|1629023|1629655|1630230|1630702,1628404|1628969|1628973|1629011|1629013,,,1610612742.0,22500262
2,PT04M51.00S,04:51,Q2 04:51,27.15,291,2pt,D. Russell running Layup (5 PTS) (P. Washington 2 AST),"['pointsinthepaint', 'fromturnover', 'fastbreak']",Russell,38,33,Made,True,True,1626156,1629023.0,steal,2pt made,,,,1626156|1628404|1628969|1628973|1629011|1629013|1629023|1629655|1630230|1630702,1626156|1629023|1629655|1630230|1630702,1628404|1628969|1628973|1629011|1629013,-27.0,12.0,1610612742.0,22500262
2,PT04M39.00S,04:39,Q2 04:39,27.35,293,2pt,M. Bridges 12' pullup Jump Shot (7 PTS) (J. Brunson 2 AST),[],Bridges,38,35,Made,True,True,1628969,1628973.0,2pt made,2pt made,,,,1626156|1628404|1628969|1628973|1629011|1629013|1629023|1629655|1630230|1630702,1628404|1628969|1628973|1629011|1629013,1626156|1629023|1629655|1630230|1630702,123.0,4.0,1610612752.0,22500262
2,PT04M28.00S,04:28,Q2 04:28,27.533333333333335,295,2pt,D. Gafford cutting Layup (2 PTS) (J. Hardy 1 AST),['pointsinthepaint'],Gafford,40,35,Made,True,True,1629655,1630702.0,2pt made,foul,,,,1626156|1628404|1628969|1628973|1629011|1629013|1629023|1629655|1630230|1630702,1626156|1629023|1629655|1630230|1630702,1628404|1628969|1628973|1629011|1629013,11.0,5.0,1610612742.0,22500262
2,PT04M28.00S,04:28,Q2 04:28,27.533333333333335,297,foul,J. Brunson shooting personal FOUL (1 PF) (Gafford 1 FT),"['inpenalty', '1freethrow']",Brunson,40,35,,False,False,1628973,,2pt made,freethrow,1629655.0,,,1626156|1628404|1628969|1628973|1629011|1629013|1629023|1629655|1630230|1630702,1628404|1628969|1628973|1629011|1629013,1626156|1629023|1629655|1630230|1630702,,,1610612752.0,22500262
2,PT04M28.00S,04:28,Q2 04:28,27.533333333333335,301,freethrow,D. Gafford Free Throw 1 of 1 (3 PTS),[],Gafford,41,35,Made,False,False,1629655,,foul,substitution,,,,1626156|1628404|1628969|1628973|1629011|1629013|1629023|1629655|1630230|1630702,1626156|1629023|1629655|1630230|1630702,1628404|1628969|1628973|1629011|1629013,,,1610612742.0,22500262
2,PT04M28.00S,04:28,Q2 04:28,27.533333333333335,299,substitution,SUB out: L. Shamet,[],Shamet,40,35,,False,False,1629013,,freethrow,substitution,,,,1626156|1628404|1628969|1628973|1629011|1629023|1629655|1630230|1630702,1628404|1628969|1628973|1629011,1626156|1629023|1629655|1630230|1630702,,,1610612752.0,22500262
2,PT04M28.00S,04:28,Q2 04:28,27.533333333333335,300,substitution,SUB in: J. Clarkson,[],Clarkson,40,35,,False,False,203903,,substitution,2pt made,,,,1626156|1628404|1628969|1628973|1629011|1629023|1629655|1630230|1630702|203903,1628404|1628969|1628973|1629011|203903,1626156|1629023|1629655|1630230|1630702,,,1610612752.0,22500262
2,PT04M14.00S,04:14,Q2 04:14,27.766666666666666,302,2pt,M. Bridges 15' pullup Jump Shot (9 PTS),[],Bridges,41,37,Made,True,False,1628969,,substitution,2pt made,,,,1626156|1628404|1628969|1628973|1629011|1629023|1629655|1630230|1630702|203903,1628404|1628969|1628973|1629011|203903,1626156|1629023|1629655|1630230|1630702,17.0,158.0,1610612752.0,22500262
2,PT04M02.00S,04:02,Q2 04:02,27.966666666666665,303,2pt,D. Gafford Layup (5 PTS) (P. Washington 3 AST),['pointsinthepaint'],Gafford,43,37,Made,True,True,1629655,1629023.0,2pt made,foul,,,,1626156|1628404|1628969|1628973|1629011|1629023|1629655|1630230|1630702|203903,1626156|1629023|1629655|1630230|1630702,1628404|1628969|1628973|1629011|203903,-6.0,16.0,1610612742.0,22500262
2,PT04M02.00S,04:02,Q2 04:02,27.966666666666665,305,foul,J. Hart shooting personal FOUL (3 PF) (Gafford 1 FT),"['inpenalty', '1freethrow']",Hart,43,37,,False,False,1628404,,2pt made,freethrow,1629655.0,,,1626156|1628404|1628969|1628973|1629011|1629023|1629655|1630230|1630702|203903,1628404|1628969|1628973|1629011|203903,1626156|1629023|1629655|1630230|1630702,,,1610612752.0,22500262
2,PT04M02.00S,04:02,Q2 04:02,27.966666666666665,307,freethrow,D. Gafford Free Throw 1 of 1 (6 PTS),[],Gafford,44,37,Made,False,False,1629655,,foul,2pt missed,,,,1626156|1628404|1628969|1628973|1629011|1629023|1629655|1630230|1630702|203903,1626156|1629023|1629655|1630230|1630702,1628404|1628969|1628973|1629011|203903,,,1610612742.0,22500262
2,PT03M52.00S,03:52,Q2 03:52,26.133333333333333,308,2pt,MISS M. Bridges 18' fadeaway Shot,[],Bridges,44,37,Missed,True,False,1628969,,freethrow,rebound,,,,1626156|1628404|1628969|1628973|1629011|1629023|1629655|1630230|1630702|203903,1628404|1628969|1628973|1629011|203903,1626156|1629023|1629655|1630230|1630702,152.0,99.0,1610612752.0,22500262
2,PT03M50.00S,03:50,Q2 03:50,26.166666666666668,309,rebound,P. Washington REBOUND (Off:1 Def:3),[],Washington,44,37,,False,False,1629023,,2pt missed,turnover,,,,1626156|1628404|1628969|1628973|1629011|1629023|1629655|1630230|1630702|203903,1626156|1629023|1629655|1630230|1630702,1628404|1628969|1628973|1629011|203903,,,1610612742.0,22500262
2,PT03M41.00S,03:41,Q2 03:41,26.316666666666666,310,turnover,D. Russell lost ball TURNOVER (3 TO),[],Russell,44,37,,False,False,1626156,,rebound,steal,,1628969.0,,1626156|1628404|1628969|1628973|1629011|1629023|1629655|1630230|1630702|203903,1626156|1629023|1629655|1630230|1630702,1628404|1628969|1628973|1629011|203903,,,1610612742.0,22500262
2,PT03M41.00S,03:41,Q2 03:41,26.316666666666666,311,steal,M. Bridges STEAL (2 STL),[],Bridges,44,37,,False,False,1628969,,turnover,3pt missed,,,,1626156|1628404|1628969|1628973|1629011|1629023|1629655|1630230|1630702|203903,1628404|1628969|1628973|1629011|203903,1626156|1629023|1629655|1630230|1630702,,,1610612752.0,22500262
2,PT03M37.00S,03:37,Q2 03:37,26.383333333333333,312,3pt,MISS J. Clarkson 24' running 3PT,"['fromturnover', 'fastbreak']",Clarkson,44,37,Missed,True,False,203903,,steal,rebound,,,,1626156|1628404|1628969|1628973|1629011|1629023|1629655|1630230|1630702|203903,1628404|1628969|1628973|1629011|203903,1626156|1629023|1629655|1630230|1630702,-141.0,204.0,1610612752.0,22500262
2,PT03M35.00S,03:35,Q2 03:35,26.416666666666668,313,rebound,J. Clarkson REBOUND (Off:3 Def:0),[],Clarkson,44,37,,False,False,203903,,3pt missed,foul,,,,1626156|1628404|1628969|1628973|1629011|1629023|1629655|1630230|1630702|203903,1628404|1628969|1628973|1629011|203903,1626156|1629023|1629655|1630230|1630702,,,1610612752.0,22500262
2,PT03M35.00S,03:35,Q2 03:35,26.416666666666668,314,foul,D. Russell shooting personal FOUL (1 PF) (Clarkson 2 FT),['2freethrow'],Russell,44,37,,False,False,1626156,,rebound,freethrow,203903.0,,,1626156|1628404|1628969|1628973|1629011|1629023|1629655|1630230|1630702|203903,1626156|1629023|1629655|1630230|1630702,1628404|1628969|1628973|1629011|203903,,,1610612742.0,22500262
2,PT03M35.00S,03:35,Q2 03:35,26.416666666666668,316,freethrow,J. Clarkson Free Throw 1 of 2 (6 PTS),"['fromturnover', '2ndchance']",Clarkson,44,38,Made,False,False,203903,,foul,freethrow,,,,1626156|1628404|1628969|1628973|1629011|1629023|1629655|1630230|1630702|203903,1628404|1628969|1628973|1629011|203903,1626156|1629023|1629655|1630230|1630702,,,1610612752.0,22500262
2,PT03M35.00S,03:35,Q2 03:35,26.416666666666668,319,freethrow,J. Clarkson Free Throw 2 of 2 (7 PTS),"['fromturnover', '2ndchance']",Clarkson,44,39,Made,False,False,203903,,freethrow,substitution,,,,1626156|1628404|1628969|1628973|1629011|1629023|1629655|1630230|1630702|203903,1628404|1628969|1628973|1629011|203903,1626156|1629023|1629655|1630230|1630702,,,1610612752.0,22500262
2,PT03M35.00S,03:35,Q2 03:35,26.416666666666668,317,substitution,SUB out: J. Hart,[],Hart,44,38,,False,False,1628404,,freethrow,substitution,,,,1626156|1628969|1628973|1629011|1629023|1629655|1630230|1630702|203903,1628969|1628973|1629011|203903,1626156|1629023|1629655|1630230|1630702,,,1610612752.0,22500262
2,PT03M35.00S,03:35,Q2 03:35,26.416666666666668,318,substitution,SUB in: G. Yabusele,[],Yabusele,44,38,,False,False,1627824,,substitution,2pt made,,,,1626156|1627824|1628969|1628973|1629011|1629023|1629655|1630230|1630702|203903,1627824|1628969|1628973|1629011|203903,1626156|1629023|1629655|1630230|1630702,,,1610612752.0,22500262
2,PT03M15.00S,03:15,Q2 03:15,26.75,320,2pt,J. Hardy 14' turnaround fadeaway Jump Shot (6 PTS) (D. Russell 4 AST),['pointsinthepaint'],Hardy,46,39,Made,True,True,1630702,1626156.0,substitution,2pt made,,,,1626156|1627824|1628969|1628973|1629011|1629023|1629655|1630230|1630702|203903,1626156|1629023|1629655|1630230|1630702,1627824|1628969|1628973|1629011|203903,34.0,138.0,1610612742.0,22500262
2,PT03M06.00S,03:06,Q2 03:06,26.9,322,2pt,J. Brunson 12' pullup Jump Shot (10 PTS),[],Brunson,46,41,Made,True,False,1628973,,2pt made,foul,,,,1626156|1627824|1628969|1628973|1629011|1629023|1629655|1630230|1630702|203903,1627824|1628969|1628973|1629011|203903,1626156|1629023|1629655|1630230|1630702,-126.0,14.0,1610612752.0,22500262
2,PT03M06.00S,03:06,Q2 03:06,26.9,323,foul,J. Hardy shooting personal FOUL (3 PF) (Brunson 1 FT),"['inpenalty', '1freethrow']",Hardy,46,41,,False,False,1630702,,2pt made,freethrow,1628973.0,,,1626156|1627824|1628969|1628973|1629011|1629023|1629655|1630230|1630702|203903,1626156|1629023|1629655|1630230|1630702,1627824|1628969|1628973|1629011|203903,,,1610612742.0,22500262
2,PT03M06.00S,03:06,Q2 03:06,26.9,329,freethrow,MISS J. Brunson Free Throw 1 of 1,[],Brunson,46,41,Missed,False,False,1628973,,foul,substitution,,,,1626156|1627824|1628969|1628973|1629011|1629023|1629655|1630230|1630702|203903,1627824|1628969|1628973|1629011|203903,1626156|1629023|1629655|1630230|1630702,,,1610612752.0,22500262
2,PT03M06.00S,03:06,Q2 03:06,26.9,325,substitution,SUB out: J. Hardy,[],Hardy,46,41,,False,False,1630702,,freethrow,substitution,,,,1626156|1627824|1628969|1628973|1629011|1629023|1629655|1630230|203903,1626156|1629023|1629655|1630230,1627824|1628969|1628973|1629011|203903,,,1610612742.0,22500262
2,PT03M06.00S,03:06,Q2 03:06,26.9,326,substitution,SUB out: M. Robinson,[],Robinson,46,41,,False,False,1629011,,substitution,substitution,,,,1626156|1627824|1628969|1628973|1629023|1629655|1630230|203903,1627824|1628969|1628973|203903,1626156|1629023|1629655|1630230,,,1610612752.0,22500262
2,PT03M06.00S,03:06,Q2 03:06,26.9,327,substitution,SUB in: K. Thompson,[],Thompson,46,41,,False,False,202691,,substitution,substitution,,,,1626156|1627824|1628969|1628973|1629023|1629655|1630230|202691|203903,1626156|1629023|1629655|1630230|202691,1627824|1628969|1628973|203903,,,1610612742.0,22500262
2,PT03M06.00S,03:06,Q2 03:06,26.9,328,substitution,SUB in: K. Towns,[],Towns,46,41,,False,False,1626157,,substitution,rebound,,,,1626156|1626157|1627824|1628969|1628973|1629023|1629655|1630230|202691|203903,1626157|1627824|1628969|1628973|203903,1626156|1629023|1629655|1630230|202691,,,1610612752.0,22500262
2,PT03M04.00S,03:04,Q2 03:04,26.933333333333334,330,rebound,P. Washington REBOUND (Off:1 Def:4),[],Washington,46,41,,False,False,1629023,,substitution,foul,,,,1626156|1626157|1627824|1628969|1628973|1629023|1629655|1630230|202691|203903,1626156|1629023|1629655|1630230|202691,1626157|1627824|1628969|1628973|203903,,,1610612742.0,22500262
2,PT02M55.00S,02:55,Q2 02:55,25.083333333333332,331,foul,J. Clarkson shooting personal FOUL (1 PF) (Marshall 2 FT),"['inpenalty', '2freethrow']",Clarkson,46,41,,False,False,203903,,rebound,timeout,1630230.0,,,1626156|1626157|1627824|1628969|1628973|1629023|1629655|1630230|202691|203903,1626157|1627824|1628969|1628973|203903,1626156|1629023|1629655|1630230|202691,,,1610612752.0,22500262
2,PT02M55.00S,02:55,Q2 02:55,25.083333333333332,333,timeout,NYK Timeout,"['team', 'mandatory']",,46,41,,False,False,0,,foul,freethrow,,,,1626156|1626157|1627824|1628969|1628973|1629023|1629655|1630230|202691|203903,1626157|1627824|1628969|1628973|203903,1626156|1629023|1629655|1630230|202691,,,1610612752.0,22500262
2,PT02M55.00S,02:55,Q2 02:55,25.083333333333332,336,freethrow,MISS N. Marshall Free Throw 1 of 2,[],Marshall,46,41,Missed,False,False,1630230,,timeout,rebound,,,,1626156|1626157|1627824|1628969|1628973|1629023|1629655|1630230|202691|203903,1626156|1629023|1629655|1630230|202691,1626157|1627824|1628969|1628973|203903,,,1610612742.0,22500262
2,PT02M55.00S,02:55,Q2 02:55,25.083333333333332,337,rebound,TEAM offensive REBOUND,"['deadball', 'team']",,46,41,,False,False,0,,freethrow,freethrow,,,,1626156|1626157|1627824|1628969|1628973|1629023|1629655|1630230|202691|203903,1626156|1629023|1629655|1630230|202691,1626157|1627824|1628969|1628973|203903,,,1610612742.0,22500262
2,PT02M55.00S,02:55,Q2 02:55,25.083333333333332,338,freethrow,N. Marshall Free Throw 2 of 2 (16 PTS),[],Marshall,47,41,Made,False,False,1630230,,rebound,substitution,,,,1626156|1626157|1627824|1628969|1628973|1629023|1629655|1630230|202691|203903,1626156|1629023|1629655|1630230|202691,1626157|1627824|1628969|1628973|203903,,,1610612742.0,22500262
2,PT02M55.00S,02:55,Q2 02:55,25.083333333333332,334,substitution,SUB out: D. Russell,[],Russell,46,41,,False,False,1626156,,freethrow,substitution,,,,1626157|1627824|1628969|1628973|1629023|1629655|1630230|202691|203903,1629023|1629655|1630230|202691,1626157|1627824|1628969|1628973|203903,,,1610612742.0,22500262
2,PT02M55.00S,02:55,Q2 02:55,25.083333333333332,335,substitution,SUB in: M. Christie,[],Christie,46,41,,False,False,1631108,,substitution,2pt made,,,,1626157|1627824|1628969|1628973|1629023|1629655|1630230|1631108|202691|203903,1629023|1629655|1630230|1631108|202691,1626157|1627824|1628969|1628973|203903,,,1610612742.0,22500262
2,PT02M39.00S,02:39,Q2 02:39,25.35,339,2pt,G. Yabusele cutting Layup (4 PTS) (J. Brunson 3 AST),['pointsinthepaint'],Yabusele,47,43,Made,True,True,1627824,1628973.0,substitution,2pt missed,,,,1626157|1627824|1628969|1628973|1629023|1629655|1630230|1631108|202691|203903,1626157|1627824|1628969|1628973|203903,1629023|1629655|1630230|1631108|202691,16.0,4.0,1610612752.0,22500262
2,PT02M23.00S,02:23,Q2 02:23,25.616666666666667,341,2pt,MISS P. Washington 6' driving floating Shot - blocked,['pointsinthepaint'],Washington,47,43,Missed,True,False,1629023,,2pt made,block,,,1627824.0,1626157|1627824|1628969|1628973|1629023|1629655|1630230|1631108|202691|203903,1629023|1629655|1630230|1631108|202691,1626157|1627824|1628969|1628973|203903,2.0,64.0,1610612742.0,22500262
2,PT02M23.00S,02:23,Q2 02:23,25.616666666666667,342,block,G. Yabusele BLOCK (1 BLK),[],Yabusele,47,43,,False,False,1627824,,2pt missed,rebound,,,,1626157|1627824|1628969|1628973|1629023|1629655|1630230|1631108|202691|203903,1626157|1627824|1628969|1628973|203903,1629023|1629655|1630230|1631108|202691,,,1610612752.0,22500262
2,PT02M20.00S,02:20,Q2 02:20,25.666666666666668,343,rebound,M. Bridges REBOUND (Off:1 Def:3),[],Bridges,47,43,,False,False,1628969,,block,2pt made,,,,1626157|1627824|1628969|1628973|1629023|1629655|1630230|1631108|202691|203903,1626157|1627824|1628969|1628973|203903,1629023|1629655|1630230|1631108|202691,,,1610612752.0,22500262
2,PT02M06.00S,02:06,Q2 02:06,25.9,344,2pt,J. Brunson 18' step back Jump Shot (12 PTS),[],Brunson,47,45,Made,True,False,1628973,,rebound,3pt missed,,,,1626157|1627824|1628969|1628973|1629023|1629655|1630230|1631108|202691|203903,1626157|1627824|1628969|1628973|203903,1629023|1629655|1630230|1631108|202691,-50.0,180.0,1610612752.0,22500262
2,PT01M53.00S,01:53,Q2 01:53,24.116666666666667,345,3pt,MISS P. Washington 25' 3PT,[],Washington,47,45,Missed,True,False,1629023,,2pt made,rebound,,,,1626157|1627824|1628969|1628973|1629023|1629655|1630230|1631108|202691|203903,1629023|1629655|1630230|1631108|202691,1626157|1627824|1628969|1628973|203903,-126.0,222.0,1610612742.0,22500262
2,PT01M50.00S,01:50,Q2 01:50,24.166666666666668,346,rebound,J. Clarkson REBOUND (Off:3 Def:1),[],Clarkson,47,45,,False,False,203903,,3pt missed,2pt made,,,,1626157|1627824|1628969|1628973|1629023|1629655|1630230|1631108|202691|203903,1626157|1627824|1628969|1628973|203903,1629023|1629655|1630230|1631108|202691,,,1610612752.0,22500262
2,PT01M42.00S,01:42,Q2 01:42,24.3,347,2pt,K. Towns driving DUNK (5 PTS) (J. Brunson 4 AST),['pointsinthepaint'],Towns,47,47,Made,True,True,1626157,1628973.0,rebound,3pt missed,,,,1626157|1627824|1628969|1628973|1629023|1629655|1630230|1631108|202691|203903,1626157|1627824|1628969|1628973|203903,1629023|1629655|1630230|1631108|202691,0.0,-6.0,1610612752.0,22500262
2,PT01M26.00S,01:26,Q2 01:26,24.566666666666666,349,3pt,MISS K. Thompson 25' 3PT,[],Thompson,47,47,Missed,True,False,202691,,2pt made,rebound,,,,1626157|1627824|1628969|1628973|1629023|1629655|1630230|1631108|202691|203903,1629023|1629655|1630230|1631108|202691,1626157|1627824|1628969|1628973|203903,62.0,243.0,1610612742.0,22500262
2,PT01M23.00S,01:23,Q2 01:23,24.616666666666667,350,rebound,G. Yabusele REBOUND (Off:1 Def:1),[],Yabusele,47,47,,False,False,1627824,,3pt missed,3pt missed,,,,1626157|1627824|1628969|1628973|1629023|1629655|1630230|1631108|202691|203903,1626157|1627824|1628969|1628973|203903,1629023|1629655|1630230|1631108|202691,,,1610612752.0,22500262
2,PT01M18.00S,01:18,Q2 01:18,24.7,351,3pt,MISS J. Brunson 25' running pullup 3PT,['fastbreak'],Brunson,47,47,Missed,True,False,1628973,,rebound,rebound,,,,1626157|1627824|1628969|1628973|1629023|1629655|1630230|1631108|202691|203903,1626157|1627824|1628969|1628973|203903,1629023|1629655|1630230|1631108|202691,-123.0,220.0,1610612752.0,22500262
2,PT01M15.00S,01:15,Q2 01:15,24.75,352,rebound,K. Thompson REBOUND (Off:0 Def:2),[],Thompson,47,47,,False,False,202691,,3pt missed,turnover,,,,1626157|1627824|1628969|1628973|1629023|1629655|1630230|1631108|202691|203903,1629023|1629655|1630230|1631108|202691,1626157|1627824|1628969|1628973|203903,,,1610612742.0,22500262
2,PT00M58.10S,00:58,Q2 00:58,23.033333333333335,353,turnover,M. Christie bad pass TURNOVER (3 TO),[],Christie,47,47,,False,False,1631108,,rebound,steal,,1628969.0,,1626157|1627824|1628969|1628973|1629023|1629655|1630230|1631108|202691|203903,1629023|1629655|1630230|1631108|202691,1626157|1627824|1628969|1628973|203903,,,1610612742.0,22500262
2,PT00M58.10S,00:58,Q2 00:58,23.033333333333335,354,steal,M. Bridges STEAL (3 STL),[],Bridges,47,47,,False,False,1628969,,turnover,2pt made,,,,1626157|1627824|1628969|1628973|1629023|1629655|1630230|1631108|202691|203903,1626157|1627824|1628969|1628973|203903,1629023|1629655|1630230|1631108|202691,,,1610612752.0,22500262
2,PT00M55.90S,00:55,Q2 00:55,23.083333333333332,355,2pt,M. Bridges running DUNK (11 PTS),"['pointsinthepaint', 'fromturnover', 'fastbreak']",Bridges,47,49,Made,True,False,1628969,,steal,2pt made,,,,1626157|1627824|1628969|1628973|1629023|1629655|1630230|1631108|202691|203903,1626157|1627824|1628969|1628973|203903,1629023|1629655|1630230|1631108|202691,4.0,4.0,1610612752.0,22500262
2,PT00M37.20S,00:37,Q2 00:37,23.383333333333333,356,2pt,N. Marshall 7' driving floating Jump Shot (18 PTS),['pointsinthepaint'],Marshall,49,49,Made,True,False,1630230,,2pt made,foul,,,,1626157|1627824|1628969|1628973|1629023|1629655|1630230|1631108|202691|203903,1629023|1629655|1630230|1631108|202691,1626157|1627824|1628969|1628973|203903,-12.0,73.0,1610612742.0,22500262
2,PT00M37.20S,00:37,Q2 00:37,23.383333333333333,357,foul,G. Yabusele shooting personal FOUL (1 PF) (Marshall 1 FT),"['inpenalty', '1freethrow']",Yabusele,49,49,,False,False,1627824,,2pt made,freethrow,1630230.0,,,1626157|1627824|1628969|1628973|1629023|1629655|1630230|1631108|202691|203903,1626157|1627824|1628969|1628973|203903,1629023|1629655|1630230|1631108|202691,,,1610612752.0,22500262
2,PT00M37.20S,00:37,Q2 00:37,23.383333333333333,359,freethrow,N. Marshall Free Throw 1 of 1 (19 PTS),[],Marshall,50,49,Made,False,False,1630230,,foul,2pt made,,,,1626157|1627824|1628969|1628973|1629023|1629655|1630230|1631108|202691|203903,1629023|1629655|1630230|1631108|202691,1626157|1627824|1628969|1628973|203903,,,1610612742.0,22500262
2,PT00M27.10S,00:27,Q2 00:27,23.55,360,2pt,J. Brunson driving floating Jump Shot (14 PTS),['pointsinthepaint'],Brunson,50,51,Made,True,False,1628973,,freethrow,foul,,,,1626157|1627824|1628969|1628973|1629023|1629655|1630230|1631108|202691|203903,1626157|1627824|1628969|1628973|203903,1629023|1629655|1630230|1631108|202691,-17.0,52.0,1610612752.0,22500262
2,PT00M27.10S,00:27,Q2 00:27,23.55,361,foul,M. Christie shooting personal FOUL (2 PF) (Brunson 1 FT),"['inpenalty', '1freethrow']",Christie,50,51,,False,False,1631108,,2pt made,freethrow,1628973.0,,,1626157|1627824|1628969|1628973|1629023|1629655|1630230|1631108|202691|203903,1629023|1629655|1630230|1631108|202691,1626157|1627824|1628969|1628973|203903,,,1610612742.0,22500262
2,PT00M27.10S,00:27,Q2 00:27,23.55,363,freethrow,J. Brunson Free Throw 1 of 1 (15 PTS),[],Brunson,50,52,Made,False,False,1628973,,foul,3pt missed,,,,1626157|1627824|1628969|1628973|1629023|1629655|1630230|1631108|202691|203903,1626157|1627824|1628969|1628973|203903,1629023|1629655|1630230|1631108|202691,,,1610612752.0,22500262
2,PT00M06.70S,00:06,Q2 00:06,23.9,364,3pt,MISS N. Marshall 3PT,[],Marshall,50,52,Missed,True,False,1630230,,freethrow,rebound,,,,1626157|1627824|1628969|1628973|1629023|1629655|1630230|1631108|202691|203903,1629023|1629655|1630230|1631108|202691,1626157|1627824|1628969|1628973|203903,-230.0,-5.0,1610612742.0,22500262
2,PT00M03.40S,00:03,Q2 00:03,23.95,365,rebound,M. Bridges REBOUND (Off:1 Def:4),[],Bridges,50,52,,False,False,1628969,,3pt missed,3pt missed,,,,1626157|1627824|1628969|1628973|1629023|1629655|1630230|1631108|202691|203903,1626157|1627824|1628969|1628973|203903,1629023|1629655|1630230|1631108|202691,,,1610612752.0,22500262
2,PT00M00.30S,00:00,Q2 00:00,24.0,366,3pt,MISS M. Bridges 25' pullup 3PT,[],Bridges,50,52,Missed,True,False,1628969,,rebound,rebound,,,,1626157|1627824|1628969|1628973|1629023|1629655|1630230|1631108|202691|203903,1626157|1627824|1628969|1628973|203903,1629023|1629655|1630230|1631108|202691,2.0,253.0,1610612752.0,22500262
2,PT00M00.10S,00:00,Q2 00:00,24.0,367,rebound,TEAM offensive REBOUND,['team'],,50,52,,False,False,0,,3pt missed,substitution,,,,1626157|1627824|1628969|1628973|1629023|1629655|1630230|1631108|202691|203903,1626157|1627824|1628969|1628973|203903,1629023|1629655|1630230|1631108|202691,,,1610612752.0,22500262
3,PT12M00.00S,12:00,Q3 12:00,24.0,369,substitution,SUB out: N. Marshall,['startperiod'],Marshall,50,52,,False,False,1630230,,rebound,substitution,,,,1626157|1627824|1628969|1628973|1629023|1629655|1631108|202691|203903,1629023|1629655|1631108|202691,1626157|1627824|1628969|1628973|203903,,,1610612742.0,22500262
3,PT12M00.00S,12:00,Q3 12:00,24.0,370,substitution,SUB out: D. Gafford,['startperiod'],Gafford,50,52,,False,False,1629655,,substitution,substitution,,,,1626157|1627824|1628969|1628973|1629023|1631108|202691|203903,1629023|1631108|202691,1626157|1627824|1628969|1628973|203903,,,1610612742.0,22500262
3,PT12M00.00S,12:00,Q3 12:00,24.0,371,substitution,SUB out: J. Clarkson,['startperiod'],Clarkson,50,52,,False,False,203903,,substitution,substitution,,,,1626157|1627824|1628969|1628973|1629023|1631108|202691,1626157|1627824|1628969|1628973,1629023|1631108|202691,,,1610612752.0,22500262
3,PT12M00.00S,12:00,Q3 12:00,24.0,372,substitution,SUB out: G. Yabusele,['startperiod'],Yabusele,50,52,,False,False,1627824,,substitution,substitution,,,,1626157|1628969|1628973|1629023|1631108|202691,1626157|1628969|1628973,1629023|1631108|202691,,,1610612752.0,22500262
3,PT12M00.00S,12:00,Q3 12:00,24.0,373,substitution,SUB in: D. Lively II,['startperiod'],Lively II,50,52,,False,False,1641726,,substitution,substitution,,,,1626157|1628969|1628973|1629023|1631108|1641726|202691,1629023|1631108|1641726|202691,1626157|1628969|1628973,,,1610612742.0,22500262
3,PT12M00.00S,12:00,Q3 12:00,24.0,374,substitution,SUB in: B. Williams,['startperiod'],Williams,50,52,,False,False,1630314,,substitution,substitution,,,,1626157|1628969|1628973|1629023|1630314|1631108|1641726|202691,1629023|1630314|1631108|1641726|202691,1626157|1628969|1628973,,,1610612742.0,22500262
3,PT12M00.00S,12:00,Q3 12:00,24.0,375,substitution,SUB in: L. Shamet,['startperiod'],Shamet,50,52,,False,False,1629013,,substitution,substitution,,,,1626157|1628969|1628973|1629013|1629023|1630314|1631108|1641726|202691,1626157|1628969|1628973|1629013,1629023|1630314|1631108|1641726|202691,,,1610612752.0,22500262
3,PT12M00.00S,12:00,Q3 12:00,24.0,376,substitution,SUB in: M. Robinson,['startperiod'],Robinson,50,52,,False,False,1629011,,substitution,2pt made,,,,1626157|1628969|1628973|1629011|1629013|1629023|1630314|1631108|1641726|202691,1626157|1628969|1628973|1629011|1629013,1629023|1630314|1631108|1641726|202691,,,1610612752.0,22500262
3,PT11M41.00S,11:41,Q3 11:41,22.316666666666666,378,2pt,B. Williams 11' driving floating Jump Shot (2 PTS) (P. Washington 4 AST),['pointsinthepaint'],Williams,52,52,Made,True,True,1630314,1629023.0,substitution,turnover,,,,1626157|1628969|1628973|1629011|1629013|1629023|1630314|1631108|1641726|202691,1629023|1630314|1631108|1641726|202691,1626157|1628969|1628973|1629011|1629013,2.0,117.0,1610612742.0,22500262
3,PT11M25.00S,11:25,Q3 11:25,22.583333333333332,380,turnover,K. Towns bad pass TURNOVER (1 TO),[],Towns,52,52,,False,False,1626157,,2pt made,steal,,1629023.0,,1626157|1628969|1628973|1629011|1629013|1629023|1630314|1631108|1641726|202691,1626157|1628969|1628973|1629011|1629013,1629023|1630314|1631108|1641726|202691,,,1610612752.0,22500262
3,PT11M25.00S,11:25,Q3 11:25,22.583333333333332,381,steal,P. Washington STEAL (3 STL),[],Washington,52,52,,False,False,1629023,,turnover,2pt missed,,,,1626157|1628969|1628973|1629011|1629013|1629023|1630314|1631108|1641726|202691,1629023|1630314|1631108|1641726|202691,1626157|1628969|1628973|1629011|1629013,,,1610612742.0,22500262
3,PT11M04.00S,11:04,Q3 11:04,22.933333333333334,382,2pt,MISS B. Williams 7' driving floating Shot - blocked,"['pointsinthepaint', 'fromturnover']",Williams,52,52,Missed,True,False,1630314,,steal,block,,,1628969.0,1626157|1628969|1628973|1629011|1629013|1629023|1630314|1631108|1641726|202691,1629023|1630314|1631108|1641726|202691,1626157|1628969|1628973|1629011|1629013,-12.0,75.0,1610612742.0,22500262
3,PT11M04.00S,11:04,Q3 11:04,22.933333333333334,383,block,M. Bridges BLOCK (2 BLK),[],Bridges,52,52,,False,False,1628969,,2pt missed,rebound,,,,1626157|1628969|1628973|1629011|1629013|1629023|1630314|1631108|1641726|202691,1626157|1628969|1628973|1629011|1629013,1629023|1630314|1631108|1641726|202691,,,1610612752.0,22500262
3,PT11M01.00S,11:01,Q3 11:01,22.983333333333334,384,rebound,M. Robinson REBOUND (Off:2 Def:2),[],Robinson,52,52,,False,False,1629011,,block,3pt missed,,,,1626157|1628969|1628973|1629011|1629013|1629023|1630314|1631108|1641726|202691,1626157|1628969|1628973|1629011|1629013,1629023|1630314|1631108|1641726|202691,,,1610612752.0,22500262
3,PT10M57.00S,10:57,Q3 10:57,21.05,385,3pt,MISS K. Towns 27' running 3PT,['fastbreak'],Towns,52,52,Missed,True,False,1626157,,rebound,rebound,,,,1626157|1628969|1628973|1629011|1629013|1629023|1630314|1631108|1641726|202691,1626157|1628969|1628973|1629011|1629013,1629023|1630314|1631108|1641726|202691,-179.0,211.0,1610612752.0,22500262
3,PT10M53.00S,10:53,Q3 10:53,21.116666666666667,386,rebound,M. Christie REBOUND (Off:0 Def:4),[],Christie,52,52,,False,False,1631108,,3pt missed,2pt made,,,,1626157|1628969|1628973|1629011|1629013|1629023|1630314|1631108|1641726|202691,1629023|1630314|1631108|1641726|202691,1626157|1628969|1628973|1629011|1629013,,,1610612742.0,22500262
3,PT10M42.00S,10:42,Q3 10:42,21.3,387,2pt,K. Thompson 16' fadeaway Jump Shot (8 PTS) (D. Lively II 1 AST),[],Thompson,54,52,Made,True,True,202691,1641726.0,rebound,foul,,,,1626157|1628969|1628973|1629011|1629013|1629023|1630314|1631108|1641726|202691,1629023|1630314|1631108|1641726|202691,1626157|1628969|1628973|1629011|1629013,1.0,168.0,1610612742.0,22500262
3,PT10M16.00S,10:16,Q3 10:16,21.733333333333334,390,foul,M. Christie shooting personal FOUL (3 PF) (Brunson 2 FT),['2freethrow'],Christie,54,52,,False,False,1631108,,2pt made,freethrow,1628973.0,,,1626157|1628969|1628973|1629011|1629013|1629023|1630314|1631108|1641726|202691,1629023|1630314|1631108|1641726|202691,1626157|1628969|1628973|1629011|1629013,,,1610612742.0,22500262
3,PT10M16.00S,10:16,Q3 10:16,21.733333333333334,392,freethrow,J. Brunson Free Throw 1 of 2 (16 PTS),[],Brunson,54,53,Made,False,False,1628973,,foul,freethrow,,,,1626157|1628969|1628973|1629011|1629013|1629023|1630314|1631108|1641726|202691,1626157|1628969|1628973|1629011|1629013,1629023|1630314|1631108|1641726|202691,,,1610612752.0,22500262
3,PT10M16.00S,10:16,Q3 10:16,21.733333333333334,393,freethrow,J. Brunson Free Throw 2 of 2 (17 PTS),[],Brunson,54,54,Made,False,False,1628973,,freethrow,3pt missed,,,,1626157|1628969|1628973|1629011|1629013|1629023|1630314|1631108|1641726|202691,1626157|1628969|1628973|1629011|1629013,1629023|1630314|1631108|1641726|202691,,,1610612752.0,22500262
3,PT09M57.00S,09:57,Q3 09:57,20.05,394,3pt,MISS M. Christie 3PT,[],Christie,54,54,Missed,True,False,1631108,,freethrow,rebound,,,,1626157|1628969|1628973|1629011|1629013|1629023|1630314|1631108|1641726|202691,1629023|1630314|1631108|1641726|202691,1626157|1628969|1628973|1629011|1629013,-228.0,4.0,1610612742.0,22500262
3,PT09M55.00S,09:55,Q3 09:55,20.083333333333332,395,rebound,K. Towns REBOUND (Off:1 Def:6),[],Towns,54,54,,False,False,1626157,,3pt missed,2pt made,,,,1626157|1628969|1628973|1629011|1629013|1629023|1630314|1631108|1641726|202691,1626157|1628969|1628973|1629011|1629013,1629023|1630314|1631108|1641726|202691,,,1610612752.0,22500262
3,PT09M45.00S,09:45,Q3 09:45,20.25,396,2pt,M. Bridges 13' floating Jump Shot (13 PTS) (M. Robinson 1 AST),[],Bridges,54,56,Made,True,True,1628969,1629011.0,rebound,3pt missed,,,,1626157|1628969|1628973|1629011|1629013|1629023|1630314|1631108|1641726|202691,1626157|1628969|1628973|1629011|1629013,1629023|1630314|1631108|1641726|202691,137.0,27.0,1610612752.0,22500262
3,PT09M24.00S,09:24,Q3 09:24,20.6,398,3pt,MISS M. Christie 24' 3PT,[],Christie,54,56,Missed,True,False,1631108,,2pt made,rebound,,,,1626157|1628969|1628973|1629011|1629013|1629023|1630314|1631108|1641726|202691,1629023|1630314|1631108|1641726|202691,1626157|1628969|1628973|1629011|1629013,-195.0,155.0,1610612742.0,22500262
3,PT09M24.00S,09:24,Q3 09:24,20.6,399,rebound,D. Lively II REBOUND (Off:3 Def:4),[],Lively II,54,56,,False,False,1641726,,3pt missed,2pt made,,,,1626157|1628969|1628973|1629011|1629013|1629023|1630314|1631108|1641726|202691,1629023|1630314|1631108|1641726|202691,1626157|1628969|1628973|1629011|1629013,,,1610612742.0,22500262
3,PT09M19.00S,09:19,Q3 09:19,20.683333333333334,400,2pt,D. Lively II tip Layup (2 PTS),"['pointsinthepaint', '2ndchance']",Lively II,56,56,Made,True,False,1641726,,rebound,2pt missed,,,,1626157|1628969|1628973|1629011|1629013|1629023|1630314|1631108|1641726|202691,1629023|1630314|1631108|1641726|202691,1626157|1628969|1628973|1629011|1629013,0.0,0.0,1610612742.0,22500262
3,PT09M09.00S,09:09,Q3 09:09,20.85,401,2pt,MISS J. Brunson 12' turnaround fadeaway Shot,['pointsinthepaint'],Brunson,56,56,Missed,True,False,1628973,,2pt made,rebound,,,,1626157|1628969|1628973|1629011|1629013|1629023|1630314|1631108|1641726|202691,1626157|1628969|1628973|1629011|1629013,1629023|1630314|1631108|1641726|202691,-43.0,112.0,1610612752.0,22500262
3,PT09M06.00S,09:06,Q3 09:06,20.9,402,rebound,P. Washington REBOUND (Off:1 Def:5),[],Washington,56,56,,False,False,1629023,,2pt missed,3pt made,,,,1626157|1628969|1628973|1629011|1629013|1629023|1630314|1631108|1641726|202691,1629023|1630314|1631108|1641726|202691,1626157|1628969|1628973|1629011|1629013,,,1610612742.0,22500262
3,PT09M00.00S,09:00,Q3 09:00,21.0,403,3pt,B. Williams 25' 3PT  (5 PTS) (M. Christie 1 AST),[],Williams,59,56,Made,True,True,1630314,1631108.0,rebound,timeout,,,,1626157|1628969|1628973|1629011|1629013|1629023|1630314|1631108|1641726|202691,1629023|1630314|1631108|1641726|202691,1626157|1628969|1628973|1629011|1629013,126.0,219.0,1610612742.0,22500262
3,PT08M58.00S,08:58,Q3 08:58,19.033333333333335,405,timeout,NYK Timeout,"['team', 'mandatory']",,59,56,,False,False,0,,3pt made,substitution,,,,1626157|1628969|1628973|1629011|1629013|1629023|1630314|1631108|1641726|202691,1626157|1628969|1628973|1629011|1629013,1629023|1630314|1631108|1641726|202691,,,1610612752.0,22500262
3,PT08M58.00S,08:58,Q3 08:58,19.033333333333335,406,substitution,SUB out: M. Bridges,[],Bridges,59,56,,False,False,1628969,,timeout,substitution,,,,1626157|1628973|1629011|1629013|1629023|1630314|1631108|1641726|202691,1626157|1628973|1629011|1629013,1629023|1630314|1631108|1641726|202691,,,1610612752.0,22500262
3,PT08M58.00S,08:58,Q3 08:58,19.033333333333335,407,substitution,SUB out: M. Robinson,[],Robinson,59,56,,False,False,1629011,,substitution,substitution,,,,1626157|1628973|1629013|1629023|1630314|1631108|1641726|202691,1626157|1628973|1629013,1629023|1630314|1631108|1641726|202691,,,1610612752.0,22500262
3,PT08M58.00S,08:58,Q3 08:58,19.033333333333335,408,substitution,SUB in: G. Yabusele,[],Yabusele,59,56,,False,False,1627824,,substitution,substitution,,,,1626157|1627824|1628973|1629013|1629023|1630314|1631108|1641726|202691,1626157|1627824|1628973|1629013,1629023|1630314|1631108|1641726|202691,,,1610612752.0,22500262
3,PT08M58.00S,08:58,Q3 08:58,19.033333333333335,409,substitution,SUB in: J. Hart,[],Hart,59,56,,False,False,1628404,,substitution,2pt missed,,,,1626157|1627824|1628404|1628973|1629013|1629023|1630314|1631108|1641726|202691,1626157|1627824|1628404|1628973|1629013,1629023|1630314|1631108|1641726|202691,,,1610612752.0,22500262
3,PT08M41.00S,08:41,Q3 08:41,19.316666666666666,410,2pt,MISS K. Towns driving Hook,['pointsinthepaint'],Towns,59,56,Missed,True,False,1626157,,substitution,rebound,,,,1626157|1627824|1628404|1628973|1629013|1629023|1630314|1631108|1641726|202691,1626157|1627824|1628404|1628973|1629013,1629023|1630314|1631108|1641726|202691,-37.0,41.0,1610612752.0,22500262
3,PT08M38.00S,08:38,Q3 08:38,19.366666666666667,411,rebound,K. Towns REBOUND (Off:2 Def:6),[],Towns,59,56,,False,False,1626157,,2pt missed,3pt missed,,,,1626157|1627824|1628404|1628973|1629013|1629023|1630314|1631108|1641726|202691,1626157|1627824|1628404|1628973|1629013,1629023|1630314|1631108|1641726|202691,,,1610612752.0,22500262
3,PT08M36.00S,08:36,Q3 08:36,19.4,412,3pt,MISS G. Yabusele 3PT,['2ndchance'],Yabusele,59,56,Missed,True,False,1627824,,rebound,rebound,,,,1626157|1627824|1628404|1628973|1629013|1629023|1630314|1631108|1641726|202691,1626157|1627824|1628404|1628973|1629013,1629023|1630314|1631108|1641726|202691,230.0,6.0,1610612752.0,22500262
3,PT08M34.00S,08:34,Q3 08:34,19.433333333333334,413,rebound,B. Williams REBOUND (Off:1 Def:1),[],Williams,59,56,,False,False,1630314,,3pt missed,2pt missed,,,,1626157|1627824|1628404|1628973|1629013|1629023|1630314|1631108|1641726|202691,1629023|1630314|1631108|1641726|202691,1626157|1627824|1628404|1628973|1629013,,,1610612742.0,22500262
3,PT08M24.00S,08:24,Q3 08:24,19.6,414,2pt,MISS B. Williams driving Layup - blocked,['pointsinthepaint'],Williams,59,56,Missed,True,False,1630314,,rebound,block,,,1628404.0,1626157|1627824|1628404|1628973|1629013|1629023|1630314|1631108|1641726|202691,1629023|1630314|1631108|1641726|202691,1626157|1627824|1628404|1628973|1629013,-29.0,-1.0,1610612742.0,22500262
3,PT08M24.00S,08:24,Q3 08:24,19.6,415,block,J. Hart BLOCK (1 BLK),[],Hart,59,56,,False,False,1628404,,2pt missed,rebound,,,,1626157|1627824|1628404|1628973|1629013|1629023|1630314|1631108|1641726|202691,1626157|1627824|1628404|1628973|1629013,1629023|1630314|1631108|1641726|202691,,,1610612752.0,22500262
3,PT08M21.00S,08:21,Q3 08:21,19.65,416,rebound,K. Towns REBOUND (Off:2 Def:7),[],Towns,59,56,,False,False,1626157,,block,2pt made,,,,1626157|1627824|1628404|1628973|1629013|1629023|1630314|1631108|1641726|202691,1626157|1627824|1628404|1628973|1629013,1629023|1630314|1631108|1641726|202691,,,1610612752.0,22500262
3,PT08M19.00S,08:19,Q3 08:19,19.683333333333334,417,2pt,J. Brunson running Layup (19 PTS) (K. Towns 4 AST),"['pointsinthepaint', 'fastbreak']",Brunson,59,58,Made,True,True,1628973,1626157.0,rebound,turnover,,,,1626157|1627824|1628404|1628973|1629013|1629023|1630314|1631108|1641726|202691,1626157|1627824|1628404|1628973|1629013,1629023|1630314|1631108|1641726|202691,-13.0,12.0,1610612752.0,22500262
3,PT08M03.00S,08:03,Q3 08:03,19.95,420,turnover,P. Washington bad pass TURNOVER (1 TO),[],Washington,59,58,,False,False,1629023,,2pt made,steal,,1629013.0,,1626157|1627824|1628404|1628973|1629013|1629023|1630314|1631108|1641726|202691,1629023|1630314|1631108|1641726|202691,1626157|1627824|1628404|1628973|1629013,,,1610612742.0,22500262
3,PT08M03.00S,08:03,Q3 08:03,19.95,421,steal,L. Shamet STEAL (1 STL),[],Shamet,59,58,,False,False,1629013,,turnover,turnover,,,,1626157|1627824|1628404|1628973|1629013|1629023|1630314|1631108|1641726|202691,1626157|1627824|1628404|1628973|1629013,1629023|1630314|1631108|1641726|202691,,,1610612752.0,22500262
3,PT07M45.00S,07:45,Q3 07:45,18.25,422,turnover,K. Towns bad pass TURNOVER (2 TO),[],Towns,59,58,,False,False,1626157,,steal,steal,,1631108.0,,1626157|1627824|1628404|1628973|1629013|1629023|1630314|1631108|1641726|202691,1626157|1627824|1628404|1628973|1629013,1629023|1630314|1631108|1641726|202691,,,1610612752.0,22500262
3,PT07M45.00S,07:45,Q3 07:45,18.25,423,steal,M. Christie STEAL (1 STL),[],Christie,59,58,,False,False,1631108,,turnover,3pt missed,,,,1626157|1627824|1628404|1628973|1629013|1629023|1630314|1631108|1641726|202691,1629023|1630314|1631108|1641726|202691,1626157|1627824|1628404|1628973|1629013,,,1610612742.0,22500262
3,PT07M40.00S,07:40,Q3 07:40,18.333333333333332,424,3pt,MISS B. Williams running 3PT,"['fromturnover', 'fastbreak']",Williams,59,58,Missed,True,False,1630314,,steal,rebound,,,,1626157|1627824|1628404|1628973|1629013|1629023|1630314|1631108|1641726|202691,1629023|1630314|1631108|1641726|202691,1626157|1627824|1628404|1628973|1629013,-223.0,82.0,1610612742.0,22500262
3,PT07M37.00S,07:37,Q3 07:37,18.383333333333333,425,rebound,J. Hart REBOUND (Off:1 Def:5),[],Hart,59,58,,False,False,1628404,,3pt missed,3pt made,,,,1626157|1627824|1628404|1628973|1629013|1629023|1630314|1631108|1641726|202691,1626157|1627824|1628404|1628973|1629013,1629023|1630314|1631108|1641726|202691,,,1610612752.0,22500262
3,PT07M33.00S,07:33,Q3 07:33,18.45,426,3pt,K. Towns 24' 3PT running (8 PTS) (J. Hart 1 AST),['fastbreak'],Towns,59,61,Made,True,True,1626157,1628404.0,rebound,foul,,,,1626157|1627824|1628404|1628973|1629013|1629023|1630314|1631108|1641726|202691,1626157|1627824|1628404|1628973|1629013,1629023|1630314|1631108|1641726|202691,-196.0,153.0,1610612752.0,22500262
3,PT07M13.00S,07:13,Q3 07:13,18.783333333333335,428,foul,K. Towns shooting personal FOUL (2 PF) (Lively II 2 FT),['2freethrow'],Towns,59,61,,False,False,1626157,,3pt made,freethrow,1641726.0,,,1626157|1627824|1628404|1628973|1629013|1629023|1630314|1631108|1641726|202691,1626157|1627824|1628404|1628973|1629013,1629023|1630314|1631108|1641726|202691,,,1610612752.0,22500262
3,PT07M13.00S,07:13,Q3 07:13,18.783333333333335,430,freethrow,D. Lively II Free Throw 1 of 2 (3 PTS),[],Lively II,60,61,Made,False,False,1641726,,foul,freethrow,,,,1626157|1627824|1628404|1628973|1629013|1629023|1630314|1631108|1641726|202691,1629023|1630314|1631108|1641726|202691,1626157|1627824|1628404|1628973|1629013,,,1610612742.0,22500262
3,PT07M13.00S,07:13,Q3 07:13,18.783333333333335,433,freethrow,D. Lively II Free Throw 2 of 2 (4 PTS),[],Lively II,61,61,Made,False,False,1641726,,freethrow,substitution,,,,1626157|1627824|1628404|1628973|1629013|1629023|1630314|1631108|1641726|202691,1629023|1630314|1631108|1641726|202691,1626157|1627824|1628404|1628973|1629013,,,1610612742.0,22500262
3,PT07M13.00S,07:13,Q3 07:13,18.783333333333335,431,substitution,SUB out: M. Christie,[],Christie,60,61,,False,False,1631108,,freethrow,substitution,,,,1626157|1627824|1628404|1628973|1629013|1629023|1630314|1641726|202691,1629023|1630314|1641726|202691,1626157|1627824|1628404|1628973|1629013,,,1610612742.0,22500262
3,PT07M13.00S,07:13,Q3 07:13,18.783333333333335,432,substitution,SUB in: N. Marshall,[],Marshall,60,61,,False,False,1630230,,substitution,2pt missed,,,,1626157|1627824|1628404|1628973|1629013|1629023|1630230|1630314|1641726|202691,1629023|1630230|1630314|1641726|202691,1626157|1627824|1628404|1628973|1629013,,,1610612742.0,22500262
3,PT07M03.00S,07:03,Q3 07:03,18.95,434,2pt,MISS J. Hart 7' driving Layup - blocked,['pointsinthepaint'],Hart,61,61,Missed,True,False,1628404,,substitution,block,,,1641726.0,1626157|1627824|1628404|1628973|1629013|1629023|1630230|1630314|1641726|202691,1626157|1627824|1628404|1628973|1629013,1629023|1630230|1630314|1641726|202691,71.0,6.0,1610612752.0,22500262
3,PT07M03.00S,07:03,Q3 07:03,18.95,435,block,D. Lively II BLOCK (3 BLK),[],Lively II,61,61,,False,False,1641726,,2pt missed,rebound,,,,1626157|1627824|1628404|1628973|1629013|1629023|1630230|1630314|1641726|202691,1629023|1630230|1630314|1641726|202691,1626157|1627824|1628404|1628973|1629013,,,1610612742.0,22500262
3,PT07M00.00S,07:00,Q3 07:00,19.0,436,rebound,P. Washington REBOUND (Off:1 Def:6),[],Washington,61,61,,False,False,1629023,,block,foul,,,,1626157|1627824|1628404|1628973|1629013|1629023|1630230|1630314|1641726|202691,1629023|1630230|1630314|1641726|202691,1626157|1627824|1628404|1628973|1629013,,,1610612742.0,22500262
3,PT06M58.00S,06:58,Q3 06:58,17.033333333333335,437,foul,D. Lively II off-the-ball offensive FOUL (1 PF),[],Lively II,61,61,,False,False,1641726,,rebound,turnover,1629013.0,,,1626157|1627824|1628404|1628973|1629013|1629023|1630230|1630314|1641726|202691,1629023|1630230|1630314|1641726|202691,1626157|1627824|1628404|1628973|1629013,,,1610612742.0,22500262
3,PT06M58.00S,06:58,Q3 06:58,17.033333333333335,439,turnover,D. Lively II offensive foul TURNOVER (1 TO),[],Lively II,61,61,,False,False,1641726,,foul,substitution,,,,1626157|1627824|1628404|1628973|1629013|1629023|1630230|1630314|1641726|202691,1629023|1630230|1630314|1641726|202691,1626157|1627824|1628404|1628973|1629013,,,1610612742.0,22500262
3,PT06M58.00S,06:58,Q3 06:58,17.033333333333335,440,substitution,SUB out: D. Lively II,[],Lively II,61,61,,False,False,1641726,,turnover,substitution,,,,1626157|1627824|1628404|1628973|1629013|1629023|1630230|1630314|202691,1629023|1630230|1630314|202691,1626157|1627824|1628404|1628973|1629013,,,1610612742.0,22500262
3,PT06M58.00S,06:58,Q3 06:58,17.033333333333335,441,substitution,SUB in: D. Gafford,[],Gafford,61,61,,False,False,1629655,,substitution,2pt made,,,,1626157|1627824|1628404|1628973|1629013|1629023|1629655|1630230|1630314|202691,1629023|1629655|1630230|1630314|202691,1626157|1627824|1628404|1628973|1629013,,,1610612742.0,22500262
3,PT06M47.00S,06:47,Q3 06:47,17.216666666666665,442,2pt,J. Brunson 16' pullup Jump Shot (21 PTS) (K. Towns 5 AST),['fromturnover'],Brunson,61,63,Made,True,True,1628973,1626157.0,substitution,3pt made,,,,1626157|1627824|1628404|1628973|1629013|1629023|1629655|1630230|1630314|202691,1626157|1627824|1628404|1628973|1629013,1629023|1629655|1630230|1630314|202691,-97.0,128.0,1610612752.0,22500262
3,PT06M28.00S,06:28,Q3 06:28,17.533333333333335,444,3pt,K. Thompson 25' 3PT pullup (11 PTS) (D. Gafford 2 AST),[],Thompson,64,63,Made,True,True,202691,1629655.0,2pt made,2pt made,,,,1626157|1627824|1628404|1628973|1629013|1629023|1629655|1630230|1630314|202691,1629023|1629655|1630230|1630314|202691,1626157|1627824|1628404|1628973|1629013,38.0,255.0,1610612742.0,22500262
3,PT06M07.00S,06:07,Q3 06:07,17.883333333333333,445,2pt,J. Brunson 9' turnaround fadeaway Jump Shot (23 PTS),['pointsinthepaint'],Brunson,64,65,Made,True,False,1628973,,3pt made,2pt missed,,,,1626157|1627824|1628404|1628973|1629013|1629023|1629655|1630230|1630314|202691,1626157|1627824|1628404|1628973|1629013,1629023|1629655|1630230|1630314|202691,-31.0,89.0,1610612752.0,22500262
3,PT05M54.00S,05:54,Q3 05:54,16.1,446,2pt,MISS P. Washington driving floating Shot - blocked,['pointsinthepaint'],Washington,64,65,Missed,True,False,1629023,,2pt made,block,,,1628973.0,1626157|1627824|1628404|1628973|1629013|1629023|1629655|1630230|1630314|202691,1629023|1629655|1630230|1630314|202691,1626157|1627824|1628404|1628973|1629013,-11.0,52.0,1610612742.0,22500262
3,PT05M54.00S,05:54,Q3 05:54,16.1,447,block,J. Brunson BLOCK (1 BLK),[],Brunson,64,65,,False,False,1628973,,2pt missed,rebound,,,,1626157|1627824|1628404|1628973|1629013|1629023|1629655|1630230|1630314|202691,1626157|1627824|1628404|1628973|1629013,1629023|1629655|1630230|1630314|202691,,,1610612752.0,22500262
3,PT05M53.00S,05:53,Q3 05:53,16.116666666666667,448,rebound,TEAM defensive REBOUND,['team'],,64,65,,False,False,0,,block,3pt missed,,,,1626157|1627824|1628404|1628973|1629013|1629023|1629655|1630230|1630314|202691,1626157|1627824|1628404|1628973|1629013,1629023|1629655|1630230|1630314|202691,,,1610612752.0,22500262
3,PT05M41.00S,05:41,Q3 05:41,16.316666666666666,450,3pt,MISS G. Yabusele 24' 3PT,[],Yabusele,64,65,Missed,True,False,1627824,,rebound,rebound,,,,1626157|1627824|1628404|1628973|1629013|1629023|1629655|1630230|1630314|202691,1626157|1627824|1628404|1628973|1629013,1629023|1629655|1630230|1630314|202691,-235.0,79.0,1610612752.0,22500262
3,PT05M39.00S,05:39,Q3 05:39,16.35,451,rebound,K. Towns REBOUND (Off:3 Def:7),[],Towns,64,65,,False,False,1626157,,3pt missed,2pt missed,,,,1626157|1627824|1628404|1628973|1629013|1629023|1629655|1630230|1630314|202691,1626157|1627824|1628404|1628973|1629013,1629023|1629655|1630230|1630314|202691,,,1610612752.0,22500262
3,PT05M36.00S,05:36,Q3 05:36,16.4,452,2pt,MISS K. Towns Layup,"['pointsinthepaint', '2ndchance']",Towns,64,65,Missed,True,False,1626157,,rebound,rebound,,,,1626157|1627824|1628404|1628973|1629013|1629023|1629655|1630230|1630314|202691,1626157|1627824|1628404|1628973|1629013,1629023|1629655|1630230|1630314|202691,-34.0,25.0,1610612752.0,22500262
3,PT05M36.00S,05:36,Q3 05:36,16.4,453,rebound,K. Towns REBOUND (Off:4 Def:7),[],Towns,64,65,,False,False,1626157,,2pt missed,foul,,,,1626157|1627824|1628404|1628973|1629013|1629023|1629655|1630230|1630314|202691,1626157|1627824|1628404|1628973|1629013,1629023|1629655|1630230|1630314|202691,,,1610612752.0,22500262
3,PT05M36.00S,05:36,Q3 05:36,16.4,454,foul,P. Washington shooting personal FOUL (1 PF) (Towns 2 FT),['2freethrow'],Washington,64,65,,False,False,1629023,,rebound,freethrow,1626157.0,,,1626157|1627824|1628404|1628973|1629013|1629023|1629655|1630230|1630314|202691,1629023|1629655|1630230|1630314|202691,1626157|1627824|1628404|1628973|1629013,,,1610612742.0,22500262
3,PT05M36.00S,05:36,Q3 05:36,16.4,457,freethrow,K. Towns Free Throw 1 of 2 (9 PTS),['2ndchance'],Towns,64,66,Made,False,False,1626157,,foul,freethrow,,,,1626157|1627824|1628404|1628973|1629013|1629023|1629655|1630230|1630314|202691,1626157|1627824|1628404|1628973|1629013,1629023|1629655|1630230|1630314|202691,,,1610612752.0,22500262
3,PT05M36.00S,05:36,Q3 05:36,16.4,462,freethrow,K. Towns Free Throw 2 of 2 (10 PTS),['2ndchance'],Towns,64,67,Made,False,False,1626157,,freethrow,substitution,,,,1626157|1627824|1628404|1628973|1629013|1629023|1629655|1630230|1630314|202691,1626157|1627824|1628404|1628973|1629013,1629023|1629655|1630230|1630314|202691,,,1610612752.0,22500262
3,PT05M36.00S,05:36,Q3 05:36,16.4,458,substitution,SUB out: G. Yabusele,[],Yabusele,64,66,,False,False,1627824,,freethrow,substitution,,,,1626157|1628404|1628973|1629013|1629023|1629655|1630230|1630314|202691,1626157|1628404|1628973|1629013,1629023|1629655|1630230|1630314|202691,,,1610612752.0,22500262
3,PT05M36.00S,05:36,Q3 05:36,16.4,459,substitution,SUB out: L. Shamet,[],Shamet,64,66,,False,False,1629013,,substitution,substitution,,,,1626157|1628404|1628973|1629023|1629655|1630230|1630314|202691,1626157|1628404|1628973,1629023|1629655|1630230|1630314|202691,,,1610612752.0,22500262
3,PT05M36.00S,05:36,Q3 05:36,16.4,460,substitution,SUB in: M. Robinson,[],Robinson,64,66,,False,False,1629011,,substitution,substitution,,,,1626157|1628404|1628973|1629011|1629023|1629655|1630230|1630314|202691,1626157|1628404|1628973|1629011,1629023|1629655|1630230|1630314|202691,,,1610612752.0,22500262
3,PT05M36.00S,05:36,Q3 05:36,16.4,461,substitution,SUB in: M. Bridges,[],Bridges,64,66,,False,False,1628969,,substitution,3pt missed,,,,1626157|1628404|1628969|1628973|1629011|1629023|1629655|1630230|1630314|202691,1626157|1628404|1628969|1628973|1629011,1629023|1629655|1630230|1630314|202691,,,1610612752.0,22500262
3,PT05M27.00S,05:27,Q3 05:27,16.55,463,3pt,MISS K. Thompson 25' 3PT,[],Thompson,64,67,Missed,True,False,202691,,substitution,rebound,,,,1626157|1628404|1628969|1628973|1629011|1629023|1629655|1630230|1630314|202691,1629023|1629655|1630230|1630314|202691,1626157|1628404|1628969|1628973|1629011,42.0,247.0,1610612742.0,22500262
3,PT05M26.00S,05:26,Q3 05:26,16.566666666666666,464,rebound,TEAM defensive REBOUND,['team'],,64,67,,False,False,0,,3pt missed,substitution,,,,1626157|1628404|1628969|1628973|1629011|1629023|1629655|1630230|1630314|202691,1626157|1628404|1628969|1628973|1629011,1629023|1629655|1630230|1630314|202691,,,1610612752.0,22500262
3,PT05M26.00S,05:26,Q3 05:26,16.566666666666666,466,substitution,SUB out: B. Williams,[],Williams,64,67,,False,False,1630314,,rebound,substitution,,,,1626157|1628404|1628969|1628973|1629011|1629023|1629655|1630230|202691,1629023|1629655|1630230|202691,1626157|1628404|1628969|1628973|1629011,,,1610612742.0,22500262
3,PT05M26.00S,05:26,Q3 05:26,16.566666666666666,467,substitution,SUB out: K. Thompson,[],Thompson,64,67,,False,False,202691,,substitution,substitution,,,,1626157|1628404|1628969|1628973|1629011|1629023|1629655|1630230,1629023|1629655|1630230,1626157|1628404|1628969|1628973|1629011,,,1610612742.0,22500262
3,PT05M26.00S,05:26,Q3 05:26,16.566666666666666,468,substitution,SUB out: K. Towns,[],Towns,64,67,,False,False,1626157,,substitution,substitution,,,,1628404|1628969|1628973|1629011|1629023|1629655|1630230,1628404|1628969|1628973|1629011,1629023|1629655|1630230,,,1610612752.0,22500262
3,PT05M26.00S,05:26,Q3 05:26,16.566666666666666,469,substitution,SUB in: D. Russell,[],Russell,64,67,,False,False,1626156,,substitution,substitution,,,,1626156|1628404|1628969|1628973|1629011|1629023|1629655|1630230,1626156|1629023|1629655|1630230,1628404|1628969|1628973|1629011,,,1610612742.0,22500262
3,PT05M26.00S,05:26,Q3 05:26,16.566666666666666,470,substitution,SUB in: J. Hardy,[],Hardy,64,67,,False,False,1630702,,substitution,substitution,,,,1626156|1628404|1628969|1628973|1629011|1629023|1629655|1630230|1630702,1626156|1629023|1629655|1630230|1630702,1628404|1628969|1628973|1629011,,,1610612742.0,22500262
3,PT05M26.00S,05:26,Q3 05:26,16.566666666666666,471,substitution,SUB in: J. Clarkson,[],Clarkson,64,67,,False,False,203903,,substitution,2pt made,,,,1626156|1628404|1628969|1628973|1629011|1629023|1629655|1630230|1630702|203903,1628404|1628969|1628973|1629011|203903,1626156|1629023|1629655|1630230|1630702,,,1610612752.0,22500262
3,PT05M13.00S,05:13,Q3 05:13,16.783333333333335,472,2pt,J. Brunson 15' step back Jump Shot (25 PTS),['pointsinthepaint'],Brunson,64,69,Made,True,False,1628973,,substitution,timeout,,,,1626156|1628404|1628969|1628973|1629011|1629023|1629655|1630230|1630702|203903,1628404|1628969|1628973|1629011|203903,1626156|1629023|1629655|1630230|1630702,74.0,133.0,1610612752.0,22500262
3,PT05M13.00S,05:13,Q3 05:13,16.783333333333335,473,timeout,DAL Timeout,"['team', 'mandatory']",,64,69,,False,False,0,,2pt made,3pt missed,,,,1626156|1628404|1628969|1628973|1629011|1629023|1629655|1630230|1630702|203903,1626156|1629023|1629655|1630230|1630702,1628404|1628969|1628973|1629011|203903,,,1610612742.0,22500262
3,PT05M00.00S,05:00,Q3 05:00,17.0,474,3pt,MISS J. Hardy 25' pullup 3PT,[],Hardy,64,69,Missed,True,False,1630702,,timeout,rebound,,,,1626156|1628404|1628969|1628973|1629011|1629023|1629655|1630230|1630702|203903,1626156|1629023|1629655|1630230|1630702,1628404|1628969|1628973|1629011|203903,145.0,205.0,1610612742.0,22500262
3,PT04M58.00S,04:58,Q3 04:58,15.033333333333333,475,rebound,J. Hart REBOUND (Off:1 Def:6),[],Hart,64,69,,False,False,1628404,,3pt missed,2pt made,,,,1626156|1628404|1628969|1628973|1629011|1629023|1629655|1630230|1630702|203903,1628404|1628969|1628973|1629011|203903,1626156|1629023|1629655|1630230|1630702,,,1610612752.0,22500262
3,PT04M55.00S,04:55,Q3 04:55,15.083333333333334,476,2pt,J. Brunson running Layup (27 PTS) (J. Hart 2 AST),"['pointsinthepaint', 'fastbreak']",Brunson,64,71,Made,True,True,1628973,1628404.0,rebound,2pt made,,,,1626156|1628404|1628969|1628973|1629011|1629023|1629655|1630230|1630702|203903,1628404|1628969|1628973|1629011|203903,1626156|1629023|1629655|1630230|1630702,13.0,0.0,1610612752.0,22500262
3,PT04M44.00S,04:44,Q3 04:44,15.266666666666667,478,2pt,D. Russell 18' step back Jump Shot (7 PTS),[],Russell,66,71,Made,True,False,1626156,,2pt made,2pt made,,,,1626156|1628404|1628969|1628973|1629011|1629023|1629655|1630230|1630702|203903,1626156|1629023|1629655|1630230|1630702,1628404|1628969|1628973|1629011|203903,7.0,187.0,1610612742.0,22500262
3,PT04M26.00S,04:26,Q3 04:26,15.566666666666666,479,2pt,J. Hart driving floating Jump Shot (6 PTS) (M. Bridges 2 AST),['pointsinthepaint'],Hart,66,73,Made,True,True,1628404,1628969.0,2pt made,2pt made,,,,1626156|1628404|1628969|1628973|1629011|1629023|1629655|1630230|1630702|203903,1628404|1628969|1628973|1629011|203903,1626156|1629023|1629655|1630230|1630702,21.0,36.0,1610612752.0,22500262
3,PT04M11.00S,04:11,Q3 04:11,15.816666666666666,481,2pt,D. Russell 15' step back Jump Shot (9 PTS),[],Russell,68,73,Made,True,False,1626156,,2pt made,3pt made,,,,1626156|1628404|1628969|1628973|1629011|1629023|1629655|1630230|1630702|203903,1626156|1629023|1629655|1630230|1630702,1628404|1628969|1628973|1629011|203903,-29.0,148.0,1610612742.0,22500262
3,PT03M59.00S,03:59,Q3 03:59,14.016666666666667,482,3pt,J. Hart 3PT  (9 PTS) (M. Bridges 3 AST),[],Hart,68,76,Made,True,True,1628404,1628969.0,2pt made,2pt made,,,,1626156|1628404|1628969|1628973|1629011|1629023|1629655|1630230|1630702|203903,1628404|1628969|1628973|1629011|203903,1626156|1629023|1629655|1630230|1630702,228.0,21.0,1610612752.0,22500262
3,PT03M45.00S,03:45,Q3 03:45,14.25,484,2pt,N. Marshall driving Layup (21 PTS) (D. Russell 5 AST),['pointsinthepaint'],Marshall,70,76,Made,True,True,1630230,1626156.0,3pt made,foul,,,,1626156|1628404|1628969|1628973|1629011|1629023|1629655|1630230|1630702|203903,1626156|1629023|1629655|1630230|1630702,1628404|1628969|1628973|1629011|203903,16.0,1.0,1610612742.0,22500262
3,PT03M32.00S,03:32,Q3 03:32,14.466666666666667,486,foul,D. Gafford shooting personal FOUL (2 PF) (Robinson 2 FT),['2freethrow'],Gafford,70,76,,False,False,1629655,,2pt made,freethrow,1629011.0,,,1626156|1628404|1628969|1628973|1629011|1629023|1629655|1630230|1630702|203903,1626156|1629023|1629655|1630230|1630702,1628404|1628969|1628973|1629011|203903,,,1610612742.0,22500262
3,PT03M32.00S,03:32,Q3 03:32,14.466666666666667,488,freethrow,MISS M. Robinson Free Throw 1 of 2,[],Robinson,70,76,Missed,False,False,1629011,,foul,rebound,,,,1626156|1628404|1628969|1628973|1629011|1629023|1629655|1630230|1630702|203903,1628404|1628969|1628973|1629011|203903,1626156|1629023|1629655|1630230|1630702,,,1610612752.0,22500262
3,PT03M32.00S,03:32,Q3 03:32,14.466666666666667,489,rebound,TEAM offensive REBOUND,"['deadball', 'team']",,70,76,,False,False,0,,freethrow,freethrow,,,,1626156|1628404|1628969|1628973|1629011|1629023|1629655|1630230|1630702|203903,1628404|1628969|1628973|1629011|203903,1626156|1629023|1629655|1630230|1630702,,,1610612752.0,22500262
3,PT03M32.00S,03:32,Q3 03:32,14.466666666666667,492,freethrow,MISS M. Robinson Free Throw 2 of 2,[],Robinson,70,76,Missed,False,False,1629011,,rebound,substitution,,,,1626156|1628404|1628969|1628973|1629011|1629023|1629655|1630230|1630702|203903,1628404|1628969|1628973|1629011|203903,1626156|1629023|1629655|1630230|1630702,,,1610612752.0,22500262
3,PT03M32.00S,03:32,Q3 03:32,14.466666666666667,490,substitution,SUB out: P. Washington,[],Washington,70,76,,False,False,1629023,,freethrow,substitution,,,,1626156|1628404|1628969|1628973|1629011|1629655|1630230|1630702|203903,1626156|1629655|1630230|1630702,1628404|1628969|1628973|1629011|203903,,,1610612742.0,22500262
3,PT03M32.00S,03:32,Q3 03:32,14.466666666666667,491,substitution,SUB in: M. Christie,[],Christie,70,76,,False,False,1631108,,substitution,rebound,,,,1626156|1628404|1628969|1628973|1629011|1629655|1630230|1630702|1631108|203903,1626156|1629655|1630230|1630702|1631108,1628404|1628969|1628973|1629011|203903,,,1610612742.0,22500262
3,PT03M29.00S,03:29,Q3 03:29,14.516666666666667,493,rebound,M. Christie REBOUND (Off:0 Def:5),[],Christie,70,76,,False,False,1631108,,substitution,2pt missed,,,,1626156|1628404|1628969|1628973|1629011|1629655|1630230|1630702|1631108|203903,1626156|1629655|1630230|1630702|1631108,1628404|1628969|1628973|1629011|203903,,,1610612742.0,22500262
3,PT03M21.00S,03:21,Q3 03:21,14.65,494,2pt,MISS D. Gafford reverse Layup,['pointsinthepaint'],Gafford,70,76,Missed,True,False,1629655,,rebound,rebound,,,,1626156|1628404|1628969|1628973|1629011|1629655|1630230|1630702|1631108|203903,1626156|1629655|1630230|1630702|1631108,1628404|1628969|1628973|1629011|203903,23.0,-10.0,1610612742.0,22500262
3,PT03M20.00S,03:20,Q3 03:20,14.666666666666666,495,rebound,D. Gafford REBOUND (Off:1 Def:3),[],Gafford,70,76,,False,False,1629655,,2pt missed,3pt missed,,,,1626156|1628404|1628969|1628973|1629011|1629655|1630230|1630702|1631108|203903,1626156|1629655|1630230|1630702|1631108,1628404|1628969|1628973|1629011|203903,,,1610612742.0,22500262
3,PT03M15.00S,03:15,Q3 03:15,14.75,496,3pt,MISS J. Hardy 3PT,['2ndchance'],Hardy,70,76,Missed,True,False,1630702,,rebound,rebound,,,,1626156|1628404|1628969|1628973|1629011|1629655|1630230|1630702|1631108|203903,1626156|1629655|1630230|1630702|1631108,1628404|1628969|1628973|1629011|203903,-228.0,-12.0,1610612742.0,22500262
3,PT03M12.00S,03:12,Q3 03:12,14.8,497,rebound,M. Robinson REBOUND (Off:2 Def:3),[],Robinson,70,76,,False,False,1629011,,3pt missed,foul,,,,1626156|1628404|1628969|1628973|1629011|1629655|1630230|1630702|1631108|203903,1628404|1628969|1628973|1629011|203903,1626156|1629655|1630230|1630702|1631108,,,1610612752.0,22500262
3,PT03M08.00S,03:08,Q3 03:08,14.866666666666667,498,foul,D. Gafford shooting personal FOUL (3 PF) (Hart 2 FT),['2freethrow'],Gafford,70,76,,False,False,1629655,,rebound,freethrow,1628404.0,,,1626156|1628404|1628969|1628973|1629011|1629655|1630230|1630702|1631108|203903,1626156|1629655|1630230|1630702|1631108,1628404|1628969|1628973|1629011|203903,,,1610612742.0,22500262
3,PT03M08.00S,03:08,Q3 03:08,14.866666666666667,500,freethrow,J. Hart Free Throw 1 of 2 (10 PTS),['fastbreak'],Hart,70,77,Made,False,False,1628404,,foul,freethrow,,,,1626156|1628404|1628969|1628973|1629011|1629655|1630230|1630702|1631108|203903,1628404|1628969|1628973|1629011|203903,1626156|1629655|1630230|1630702|1631108,,,1610612752.0,22500262
3,PT03M08.00S,03:08,Q3 03:08,14.866666666666667,505,freethrow,J. Hart Free Throw 2 of 2 (11 PTS),['fastbreak'],Hart,70,78,Made,False,False,1628404,,freethrow,substitution,,,,1626156|1628404|1628969|1628973|1629011|1629655|1630230|1630702|1631108|203903,1628404|1628969|1628973|1629011|203903,1626156|1629655|1630230|1630702|1631108,,,1610612752.0,22500262
3,PT03M08.00S,03:08,Q3 03:08,14.866666666666667,501,substitution,SUB out: J. Brunson,[],Brunson,70,77,,False,False,1628973,,freethrow,substitution,,,,1626156|1628404|1628969|1629011|1629655|1630230|1630702|1631108|203903,1628404|1628969|1629011|203903,1626156|1629655|1630230|1630702|1631108,,,1610612752.0,22500262
3,PT03M08.00S,03:08,Q3 03:08,14.866666666666667,502,substitution,SUB out: M. Robinson,[],Robinson,70,77,,False,False,1629011,,substitution,substitution,,,,1626156|1628404|1628969|1629655|1630230|1630702|1631108|203903,1628404|1628969|203903,1626156|1629655|1630230|1630702|1631108,,,1610612752.0,22500262
3,PT03M08.00S,03:08,Q3 03:08,14.866666666666667,503,substitution,SUB in: K. Towns,[],Towns,70,77,,False,False,1626157,,substitution,substitution,,,,1626156|1626157|1628404|1628969|1629655|1630230|1630702|1631108|203903,1626157|1628404|1628969|203903,1626156|1629655|1630230|1630702|1631108,,,1610612752.0,22500262
3,PT03M08.00S,03:08,Q3 03:08,14.866666666666667,504,substitution,SUB in: M. McBride,[],McBride,70,77,,False,False,1630540,,substitution,2pt made,,,,1626156|1626157|1628404|1628969|1629655|1630230|1630540|1630702|1631108|203903,1626157|1628404|1628969|1630540|203903,1626156|1629655|1630230|1630702|1631108,,,1610612752.0,22500262
3,PT02M49.00S,02:49,Q3 02:49,13.183333333333334,506,2pt,D. Russell driving floating Jump Shot (11 PTS),['pointsinthepaint'],Russell,72,78,Made,True,False,1626156,,substitution,foul,,,,1626156|1626157|1628404|1628969|1629655|1630230|1630540|1630702|1631108|203903,1626156|1629655|1630230|1630702|1631108,1626157|1628404|1628969|1630540|203903,-29.0,34.0,1610612742.0,22500262
3,PT02M31.00S,02:31,Q3 02:31,13.483333333333333,507,foul,K. Towns offensive FOUL (3 PF),[],Towns,72,78,,False,False,1626157,,2pt made,turnover,1629655.0,,,1626156|1626157|1628404|1628969|1629655|1630230|1630540|1630702|1631108|203903,1626157|1628404|1628969|1630540|203903,1626156|1629655|1630230|1630702|1631108,,,1610612752.0,22500262
3,PT02M31.00S,02:31,Q3 02:31,13.483333333333333,509,turnover,K. Towns offensive foul TURNOVER (3 TO),[],Towns,72,78,,False,False,1626157,,foul,3pt made,,,,1626156|1626157|1628404|1628969|1629655|1630230|1630540|1630702|1631108|203903,1626157|1628404|1628969|1630540|203903,1626156|1629655|1630230|1630702|1631108,,,1610612752.0,22500262
3,PT02M20.00S,02:20,Q3 02:20,13.666666666666666,510,3pt,D. Russell 24' 3PT pullup (14 PTS),['fromturnover'],Russell,75,78,Made,True,False,1626156,,turnover,timeout,,,,1626156|1626157|1628404|1628969|1629655|1630230|1630540|1630702|1631108|203903,1626156|1629655|1630230|1630702|1631108,1626157|1628404|1628969|1630540|203903,-199.0,148.0,1610612742.0,22500262
3,PT02M19.00S,02:19,Q3 02:19,13.683333333333334,511,timeout,NYK Timeout,['team'],,75,78,,False,False,0,,3pt made,foul,,,,1626156|1626157|1628404|1628969|1629655|1630230|1630540|1630702|1631108|203903,1626157|1628404|1628969|1630540|203903,1626156|1629655|1630230|1630702|1631108,,,1610612752.0,22500262
3,PT02M07.00S,02:07,Q3 02:07,13.883333333333333,512,foul,D. Gafford shooting personal FOUL (4 PF) (Towns 2 FT),"['inpenalty', '2freethrow']",Gafford,75,78,,False,False,1629655,,timeout,freethrow,1626157.0,,,1626156|1626157|1628404|1628969|1629655|1630230|1630540|1630702|1631108|203903,1626156|1629655|1630230|1630702|1631108,1626157|1628404|1628969|1630540|203903,,,1610612742.0,22500262
3,PT02M07.00S,02:07,Q3 02:07,13.883333333333333,514,freethrow,MISS K. Towns Free Throw 1 of 2,[],Towns,75,78,Missed,False,False,1626157,,foul,rebound,,,,1626156|1626157|1628404|1628969|1629655|1630230|1630540|1630702|1631108|203903,1626157|1628404|1628969|1630540|203903,1626156|1629655|1630230|1630702|1631108,,,1610612752.0,22500262
3,PT02M07.00S,02:07,Q3 02:07,13.883333333333333,515,rebound,TEAM offensive REBOUND,"['deadball', 'team']",,75,78,,False,False,0,,freethrow,freethrow,,,,1626156|1626157|1628404|1628969|1629655|1630230|1630540|1630702|1631108|203903,1626157|1628404|1628969|1630540|203903,1626156|1629655|1630230|1630702|1631108,,,1610612752.0,22500262
3,PT02M07.00S,02:07,Q3 02:07,13.883333333333333,518,freethrow,K. Towns Free Throw 2 of 2 (11 PTS),[],Towns,75,79,Made,False,False,1626157,,rebound,substitution,,,,1626156|1626157|1628404|1628969|1629655|1630230|1630540|1630702|1631108|203903,1626157|1628404|1628969|1630540|203903,1626156|1629655|1630230|1630702|1631108,,,1610612752.0,22500262
3,PT02M07.00S,02:07,Q3 02:07,13.883333333333333,516,substitution,SUB out: D. Gafford,[],Gafford,75,78,,False,False,1629655,,freethrow,substitution,,,,1626156|1626157|1628404|1628969|1630230|1630540|1630702|1631108|203903,1626156|1630230|1630702|1631108,1626157|1628404|1628969|1630540|203903,,,1610612742.0,22500262
3,PT02M07.00S,02:07,Q3 02:07,13.883333333333333,517,substitution,SUB in: D. Lively II,[],Lively II,75,78,,False,False,1641726,,substitution,2pt missed,,,,1626156|1626157|1628404|1628969|1630230|1630540|1630702|1631108|1641726|203903,1626156|1630230|1630702|1631108|1641726,1626157|1628404|1628969|1630540|203903,,,1610612742.0,22500262
3,PT01M49.00S,01:49,Q3 01:49,12.183333333333334,519,2pt,MISS N. Marshall 13' driving floating Shot,[],Marshall,75,79,Missed,True,False,1630230,,substitution,rebound,,,,1626156|1626157|1628404|1628969|1630230|1630540|1630702|1631108|1641726|203903,1626156|1630230|1630702|1631108|1641726,1626157|1628404|1628969|1630540|203903,-96.0,90.0,1610612742.0,22500262
3,PT01M45.00S,01:45,Q3 01:45,12.25,520,rebound,D. Lively II REBOUND (Off:4 Def:4),[],Lively II,75,79,,False,False,1641726,,2pt missed,2pt missed,,,,1626156|1626157|1628404|1628969|1630230|1630540|1630702|1631108|1641726|203903,1626156|1630230|1630702|1631108|1641726,1626157|1628404|1628969|1630540|203903,,,1610612742.0,22500262
3,PT01M40.00S,01:40,Q3 01:40,12.333333333333334,521,2pt,MISS D. Russell 14' Jump Shot - blocked,['2ndchance'],Russell,75,79,Missed,True,False,1626156,,rebound,block,,,1630540.0,1626156|1626157|1628404|1628969|1630230|1630540|1630702|1631108|1641726|203903,1626156|1630230|1630702|1631108|1641726,1626157|1628404|1628969|1630540|203903,96.0,109.0,1610612742.0,22500262
3,PT01M40.00S,01:40,Q3 01:40,12.333333333333334,522,block,M. McBride BLOCK (1 BLK),[],McBride,75,79,,False,False,1630540,,2pt missed,rebound,,,,1626156|1626157|1628404|1628969|1630230|1630540|1630702|1631108|1641726|203903,1626157|1628404|1628969|1630540|203903,1626156|1630230|1630702|1631108|1641726,,,1610612752.0,22500262
3,PT01M40.00S,01:40,Q3 01:40,12.333333333333334,523,rebound,K. Towns REBOUND (Off:4 Def:8),[],Towns,75,79,,False,False,1626157,,block,3pt missed,,,,1626156|1626157|1628404|1628969|1630230|1630540|1630702|1631108|1641726|203903,1626157|1628404|1628969|1630540|203903,1626156|1630230|1630702|1631108|1641726,,,1610612752.0,22500262
3,PT01M32.00S,01:32,Q3 01:32,12.466666666666667,524,3pt,MISS M. Bridges running 3PT,['fastbreak'],Bridges,75,79,Missed,True,False,1628969,,rebound,rebound,,,,1626156|1626157|1628404|1628969|1630230|1630540|1630702|1631108|1641726|203903,1626157|1628404|1628969|1630540|203903,1626156|1630230|1630702|1631108|1641726,233.0,15.0,1610612752.0,22500262
3,PT01M30.00S,01:30,Q3 01:30,12.5,525,rebound,D. Russell REBOUND (Off:0 Def:4),[],Russell,75,79,,False,False,1626156,,3pt missed,2pt made,,,,1626156|1626157|1628404|1628969|1630230|1630540|1630702|1631108|1641726|203903,1626156|1630230|1630702|1631108|1641726,1626157|1628404|1628969|1630540|203903,,,1610612742.0,22500262
3,PT01M27.00S,01:27,Q3 01:27,12.55,526,2pt,J. Hardy running Layup (8 PTS) (D. Russell 6 AST),"['pointsinthepaint', 'fastbreak']",Hardy,77,79,Made,True,True,1630702,1626156.0,rebound,foul,,,,1626156|1626157|1628404|1628969|1630230|1630540|1630702|1631108|1641726|203903,1626156|1630230|1630702|1631108|1641726,1626157|1628404|1628969|1630540|203903,50.0,9.0,1610612742.0,22500262
3,PT01M27.00S,01:27,Q3 01:27,12.55,528,foul,J. Hart shooting personal FOUL (4 PF) (Hardy 1 FT),['1freethrow'],Hart,77,79,,False,False,1628404,,2pt made,freethrow,1630702.0,,,1626156|1626157|1628404|1628969|1630230|1630540|1630702|1631108|1641726|203903,1626157|1628404|1628969|1630540|203903,1626156|1630230|1630702|1631108|1641726,,,1610612752.0,22500262
3,PT01M27.00S,01:27,Q3 01:27,12.55,530,freethrow,J. Hardy Free Throw 1 of 1 (9 PTS),['fastbreak'],Hardy,78,79,Made,False,False,1630702,,foul,2pt missed,,,,1626156|1626157|1628404|1628969|1630230|1630540|1630702|1631108|1641726|203903,1626156|1630230|1630702|1631108|1641726,1626157|1628404|1628969|1630540|203903,,,1610612742.0,22500262
3,PT01M14.00S,01:14,Q3 01:14,12.766666666666667,531,2pt,MISS J. Clarkson driving Layup - blocked,['pointsinthepaint'],Clarkson,78,79,Missed,True,False,203903,,freethrow,block,,,1630702.0,1626156|1626157|1628404|1628969|1630230|1630540|1630702|1631108|1641726|203903,1626157|1628404|1628969|1630540|203903,1626156|1630230|1630702|1631108|1641726,42.0,27.0,1610612752.0,22500262
3,PT01M14.00S,01:14,Q3 01:14,12.766666666666667,532,block,J. Hardy BLOCK (1 BLK),[],Hardy,78,79,,False,False,1630702,,2pt missed,rebound,,,,1626156|1626157|1628404|1628969|1630230|1630540|1630702|1631108|1641726|203903,1626156|1630230|1630702|1631108|1641726,1626157|1628404|1628969|1630540|203903,,,1610612742.0,22500262
3,PT01M13.00S,01:13,Q3 01:13,12.783333333333333,533,rebound,TEAM offensive REBOUND,['team'],,78,79,,False,False,0,,block,3pt made,,,,1626156|1626157|1628404|1628969|1630230|1630540|1630702|1631108|1641726|203903,1626157|1628404|1628969|1630540|203903,1626156|1630230|1630702|1631108|1641726,,,1610612752.0,22500262
3,PT01M10.00S,01:10,Q3 01:10,12.833333333333334,535,3pt,M. McBride 3PT  (5 PTS) (M. Bridges 4 AST),['2ndchance'],McBride,78,82,Made,True,True,1630540,1628969.0,rebound,2pt made,,,,1626156|1626157|1628404|1628969|1630230|1630540|1630702|1631108|1641726|203903,1626157|1628404|1628969|1630540|203903,1626156|1630230|1630702|1631108|1641726,233.0,16.0,1610612752.0,22500262
3,PT00M47.80S,00:47,Q3 00:47,11.216666666666667,537,2pt,D. Russell 10' driving floating Jump Shot (16 PTS),[],Russell,80,82,Made,True,False,1626156,,3pt made,2pt made,,,,1626156|1626157|1628404|1628969|1630230|1630540|1630702|1631108|1641726|203903,1626156|1630230|1630702|1631108|1641726,1626157|1628404|1628969|1630540|203903,-100.0,8.0,1610612742.0,22500262
3,PT00M40.40S,00:40,Q3 00:40,11.333333333333334,538,2pt,K. Towns driving floating bank Jump Shot (13 PTS) (M. McBride 2 AST),['pointsinthepaint'],Towns,80,84,Made,True,True,1626157,1630540.0,2pt made,2pt missed,,,,1626156|1626157|1628404|1628969|1630230|1630540|1630702|1631108|1641726|203903,1626157|1628404|1628969|1630540|203903,1626156|1630230|1630702|1631108|1641726,-44.0,38.0,1610612752.0,22500262
3,PT00M32.70S,00:32,Q3 00:32,11.466666666666667,540,2pt,MISS J. Hardy driving Layup,['pointsinthepaint'],Hardy,80,84,Missed,True,False,1630702,,2pt made,rebound,,,,1626156|1626157|1628404|1628969|1630230|1630540|1630702|1631108|1641726|203903,1626156|1630230|1630702|1631108|1641726,1626157|1628404|1628969|1630540|203903,12.0,3.0,1610612742.0,22500262
3,PT00M31.20S,00:31,Q3 00:31,11.483333333333333,541,rebound,D. Lively II REBOUND (Off:5 Def:4),[],Lively II,80,84,,False,False,1641726,,2pt missed,3pt made,,,,1626156|1626157|1628404|1628969|1630230|1630540|1630702|1631108|1641726|203903,1626156|1630230|1630702|1631108|1641726,1626157|1628404|1628969|1630540|203903,,,1610612742.0,22500262
3,PT00M29.60S,00:29,Q3 00:29,11.516666666666667,542,3pt,D. Russell 24' 3PT  (19 PTS) (N. Marshall 1 AST),['2ndchance'],Russell,83,84,Made,True,True,1626156,1630230.0,rebound,3pt made,,,,1626156|1626157|1628404|1628969|1630230|1630540|1630702|1631108|1641726|203903,1626156|1630230|1630702|1631108|1641726,1626157|1628404|1628969|1630540|203903,-27.0,246.0,1610612742.0,22500262
3,PT00M06.70S,00:06,Q3 00:06,11.9,544,3pt,M. McBride 24' 3PT step back (8 PTS) (J. Hart 3 AST),[],McBride,83,87,Made,True,True,1630540,1628404.0,3pt made,2pt made,,,,1626156|1626157|1628404|1628969|1630230|1630540|1630702|1631108|1641726|203903,1626157|1628404|1628969|1630540|203903,1626156|1630230|1630702|1631108|1641726,77.0,235.0,1610612752.0,22500262
3,PT00M00.70S,00:00,Q3 00:00,12.0,546,2pt,M. Christie reverse Layup (7 PTS),['pointsinthepaint'],Christie,85,87,Made,True,False,1631108,,3pt made,rebound,,,,1626156|1626157|1628404|1628969|1630230|1630540|1630702|1631108|1641726|203903,1626156|1630230|1630702|1631108|1641726,1626157|1628404|1628969|1630540|203903,18.0,0.0,1610612742.0,22500262
3,PT00M00.10S,00:00,Q3 00:00,12.0,548,rebound,TEAM offensive REBOUND,['team'],,85,87,,False,False,0,,2pt made,substitution,,,,1626156|1626157|1628404|1628969|1630230|1630540|1630702|1631108|1641726|203903,1626157|1628404|1628969|1630540|203903,1626156|1630230|1630702|1631108|1641726,,,1610612752.0,22500262
4,PT12M00.00S,12:00,Q4 12:00,12.0,550,substitution,SUB out: J. Hart,['startperiod'],Hart,85,87,,False,False,1628404,,rebound,substitution,,,,1626156|1626157|1628969|1630230|1630540|1630702|1631108|1641726|203903,1626157|1628969|1630540|203903,1626156|1630230|1630702|1631108|1641726,,,1610612752.0,22500262
4,PT12M00.00S,12:00,Q4 12:00,12.0,551,substitution,SUB out: M. Bridges,['startperiod'],Bridges,85,87,,False,False,1628969,,substitution,substitution,,,,1626156|1626157|1630230|1630540|1630702|1631108|1641726|203903,1626157|1630540|203903,1626156|1630230|1630702|1631108|1641726,,,1610612752.0,22500262
4,PT12M00.00S,12:00,Q4 12:00,12.0,552,substitution,SUB in: G. Yabusele,['startperiod'],Yabusele,85,87,,False,False,1627824,,substitution,substitution,,,,1626156|1626157|1627824|1630230|1630540|1630702|1631108|1641726|203903,1626157|1627824|1630540|203903,1626156|1630230|1630702|1631108|1641726,,,1610612752.0,22500262
4,PT12M00.00S,12:00,Q4 12:00,12.0,553,substitution,SUB in: L. Shamet,['startperiod'],Shamet,85,87,,False,False,1629013,,substitution,2pt made,,,,1626156|1626157|1627824|1629013|1630230|1630540|1630702|1631108|1641726|203903,1626157|1627824|1629013|1630540|203903,1626156|1630230|1630702|1631108|1641726,,,1610612752.0,22500262
4,PT11M45.00S,11:45,Q4 11:45,10.25,555,2pt,K. Towns driving Layup (15 PTS) (L. Shamet 1 AST),['pointsinthepaint'],Towns,85,89,Made,True,True,1626157,1629013.0,substitution,foul,,,,1626156|1626157|1627824|1629013|1630230|1630540|1630702|1631108|1641726|203903,1626157|1627824|1629013|1630540|203903,1626156|1630230|1630702|1631108|1641726,-13.0,16.0,1610612752.0,22500262
4,PT11M30.00S,11:30,Q4 11:30,10.5,557,foul,M. McBride shooting personal FOUL (2 PF) (Hardy 2 FT),['2freethrow'],McBride,85,89,,False,False,1630540,,2pt made,freethrow,1630702.0,,,1626156|1626157|1627824|1629013|1630230|1630540|1630702|1631108|1641726|203903,1626157|1627824|1629013|1630540|203903,1626156|1630230|1630702|1631108|1641726,,,1610612752.0,22500262
4,PT11M30.00S,11:30,Q4 11:30,10.5,559,freethrow,J. Hardy Free Throw 1 of 2 (10 PTS),[],Hardy,86,89,Made,False,False,1630702,,foul,freethrow,,,,1626156|1626157|1627824|1629013|1630230|1630540|1630702|1631108|1641726|203903,1626156|1630230|1630702|1631108|1641726,1626157|1627824|1629013|1630540|203903,,,1610612742.0,22500262
4,PT11M30.00S,11:30,Q4 11:30,10.5,560,freethrow,J. Hardy Free Throw 2 of 2 (11 PTS),[],Hardy,87,89,Made,False,False,1630702,,freethrow,2pt missed,,,,1626156|1626157|1627824|1629013|1630230|1630540|1630702|1631108|1641726|203903,1626156|1630230|1630702|1631108|1641726,1626157|1627824|1629013|1630540|203903,,,1610612742.0,22500262
4,PT11M16.00S,11:16,Q4 11:16,10.733333333333333,561,2pt,MISS K. Towns 6' driving bank Hook,['pointsinthepaint'],Towns,87,89,Missed,True,False,1626157,,freethrow,rebound,,,,1626156|1626157|1627824|1629013|1630230|1630540|1630702|1631108|1641726|203903,1626157|1627824|1629013|1630540|203903,1626156|1630230|1630702|1631108|1641726,62.0,13.0,1610612752.0,22500262
4,PT11M14.00S,11:14,Q4 11:14,10.766666666666667,562,rebound,D. Lively II REBOUND (Off:5 Def:5),[],Lively II,87,89,,False,False,1641726,,2pt missed,3pt made,,,,1626156|1626157|1627824|1629013|1630230|1630540|1630702|1631108|1641726|203903,1626156|1630230|1630702|1631108|1641726,1626157|1627824|1629013|1630540|203903,,,1610612742.0,22500262
4,PT11M01.00S,11:01,Q4 11:01,10.983333333333333,563,3pt,D. Russell 25' 3PT pullup (22 PTS),[],Russell,90,89,Made,True,False,1626156,,rebound,2pt missed,,,,1626156|1626157|1627824|1629013|1630230|1630540|1630702|1631108|1641726|203903,1626156|1630230|1630702|1631108|1641726,1626157|1627824|1629013|1630540|203903,121.0,220.0,1610612742.0,22500262
4,PT10M50.00S,10:50,Q4 10:50,9.166666666666666,564,2pt,MISS M. McBride 14' pullup Shot,[],McBride,90,89,Missed,True,False,1630540,,3pt made,rebound,,,,1626156|1626157|1627824|1629013|1630230|1630540|1630702|1631108|1641726|203903,1626157|1627824|1629013|1630540|203903,1626156|1630230|1630702|1631108|1641726,-33.0,141.0,1610612752.0,22500262
4,PT10M47.00S,10:47,Q4 10:47,9.216666666666667,565,rebound,N. Marshall REBOUND (Off:0 Def:4),[],Marshall,90,89,,False,False,1630230,,2pt missed,turnover,,,,1626156|1626157|1627824|1629013|1630230|1630540|1630702|1631108|1641726|203903,1626156|1630230|1630702|1631108|1641726,1626157|1627824|1629013|1630540|203903,,,1610612742.0,22500262
4,PT10M43.00S,10:43,Q4 10:43,9.283333333333333,566,turnover,N. Marshall bad pass TURNOVER (3 TO),[],Marshall,90,89,,False,False,1630230,,rebound,steal,,1626157.0,,1626156|1626157|1627824|1629013|1630230|1630540|1630702|1631108|1641726|203903,1626156|1630230|1630702|1631108|1641726,1626157|1627824|1629013|1630540|203903,,,1610612742.0,22500262
4,PT10M43.00S,10:43,Q4 10:43,9.283333333333333,567,steal,K. Towns STEAL (2 STL),[],Towns,90,89,,False,False,1626157,,turnover,3pt missed,,,,1626156|1626157|1627824|1629013|1630230|1630540|1630702|1631108|1641726|203903,1626157|1627824|1629013|1630540|203903,1626156|1630230|1630702|1631108|1641726,,,1610612752.0,22500262
4,PT10M37.00S,10:37,Q4 10:37,9.383333333333333,568,3pt,MISS G. Yabusele running 3PT,"['fromturnover', 'fastbreak']",Yabusele,90,89,Missed,True,False,1627824,,steal,rebound,,,,1626156|1626157|1627824|1629013|1630230|1630540|1630702|1631108|1641726|203903,1626157|1627824|1629013|1630540|203903,1626156|1630230|1630702|1631108|1641726,227.0,11.0,1610612752.0,22500262
4,PT10M35.00S,10:35,Q4 10:35,9.416666666666666,569,rebound,D. Russell REBOUND (Off:0 Def:5),[],Russell,90,89,,False,False,1626156,,3pt missed,3pt missed,,,,1626156|1626157|1627824|1629013|1630230|1630540|1630702|1631108|1641726|203903,1626156|1630230|1630702|1631108|1641726,1626157|1627824|1629013|1630540|203903,,,1610612742.0,22500262
4,PT10M18.00S,10:18,Q4 10:18,9.7,570,3pt,MISS M. Christie 3PT,[],Christie,90,89,Missed,True,False,1631108,,rebound,rebound,,,,1626156|1626157|1627824|1629013|1630230|1630540|1630702|1631108|1641726|203903,1626156|1630230|1630702|1631108|1641726,1626157|1627824|1629013|1630540|203903,232.0,6.0,1610612742.0,22500262
4,PT10M12.00S,10:12,Q4 10:12,9.8,571,rebound,L. Shamet REBOUND (Off:1 Def:2),[],Shamet,90,89,,False,False,1629013,,3pt missed,foul,,,,1626156|1626157|1627824|1629013|1630230|1630540|1630702|1631108|1641726|203903,1626157|1627824|1629013|1630540|203903,1626156|1630230|1630702|1631108|1641726,,,1610612752.0,22500262
4,PT10M05.00S,10:05,Q4 10:05,9.916666666666666,572,foul,D. Russell shooting personal FOUL (2 PF) (Clarkson 2 FT),['2freethrow'],Russell,90,89,,False,False,1626156,,rebound,freethrow,203903.0,,,1626156|1626157|1627824|1629013|1630230|1630540|1630702|1631108|1641726|203903,1626156|1630230|1630702|1631108|1641726,1626157|1627824|1629013|1630540|203903,,,1610612742.0,22500262
4,PT10M05.00S,10:05,Q4 10:05,9.916666666666666,574,freethrow,MISS J. Clarkson Free Throw 1 of 2,[],Clarkson,90,89,Missed,False,False,203903,,foul,rebound,,,,1626156|1626157|1627824|1629013|1630230|1630540|1630702|1631108|1641726|203903,1626157|1627824|1629013|1630540|203903,1626156|1630230|1630702|1631108|1641726,,,1610612752.0,22500262
4,PT10M05.00S,10:05,Q4 10:05,9.916666666666666,575,rebound,TEAM offensive REBOUND,"['deadball', 'team']",,90,89,,False,False,0,,freethrow,freethrow,,,,1626156|1626157|1627824|1629013|1630230|1630540|1630702|1631108|1641726|203903,1626157|1627824|1629013|1630540|203903,1626156|1630230|1630702|1631108|1641726,,,1610612752.0,22500262
4,PT10M05.00S,10:05,Q4 10:05,9.916666666666666,580,freethrow,J. Clarkson Free Throw 2 of 2 (8 PTS),[],Clarkson,90,90,Made,False,False,203903,,rebound,substitution,,,,1626156|1626157|1627824|1629013|1630230|1630540|1630702|1631108|1641726|203903,1626157|1627824|1629013|1630540|203903,1626156|1630230|1630702|1631108|1641726,,,1610612752.0,22500262
4,PT10M05.00S,10:05,Q4 10:05,9.916666666666666,576,substitution,SUB out: D. Lively II,[],Lively II,90,89,,False,False,1641726,,freethrow,substitution,,,,1626156|1626157|1627824|1629013|1630230|1630540|1630702|1631108|203903,1626156|1630230|1630702|1631108,1626157|1627824|1629013|1630540|203903,,,1610612742.0,22500262
4,PT10M05.00S,10:05,Q4 10:05,9.916666666666666,577,substitution,SUB out: G. Yabusele,[],Yabusele,90,89,,False,False,1627824,,substitution,substitution,,,,1626156|1626157|1629013|1630230|1630540|1630702|1631108|203903,1626157|1629013|1630540|203903,1626156|1630230|1630702|1631108,,,1610612752.0,22500262
4,PT10M05.00S,10:05,Q4 10:05,9.916666666666666,578,substitution,SUB in: D. Gafford,[],Gafford,90,89,,False,False,1629655,,substitution,substitution,,,,1626156|1626157|1629013|1629655|1630230|1630540|1630702|1631108|203903,1626156|1629655|1630230|1630702|1631108,1626157|1629013|1630540|203903,,,1610612742.0,22500262
4,PT10M05.00S,10:05,Q4 10:05,9.916666666666666,579,substitution,SUB in: M. Bridges,[],Bridges,90,89,,False,False,1628969,,substitution,3pt made,,,,1626156|1626157|1628969|1629013|1629655|1630230|1630540|1630702|1631108|203903,1626157|1628969|1629013|1630540|203903,1626156|1629655|1630230|1630702|1631108,,,1610612752.0,22500262
4,PT09M57.00S,09:57,Q4 09:57,8.05,581,3pt,M. Christie 3PT  (10 PTS) (D. Russell 7 AST),[],Christie,93,90,Made,True,True,1631108,1626156.0,substitution,3pt missed,,,,1626156|1626157|1628969|1629013|1629655|1630230|1630540|1630702|1631108|203903,1626156|1629655|1630230|1630702|1631108,1626157|1628969|1629013|1630540|203903,233.0,29.0,1610612742.0,22500262
4,PT09M37.00S,09:37,Q4 09:37,8.383333333333333,583,3pt,MISS L. Shamet 3PT,[],Shamet,93,90,Missed,True,False,1629013,,3pt made,rebound,,,,1626156|1626157|1628969|1629013|1629655|1630230|1630540|1630702|1631108|203903,1626157|1628969|1629013|1630540|203903,1626156|1629655|1630230|1630702|1631108,230.0,1.0,1610612752.0,22500262
4,PT09M35.00S,09:35,Q4 09:35,8.416666666666666,584,rebound,M. Christie REBOUND (Off:0 Def:6),[],Christie,93,90,,False,False,1631108,,3pt missed,3pt missed,,,,1626156|1626157|1628969|1629013|1629655|1630230|1630540|1630702|1631108|203903,1626156|1629655|1630230|1630702|1631108,1626157|1628969|1629013|1630540|203903,,,1610612742.0,22500262
4,PT09M19.00S,09:19,Q4 09:19,8.683333333333334,585,3pt,MISS D. Russell 24' pullup 3PT,[],Russell,93,90,Missed,True,False,1626156,,rebound,rebound,,,,1626156|1626157|1628969|1629013|1629655|1630230|1630540|1630702|1631108|203903,1626156|1629655|1630230|1630702|1631108,1626157|1628969|1629013|1630540|203903,-85.0,234.0,1610612742.0,22500262
4,PT09M17.00S,09:17,Q4 09:17,8.716666666666667,586,rebound,TEAM defensive REBOUND,['team'],,93,90,,False,False,0,,3pt missed,foul,,,,1626156|1626157|1628969|1629013|1629655|1630230|1630540|1630702|1631108|203903,1626157|1628969|1629013|1630540|203903,1626156|1629655|1630230|1630702|1631108,,,1610612752.0,22500262
4,PT09M04.00S,09:04,Q4 09:04,8.933333333333334,588,foul,J. Hardy shooting personal FOUL (4 PF) (Towns 2 FT),['2freethrow'],Hardy,93,90,,False,False,1630702,,rebound,freethrow,1626157.0,,,1626156|1626157|1628969|1629013|1629655|1630230|1630540|1630702|1631108|203903,1626156|1629655|1630230|1630702|1631108,1626157|1628969|1629013|1630540|203903,,,1610612742.0,22500262
4,PT09M04.00S,09:04,Q4 09:04,8.933333333333334,590,freethrow,MISS K. Towns Free Throw 1 of 2,[],Towns,93,90,Missed,False,False,1626157,,foul,rebound,,,,1626156|1626157|1628969|1629013|1629655|1630230|1630540|1630702|1631108|203903,1626157|1628969|1629013|1630540|203903,1626156|1629655|1630230|1630702|1631108,,,1610612752.0,22500262
4,PT09M04.00S,09:04,Q4 09:04,8.933333333333334,591,rebound,TEAM offensive REBOUND,"['deadball', 'team']",,93,90,,False,False,0,,freethrow,freethrow,,,,1626156|1626157|1628969|1629013|1629655|1630230|1630540|1630702|1631108|203903,1626157|1628969|1629013|1630540|203903,1626156|1629655|1630230|1630702|1631108,,,1610612752.0,22500262
4,PT09M04.00S,09:04,Q4 09:04,8.933333333333334,596,freethrow,K. Towns Free Throw 2 of 2 (16 PTS),[],Towns,93,91,Made,False,False,1626157,,rebound,substitution,,,,1626156|1626157|1628969|1629013|1629655|1630230|1630540|1630702|1631108|203903,1626157|1628969|1629013|1630540|203903,1626156|1629655|1630230|1630702|1631108,,,1610612752.0,22500262
4,PT09M04.00S,09:04,Q4 09:04,8.933333333333334,592,substitution,SUB out: J. Hardy,[],Hardy,93,90,,False,False,1630702,,freethrow,substitution,,,,1626156|1626157|1628969|1629013|1629655|1630230|1630540|1631108|203903,1626156|1629655|1630230|1631108,1626157|1628969|1629013|1630540|203903,,,1610612742.0,22500262
4,PT09M04.00S,09:04,Q4 09:04,8.933333333333334,593,substitution,SUB out: D. Russell,[],Russell,93,90,,False,False,1626156,,substitution,substitution,,,,1626157|1628969|1629013|1629655|1630230|1630540|1631108|203903,1629655|1630230|1631108,1626157|1628969|1629013|1630540|203903,,,1610612742.0,22500262
4,PT09M04.00S,09:04,Q4 09:04,8.933333333333334,594,substitution,SUB in: B. Williams,[],Williams,93,90,,False,False,1630314,,substitution,substitution,,,,1626157|1628969|1629013|1629655|1630230|1630314|1630540|1631108|203903,1629655|1630230|1630314|1631108,1626157|1628969|1629013|1630540|203903,,,1610612742.0,22500262
4,PT09M04.00S,09:04,Q4 09:04,8.933333333333334,595,substitution,SUB in: K. Thompson,[],Thompson,93,90,,False,False,202691,,substitution,3pt made,,,,1626157|1628969|1629013|1629655|1630230|1630314|1630540|1631108|202691|203903,1629655|1630230|1630314|1631108|202691,1626157|1628969|1629013|1630540|203903,,,1610612742.0,22500262
4,PT08M44.00S,08:44,Q4 08:44,7.266666666666667,597,3pt,M. Christie 26' 3PT  (13 PTS) (B. Williams 2 AST),[],Christie,96,91,Made,True,True,1631108,1630314.0,substitution,2pt made,,,,1626157|1628969|1629013|1629655|1630230|1630314|1630540|1631108|202691|203903,1629655|1630230|1630314|1631108|202691,1626157|1628969|1629013|1630540|203903,185.0,190.0,1610612742.0,22500262
4,PT08M32.00S,08:32,Q4 08:32,7.466666666666667,599,2pt,K. Towns driving Layup (18 PTS) (M. Bridges 5 AST),['pointsinthepaint'],Towns,96,93,Made,True,True,1626157,1628969.0,3pt made,2pt made,,,,1626157|1628969|1629013|1629655|1630230|1630314|1630540|1631108|202691|203903,1626157|1628969|1629013|1630540|203903,1629655|1630230|1630314|1631108|202691,5.0,10.0,1610612752.0,22500262
4,PT08M17.00S,08:17,Q4 08:17,7.716666666666667,601,2pt,K. Thompson 7' turnaround Jump Shot (13 PTS) (B. Williams 3 AST),['pointsinthepaint'],Thompson,98,93,Made,True,True,202691,1630314.0,2pt made,3pt made,,,,1626157|1628969|1629013|1629655|1630230|1630314|1630540|1631108|202691|203903,1629655|1630230|1630314|1631108|202691,1626157|1628969|1629013|1630540|203903,75.0,13.0,1610612742.0,22500262
4,PT07M57.00S,07:57,Q4 07:57,6.05,603,3pt,M. McBride 28' 3PT  (11 PTS) (K. Towns 6 AST),[],McBride,98,96,Made,True,True,1630540,1626157.0,2pt made,turnover,,,,1626157|1628969|1629013|1629655|1630230|1630314|1630540|1631108|202691|203903,1626157|1628969|1629013|1630540|203903,1629655|1630230|1630314|1631108|202691,-161.0,235.0,1610612752.0,22500262
4,PT07M39.00S,07:39,Q4 07:39,6.35,605,turnover,B. Williams bad pass out-of-bounds TURNOVER (2 TO),[],Williams,98,96,,False,False,1630314,,3pt made,timeout,,,,1626157|1628969|1629013|1629655|1630230|1630314|1630540|1631108|202691|203903,1629655|1630230|1630314|1631108|202691,1626157|1628969|1629013|1630540|203903,,,1610612742.0,22500262
4,PT07M39.00S,07:39,Q4 07:39,6.35,606,timeout,DAL Timeout,"['team', 'mandatory']",,98,96,,False,False,0,,turnover,substitution,,,,1626157|1628969|1629013|1629655|1630230|1630314|1630540|1631108|202691|203903,1629655|1630230|1630314|1631108|202691,1626157|1628969|1629013|1630540|203903,,,1610612742.0,22500262
4,PT07M39.00S,07:39,Q4 07:39,6.35,607,substitution,SUB out: N. Marshall,[],Marshall,98,96,,False,False,1630230,,timeout,substitution,,,,1626157|1628969|1629013|1629655|1630314|1630540|1631108|202691|203903,1629655|1630314|1631108|202691,1626157|1628969|1629013|1630540|203903,,,1610612742.0,22500262
4,PT07M39.00S,07:39,Q4 07:39,6.35,608,substitution,SUB out: D. Gafford,[],Gafford,98,96,,False,False,1629655,,substitution,substitution,,,,1626157|1628969|1629013|1630314|1630540|1631108|202691|203903,1630314|1631108|202691,1626157|1628969|1629013|1630540|203903,,,1610612742.0,22500262
4,PT07M39.00S,07:39,Q4 07:39,6.35,609,substitution,SUB out: J. Clarkson,[],Clarkson,98,96,,False,False,203903,,substitution,substitution,,,,1626157|1628969|1629013|1630314|1630540|1631108|202691,1626157|1628969|1629013|1630540,1630314|1631108|202691,,,1610612752.0,22500262
4,PT07M39.00S,07:39,Q4 07:39,6.35,610,substitution,SUB out: K. Towns,[],Towns,98,96,,False,False,1626157,,substitution,substitution,,,,1628969|1629013|1630314|1630540|1631108|202691,1628969|1629013|1630540,1630314|1631108|202691,,,1610612752.0,22500262
4,PT07M39.00S,07:39,Q4 07:39,6.35,611,substitution,SUB out: L. Shamet,[],Shamet,98,96,,False,False,1629013,,substitution,substitution,,,,1628969|1630314|1630540|1631108|202691,1628969|1630540,1630314|1631108|202691,,,1610612752.0,22500262
4,PT07M39.00S,07:39,Q4 07:39,6.35,612,substitution,SUB in: M. Cisse,[],Cisse,98,96,,False,False,1630619,,substitution,substitution,,,,1628969|1630314|1630540|1630619|1631108|202691,1630314|1630619|1631108|202691,1628969|1630540,,,1610612742.0,22500262
4,PT07M39.00S,07:39,Q4 07:39,6.35,613,substitution,SUB in: P. Washington,[],Washington,98,96,,False,False,1629023,,substitution,substitution,,,,1628969|1629023|1630314|1630540|1630619|1631108|202691,1629023|1630314|1630619|1631108|202691,1628969|1630540,,,1610612742.0,22500262
4,PT07M39.00S,07:39,Q4 07:39,6.35,614,substitution,SUB in: J. Brunson,[],Brunson,98,96,,False,False,1628973,,substitution,substitution,,,,1628969|1628973|1629023|1630314|1630540|1630619|1631108|202691,1628969|1628973|1630540,1629023|1630314|1630619|1631108|202691,,,1610612752.0,22500262
4,PT07M39.00S,07:39,Q4 07:39,6.35,615,substitution,SUB in: J. Hart,[],Hart,98,96,,False,False,1628404,,substitution,substitution,,,,1628404|1628969|1628973|1629023|1630314|1630540|1630619|1631108|202691,1628404|1628969|1628973|1630540,1629023|1630314|1630619|1631108|202691,,,1610612752.0,22500262
4,PT07M39.00S,07:39,Q4 07:39,6.35,616,substitution,SUB in: M. Robinson,[],Robinson,98,96,,False,False,1629011,,substitution,2pt missed,,,,1628404|1628969|1628973|1629011|1629023|1630314|1630540|1630619|1631108|202691,1628404|1628969|1628973|1629011|1630540,1629023|1630314|1630619|1631108|202691,,,1610612752.0,22500262
4,PT07M11.00S,07:11,Q4 07:11,6.816666666666666,618,2pt,MISS M. Bridges 14' pullup Shot,"['pointsinthepaint', 'fromturnover']",Bridges,98,96,Missed,True,False,1628969,,substitution,rebound,,,,1628404|1628969|1628973|1629011|1629023|1630314|1630540|1630619|1631108|202691,1628404|1628969|1628973|1629011|1630540,1629023|1630314|1630619|1631108|202691,64.0,136.0,1610612752.0,22500262
4,PT07M09.00S,07:09,Q4 07:09,6.85,619,rebound,P. Washington REBOUND (Off:1 Def:7),[],Washington,98,96,,False,False,1629023,,2pt missed,3pt missed,,,,1628404|1628969|1628973|1629011|1629023|1630314|1630540|1630619|1631108|202691,1629023|1630314|1630619|1631108|202691,1628404|1628969|1628973|1629011|1630540,,,1610612742.0,22500262
4,PT06M53.00S,06:53,Q4 06:53,5.116666666666667,620,3pt,MISS K. Thompson 25' 3PT,[],Thompson,98,96,Missed,True,False,202691,,rebound,rebound,,,,1628404|1628969|1628973|1629011|1629023|1630314|1630540|1630619|1631108|202691,1629023|1630314|1630619|1631108|202691,1628404|1628969|1628973|1629011|1630540,119.0,220.0,1610612742.0,22500262
4,PT06M50.00S,06:50,Q4 06:50,5.166666666666667,621,rebound,TEAM offensive REBOUND,['team'],,98,96,,False,False,0,,3pt missed,foul,,,,1628404|1628969|1628973|1629011|1629023|1630314|1630540|1630619|1631108|202691,1629023|1630314|1630619|1631108|202691,1628404|1628969|1628973|1629011|1630540,,,1610612742.0,22500262
4,PT06M44.00S,06:44,Q4 06:44,5.266666666666667,623,foul,J. Brunson shooting personal FOUL (2 PF) (Williams 2 FT),['2freethrow'],Brunson,98,96,,False,False,1628973,,rebound,freethrow,1630314.0,,,1628404|1628969|1628973|1629011|1629023|1630314|1630540|1630619|1631108|202691,1628404|1628969|1628973|1629011|1630540,1629023|1630314|1630619|1631108|202691,,,1610612752.0,22500262
4,PT06M44.00S,06:44,Q4 06:44,5.266666666666667,625,freethrow,B. Williams Free Throw 1 of 2 (6 PTS),['2ndchance'],Williams,99,96,Made,False,False,1630314,,foul,freethrow,,,,1628404|1628969|1628973|1629011|1629023|1630314|1630540|1630619|1631108|202691,1629023|1630314|1630619|1631108|202691,1628404|1628969|1628973|1629011|1630540,,,1610612742.0,22500262
4,PT06M44.00S,06:44,Q4 06:44,5.266666666666667,626,freethrow,B. Williams Free Throw 2 of 2 (7 PTS),['2ndchance'],Williams,100,96,Made,False,False,1630314,,freethrow,3pt missed,,,,1628404|1628969|1628973|1629011|1629023|1630314|1630540|1630619|1631108|202691,1629023|1630314|1630619|1631108|202691,1628404|1628969|1628973|1629011|1630540,,,1610612742.0,22500262
4,PT06M29.00S,06:29,Q4 06:29,5.516666666666667,627,3pt,MISS M. Bridges 3PT,[],Bridges,100,96,Missed,True,False,1628969,,freethrow,rebound,,,,1628404|1628969|1628973|1629011|1629023|1630314|1630540|1630619|1631108|202691,1628404|1628969|1628973|1629011|1630540,1629023|1630314|1630619|1631108|202691,-229.0,-5.0,1610612752.0,22500262
4,PT06M27.00S,06:27,Q4 06:27,5.55,628,rebound,J. Hart REBOUND (Off:2 Def:6),[],Hart,100,96,,False,False,1628404,,3pt missed,2pt made,,,,1628404|1628969|1628973|1629011|1629023|1630314|1630540|1630619|1631108|202691,1628404|1628969|1628973|1629011|1630540,1629023|1630314|1630619|1631108|202691,,,1610612752.0,22500262
4,PT06M25.00S,06:25,Q4 06:25,5.583333333333333,629,2pt,J. Hart putback Layup (13 PTS),"['pointsinthepaint', '2ndchance']",Hart,100,98,Made,True,False,1628404,,rebound,foul,,,,1628404|1628969|1628973|1629011|1629023|1630314|1630540|1630619|1631108|202691,1628404|1628969|1628973|1629011|1630540,1629023|1630314|1630619|1631108|202691,-12.0,2.0,1610612752.0,22500262
4,PT06M12.00S,06:12,Q4 06:12,5.8,630,foul,M. Robinson shooting personal FOUL (1 PF) (Christie 2 FT),['2freethrow'],Robinson,100,98,,False,False,1629011,,2pt made,freethrow,1631108.0,,,1628404|1628969|1628973|1629011|1629023|1630314|1630540|1630619|1631108|202691,1628404|1628969|1628973|1629011|1630540,1629023|1630314|1630619|1631108|202691,,,1610612752.0,22500262
4,PT06M12.00S,06:12,Q4 06:12,5.8,632,freethrow,M. Christie Free Throw 1 of 2 (14 PTS),[],Christie,101,98,Made,False,False,1631108,,foul,freethrow,,,,1628404|1628969|1628973|1629011|1629023|1630314|1630540|1630619|1631108|202691,1629023|1630314|1630619|1631108|202691,1628404|1628969|1628973|1629011|1630540,,,1610612742.0,22500262
4,PT06M12.00S,06:12,Q4 06:12,5.8,633,freethrow,M. Christie Free Throw 2 of 2 (15 PTS),[],Christie,102,98,Made,False,False,1631108,,freethrow,3pt made,,,,1628404|1628969|1628973|1629011|1629023|1630314|1630540|1630619|1631108|202691,1629023|1630314|1630619|1631108|202691,1628404|1628969|1628973|1629011|1630540,,,1610612742.0,22500262
4,PT05M57.00S,05:57,Q4 05:57,4.05,634,3pt,J. Hart 3PT  (16 PTS) (M. Bridges 6 AST),[],Hart,102,101,Made,True,True,1628404,1628969.0,freethrow,foul,,,,1628404|1628969|1628973|1629011|1629023|1630314|1630540|1630619|1631108|202691,1628404|1628969|1628973|1629011|1630540,1629023|1630314|1630619|1631108|202691,-230.0,-11.0,1610612752.0,22500262
4,PT05M45.00S,05:45,Q4 05:45,4.25,636,foul,M. Robinson shooting personal FOUL (2 PF) (Williams 2 FT),['2freethrow'],Robinson,102,101,,False,False,1629011,,3pt made,freethrow,1630314.0,,,1628404|1628969|1628973|1629011|1629023|1630314|1630540|1630619|1631108|202691,1628404|1628969|1628973|1629011|1630540,1629023|1630314|1630619|1631108|202691,,,1610612752.0,22500262
4,PT05M45.00S,05:45,Q4 05:45,4.25,638,freethrow,B. Williams Free Throw 1 of 2 (8 PTS),[],Williams,103,101,Made,False,False,1630314,,foul,freethrow,,,,1628404|1628969|1628973|1629011|1629023|1630314|1630540|1630619|1631108|202691,1629023|1630314|1630619|1631108|202691,1628404|1628969|1628973|1629011|1630540,,,1610612742.0,22500262
4,PT05M45.00S,05:45,Q4 05:45,4.25,641,freethrow,B. Williams Free Throw 2 of 2 (9 PTS),[],Williams,104,101,Made,False,False,1630314,,freethrow,substitution,,,,1628404|1628969|1628973|1629011|1629023|1630314|1630540|1630619|1631108|202691,1629023|1630314|1630619|1631108|202691,1628404|1628969|1628973|1629011|1630540,,,1610612742.0,22500262
4,PT05M45.00S,05:45,Q4 05:45,4.25,639,substitution,SUB out: K. Thompson,[],Thompson,103,101,,False,False,202691,,freethrow,substitution,,,,1628404|1628969|1628973|1629011|1629023|1630314|1630540|1630619|1631108,1629023|1630314|1630619|1631108,1628404|1628969|1628973|1629011|1630540,,,1610612742.0,22500262
4,PT05M45.00S,05:45,Q4 05:45,4.25,640,substitution,SUB in: N. Marshall,[],Marshall,103,101,,False,False,1630230,,substitution,2pt missed,,,,1628404|1628969|1628973|1629011|1629023|1630230|1630314|1630540|1630619|1631108,1629023|1630230|1630314|1630619|1631108,1628404|1628969|1628973|1629011|1630540,,,1610612742.0,22500262
4,PT05M28.00S,05:28,Q4 05:28,4.533333333333333,642,2pt,MISS J. Brunson 16' step back Shot,[],Brunson,104,101,Missed,True,False,1628973,,substitution,rebound,,,,1628404|1628969|1628973|1629011|1629023|1630230|1630314|1630540|1630619|1631108,1628404|1628969|1628973|1629011|1630540,1629023|1630230|1630314|1630619|1631108,-76.0,148.0,1610612752.0,22500262
4,PT05M24.00S,05:24,Q4 05:24,4.6,643,rebound,M. Robinson REBOUND (Off:3 Def:3),[],Robinson,104,101,,False,False,1629011,,2pt missed,2pt made,,,,1628404|1628969|1628973|1629011|1629023|1630230|1630314|1630540|1630619|1631108,1628404|1628969|1628973|1629011|1630540,1629023|1630230|1630314|1630619|1631108,,,1610612752.0,22500262
4,PT05M24.00S,05:24,Q4 05:24,4.6,644,2pt,M. Robinson tip Layup (3 PTS),"['2ndchance', 'pointsinthepaint']",Robinson,104,103,Made,True,False,1629011,,rebound,2pt missed,,,,1628404|1628969|1628973|1629011|1629023|1630230|1630314|1630540|1630619|1631108,1628404|1628969|1628973|1629011|1630540,1629023|1630230|1630314|1630619|1631108,0.0,0.0,1610612752.0,22500262
4,PT05M04.00S,05:04,Q4 05:04,4.933333333333334,645,2pt,MISS B. Williams driving Layup - blocked,['pointsinthepaint'],Williams,104,103,Missed,True,False,1630314,,2pt made,block,,,1630540.0,1628404|1628969|1628973|1629011|1629023|1630230|1630314|1630540|1630619|1631108,1629023|1630230|1630314|1630619|1631108,1628404|1628969|1628973|1629011|1630540,-29.0,14.0,1610612742.0,22500262
4,PT05M04.00S,05:04,Q4 05:04,4.933333333333334,646,block,M. McBride BLOCK (2 BLK),[],McBride,104,103,,False,False,1630540,,2pt missed,rebound,,,,1628404|1628969|1628973|1629011|1629023|1630230|1630314|1630540|1630619|1631108,1628404|1628969|1628973|1629011|1630540,1629023|1630230|1630314|1630619|1631108,,,1610612752.0,22500262
4,PT05M02.00S,05:02,Q4 05:02,4.966666666666667,647,rebound,P. Washington REBOUND (Off:2 Def:7),[],Washington,104,103,,False,False,1629023,,block,3pt missed,,,,1628404|1628969|1628973|1629011|1629023|1630230|1630314|1630540|1630619|1631108,1629023|1630230|1630314|1630619|1631108,1628404|1628969|1628973|1629011|1630540,,,1610612742.0,22500262
4,PT05M00.00S,05:00,Q4 05:00,5.0,648,3pt,MISS P. Washington 26' 3PT,['2ndchance'],Washington,104,103,Missed,True,False,1629023,,rebound,rebound,,,,1628404|1628969|1628973|1629011|1629023|1630230|1630314|1630540|1630619|1631108,1629023|1630230|1630314|1630619|1631108,1628404|1628969|1628973|1629011|1630540,115.0,239.0,1610612742.0,22500262
4,PT04M59.00S,04:59,Q4 04:59,3.0166666666666666,649,rebound,TEAM offensive REBOUND,['team'],,104,103,,False,False,0,,3pt missed,turnover,,,,1628404|1628969|1628973|1629011|1629023|1630230|1630314|1630540|1630619|1631108,1629023|1630230|1630314|1630619|1631108,1628404|1628969|1628973|1629011|1630540,,,1610612742.0,22500262
4,PT04M59.00S,04:59,Q4 04:59,3.0166666666666666,650,turnover,DAL shot clock Team TURNOVER,['team'],,104,103,,False,False,0,,rebound,turnover,,,,1628404|1628969|1628973|1629011|1629023|1630230|1630314|1630540|1630619|1631108,1629023|1630230|1630314|1630619|1631108,1628404|1628969|1628973|1629011|1630540,,,1610612742.0,22500262
4,PT04M42.00S,04:42,Q4 04:42,3.3,651,turnover,M. Bridges bad pass TURNOVER (2 TO),[],Bridges,104,103,,False,False,1628969,,turnover,steal,,1630314.0,,1628404|1628969|1628973|1629011|1629023|1630230|1630314|1630540|1630619|1631108,1628404|1628969|1628973|1629011|1630540,1629023|1630230|1630314|1630619|1631108,,,1610612752.0,22500262
4,PT04M42.00S,04:42,Q4 04:42,3.3,652,steal,B. Williams STEAL (1 STL),[],Williams,104,103,,False,False,1630314,,turnover,2pt made,,,,1628404|1628969|1628973|1629011|1629023|1630230|1630314|1630540|1630619|1631108,1629023|1630230|1630314|1630619|1631108,1628404|1628969|1628973|1629011|1630540,,,1610612742.0,22500262
4,PT04M39.00S,04:39,Q4 04:39,3.35,653,2pt,N. Marshall running Layup (23 PTS) (B. Williams 4 AST),"['fastbreak', 'pointsinthepaint', 'fromturnover']",Marshall,106,103,Made,True,True,1630230,1630314.0,steal,timeout,,,,1628404|1628969|1628973|1629011|1629023|1630230|1630314|1630540|1630619|1631108,1629023|1630230|1630314|1630619|1631108,1628404|1628969|1628973|1629011|1630540,6.0,3.0,1610612742.0,22500262
4,PT04M39.00S,04:39,Q4 04:39,3.35,655,timeout,NYK Timeout,"['team', 'mandatory']",,106,103,,False,False,0,,2pt made,substitution,,,,1628404|1628969|1628973|1629011|1629023|1630230|1630314|1630540|1630619|1631108,1628404|1628969|1628973|1629011|1630540,1629023|1630230|1630314|1630619|1631108,,,1610612752.0,22500262
4,PT04M39.00S,04:39,Q4 04:39,3.35,656,substitution,SUB out: M. Cisse,[],Cisse,106,103,,False,False,1630619,,timeout,substitution,,,,1628404|1628969|1628973|1629011|1629023|1630230|1630314|1630540|1631108,1629023|1630230|1630314|1631108,1628404|1628969|1628973|1629011|1630540,,,1610612742.0,22500262
4,PT04M39.00S,04:39,Q4 04:39,3.35,657,substitution,SUB out: M. Robinson,[],Robinson,106,103,,False,False,1629011,,substitution,substitution,,,,1628404|1628969|1628973|1629023|1630230|1630314|1630540|1631108,1628404|1628969|1628973|1630540,1629023|1630230|1630314|1631108,,,1610612752.0,22500262
4,PT04M39.00S,04:39,Q4 04:39,3.35,658,substitution,SUB in: D. Gafford,[],Gafford,106,103,,False,False,1629655,,substitution,substitution,,,,1628404|1628969|1628973|1629023|1629655|1630230|1630314|1630540|1631108,1629023|1629655|1630230|1630314|1631108,1628404|1628969|1628973|1630540,,,1610612742.0,22500262
4,PT04M39.00S,04:39,Q4 04:39,3.35,659,substitution,SUB in: K. Towns,[],Towns,106,103,,False,False,1626157,,substitution,3pt missed,,,,1626157|1628404|1628969|1628973|1629023|1629655|1630230|1630314|1630540|1631108,1626157|1628404|1628969|1628973|1630540,1629023|1629655|1630230|1630314|1631108,,,1610612752.0,22500262
4,PT04M23.00S,04:23,Q4 04:23,3.6166666666666667,660,3pt,MISS M. McBride 3PT,[],McBride,106,103,Missed,True,False,1630540,,substitution,rebound,,,,1626157|1628404|1628969|1628973|1629023|1629655|1630230|1630314|1630540|1631108,1626157|1628404|1628969|1628973|1630540,1629023|1629655|1630230|1630314|1631108,225.0,8.0,1610612752.0,22500262
4,PT04M19.00S,04:19,Q4 04:19,3.6833333333333336,661,rebound,D. Gafford REBOUND (Off:1 Def:4),[],Gafford,106,103,,False,False,1629655,,3pt missed,2pt missed,,,,1626157|1628404|1628969|1628973|1629023|1629655|1630230|1630314|1630540|1631108,1629023|1629655|1630230|1630314|1631108,1626157|1628404|1628969|1628973|1630540,,,1610612742.0,22500262
4,PT03M58.00S,03:58,Q4 03:58,2.033333333333333,662,2pt,MISS N. Marshall 7' driving floating Shot,['pointsinthepaint'],Marshall,106,103,Missed,True,False,1630230,,rebound,rebound,,,,1626157|1628404|1628969|1628973|1629023|1629655|1630230|1630314|1630540|1631108,1629023|1629655|1630230|1630314|1631108,1626157|1628404|1628969|1628973|1630540,31.0,67.0,1610612742.0,22500262
4,PT03M55.00S,03:55,Q4 03:55,2.0833333333333335,663,rebound,K. Towns REBOUND (Off:4 Def:9),[],Towns,106,103,,False,False,1626157,,2pt missed,3pt made,,,,1626157|1628404|1628969|1628973|1629023|1629655|1630230|1630314|1630540|1631108,1626157|1628404|1628969|1628973|1630540,1629023|1629655|1630230|1630314|1631108,,,1610612752.0,22500262
4,PT03M45.00S,03:45,Q4 03:45,2.25,664,3pt,M. Bridges 3PT  (16 PTS) (J. Hart 4 AST),[],Bridges,106,106,Made,True,True,1628969,1628404.0,rebound,3pt missed,,,,1626157|1628404|1628969|1628973|1629023|1629655|1630230|1630314|1630540|1631108,1626157|1628404|1628969|1628973|1630540,1629023|1629655|1630230|1630314|1631108,224.0,13.0,1610612752.0,22500262
4,PT03M25.00S,03:25,Q4 03:25,2.5833333333333335,666,3pt,MISS P. Washington 24' 3PT,[],Washington,106,106,Missed,True,False,1629023,,3pt made,rebound,,,,1626157|1628404|1628969|1628973|1629023|1629655|1630230|1630314|1630540|1631108,1629023|1629655|1630230|1630314|1631108,1626157|1628404|1628969|1628973|1630540,-194.0,147.0,1610612742.0,22500262
4,PT03M24.00S,03:24,Q4 03:24,2.6,667,rebound,TEAM offensive REBOUND,['team'],,106,106,,False,False,0,,3pt missed,foul,,,,1626157|1628404|1628969|1628973|1629023|1629655|1630230|1630314|1630540|1631108,1629023|1629655|1630230|1630314|1631108,1626157|1628404|1628969|1628973|1630540,,,1610612742.0,22500262
4,PT03M24.00S,03:24,Q4 03:24,2.6,668,foul,K. Towns loose ball personal FOUL (4 PF) (Gafford 2 FT),"['inpenalty', '2freethrow']",Towns,106,106,,False,False,1626157,,rebound,freethrow,1629655.0,,,1626157|1628404|1628969|1628973|1629023|1629655|1630230|1630314|1630540|1631108,1626157|1628404|1628969|1628973|1630540,1629023|1629655|1630230|1630314|1631108,,,1610612752.0,22500262
4,PT03M24.00S,03:24,Q4 03:24,2.6,670,freethrow,MISS D. Gafford Free Throw 1 of 2,['2ndchance'],Gafford,106,106,Missed,False,False,1629655,,foul,rebound,,,,1626157|1628404|1628969|1628973|1629023|1629655|1630230|1630314|1630540|1631108,1629023|1629655|1630230|1630314|1631108,1626157|1628404|1628969|1628973|1630540,,,1610612742.0,22500262
4,PT03M24.00S,03:24,Q4 03:24,2.6,671,rebound,TEAM offensive REBOUND,"['deadball', 'team']",,106,106,,False,False,0,,freethrow,freethrow,,,,1626157|1628404|1628969|1628973|1629023|1629655|1630230|1630314|1630540|1631108,1629023|1629655|1630230|1630314|1631108,1626157|1628404|1628969|1628973|1630540,,,1610612742.0,22500262
4,PT03M24.00S,03:24,Q4 03:24,2.6,674,freethrow,D. Gafford Free Throw 2 of 2 (7 PTS),['2ndchance'],Gafford,107,106,Made,False,False,1629655,,rebound,substitution,,,,1626157|1628404|1628969|1628973|1629023|1629655|1630230|1630314|1630540|1631108,1629023|1629655|1630230|1630314|1631108,1626157|1628404|1628969|1628973|1630540,,,1610612742.0,22500262
4,PT03M24.00S,03:24,Q4 03:24,2.6,672,substitution,SUB out: M. McBride,[],McBride,106,106,,False,False,1630540,,freethrow,substitution,,,,1626157|1628404|1628969|1628973|1629023|1629655|1630230|1630314|1631108,1626157|1628404|1628969|1628973,1629023|1629655|1630230|1630314|1631108,,,1610612752.0,22500262
4,PT03M24.00S,03:24,Q4 03:24,2.6,673,substitution,SUB in: L. Shamet,[],Shamet,106,106,,False,False,1629013,,substitution,3pt missed,,,,1626157|1628404|1628969|1628973|1629013|1629023|1629655|1630230|1630314|1631108,1626157|1628404|1628969|1628973|1629013,1629023|1629655|1630230|1630314|1631108,,,1610612752.0,22500262
4,PT03M07.00S,03:07,Q4 03:07,2.8833333333333333,675,3pt,MISS J. Brunson 25' pullup 3PT,[],Brunson,107,106,Missed,True,False,1628973,,substitution,rebound,,,,1626157|1628404|1628969|1628973|1629013|1629023|1629655|1630230|1630314|1631108,1626157|1628404|1628969|1628973|1629013,1629023|1629655|1630230|1630314|1631108,-53.0,252.0,1610612752.0,22500262
4,PT03M06.00S,03:06,Q4 03:06,2.9,676,rebound,D. Gafford REBOUND (Off:1 Def:5),[],Gafford,107,106,,False,False,1629655,,3pt missed,timeout,,,,1626157|1628404|1628969|1628973|1629013|1629023|1629655|1630230|1630314|1631108,1629023|1629655|1630230|1630314|1631108,1626157|1628404|1628969|1628973|1629013,,,1610612742.0,22500262
4,PT03M06.00S,03:06,Q4 03:06,2.9,677,timeout,DAL Timeout,['team'],,107,106,,False,False,0,,rebound,substitution,,,,1626157|1628404|1628969|1628973|1629013|1629023|1629655|1630230|1630314|1631108,1629023|1629655|1630230|1630314|1631108,1626157|1628404|1628969|1628973|1629013,,,1610612742.0,22500262
4,PT03M06.00S,03:06,Q4 03:06,2.9,678,substitution,SUB out: B. Williams,[],Williams,107,106,,False,False,1630314,,timeout,substitution,,,,1626157|1628404|1628969|1628973|1629013|1629023|1629655|1630230|1631108,1629023|1629655|1630230|1631108,1626157|1628404|1628969|1628973|1629013,,,1610612742.0,22500262
4,PT03M06.00S,03:06,Q4 03:06,2.9,679,substitution,SUB in: D. Russell,[],Russell,107,106,,False,False,1626156,,substitution,foul,,,,1626156|1626157|1628404|1628969|1628973|1629013|1629023|1629655|1630230|1631108,1626156|1629023|1629655|1630230|1631108,1626157|1628404|1628969|1628973|1629013,,,1610612742.0,22500262
4,PT02M54.00S,02:54,Q4 02:54,1.1,680,foul,D. Gafford off-the-ball offensive FOUL (5 PF),[],Gafford,107,106,,False,False,1629655,,substitution,turnover,1629013.0,,,1626156|1626157|1628404|1628969|1628973|1629013|1629023|1629655|1630230|1631108,1626156|1629023|1629655|1630230|1631108,1626157|1628404|1628969|1628973|1629013,,,1610612742.0,22500262
4,PT02M54.00S,02:54,Q4 02:54,1.1,682,turnover,D. Gafford offensive foul TURNOVER (1 TO),[],Gafford,107,106,,False,False,1629655,,foul,2pt missed,,,,1626156|1626157|1628404|1628969|1628973|1629013|1629023|1629655|1630230|1631108,1626156|1629023|1629655|1630230|1631108,1626157|1628404|1628969|1628973|1629013,,,1610612742.0,22500262
4,PT02M38.00S,02:38,Q4 02:38,1.3666666666666667,683,2pt,MISS J. Brunson driving floating Shot,"['pointsinthepaint', 'fromturnover']",Brunson,107,106,Missed,True,False,1628973,,turnover,rebound,,,,1626156|1626157|1628404|1628969|1628973|1629013|1629023|1629655|1630230|1631108,1626157|1628404|1628969|1628973|1629013,1626156|1629023|1629655|1630230|1631108,-26.0,47.0,1610612752.0,22500262
4,PT02M36.00S,02:36,Q4 02:36,1.4,684,rebound,TEAM defensive REBOUND,['team'],,107,106,,False,False,0,,2pt missed,2pt missed,,,,1626156|1626157|1628404|1628969|1628973|1629013|1629023|1629655|1630230|1631108,1626156|1629023|1629655|1630230|1631108,1626157|1628404|1628969|1628973|1629013,,,1610612742.0,22500262
4,PT02M24.00S,02:24,Q4 02:24,1.6,686,2pt,MISS D. Russell 19' pullup Shot,[],Russell,107,106,Missed,True,False,1626156,,rebound,rebound,,,,1626156|1626157|1628404|1628969|1628973|1629013|1629023|1629655|1630230|1631108,1626156|1629023|1629655|1630230|1631108,1626157|1628404|1628969|1628973|1629013,-126.0,146.0,1610612742.0,22500262
4,PT02M22.00S,02:22,Q4 02:22,1.6333333333333333,687,rebound,J. Hart REBOUND (Off:2 Def:7),[],Hart,107,106,,False,False,1628404,,2pt missed,3pt missed,,,,1626156|1626157|1628404|1628969|1628973|1629013|1629023|1629655|1630230|1631108,1626157|1628404|1628969|1628973|1629013,1626156|1629023|1629655|1630230|1631108,,,1610612752.0,22500262
4,PT02M14.00S,02:14,Q4 02:14,1.7666666666666666,688,3pt,MISS K. Towns 26' 3PT,[],Towns,107,106,Missed,True,False,1626157,,rebound,rebound,,,,1626156|1626157|1628404|1628969|1628973|1629013|1629023|1629655|1630230|1631108,1626157|1628404|1628969|1628973|1629013,1626156|1629023|1629655|1630230|1631108,37.0,260.0,1610612752.0,22500262
4,PT02M12.00S,02:12,Q4 02:12,1.8,689,rebound,M. Christie REBOUND (Off:0 Def:7),[],Christie,107,106,,False,False,1631108,,3pt missed,foul,,,,1626156|1626157|1628404|1628969|1628973|1629013|1629023|1629655|1630230|1631108,1626156|1629023|1629655|1630230|1631108,1626157|1628404|1628969|1628973|1629013,,,1610612742.0,22500262
4,PT02M06.00S,02:06,Q4 02:06,1.9,690,foul,J. Brunson shooting personal FOUL (3 PF) (Washington 2 FT),"['inpenalty', '2freethrow']",Brunson,107,106,,False,False,1628973,,rebound,freethrow,1629023.0,,,1626156|1626157|1628404|1628969|1628973|1629013|1629023|1629655|1630230|1631108,1626157|1628404|1628969|1628973|1629013,1626156|1629023|1629655|1630230|1631108,,,1610612752.0,22500262
4,PT02M06.00S,02:06,Q4 02:06,1.9,692,freethrow,P. Washington Free Throw 1 of 2 (4 PTS),[],Washington,108,106,Made,False,False,1629023,,foul,freethrow,,,,1626156|1626157|1628404|1628969|1628973|1629013|1629023|1629655|1630230|1631108,1626156|1629023|1629655|1630230|1631108,1626157|1628404|1628969|1628973|1629013,,,1610612742.0,22500262
4,PT02M06.00S,02:06,Q4 02:06,1.9,693,freethrow,MISS P. Washington Free Throw 2 of 2,[],Washington,108,106,Missed,False,False,1629023,,freethrow,rebound,,,,1626156|1626157|1628404|1628969|1628973|1629013|1629023|1629655|1630230|1631108,1626156|1629023|1629655|1630230|1631108,1626157|1628404|1628969|1628973|1629013,,,1610612742.0,22500262
4,PT02M03.00S,02:03,Q4 02:03,1.95,694,rebound,K. Towns REBOUND (Off:4 Def:10),[],Towns,108,106,,False,False,1626157,,freethrow,3pt missed,,,,1626156|1626157|1628404|1628969|1628973|1629013|1629023|1629655|1630230|1631108,1626157|1628404|1628969|1628973|1629013,1626156|1629023|1629655|1630230|1631108,,,1610612752.0,22500262
4,PT01M48.00S,01:48,Q4 01:48,0.19999999999999996,695,3pt,MISS M. Bridges 25' 3PT,[],Bridges,108,106,Missed,True,False,1628969,,rebound,rebound,,,,1626156|1626157|1628404|1628969|1628973|1629013|1629023|1629655|1630230|1631108,1626157|1628404|1628969|1628973|1629013,1626156|1629023|1629655|1630230|1631108,214.0,138.0,1610612752.0,22500262
4,PT01M43.00S,01:43,Q4 01:43,0.2833333333333333,696,rebound,D. Gafford REBOUND (Off:1 Def:6),[],Gafford,108,106,,False,False,1629655,,3pt missed,3pt missed,,,,1626156|1626157|1628404|1628969|1628973|1629013|1629023|1629655|1630230|1631108,1626156|1629023|1629655|1630230|1631108,1626157|1628404|1628969|1628973|1629013,,,1610612742.0,22500262
4,PT01M25.00S,01:25,Q4 01:25,0.5833333333333333,697,3pt,MISS P. Washington 24' 3PT,[],Washington,108,106,Missed,True,False,1629023,,rebound,rebound,,,,1626156|1626157|1628404|1628969|1628973|1629013|1629023|1629655|1630230|1631108,1626156|1629023|1629655|1630230|1631108,1626157|1628404|1628969|1628973|1629013,26.0,245.0,1610612742.0,22500262
4,PT01M22.00S,01:22,Q4 01:22,0.6333333333333333,698,rebound,D. Gafford REBOUND (Off:2 Def:6),[],Gafford,108,106,,False,False,1629655,,3pt missed,turnover,,,,1626156|1626157|1628404|1628969|1628973|1629013|1629023|1629655|1630230|1631108,1626156|1629023|1629655|1630230|1631108,1626157|1628404|1628969|1628973|1629013,,,1610612742.0,22500262
4,PT01M11.00S,01:11,Q4 01:11,0.8166666666666667,699,turnover,N. Marshall lost ball TURNOVER (4 TO),[],Marshall,108,106,,False,False,1630230,,rebound,steal,,1628404.0,,1626156|1626157|1628404|1628969|1628973|1629013|1629023|1629655|1630230|1631108,1626156|1629023|1629655|1630230|1631108,1626157|1628404|1628969|1628973|1629013,,,1610612742.0,22500262
4,PT01M11.00S,01:11,Q4 01:11,0.8166666666666667,700,steal,J. Hart STEAL (1 STL),[],Hart,108,106,,False,False,1628404,,turnover,3pt made,,,,1626156|1626157|1628404|1628969|1628973|1629013|1629023|1629655|1630230|1631108,1626157|1628404|1628969|1628973|1629013,1626156|1629023|1629655|1630230|1631108,,,1610612752.0,22500262
4,PT01M03.00S,01:03,Q4 01:03,0.95,701,3pt,L. Shamet 3PT  (6 PTS) (J. Brunson 5 AST),['fromturnover'],Shamet,108,109,Made,True,True,1629013,1628973.0,steal,timeout,,,,1626156|1626157|1628404|1628969|1628973|1629013|1629023|1629655|1630230|1631108,1626157|1628404|1628969|1628973|1629013,1626156|1629023|1629655|1630230|1631108,-232.0,22.0,1610612752.0,22500262
4,PT01M02.00S,01:02,Q4 01:02,0.9666666666666667,703,timeout,DAL Timeout,['team'],,108,109,,False,False,0,,3pt made,substitution,,,,1626156|1626157|1628404|1628969|1628973|1629013|1629023|1629655|1630230|1631108,1626156|1629023|1629655|1630230|1631108,1626157|1628404|1628969|1628973|1629013,,,1610612742.0,22500262
4,PT01M02.00S,01:02,Q4 01:02,0.9666666666666667,704,substitution,SUB out: N. Marshall,[],Marshall,108,109,,False,False,1630230,,timeout,substitution,,,,1626156|1626157|1628404|1628969|1628973|1629013|1629023|1629655|1631108,1626156|1629023|1629655|1631108,1626157|1628404|1628969|1628973|1629013,,,1610612742.0,22500262
4,PT01M02.00S,01:02,Q4 01:02,0.9666666666666667,705,substitution,SUB in: K. Thompson,[],Thompson,108,109,,False,False,202691,,substitution,foul,,,,1626156|1626157|1628404|1628969|1628973|1629013|1629023|1629655|1631108|202691,1626156|1629023|1629655|1631108|202691,1626157|1628404|1628969|1628973|1629013,,,1610612742.0,22500262
4,PT00M53.00S,00:53,Q4 00:53,-0.8833333333333333,706,foul,J. Brunson shooting personal FOUL (4 PF) (Russell 2 FT),"['inpenalty', '2freethrow']",Brunson,108,109,,False,False,1628973,,substitution,freethrow,1626156.0,,,1626156|1626157|1628404|1628969|1628973|1629013|1629023|1629655|1631108|202691,1626157|1628404|1628969|1628973|1629013,1626156|1629023|1629655|1631108|202691,,,1610612752.0,22500262
4,PT00M53.00S,00:53,Q4 00:53,-0.8833333333333333,708,freethrow,MISS D. Russell Free Throw 1 of 2,[],Russell,108,109,Missed,False,False,1626156,,foul,rebound,,,,1626156|1626157|1628404|1628969|1628973|1629013|1629023|1629655|1631108|202691,1626156|1629023|1629655|1631108|202691,1626157|1628404|1628969|1628973|1629013,,,1610612742.0,22500262
4,PT00M53.00S,00:53,Q4 00:53,-0.8833333333333333,709,rebound,TEAM offensive REBOUND,"['deadball', 'team']",,108,109,,False,False,0,,freethrow,freethrow,,,,1626156|1626157|1628404|1628969|1628973|1629013|1629023|1629655|1631108|202691,1626156|1629023|1629655|1631108|202691,1626157|1628404|1628969|1628973|1629013,,,1610612742.0,22500262
4,PT00M53.00S,00:53,Q4 00:53,-0.8833333333333333,712,freethrow,D. Russell Free Throw 2 of 2 (23 PTS),[],Russell,109,109,Made,False,False,1626156,,rebound,substitution,,,,1626156|1626157|1628404|1628969|1628973|1629013|1629023|1629655|1631108|202691,1626156|1629023|1629655|1631108|202691,1626157|1628404|1628969|1628973|1629013,,,1610612742.0,22500262
4,PT00M53.00S,00:53,Q4 00:53,-0.8833333333333333,710,substitution,SUB out: K. Thompson,[],Thompson,108,109,,False,False,202691,,freethrow,substitution,,,,1626156|1626157|1628404|1628969|1628973|1629013|1629023|1629655|1631108,1626156|1629023|1629655|1631108,1626157|1628404|1628969|1628973|1629013,,,1610612742.0,22500262
4,PT00M53.00S,00:53,Q4 00:53,-0.8833333333333333,711,substitution,SUB in: N. Marshall,[],Marshall,108,109,,False,False,1630230,,substitution,2pt missed,,,,1626156|1626157|1628404|1628969|1628973|1629013|1629023|1629655|1630230|1631108,1626156|1629023|1629655|1630230|1631108,1626157|1628404|1628969|1628973|1629013,,,1610612742.0,22500262
4,PT00M33.90S,00:33,Q4 00:33,-0.55,713,2pt,MISS J. Hart driving Layup - blocked,['pointsinthepaint'],Hart,109,109,Missed,True,False,1628404,,substitution,block,,,1629655.0,1626156|1626157|1628404|1628969|1628973|1629013|1629023|1629655|1630230|1631108,1626157|1628404|1628969|1628973|1629013,1626156|1629023|1629655|1630230|1631108,-18.0,11.0,1610612752.0,22500262
4,PT00M33.90S,00:33,Q4 00:33,-0.55,714,block,D. Gafford BLOCK (1 BLK),[],Gafford,109,109,,False,False,1629655,,2pt missed,rebound,,,,1626156|1626157|1628404|1628969|1628973|1629013|1629023|1629655|1630230|1631108,1626156|1629023|1629655|1630230|1631108,1626157|1628404|1628969|1628973|1629013,,,1610612742.0,22500262
4,PT00M33.90S,00:33,Q4 00:33,-0.55,715,rebound,J. Hart REBOUND (Off:3 Def:7),[],Hart,109,109,,False,False,1628404,,block,3pt made,,,,1626156|1626157|1628404|1628969|1628973|1629013|1629023|1629655|1630230|1631108,1626157|1628404|1628969|1628973|1629013,1626156|1629023|1629655|1630230|1631108,,,1610612752.0,22500262
4,PT00M31.40S,00:31,Q4 00:31,-0.5166666666666667,716,3pt,L. Shamet 26' 3PT  (9 PTS) (J. Hart 5 AST),['2ndchance'],Shamet,109,112,Made,True,True,1629013,1628404.0,rebound,timeout,,,,1626156|1626157|1628404|1628969|1628973|1629013|1629023|1629655|1630230|1631108,1626157|1628404|1628969|1628973|1629013,1626156|1629023|1629655|1630230|1631108,-233.0,122.0,1610612752.0,22500262
4,PT00M31.40S,00:31,Q4 00:31,-0.5166666666666667,718,timeout,DAL Timeout,['team'],,109,112,,False,False,0,,3pt made,substitution,,,,1626156|1626157|1628404|1628969|1628973|1629013|1629023|1629655|1630230|1631108,1626156|1629023|1629655|1630230|1631108,1626157|1628404|1628969|1628973|1629013,,,1610612742.0,22500262
4,PT00M31.40S,00:31,Q4 00:31,-0.5166666666666667,719,substitution,SUB out: N. Marshall,[],Marshall,109,112,,False,False,1630230,,timeout,substitution,,,,1626156|1626157|1628404|1628969|1628973|1629013|1629023|1629655|1631108,1626156|1629023|1629655|1631108,1626157|1628404|1628969|1628973|1629013,,,1610612742.0,22500262
4,PT00M31.40S,00:31,Q4 00:31,-0.5166666666666667,720,substitution,SUB out: J. Brunson,[],Brunson,109,112,,False,False,1628973,,substitution,substitution,,,,1626156|1626157|1628404|1628969|1629013|1629023|1629655|1631108,1626157|1628404|1628969|1629013,1626156|1629023|1629655|1631108,,,1610612752.0,22500262
4,PT00M31.40S,00:31,Q4 00:31,-0.5166666666666667,721,substitution,SUB out: K. Towns,[],Towns,109,112,,False,False,1626157,,substitution,substitution,,,,1626156|1628404|1628969|1629013|1629023|1629655|1631108,1628404|1628969|1629013,1626156|1629023|1629655|1631108,,,1610612752.0,22500262
4,PT00M31.40S,00:31,Q4 00:31,-0.5166666666666667,722,substitution,SUB in: K. Thompson,[],Thompson,109,112,,False,False,202691,,substitution,substitution,,,,1626156|1628404|1628969|1629013|1629023|1629655|1631108|202691,1626156|1629023|1629655|1631108|202691,1628404|1628969|1629013,,,1610612742.0,22500262
4,PT00M31.40S,00:31,Q4 00:31,-0.5166666666666667,723,substitution,SUB in: M. Robinson,[],Robinson,109,112,,False,False,1629011,,substitution,substitution,,,,1626156|1628404|1628969|1629011|1629013|1629023|1629655|1631108|202691,1628404|1628969|1629011|1629013,1626156|1629023|1629655|1631108|202691,,,1610612752.0,22500262
4,PT00M31.40S,00:31,Q4 00:31,-0.5166666666666667,724,substitution,SUB in: M. McBride,[],McBride,109,112,,False,False,1630540,,substitution,3pt missed,,,,1626156|1628404|1628969|1629011|1629013|1629023|1629655|1630540|1631108|202691,1628404|1628969|1629011|1629013|1630540,1626156|1629023|1629655|1631108|202691,,,1610612752.0,22500262
4,PT00M28.40S,00:28,Q4 00:28,-0.4666666666666667,725,3pt,MISS K. Thompson 24' 3PT,[],Thompson,109,112,Missed,True,False,202691,,substitution,rebound,,,,1626156|1628404|1628969|1629011|1629013|1629023|1629655|1630540|1631108|202691,1626156|1629023|1629655|1631108|202691,1628404|1628969|1629011|1629013|1630540,-7.0,246.0,1610612742.0,22500262
4,PT00M26.90S,00:26,Q4 00:26,-0.43333333333333335,726,rebound,M. Robinson REBOUND (Off:3 Def:4),[],Robinson,109,112,,False,False,1629011,,3pt missed,foul,,,,1626156|1628404|1628969|1629011|1629013|1629023|1629655|1630540|1631108|202691,1628404|1628969|1629011|1629013|1630540,1626156|1629023|1629655|1631108|202691,,,1610612752.0,22500262
4,PT00M26.90S,00:26,Q4 00:26,-0.43333333333333335,727,foul,P. Washington personal FOUL (2 PF),[],Washington,109,112,,False,False,1629023,,rebound,substitution,1629011.0,,,1626156|1628404|1628969|1629011|1629013|1629023|1629655|1630540|1631108|202691,1626156|1629023|1629655|1631108|202691,1628404|1628969|1629011|1629013|1630540,,,1610612742.0,22500262
4,PT00M26.90S,00:26,Q4 00:26,-0.43333333333333335,729,substitution,SUB out: M. Robinson,[],Robinson,109,112,,False,False,1629011,,foul,substitution,,,,1626156|1628404|1628969|1629013|1629023|1629655|1630540|1631108|202691,1628404|1628969|1629013|1630540,1626156|1629023|1629655|1631108|202691,,,1610612752.0,22500262
4,PT00M26.90S,00:26,Q4 00:26,-0.43333333333333335,730,substitution,SUB out: M. McBride,[],McBride,109,112,,False,False,1630540,,substitution,substitution,,,,1626156|1628404|1628969|1629013|1629023|1629655|1631108|202691,1628404|1628969|1629013,1626156|1629023|1629655|1631108|202691,,,1610612752.0,22500262
4,PT00M26.90S,00:26,Q4 00:26,-0.43333333333333335,731,substitution,SUB in: J. Brunson,[],Brunson,109,112,,False,False,1628973,,substitution,substitution,,,,1626156|1628404|1628969|1628973|1629013|1629023|1629655|1631108|202691,1628404|1628969|1628973|1629013,1626156|1629023|1629655|1631108|202691,,,1610612752.0,22500262
4,PT00M26.90S,00:26,Q4 00:26,-0.43333333333333335,732,substitution,SUB in: K. Towns,[],Towns,109,112,,False,False,1626157,,substitution,substitution,,,,1626156|1626157|1628404|1628969|1628973|1629013|1629023|1629655|1631108|202691,1626157|1628404|1628969|1628973|1629013,1626156|1629023|1629655|1631108|202691,,,1610612752.0,22500262
4,PT00M26.90S,00:26,Q4 00:26,-0.43333333333333335,733,substitution,SUB out: D. Russell,[],Russell,109,112,,False,False,1626156,,substitution,substitution,,,,1626157|1628404|1628969|1628973|1629013|1629023|1629655|1631108|202691,1629023|1629655|1631108|202691,1626157|1628404|1628969|1628973|1629013,,,1610612742.0,22500262
4,PT00M26.90S,00:26,Q4 00:26,-0.43333333333333335,734,substitution,SUB out: D. Gafford,[],Gafford,109,112,,False,False,1629655,,substitution,substitution,,,,1626157|1628404|1628969|1628973|1629013|1629023|1631108|202691,1629023|1631108|202691,1626157|1628404|1628969|1628973|1629013,,,1610612742.0,22500262
4,PT00M26.90S,00:26,Q4 00:26,-0.43333333333333335,735,substitution,SUB in: N. Marshall,[],Marshall,109,112,,False,False,1630230,,substitution,substitution,,,,1626157|1628404|1628969|1628973|1629013|1629023|1630230|1631108|202691,1629023|1630230|1631108|202691,1626157|1628404|1628969|1628973|1629013,,,1610612742.0,22500262
4,PT00M26.90S,00:26,Q4 00:26,-0.43333333333333335,736,substitution,SUB in: B. Williams,[],Williams,109,112,,False,False,1630314,,substitution,foul,,,,1626157|1628404|1628969|1628973|1629013|1629023|1630230|1630314|1631108|202691,1629023|1630230|1630314|1631108|202691,1626157|1628404|1628969|1628973|1629013,,,1610612742.0,22500262
4,PT00M22.00S,00:22,Q4 00:22,-0.36666666666666664,737,foul,K. Thompson personal FOUL (3 PF) (Shamet 2 FT),"['inpenalty', '2freethrow']",Thompson,109,112,,False,False,202691,,substitution,freethrow,1629013.0,,,1626157|1628404|1628969|1628973|1629013|1629023|1630230|1630314|1631108|202691,1629023|1630230|1630314|1631108|202691,1626157|1628404|1628969|1628973|1629013,,,1610612742.0,22500262
4,PT00M22.00S,00:22,Q4 00:22,-0.36666666666666664,739,freethrow,MISS L. Shamet Free Throw 1 of 2,[],Shamet,109,112,Missed,False,False,1629013,,foul,rebound,,,,1626157|1628404|1628969|1628973|1629013|1629023|1630230|1630314|1631108|202691,1626157|1628404|1628969|1628973|1629013,1629023|1630230|1630314|1631108|202691,,,1610612752.0,22500262
4,PT00M22.00S,00:22,Q4 00:22,-0.36666666666666664,740,rebound,TEAM offensive REBOUND,"['deadball', 'team']",,109,112,,False,False,0,,freethrow,freethrow,,,,1626157|1628404|1628969|1628973|1629013|1629023|1630230|1630314|1631108|202691,1626157|1628404|1628969|1628973|1629013,1629023|1630230|1630314|1631108|202691,,,1610612752.0,22500262
4,PT00M22.00S,00:22,Q4 00:22,-0.36666666666666664,745,freethrow,MISS L. Shamet Free Throw 2 of 2,[],Shamet,109,112,Missed,False,False,1629013,,rebound,substitution,,,,1626157|1628404|1628969|1628973|1629013|1629023|1630230|1630314|1631108|202691,1626157|1628404|1628969|1628973|1629013,1629023|1630230|1630314|1631108|202691,,,1610612752.0,22500262
4,PT00M22.00S,00:22,Q4 00:22,-0.36666666666666664,741,substitution,SUB out: J. Brunson,[],Brunson,109,112,,False,False,1628973,,freethrow,substitution,,,,1626157|1628404|1628969|1629013|1629023|1630230|1630314|1631108|202691,1626157|1628404|1628969|1629013,1629023|1630230|1630314|1631108|202691,,,1610612752.0,22500262
4,PT00M22.00S,00:22,Q4 00:22,-0.36666666666666664,742,substitution,SUB out: K. Towns,[],Towns,109,112,,False,False,1626157,,substitution,substitution,,,,1628404|1628969|1629013|1629023|1630230|1630314|1631108|202691,1628404|1628969|1629013,1629023|1630230|1630314|1631108|202691,,,1610612752.0,22500262
4,PT00M22.00S,00:22,Q4 00:22,-0.36666666666666664,743,substitution,SUB in: M. Robinson,[],Robinson,109,112,,False,False,1629011,,substitution,substitution,,,,1628404|1628969|1629011|1629013|1629023|1630230|1630314|1631108|202691,1628404|1628969|1629011|1629013,1629023|1630230|1630314|1631108|202691,,,1610612752.0,22500262
4,PT00M22.00S,00:22,Q4 00:22,-0.36666666666666664,744,substitution,SUB in: M. McBride,[],McBride,109,112,,False,False,1630540,,substitution,rebound,,,,1628404|1628969|1629011|1629013|1629023|1630230|1630314|1630540|1631108|202691,1628404|1628969|1629011|1629013|1630540,1629023|1630230|1630314|1631108|202691,,,1610612752.0,22500262
4,PT00M20.30S,00:20,Q4 00:20,-0.3333333333333333,746,rebound,N. Marshall REBOUND (Off:0 Def:5),[],Marshall,109,112,,False,False,1630230,,substitution,3pt missed,,,,1628404|1628969|1629011|1629013|1629023|1630230|1630314|1630540|1631108|202691,1629023|1630230|1630314|1631108|202691,1628404|1628969|1629011|1629013|1630540,,,1610612742.0,22500262
4,PT00M08.30S,00:08,Q4 00:08,-0.13333333333333333,747,3pt,MISS B. Williams 26' pullup 3PT,[],Williams,109,112,Missed,True,False,1630314,,rebound,rebound,,,,1628404|1628969|1629011|1629013|1629023|1630230|1630314|1630540|1631108|202691,1629023|1630230|1630314|1631108|202691,1628404|1628969|1629011|1629013|1630540,185.0,189.0,1610612742.0,22500262
4,PT00M06.60S,00:06,Q4 00:06,-0.1,748,rebound,M. Robinson REBOUND (Off:3 Def:5),[],Robinson,109,112,,False,False,1629011,,3pt missed,foul,,,,1628404|1628969|1629011|1629013|1629023|1630230|1630314|1630540|1631108|202691,1628404|1628969|1629011|1629013|1630540,1629023|1630230|1630314|1631108|202691,,,1610612752.0,22500262
4,PT00M06.60S,00:06,Q4 00:06,-0.1,749,foul,P. Washington take personal FOUL (3 PF) (Robinson 2 FT),"['inpenalty', '2freethrow']",Washington,109,112,,False,False,1629023,,rebound,freethrow,1629011.0,,,1628404|1628969|1629011|1629013|1629023|1630230|1630314|1630540|1631108|202691,1629023|1630230|1630314|1631108|202691,1628404|1628969|1629011|1629013|1630540,,,1610612742.0,22500262
4,PT00M06.60S,00:06,Q4 00:06,-0.1,751,freethrow,MISS M. Robinson Free Throw 1 of 2,[],Robinson,109,112,Missed,False,False,1629011,,foul,rebound,,,,1628404|1628969|1629011|1629013|1629023|1630230|1630314|1630540|1631108|202691,1628404|1628969|1629011|1629013|1630540,1629023|1630230|1630314|1631108|202691,,,1610612752.0,22500262
4,PT00M06.60S,00:06,Q4 00:06,-0.1,752,rebound,TEAM offensive REBOUND,"['deadball', 'team']",,109,112,,False,False,0,,freethrow,freethrow,,,,1628404|1628969|1629011|1629013|1629023|1630230|1630314|1630540|1631108|202691,1628404|1628969|1629011|1629013|1630540,1629023|1630230|1630314|1631108|202691,,,1610612752.0,22500262
4,PT00M06.60S,00:06,Q4 00:06,-0.1,753,freethrow,MISS M. Robinson Free Throw 2 of 2,[],Robinson,109,112,Missed,False,False,1629011,,rebound,rebound,,,,1628404|1628969|1629011|1629013|1629023|1630230|1630314|1630540|1631108|202691,1628404|1628969|1629011|1629013|1630540,1629023|1630230|1630314|1631108|202691,,,1610612752.0,22500262
4,PT00M05.90S,00:05,Q4 00:05,-0.08333333333333333,754,rebound,P. Washington REBOUND (Off:2 Def:8),[],Washington,109,112,,False,False,1629023,,freethrow,foul,,,,1628404|1628969|1629011|1629013|1629023|1630230|1630314|1630540|1631108|202691,1629023|1630230|1630314|1631108|202691,1628404|1628969|1629011|1629013|1630540,,,1610612742.0,22500262
4,PT00M05.90S,00:05,Q4 00:05,-0.08333333333333333,755,foul,J. Hart personal FOUL (5 PF) (Washington 2 FT),"['inpenalty', '2freethrow']",Hart,109,112,,False,False,1628404,,rebound,freethrow,1629023.0,,,1628404|1628969|1629011|1629013|1629023|1630230|1630314|1630540|1631108|202691,1628404|1628969|1629011|1629013|1630540,1629023|1630230|1630314|1631108|202691,,,1610612752.0,22500262
4,PT00M05.90S,00:05,Q4 00:05,-0.08333333333333333,757,freethrow,P. Washington Free Throw 1 of 2 (5 PTS),[],Washington,110,112,Made,False,False,1629023,,foul,freethrow,,,,1628404|1628969|1629011|1629013|1629023|1630230|1630314|1630540|1631108|202691,1629023|1630230|1630314|1631108|202691,1628404|1628969|1629011|1629013|1630540,,,1610612742.0,22500262
4,PT00M05.90S,00:05,Q4 00:05,-0.08333333333333333,766,freethrow,P. Washington Free Throw 2 of 2 (6 PTS),[],Washington,111,112,Made,False,False,1629023,,freethrow,timeout,,,,1628404|1628969|1629011|1629013|1629023|1630230|1630314|1630540|1631108|202691,1629023|1630230|1630314|1631108|202691,1628404|1628969|1629011|1629013|1630540,,,1610612742.0,22500262
4,PT00M05.90S,00:05,Q4 00:05,-0.08333333333333333,767,timeout,NYK Timeout,['team'],,111,112,,False,False,0,,freethrow,timeout,,,,1628404|1628969|1629011|1629013|1629023|1630230|1630314|1630540|1631108|202691,1628404|1628969|1629011|1629013|1630540,1629023|1630230|1630314|1631108|202691,,,1610612752.0,22500262
4,PT00M05.90S,00:05,Q4 00:05,-0.08333333333333333,774,timeout,NYK Timeout,['team'],,111,112,,False,False,0,,timeout,substitution,,,,1628404|1628969|1629011|1629013|1629023|1630230|1630314|1630540|1631108|202691,1628404|1628969|1629011|1629013|1630540,1629023|1630230|1630314|1631108|202691,,,1610612752.0,22500262
4,PT00M05.90S,00:05,Q4 00:05,-0.08333333333333333,758,substitution,SUB out: B. Williams,[],Williams,110,112,,False,False,1630314,,timeout,substitution,,,,1628404|1628969|1629011|1629013|1629023|1630230|1630540|1631108|202691,1629023|1630230|1631108|202691,1628404|1628969|1629011|1629013|1630540,,,1610612742.0,22500262
4,PT00M05.90S,00:05,Q4 00:05,-0.08333333333333333,759,substitution,SUB out: N. Marshall,[],Marshall,110,112,,False,False,1630230,,substitution,substitution,,,,1628404|1628969|1629011|1629013|1629023|1630540|1631108|202691,1629023|1631108|202691,1628404|1628969|1629011|1629013|1630540,,,1610612742.0,22500262
4,PT00M05.90S,00:05,Q4 00:05,-0.08333333333333333,760,substitution,SUB out: L. Shamet,[],Shamet,110,112,,False,False,1629013,,substitution,substitution,,,,1628404|1628969|1629011|1629023|1630540|1631108|202691,1628404|1628969|1629011|1630540,1629023|1631108|202691,,,1610612752.0,22500262
4,PT00M05.90S,00:05,Q4 00:05,-0.08333333333333333,761,substitution,SUB out: M. McBride,[],McBride,110,112,,False,False,1630540,,substitution,substitution,,,,1628404|1628969|1629011|1629023|1631108|202691,1628404|1628969|1629011,1629023|1631108|202691,,,1610612752.0,22500262
4,PT00M05.90S,00:05,Q4 00:05,-0.08333333333333333,762,substitution,SUB in: D. Gafford,[],Gafford,110,112,,False,False,1629655,,substitution,substitution,,,,1628404|1628969|1629011|1629023|1629655|1631108|202691,1629023|1629655|1631108|202691,1628404|1628969|1629011,,,1610612742.0,22500262
4,PT00M05.90S,00:05,Q4 00:05,-0.08333333333333333,763,substitution,SUB in: D. Lively II,[],Lively II,110,112,,False,False,1641726,,substitution,substitution,,,,1628404|1628969|1629011|1629023|1629655|1631108|1641726|202691,1629023|1629655|1631108|1641726|202691,1628404|1628969|1629011,,,1610612742.0,22500262
4,PT00M05.90S,00:05,Q4 00:05,-0.08333333333333333,764,substitution,SUB in: K. Towns,[],Towns,110,112,,False,False,1626157,,substitution,substitution,,,,1626157|1628404|1628969|1629011|1629023|1629655|1631108|1641726|202691,1626157|1628404|1628969|1629011,1629023|1629655|1631108|1641726|202691,,,1610612752.0,22500262
4,PT00M05.90S,00:05,Q4 00:05,-0.08333333333333333,765,substitution,SUB in: J. Brunson,[],Brunson,110,112,,False,False,1628973,,substitution,substitution,,,,1626157|1628404|1628969|1628973|1629011|1629023|1629655|1631108|1641726|202691,1626157|1628404|1628969|1628973|1629011,1629023|1629655|1631108|1641726|202691,,,1610612752.0,22500262
4,PT00M05.90S,00:05,Q4 00:05,-0.08333333333333333,768,substitution,SUB out: D. Gafford,[],Gafford,111,112,,False,False,1629655,,substitution,substitution,,,,1626157|1628404|1628969|1628973|1629011|1629023|1631108|1641726|202691,1629023|1631108|1641726|202691,1626157|1628404|1628969|1628973|1629011,,,1610612742.0,22500262
4,PT00M05.90S,00:05,Q4 00:05,-0.08333333333333333,769,substitution,SUB out: D. Lively II,[],Lively II,111,112,,False,False,1641726,,substitution,substitution,,,,1626157|1628404|1628969|1628973|1629011|1629023|1631108|202691,1629023|1631108|202691,1626157|1628404|1628969|1628973|1629011,,,1610612742.0,22500262
4,PT00M05.90S,00:05,Q4 00:05,-0.08333333333333333,770,substitution,SUB out: M. Robinson,[],Robinson,111,112,,False,False,1629011,,substitution,substitution,,,,1626157|1628404|1628969|1628973|1629023|1631108|202691,1626157|1628404|1628969|1628973,1629023|1631108|202691,,,1610612752.0,22500262
4,PT00M05.90S,00:05,Q4 00:05,-0.08333333333333333,771,substitution,SUB in: B. Williams,[],Williams,111,112,,False,False,1630314,,substitution,substitution,,,,1626157|1628404|1628969|1628973|1629023|1630314|1631108|202691,1629023|1630314|1631108|202691,1626157|1628404|1628969|1628973,,,1610612742.0,22500262
4,PT00M05.90S,00:05,Q4 00:05,-0.08333333333333333,772,substitution,SUB in: N. Marshall,[],Marshall,111,112,,False,False,1630230,,substitution,substitution,,,,1626157|1628404|1628969|1628973|1629023|1630230|1630314|1631108|202691,1629023|1630230|1630314|1631108|202691,1626157|1628404|1628969|1628973,,,1610612742.0,22500262
4,PT00M05.90S,00:05,Q4 00:05,-0.08333333333333333,773,substitution,SUB in: M. McBride,[],McBride,111,112,,False,False,1630540,,substitution,foul,,,,1626157|1628404|1628969|1628973|1629023|1630230|1630314|1630540|1631108|202691,1626157|1628404|1628969|1628973|1630540,1629023|1630230|1630314|1631108|202691,,,1610612752.0,22500262
4,PT00M03.80S,00:03,Q4 00:03,-0.05,775,foul,M. Christie take personal FOUL (4 PF) (Brunson 2 FT),"['inpenalty', '2freethrow']",Christie,111,112,,False,False,1631108,,substitution,freethrow,1628973.0,,,1626157|1628404|1628969|1628973|1629023|1630230|1630314|1630540|1631108|202691,1629023|1630230|1630314|1631108|202691,1626157|1628404|1628969|1628973|1630540,,,1610612742.0,22500262
4,PT00M03.80S,00:03,Q4 00:03,-0.05,777,freethrow,MISS J. Brunson Free Throw 1 of 2,[],Brunson,111,112,Missed,False,False,1628973,,foul,rebound,,,,1626157|1628404|1628969|1628973|1629023|1630230|1630314|1630540|1631108|202691,1626157|1628404|1628969|1628973|1630540,1629023|1630230|1630314|1631108|202691,,,1610612752.0,22500262
4,PT00M03.80S,00:03,Q4 00:03,-0.05,778,rebound,TEAM offensive REBOUND,"['deadball', 'team']",,111,112,,False,False,0,,freethrow,freethrow,,,,1626157|1628404|1628969|1628973|1629023|1630230|1630314|1630540|1631108|202691,1626157|1628404|1628969|1628973|1630540,1629023|1630230|1630314|1631108|202691,,,1610612752.0,22500262
4,PT00M03.80S,00:03,Q4 00:03,-0.05,783,freethrow,J. Brunson Free Throw 2 of 2 (28 PTS),[],Brunson,111,113,Made,False,False,1628973,,rebound,substitution,,,,1626157|1628404|1628969|1628973|1629023|1630230|1630314|1630540|1631108|202691,1626157|1628404|1628969|1628973|1630540,1629023|1630230|1630314|1631108|202691,,,1610612752.0,22500262
4,PT00M03.80S,00:03,Q4 00:03,-0.05,779,substitution,SUB out: N. Marshall,[],Marshall,111,112,,False,False,1630230,,freethrow,substitution,,,,1626157|1628404|1628969|1628973|1629023|1630314|1630540|1631108|202691,1629023|1630314|1631108|202691,1626157|1628404|1628969|1628973|1630540,,,1610612742.0,22500262
4,PT00M03.80S,00:03,Q4 00:03,-0.05,780,substitution,SUB out: K. Towns,[],Towns,111,112,,False,False,1626157,,substitution,substitution,,,,1628404|1628969|1628973|1629023|1630314|1630540|1631108|202691,1628404|1628969|1628973|1630540,1629023|1630314|1631108|202691,,,1610612752.0,22500262
4,PT00M03.80S,00:03,Q4 00:03,-0.05,781,substitution,SUB in: D. Lively II,[],Lively II,111,112,,False,False,1641726,,substitution,substitution,,,,1628404|1628969|1628973|1629023|1630314|1630540|1631108|1641726|202691,1629023|1630314|1631108|1641726|202691,1628404|1628969|1628973|1630540,,,1610612742.0,22500262
4,PT00M03.80S,00:03,Q4 00:03,-0.05,782,substitution,SUB in: L. Shamet,[],Shamet,111,112,,False,False,1629013,,substitution,foul,,,,1628404|1628969|1628973|1629013|1629023|1630314|1630540|1631108|1641726|202691,1628404|1628969|1628973|1629013|1630540,1629023|1630314|1631108|1641726|202691,,,1610612752.0,22500262
4,PT00M00.70S,00:00,Q4 00:00,0.0,785,foul,B. Williams offensive FOUL (4 PF),['inpenalty'],Williams,111,113,,False,False,1630314,,substitution,turnover,1629013.0,,,1628404|1628969|1628973|1629013|1629023|1630314|1630540|1631108|1641726|202691,1629023|1630314|1631108|1641726|202691,1628404|1628969|1628973|1629013|1630540,,,1610612742.0,22500262
4,PT00M00.70S,00:00,Q4 00:00,0.0,787,turnover,B. Williams offensive foul TURNOVER (3 TO),[],Williams,111,113,,False,False,1630314,,foul,,,,,1628404|1628969|1628973|1629013|1629023|1630314|1630540|1631108|1641726|202691,1629023|1630314|1631108|1641726|202691,1628404|1628969|1628973|1629013|1630540,,,1610612742.0,22500262
