period,clock,clock_display,game_clock,minutes_left_in_game,actionNumber,actionType,description,qualifier,playerName,scoreHome,scoreAway,shotResult,isFieldGoal,assisted,person_id,assister_id,previous_action,next_action,foulDrawnPersonId,stealPersonId,blockPersonId,players_on,off_players_on,def_players_on,xLegacy,yLegacy,teamId,game_id
1,PT11M46.00S,11:46,Q1 11:46,46.233333333333334,7,turnover,C. Gillespie bad pass TURNOVER (1 TO),[],Gillespie,0,0,,False,False,1631221,,,steal,,1626162.0,,1626162|1626164|1626220|1628415|1630178|1631109|1631221|1631230|1642845|203083,1626164|1626220|1628415|1631109|1631221,1626162|1630178|1631230|1642845|203083,,,1610612756.0,22500613
1,PT11M46.00S,11:46,Q1 11:46,46.233333333333334,8,steal,K. Oubre Jr. STEAL (1 STL),[],Oubre Jr.,0,0,,False,False,1626162,,turnover,2pt made,,,,1626162|1626164|1626220|1628415|1630178|1631109|1631221|1631230|1642845|203083,1626162|1630178|1631230|1642845|203083,1626164|1626220|1628415|1631109|1631221,,,1610612755.0,22500613
1,PT11M43.00S,11:43,Q1 11:43,46.28333333333333,9,2pt,K. Oubre Jr. running finger roll Layup (2 PTS),"['pointsinthepaint', 'fromturnover', 'fastbreak']",Oubre Jr.,2,0,Made,True,False,1626162,,steal,foul,,,,1626162|1626164|1626220|1628415|1630178|1631109|1631221|1631230|1642845|203083,1626162|1630178|1631230|1642845|203083,1626164|1626220|1628415|1631109|1631221,17.0,-2.0,1610612755.0,22500613
1,PT11M33.00S,11:33,Q1 11:33,46.45,10,foul,D. Barlow personal FOUL (1 PF),[],Barlow,2,0,,False,False,1631230,,2pt made,3pt missed,1626164.0,,,1626162|1626164|1626220|1628415|1630178|1631109|1631221|1631230|1642845|203083,1626162|1630178|1631230|1642845|203083,1626164|1626220|1628415|1631109|1631221,,,1610612755.0,22500613
1,PT11M31.00S,11:31,Q1 11:31,46.483333333333334,12,3pt,MISS D. Booker 26' 3PT,[],Booker,2,0,Missed,True,False,1626164,,foul,rebound,,,,1626162|1626164|1626220|1628415|1630178|1631109|1631221|1631230|1642845|203083,1626164|1626220|1628415|1631109|1631221,1626162|1630178|1631230|1642845|203083,85.0,251.0,1610612756.0,22500613
1,PT11M28.00S,11:28,Q1 11:28,46.53333333333333,13,rebound,TEAM defensive REBOUND,['team'],,2,0,,False,False,0,,3pt missed,3pt missed,,,,1626162|1626164|1626220|1628415|1630178|1631109|1631221|1631230|1642845|203083,1626162|1630178|1631230|1642845|203083,1626164|1626220|1628415|1631109|1631221,,,1610612755.0,22500613
1,PT11M15.00S,11:15,Q1 11:15,46.75,15,3pt,MISS T. Maxey 26' pullup 3PT,[],Maxey,2,0,Missed,True,False,1630178,,rebound,rebound,,,,1626162|1626164|1626220|1628415|1630178|1631109|1631221|1631230|1642845|203083,1626162|1630178|1631230|1642845|203083,1626164|1626220|1628415|1631109|1631221,-130.0,236.0,1610612755.0,22500613
1,PT11M12.00S,11:12,Q1 11:12,46.8,16,rebound,D. Brooks REBOUND (Off:0 Def:1),[],Brooks,2,0,,False,False,1628415,,3pt missed,2pt missed,,,,1626162|1626164|1626220|1628415|1630178|1631109|1631221|1631230|1642845|203083,1626164|1626220|1628415|1631109|1631221,1626162|1630178|1631230|1642845|203083,,,1610612756.0,22500613
1,PT11M02.00S,11:02,Q1 11:02,46.96666666666667,17,2pt,MISS D. Brooks 18' pullup Shot,[],Brooks,2,0,Missed,True,False,1628415,,rebound,rebound,,,,1626162|1626164|1626220|1628415|1630178|1631109|1631221|1631230|1642845|203083,1626164|1626220|1628415|1631109|1631221,1626162|1630178|1631230|1642845|203083,-20.0,181.0,1610612756.0,22500613
1,PT11M00.00S,11:00,Q1 11:00,47.0,18,rebound,D. Barlow REBOUND (Off:0 Def:1),[],Barlow,2,0,,False,False,1631230,,2pt missed,2pt missed,,,,1626162|1626164|1626220|1628415|1630178|1631109|1631221|1631230|1642845|203083,1626162|1630178|1631230|1642845|203083,1626164|1626220|1628415|1631109|1631221,,,1610612755.0,22500613
1,PT10M49.00S,10:49,Q1 10:49,45.18333333333333,19,2pt,MISS V. Edgecombe 12' driving floating Shot,['pointsinthepaint'],Edgecombe,2,0,Missed,True,False,1642845,,rebound,rebound,,,,1626162|1626164|1626220|1628415|1630178|1631109|1631221|1631230|1642845|203083,1626162|1630178|1631230|1642845|203083,1626164|1626220|1628415|1631109|1631221,80.0,101.0,1610612755.0,22500613
1,PT10M47.00S,10:47,Q1 10:47,45.21666666666667,20,rebound,D. Brooks REBOUND (Off:0 Def:2),[],Brooks,2,0,,False,False,1628415,,2pt missed,2pt missed,,,,1626162|1626164|1626220|1628415|1630178|1631109|1631221|1631230|1642845|203083,1626164|1626220|1628415|1631109|1631221,1626162|1630178|1631230|1642845|203083,,,1610612756.0,22500613
1,PT10M35.00S,10:35,Q1 10:35,45.416666666666664,21,2pt,MISS D. Brooks finger roll Layup - blocked,['pointsinthepaint'],Brooks,2,0,Missed,True,False,1628415,,rebound,block,,,203083.0,1626162|1626164|1626220|1628415|1630178|1631109|1631221|1631230|1642845|203083,1626164|1626220|1628415|1631109|1631221,1626162|1630178|1631230|1642845|203083,4.0,36.0,1610612756.0,22500613
1,PT10M35.00S,10:35,Q1 10:35,45.416666666666664,22,block,A. Drummond BLOCK (1 BLK),[],Drummond,2,0,,False,False,203083,,2pt missed,rebound,,,,1626162|1626164|1626220|1628415|1630178|1631109|1631221|1631230|1642845|203083,1626162|1630178|1631230|1642845|203083,1626164|1626220|1628415|1631109|1631221,,,1610612755.0,22500613
1,PT10M33.00S,10:33,Q1 10:33,45.45,23,rebound,D. Booker REBOUND (Off:1 Def:0),[],Booker,2,0,,False,False,1626164,,block,2pt missed,,,,1626162|1626164|1626220|1628415|1630178|1631109|1631221|1631230|1642845|203083,1626164|1626220|1628415|1631109|1631221,1626162|1630178|1631230|1642845|203083,,,1610612756.0,22500613
1,PT10M26.00S,10:26,Q1 10:26,45.56666666666667,24,2pt,MISS D. Booker 8' turnaround fadeaway Shot,['2ndchance'],Booker,2,0,Missed,True,False,1626164,,rebound,rebound,,,,1626162|1626164|1626220|1628415|1630178|1631109|1631221|1631230|1642845|203083,1626164|1626220|1628415|1631109|1631221,1626162|1630178|1631230|1642845|203083,83.0,10.0,1610612756.0,22500613
1,PT10M23.00S,10:23,Q1 10:23,45.61666666666667,25,rebound,A. Drummond REBOUND (Off:0 Def:1),[],Drummond,2,0,,False,False,203083,,2pt missed,3pt missed,,,,1626162|1626164|1626220|1628415|1630178|1631109|1631221|1631230|1642845|203083,1626162|1630178|1631230|1642845|203083,1626164|1626220|1628415|1631109|1631221,,,1610612755.0,22500613
1,PT10M13.00S,10:13,Q1 10:13,45.78333333333333,26,3pt,MISS K. Oubre Jr. 25' 3PT,[],Oubre Jr.,2,0,Missed,True,False,1626162,,rebound,rebound,,,,1626162|1626164|1626220|1628415|1630178|1631109|1631221|1631230|1642845|203083,1626162|1630178|1631230|1642845|203083,1626164|1626220|1628415|1631109|1631221,-105.0,236.0,1610612755.0,22500613
1,PT10M11.00S,10:11,Q1 10:11,45.81666666666667,27,rebound,TEAM defensive REBOUND,['team'],,2,0,,False,False,0,,3pt missed,foul,,,,1626162|1626164|1626220|1628415|1630178|1631109|1631221|1631230|1642845|203083,1626164|1626220|1628415|1631109|1631221,1626162|1630178|1631230|1642845|203083,,,1610612756.0,22500613
1,PT10M02.00S,10:02,Q1 10:02,45.96666666666667,29,foul,V. Edgecombe personal FOUL (1 PF),[],Edgecombe,2,0,,False,False,1642845,,rebound,3pt missed,1631221.0,,,1626162|1626164|1626220|1628415|1630178|1631109|1631221|1631230|1642845|203083,1626162|1630178|1631230|1642845|203083,1626164|1626220|1628415|1631109|1631221,,,1610612755.0,22500613
1,PT09M58.00S,09:58,Q1 09:58,44.03333333333333,31,3pt,MISS C. Gillespie 26' pullup 3PT,[],Gillespie,2,0,Missed,True,False,1631221,,foul,rebound,,,,1626162|1626164|1626220|1628415|1630178|1631109|1631221|1631230|1642845|203083,1626164|1626220|1628415|1631109|1631221,1626162|1630178|1631230|1642845|203083,21.0,260.0,1610612756.0,22500613
1,PT09M56.00S,09:56,Q1 09:56,44.06666666666667,32,rebound,M. Williams REBOUND (Off:1 Def:0),[],Williams,2,0,,False,False,1631109,,3pt missed,3pt missed,,,,1626162|1626164|1626220|1628415|1630178|1631109|1631221|1631230|1642845|203083,1626164|1626220|1628415|1631109|1631221,1626162|1630178|1631230|1642845|203083,,,1610612756.0,22500613
1,PT09M52.00S,09:52,Q1 09:52,44.13333333333333,33,3pt,MISS R. O'Neale 26' 3PT,['2ndchance'],O'Neale,2,0,Missed,True,False,1626220,,rebound,rebound,,,,1626162|1626164|1626220|1628415|1630178|1631109|1631221|1631230|1642845|203083,1626164|1626220|1628415|1631109|1631221,1626162|1630178|1631230|1642845|203083,7.0,265.0,1610612756.0,22500613
1,PT09M52.00S,09:52,Q1 09:52,44.13333333333333,34,rebound,V. Edgecombe REBOUND (Off:0 Def:1),[],Edgecombe,2,0,,False,False,1642845,,3pt missed,3pt missed,,,,1626162|1626164|1626220|1628415|1630178|1631109|1631221|1631230|1642845|203083,1626162|1630178|1631230|1642845|203083,1626164|1626220|1628415|1631109|1631221,,,1610612755.0,22500613
1,PT09M37.00S,09:37,Q1 09:37,44.38333333333333,35,3pt,MISS T. Maxey 26' step back 3PT,[],Maxey,2,0,Missed,True,False,1630178,,rebound,rebound,,,,1626162|1626164|1626220|1628415|1630178|1631109|1631221|1631230|1642845|203083,1626162|1630178|1631230|1642845|203083,1626164|1626220|1628415|1631109|1631221,-13.0,264.0,1610612755.0,22500613
1,PT09M34.00S,09:34,Q1 09:34,44.43333333333333,36,rebound,D. Barlow REBOUND (Off:1 Def:1),[],Barlow,2,0,,False,False,1631230,,3pt missed,3pt made,,,,1626162|1626164|1626220|1628415|1630178|1631109|1631221|1631230|1642845|203083,1626162|1630178|1631230|1642845|203083,1626164|1626220|1628415|1631109|1631221,,,1610612755.0,22500613
1,PT09M33.00S,09:33,Q1 09:33,44.45,37,3pt,V. Edgecombe 25' 3PT  (3 PTS) (D. Barlow 1 AST),['2ndchance'],Edgecombe,5,0,Made,True,True,1642845,1631230.0,rebound,foul,,,,1626162|1626164|1626220|1628415|1630178|1631109|1631221|1631230|1642845|203083,1626162|1630178|1631230|1642845|203083,1626164|1626220|1628415|1631109|1631221,-181.0,184.0,1610612755.0,22500613
1,PT09M11.00S,09:11,Q1 09:11,44.81666666666667,39,foul,A. Drummond shooting personal FOUL (1 PF) (Booker 2 FT),['2freethrow'],Drummond,5,0,,False,False,203083,,3pt made,freethrow,1626164.0,,,1626162|1626164|1626220|1628415|1630178|1631109|1631221|1631230|1642845|203083,1626162|1630178|1631230|1642845|203083,1626164|1626220|1628415|1631109|1631221,,,1610612755.0,22500613
1,PT09M11.00S,09:11,Q1 09:11,44.81666666666667,41,freethrow,D. Booker Free Throw 1 of 2 (1 PTS),[],Booker,5,1,Made,False,False,1626164,,foul,freethrow,,,,1626162|1626164|1626220|1628415|1630178|1631109|1631221|1631230|1642845|203083,1626164|1626220|1628415|1631109|1631221,1626162|1630178|1631230|1642845|203083,,,1610612756.0,22500613
1,PT09M11.00S,09:11,Q1 09:11,44.81666666666667,42,freethrow,D. Booker Free Throw 2 of 2 (2 PTS),[],Booker,5,2,Made,False,False,1626164,,freethrow,2pt missed,,,,1626162|1626164|1626220|1628415|1630178|1631109|1631221|1631230|1642845|203083,1626164|1626220|1628415|1631109|1631221,1626162|1630178|1631230|1642845|203083,,,1610612756.0,22500613
1,PT08M57.00S,08:57,Q1 08:57,43.05,43,2pt,MISS K. Oubre Jr. driving floating bank Shot,['pointsinthepaint'],Oubre Jr.,5,2,Missed,True,False,1626162,,freethrow,rebound,,,,1626162|1626164|1626220|1628415|1630178|1631109|1631221|1631230|1642845|203083,1626162|1630178|1631230|1642845|203083,1626164|1626220|1628415|1631109|1631221,-20.0,-4.0,1610612755.0,22500613
1,PT08M55.00S,08:55,Q1 08:55,43.083333333333336,44,rebound,R. O'Neale REBOUND (Off:0 Def:1),[],O'Neale,5,2,,False,False,1626220,,2pt missed,turnover,,,,1626162|1626164|1626220|1628415|1630178|1631109|1631221|1631230|1642845|203083,1626164|1626220|1628415|1631109|1631221,1626162|1630178|1631230|1642845|203083,,,1610612756.0,22500613
1,PT08M49.00S,08:49,Q1 08:49,43.18333333333333,45,turnover,D. Brooks double dribble TURNOVER (1 TO),[],Brooks,5,2,,False,False,1628415,,rebound,2pt missed,,,,1626162|1626164|1626220|1628415|1630178|1631109|1631221|1631230|1642845|203083,1626164|1626220|1628415|1631109|1631221,1626162|1630178|1631230|1642845|203083,,,1610612756.0,22500613
1,PT08M38.00S,08:38,Q1 08:38,43.36666666666667,46,2pt,MISS T. Maxey driving finger roll Layup,"['pointsinthepaint', 'fromturnover']",Maxey,5,2,Missed,True,False,1630178,,turnover,rebound,,,,1626162|1626164|1626220|1628415|1630178|1631109|1631221|1631230|1642845|203083,1626162|1630178|1631230|1642845|203083,1626164|1626220|1628415|1631109|1631221,17.0,13.0,1610612755.0,22500613
1,PT08M35.00S,08:35,Q1 08:35,43.416666666666664,48,rebound,A. Drummond REBOUND (Off:1 Def:1),[],Drummond,5,2,,False,False,203083,,2pt missed,2pt made,,,,1626162|1626164|1626220|1628415|1630178|1631109|1631221|1631230|1642845|203083,1626162|1630178|1631230|1642845|203083,1626164|1626220|1628415|1631109|1631221,,,1610612755.0,22500613
1,PT08M34.00S,08:34,Q1 08:34,43.43333333333333,49,2pt,A. Drummond putback DUNK (2 PTS),"['pointsinthepaint', 'fromturnover', '2ndchance']",Drummond,7,2,Made,True,False,203083,,rebound,2pt missed,,,,1626162|1626164|1626220|1628415|1630178|1631109|1631221|1631230|1642845|203083,1626162|1630178|1631230|1642845|203083,1626164|1626220|1628415|1631109|1631221,2.0,13.0,1610612755.0,22500613
1,PT08M22.00S,08:22,Q1 08:22,43.63333333333333,50,2pt,MISS D. Booker driving Layup,['pointsinthepaint'],Booker,7,2,Missed,True,False,1626164,,2pt made,rebound,,,,1626162|1626164|1626220|1628415|1630178|1631109|1631221|1631230|1642845|203083,1626164|1626220|1628415|1631109|1631221,1626162|1630178|1631230|1642845|203083,-23.0,16.0,1610612756.0,22500613
1,PT08M21.00S,08:21,Q1 08:21,43.65,51,rebound,A. Drummond REBOUND (Off:1 Def:2),[],Drummond,7,2,,False,False,203083,,2pt missed,foul,,,,1626162|1626164|1626220|1628415|1630178|1631109|1631221|1631230|1642845|203083,1626162|1630178|1631230|1642845|203083,1626164|1626220|1628415|1631109|1631221,,,1610612755.0,22500613
1,PT08M16.00S,08:16,Q1 08:16,43.733333333333334,52,foul,C. Gillespie shooting personal FOUL (1 PF) (Edgecombe 2 FT),['2freethrow'],Gillespie,7,2,,False,False,1631221,,rebound,freethrow,1642845.0,,,1626162|1626164|1626220|1628415|1630178|1631109|1631221|1631230|1642845|203083,1626164|1626220|1628415|1631109|1631221,1626162|1630178|1631230|1642845|203083,,,1610612756.0,22500613
1,PT08M16.00S,08:16,Q1 08:16,43.733333333333334,54,freethrow,MISS V. Edgecombe Free Throw 1 of 2,['fastbreak'],Edgecombe,7,2,Missed,False,False,1642845,,foul,rebound,,,,1626162|1626164|1626220|1628415|1630178|1631109|1631221|1631230|1642845|203083,1626162|1630178|1631230|1642845|203083,1626164|1626220|1628415|1631109|1631221,,,1610612755.0,22500613
1,PT08M16.00S,08:16,Q1 08:16,43.733333333333334,55,rebound,TEAM offensive REBOUND,"['deadball', 'team']",,7,2,,False,False,0,,freethrow,freethrow,,,,1626162|1626164|1626220|1628415|1630178|1631109|1631221|1631230|1642845|203083,1626162|1630178|1631230|1642845|203083,1626164|1626220|1628415|1631109|1631221,,,1610612755.0,22500613
1,PT08M16.00S,08:16,Q1 08:16,43.733333333333334,56,freethrow,V. Edgecombe Free Throw 2 of 2 (4 PTS),['fastbreak'],Edgecombe,8,2,Made,False,False,1642845,,rebound,2pt missed,,,,1626162|1626164|1626220|1628415|1630178|1631109|1631221|1631230|1642845|203083,1626162|1630178|1631230|1642845|203083,1626164|1626220|1628415|1631109|1631221,,,1610612755.0,22500613
1,PT08M03.00S,08:03,Q1 08:03,43.95,57,2pt,MISS D. Booker 16' pullup Shot,[],Booker,8,2,Missed,True,False,1626164,,freethrow,rebound,,,,1626162|1626164|1626220|1628415|1630178|1631109|1631221|1631230|1642845|203083,1626164|1626220|1628415|1631109|1631221,1626162|1630178|1631230|1642845|203083,-74.0,152.0,1610612756.0,22500613
1,PT08M01.00S,08:01,Q1 08:01,43.983333333333334,58,rebound,M. Williams REBOUND (Off:2 Def:0),[],Williams,8,2,,False,False,1631109,,2pt missed,3pt missed,,,,1626162|1626164|1626220|1628415|1630178|1631109|1631221|1631230|1642845|203083,1626164|1626220|1628415|1631109|1631221,1626162|1630178|1631230|1642845|203083,,,1610612756.0,22500613
1,PT08M00.00S,08:00,Q1 08:00,44.0,59,3pt,MISS R. O'Neale 26' 3PT,['2ndchance'],O'Neale,8,2,Missed,True,False,1626220,,rebound,rebound,,,,1626162|1626164|1626220|1628415|1630178|1631109|1631221|1631230|1642845|203083,1626164|1626220|1628415|1631109|1631221,1626162|1630178|1631230|1642845|203083,-174.0,205.0,1610612756.0,22500613
1,PT07M56.00S,07:56,Q1 07:56,42.06666666666667,60,rebound,K. Oubre Jr. REBOUND (Off:0 Def:1),[],Oubre Jr.,8,2,,False,False,1626162,,3pt missed,foul,,,,1626162|1626164|1626220|1628415|1630178|1631109|1631221|1631230|1642845|203083,1626162|1630178|1631230|1642845|203083,1626164|1626220|1628415|1631109|1631221,,,1610612755.0,22500613
1,PT07M56.00S,07:56,Q1 07:56,42.06666666666667,61,foul,C. Gillespie personal FOUL (2 PF),[],Gillespie,8,2,,False,False,1631221,,rebound,3pt missed,1626162.0,,,1626162|1626164|1626220|1628415|1630178|1631109|1631221|1631230|1642845|203083,1626164|1626220|1628415|1631109|1631221,1626162|1630178|1631230|1642845|203083,,,1610612756.0,22500613
1,PT07M42.00S,07:42,Q1 07:42,42.3,63,3pt,MISS V. Edgecombe 26' 3PT,[],Edgecombe,8,2,Missed,True,False,1642845,,foul,rebound,,,,1626162|1626164|1626220|1628415|1630178|1631109|1631221|1631230|1642845|203083,1626162|1630178|1631230|1642845|203083,1626164|1626220|1628415|1631109|1631221,9.0,269.0,1610612755.0,22500613
1,PT07M39.00S,07:39,Q1 07:39,42.35,64,rebound,C. Gillespie REBOUND (Off:0 Def:1),[],Gillespie,8,2,,False,False,1631221,,3pt missed,2pt made,,,,1626162|1626164|1626220|1628415|1630178|1631109|1631221|1631230|1642845|203083,1626164|1626220|1628415|1631109|1631221,1626162|1630178|1631230|1642845|203083,,,1610612756.0,22500613
1,PT07M32.00S,07:32,Q1 07:32,42.46666666666667,65,2pt,D. Brooks 16' step back Jump Shot (2 PTS),[],Brooks,8,4,Made,True,False,1628415,,rebound,turnover,,,,1626162|1626164|1626220|1628415|1630178|1631109|1631221|1631230|1642845|203083,1626164|1626220|1628415|1631109|1631221,1626162|1630178|1631230|1642845|203083,-115.0,121.0,1610612756.0,22500613
1,PT07M21.00S,07:21,Q1 07:21,42.65,67,turnover,T. Maxey lost ball TURNOVER (1 TO),[],Maxey,8,4,,False,False,1630178,,2pt made,steal,,1626164.0,,1626162|1626164|1626220|1628415|1630178|1631109|1631221|1631230|1642845|203083,1626162|1630178|1631230|1642845|203083,1626164|1626220|1628415|1631109|1631221,,,1610612755.0,22500613
1,PT07M21.00S,07:21,Q1 07:21,42.65,68,steal,D. Booker STEAL (1 STL),[],Booker,8,4,,False,False,1626164,,turnover,2pt made,,,,1626162|1626164|1626220|1628415|1630178|1631109|1631221|1631230|1642845|203083,1626164|1626220|1628415|1631109|1631221,1626162|1630178|1631230|1642845|203083,,,1610612756.0,22500613
1,PT07M19.00S,07:19,Q1 07:19,42.68333333333333,69,2pt,D. Booker running DUNK (4 PTS),"['pointsinthepaint', 'fromturnover', 'fastbreak']",Booker,8,6,Made,True,False,1626164,,steal,3pt missed,,,,1626162|1626164|1626220|1628415|1630178|1631109|1631221|1631230|1642845|203083,1626164|1626220|1628415|1631109|1631221,1626162|1630178|1631230|1642845|203083,-6.0,8.0,1610612756.0,22500613
1,PT06M56.00S,06:56,Q1 06:56,41.06666666666667,70,3pt,MISS K. Oubre Jr. 3PT,[],Oubre Jr.,8,6,Missed,True,False,1626162,,2pt made,rebound,,,,1626162|1626164|1626220|1628415|1630178|1631109|1631221|1631230|1642845|203083,1626162|1630178|1631230|1642845|203083,1626164|1626220|1628415|1631109|1631221,-230.0,-1.0,1610612755.0,22500613
1,PT06M55.00S,06:55,Q1 06:55,41.083333333333336,71,rebound,TEAM offensive REBOUND,['team'],,8,6,,False,False,0,,3pt missed,timeout,,,,1626162|1626164|1626220|1628415|1630178|1631109|1631221|1631230|1642845|203083,1626162|1630178|1631230|1642845|203083,1626164|1626220|1628415|1631109|1631221,,,1610612755.0,22500613
1,PT06M55.00S,06:55,Q1 06:55,41.083333333333336,73,timeout,PHI Timeout,"['team', 'mandatory']",,8,6,,False,False,0,,rebound,substitution,,,,1626162|1626164|1626220|1628415|1630178|1631109|1631221|1631230|1642845|203083,1626162|1630178|1631230|1642845|203083,1626164|1626220|1628415|1631109|1631221,,,1610612755.0,22500613
1,PT06M55.00S,06:55,Q1 06:55,41.083333333333336,74,substitution,SUB out: C. Gillespie,[],Gillespie,8,6,,False,False,1631221,,timeout,substitution,,,,1626162|1626164|1626220|1628415|1630178|1631109|1631230|1642845|203083,1626164|1626220|1628415|1631109,1626162|1630178|1631230|1642845|203083,,,1610612756.0,22500613
1,PT06M55.00S,06:55,Q1 06:55,41.083333333333336,75,substitution,SUB out: M. Williams,[],Williams,8,6,,False,False,1631109,,substitution,substitution,,,,1626162|1626164|1626220|1628415|1630178|1631230|1642845|203083,1626164|1626220|1628415,1626162|1630178|1631230|1642845|203083,,,1610612756.0,22500613
1,PT06M55.00S,06:55,Q1 06:55,41.083333333333336,76,substitution,SUB in: G. Allen,[],Allen,8,6,,False,False,1628960,,substitution,substitution,,,,1626162|1626164|1626220|1628415|1628960|1630178|1631230|1642845|203083,1626164|1626220|1628415|1628960,1626162|1630178|1631230|1642845|203083,,,1610612756.0,22500613
1,PT06M55.00S,06:55,Q1 06:55,41.083333333333336,77,substitution,SUB in: O. Ighodaro,[],Ighodaro,8,6,,False,False,1642345,,substitution,turnover,,,,1626162|1626164|1626220|1628415|1628960|1630178|1631230|1642345|1642845|203083,1626164|1626220|1628415|1628960|1642345,1626162|1630178|1631230|1642845|203083,,,1610612756.0,22500613
1,PT06M51.00S,06:51,Q1 06:51,41.15,78,turnover,K. Oubre Jr. bad pass TURNOVER (1 TO),[],Oubre Jr.,8,6,,False,False,1626162,,substitution,steal,,1628415.0,,1626162|1626164|1626220|1628415|1628960|1630178|1631230|1642345|1642845|203083,1626162|1630178|1631230|1642845|203083,1626164|1626220|1628415|1628960|1642345,,,1610612755.0,22500613
1,PT06M51.00S,06:51,Q1 06:51,41.15,79,steal,D. Brooks STEAL (1 STL),[],Brooks,8,6,,False,False,1628415,,turnover,3pt missed,,,,1626162|1626164|1626220|1628415|1628960|1630178|1631230|1642345|1642845|203083,1626164|1626220|1628415|1628960|1642345,1626162|1630178|1631230|1642845|203083,,,1610612756.0,22500613
1,PT06M30.00S,06:30,Q1 06:30,41.5,80,3pt,MISS G. Allen 26' pullup 3PT,['fromturnover'],Allen,8,6,Missed,True,False,1628960,,steal,rebound,,,,1626162|1626164|1626220|1628415|1628960|1630178|1631230|1642345|1642845|203083,1626164|1626220|1628415|1628960|1642345,1626162|1630178|1631230|1642845|203083,-92.0,252.0,1610612756.0,22500613
1,PT06M28.00S,06:28,Q1 06:28,41.53333333333333,81,rebound,TEAM offensive REBOUND,['team'],,8,6,,False,False,0,,3pt missed,turnover,,,,1626162|1626164|1626220|1628415|1628960|1630178|1631230|1642345|1642845|203083,1626164|1626220|1628415|1628960|1642345,1626162|1630178|1631230|1642845|203083,,,1610612756.0,22500613
1,PT06M22.00S,06:22,Q1 06:22,41.63333333333333,83,turnover,D. Booker lost ball TURNOVER (1 TO),[],Booker,8,6,,False,False,1626164,,rebound,steal,,1626162.0,,1626162|1626164|1626220|1628415|1628960|1630178|1631230|1642345|1642845|203083,1626164|1626220|1628415|1628960|1642345,1626162|1630178|1631230|1642845|203083,,,1610612756.0,22500613
1,PT06M22.00S,06:22,Q1 06:22,41.63333333333333,84,steal,K. Oubre Jr. STEAL (2 STL),[],Oubre Jr.,8,6,,False,False,1626162,,turnover,2pt missed,,,,1626162|1626164|1626220|1628415|1628960|1630178|1631230|1642345|1642845|203083,1626162|1630178|1631230|1642845|203083,1626164|1626220|1628415|1628960|1642345,,,1610612755.0,22500613
1,PT06M08.00S,06:08,Q1 06:08,41.86666666666667,85,2pt,MISS T. Maxey 17' turnaround fadeaway Shot,['fromturnover'],Maxey,8,6,Missed,True,False,1630178,,steal,rebound,,,,1626162|1626164|1626220|1628415|1628960|1630178|1631230|1642345|1642845|203083,1626162|1630178|1631230|1642845|203083,1626164|1626220|1628415|1628960|1642345,33.0,176.0,1610612755.0,22500613
1,PT06M05.00S,06:05,Q1 06:05,41.916666666666664,86,rebound,A. Drummond REBOUND (Off:2 Def:2),[],Drummond,8,6,,False,False,203083,,2pt missed,3pt made,,,,1626162|1626164|1626220|1628415|1628960|1630178|1631230|1642345|1642845|203083,1626162|1630178|1631230|1642845|203083,1626164|1626220|1628415|1628960|1642345,,,1610612755.0,22500613
1,PT06M01.00S,06:01,Q1 06:01,41.983333333333334,87,3pt,K. Oubre Jr. 24' 3PT  (5 PTS) (A. Drummond 1 AST),"['fromturnover', '2ndchance']",Oubre Jr.,11,6,Made,True,True,1626162,203083.0,rebound,substitution,,,,1626162|1626164|1626220|1628415|1628960|1630178|1631230|1642345|1642845|203083,1626162|1630178|1631230|1642845|203083,1626164|1626220|1628415|1628960|1642345,244.0,46.0,1610612755.0,22500613
1,PT05M49.00S,05:49,Q1 05:49,40.18333333333333,90,substitution,SUB out: A. Drummond,[],Drummond,11,6,,False,False,203083,,3pt made,substitution,,,,1626162|1626164|1626220|1628415|1628960|1630178|1631230|1642345|1642845,1626162|1630178|1631230|1642845,1626164|1626220|1628415|1628960|1642345,,,1610612755.0,22500613
1,PT05M49.00S,05:49,Q1 05:49,40.18333333333333,91,substitution,SUB out: R. O'Neale,[],O'Neale,11,6,,False,False,1626220,,substitution,substitution,,,,1626162|1626164|1628415|1628960|1630178|1631230|1642345|1642845,1626164|1628415|1628960|1642345,1626162|1630178|1631230|1642845,,,1610612756.0,22500613
1,PT05M49.00S,05:49,Q1 05:49,40.18333333333333,92,substitution,SUB in: A. Bona,[],Bona,11,6,,False,False,1641737,,substitution,substitution,,,,1626162|1626164|1628415|1628960|1630178|1631230|1641737|1642345|1642845,1626162|1630178|1631230|1641737|1642845,1626164|1628415|1628960|1642345,,,1610612755.0,22500613
1,PT05M49.00S,05:49,Q1 05:49,40.18333333333333,93,substitution,SUB in: J. Green,[],Green,11,6,,False,False,1630224,,substitution,2pt made,,,,1626162|1626164|1628415|1628960|1630178|1630224|1631230|1641737|1642345|1642845,1626164|1628415|1628960|1630224|1642345,1626162|1630178|1631230|1641737|1642845,,,1610612756.0,22500613
1,PT05M46.00S,05:46,Q1 05:46,40.233333333333334,94,2pt,D. Booker 9' driving floating Jump Shot (6 PTS) (G. Allen 1 AST),[],Booker,11,8,Made,True,True,1626164,1628960.0,substitution,foul,,,,1626162|1626164|1628415|1628960|1630178|1630224|1631230|1641737|1642345|1642845,1626164|1628415|1628960|1630224|1642345,1626162|1630178|1631230|1641737|1642845,98.0,13.0,1610612756.0,22500613
1,PT05M46.00S,05:46,Q1 05:46,40.233333333333334,96,foul,D. Barlow shooting personal FOUL (2 PF) (Booker 1 FT),['1freethrow'],Barlow,11,8,,False,False,1631230,,2pt made,freethrow,1626164.0,,,1626162|1626164|1628415|1628960|1630178|1630224|1631230|1641737|1642345|1642845,1626162|1630178|1631230|1641737|1642845,1626164|1628415|1628960|1630224|1642345,,,1610612755.0,22500613
1,PT05M46.00S,05:46,Q1 05:46,40.233333333333334,98,freethrow,D. Booker Free Throw 1 of 1 (7 PTS),[],Booker,11,9,Made,False,False,1626164,,foul,2pt made,,,,1626162|1626164|1628415|1628960|1630178|1630224|1631230|1641737|1642345|1642845,1626164|1628415|1628960|1630224|1642345,1626162|1630178|1631230|1641737|1642845,,,1610612756.0,22500613
1,PT05M32.00S,05:32,Q1 05:32,40.46666666666667,99,2pt,V. Edgecombe 18' turnaround fadeaway Jump Shot (6 PTS),[],Edgecombe,13,9,Made,True,False,1642845,,freethrow,foul,,,,1626162|1626164|1628415|1628960|1630178|1630224|1631230|1641737|1642345|1642845,1626162|1630178|1631230|1641737|1642845,1626164|1628415|1628960|1630224|1642345,-61.0,178.0,1610612755.0,22500613
1,PT05M16.00S,05:16,Q1 05:16,40.733333333333334,100,foul,K. Oubre Jr. personal FOUL (1 PF) (Green 2 FT),"['inpenalty', '2freethrow']",Oubre Jr.,13,9,,False,False,1626162,,2pt made,freethrow,1630224.0,,,1626162|1626164|1628415|1628960|1630178|1630224|1631230|1641737|1642345|1642845,1626162|1630178|1631230|1641737|1642845,1626164|1628415|1628960|1630224|1642345,,,1610612755.0,22500613
1,PT05M16.00S,05:16,Q1 05:16,40.733333333333334,103,freethrow,J. Green Free Throw 1 of 2 (1 PTS),[],Green,13,10,Made,False,False,1630224,,foul,freethrow,,,,1626162|1626164|1628415|1628960|1630178|1630224|1631230|1641737|1642345|1642845,1626164|1628415|1628960|1630224|1642345,1626162|1630178|1631230|1641737|1642845,,,1610612756.0,22500613
1,PT05M16.00S,05:16,Q1 05:16,40.733333333333334,108,freethrow,J. Green Free Throw 2 of 2 (2 PTS),[],Green,13,11,Made,False,False,1630224,,freethrow,substitution,,,,1626162|1626164|1628415|1628960|1630178|1630224|1631230|1641737|1642345|1642845,1626164|1628415|1628960|1630224|1642345,1626162|1630178|1631230|1641737|1642845,,,1610612756.0,22500613
1,PT05M16.00S,05:16,Q1 05:16,40.733333333333334,104,substitution,SUB out: K. Oubre Jr.,[],Oubre Jr.,13,10,,False,False,1626162,,freethrow,substitution,,,,1626164|1628415|1628960|1630178|1630224|1631230|1641737|1642345|1642845,1630178|1631230|1641737|1642845,1626164|1628415|1628960|1630224|1642345,,,1610612755.0,22500613
1,PT05M16.00S,05:16,Q1 05:16,40.733333333333334,105,substitution,SUB out: D. Barlow,[],Barlow,13,10,,False,False,1631230,,substitution,substitution,,,,1626164|1628415|1628960|1630178|1630224|1641737|1642345|1642845,1630178|1641737|1642845,1626164|1628415|1628960|1630224|1642345,,,1610612755.0,22500613
1,PT05M16.00S,05:16,Q1 05:16,40.733333333333334,106,substitution,SUB in: J. Walker,[],Walker,13,10,,False,False,1631133,,substitution,substitution,,,,1626164|1628415|1628960|1630178|1630224|1631133|1641737|1642345|1642845,1630178|1631133|1641737|1642845,1626164|1628415|1628960|1630224|1642345,,,1610612755.0,22500613
1,PT05M16.00S,05:16,Q1 05:16,40.733333333333334,107,substitution,SUB in: Q. Grimes,[],Grimes,13,10,,False,False,1629656,,substitution,2pt made,,,,1626164|1628415|1628960|1629656|1630178|1630224|1631133|1641737|1642345|1642845,1629656|1630178|1631133|1641737|1642845,1626164|1628415|1628960|1630224|1642345,,,1610612755.0,22500613
1,PT05M00.00S,05:00,Q1 05:00,41.0,109,2pt,V. Edgecombe 18' fadeaway Jump Shot (8 PTS),[],Edgecombe,15,11,Made,True,False,1642845,,substitution,foul,,,,1626164|1628415|1628960|1629656|1630178|1630224|1631133|1641737|1642345|1642845,1629656|1630178|1631133|1641737|1642845,1626164|1628415|1628960|1630224|1642345,109.0,143.0,1610612755.0,22500613
1,PT04M49.00S,04:49,Q1 04:49,39.18333333333333,110,foul,T. Maxey shooting personal FOUL (1 PF) (Allen 2 FT),"['inpenalty', '2freethrow']",Maxey,15,11,,False,False,1630178,,2pt made,freethrow,1628960.0,,,1626164|1628415|1628960|1629656|1630178|1630224|1631133|1641737|1642345|1642845,1629656|1630178|1631133|1641737|1642845,1626164|1628415|1628960|1630224|1642345,,,1610612755.0,22500613
1,PT04M49.00S,04:49,Q1 04:49,39.18333333333333,112,freethrow,G. Allen Free Throw 1 of 2 (1 PTS),[],Allen,15,12,Made,False,False,1628960,,foul,freethrow,,,,1626164|1628415|1628960|1629656|1630178|1630224|1631133|1641737|1642345|1642845,1626164|1628415|1628960|1630224|1642345,1629656|1630178|1631133|1641737|1642845,,,1610612756.0,22500613
1,PT04M49.00S,04:49,Q1 04:49,39.18333333333333,113,freethrow,G. Allen Free Throw 2 of 2 (2 PTS),[],Allen,15,13,Made,False,False,1628960,,freethrow,2pt made,,,,1626164|1628415|1628960|1629656|1630178|1630224|1631133|1641737|1642345|1642845,1626164|1628415|1628960|1630224|1642345,1629656|1630178|1631133|1641737|1642845,,,1610612756.0,22500613
1,PT04M31.00S,04:31,Q1 04:31,39.483333333333334,114,2pt,V. Edgecombe 14' fadeaway Jump Shot (10 PTS),[],Edgecombe,17,13,Made,True,False,1642845,,freethrow,2pt made,,,,1626164|1628415|1628960|1629656|1630178|1630224|1631133|1641737|1642345|1642845,1629656|1630178|1631133|1641737|1642845,1626164|1628415|1628960|1630224|1642345,141.0,26.0,1610612755.0,22500613
1,PT04M19.00S,04:19,Q1 04:19,39.68333333333333,115,2pt,O. Ighodaro Layup (2 PTS) (J. Green 1 AST),['pointsinthepaint'],Ighodaro,17,15,Made,True,True,1642345,1630224.0,2pt made,2pt missed,,,,1626164|1628415|1628960|1629656|1630178|1630224|1631133|1641737|1642345|1642845,1626164|1628415|1628960|1630224|1642345,1629656|1630178|1631133|1641737|1642845,39.0,5.0,1610612756.0,22500613
1,PT03M55.00S,03:55,Q1 03:55,38.083333333333336,117,2pt,MISS T. Maxey 10' driving floating Shot,['pointsinthepaint'],Maxey,17,15,Missed,True,False,1630178,,2pt made,rebound,,,,1626164|1628415|1628960|1629656|1630178|1630224|1631133|1641737|1642345|1642845,1629656|1630178|1631133|1641737|1642845,1626164|1628415|1628960|1630224|1642345,5.0,105.0,1610612755.0,22500613
1,PT03M53.00S,03:53,Q1 03:53,38.11666666666667,118,rebound,A. Bona REBOUND (Off:1 Def:0),[],Bona,17,15,,False,False,1641737,,2pt missed,foul,,,,1626164|1628415|1628960|1629656|1630178|1630224|1631133|1641737|1642345|1642845,1629656|1630178|1631133|1641737|1642845,1626164|1628415|1628960|1630224|1642345,,,1610612755.0,22500613
1,PT03M53.00S,03:53,Q1 03:53,38.11666666666667,119,foul,G. Allen shooting personal FOUL (1 PF) (Bona 2 FT),['2freethrow'],Allen,17,15,,False,False,1628960,,rebound,freethrow,1641737.0,,,1626164|1628415|1628960|1629656|1630178|1630224|1631133|1641737|1642345|1642845,1626164|1628415|1628960|1630224|1642345,1629656|1630178|1631133|1641737|1642845,,,1610612756.0,22500613
1,PT03M53.00S,03:53,Q1 03:53,38.11666666666667,121,freethrow,A. Bona Free Throw 1 of 2 (1 PTS),['2ndchance'],Bona,18,15,Made,False,False,1641737,,foul,freethrow,,,,1626164|1628415|1628960|1629656|1630178|1630224|1631133|1641737|1642345|1642845,1629656|1630178|1631133|1641737|1642845,1626164|1628415|1628960|1630224|1642345,,,1610612755.0,22500613
1,PT03M53.00S,03:53,Q1 03:53,38.11666666666667,126,freethrow,A. Bona Free Throw 2 of 2 (2 PTS),['2ndchance'],Bona,19,15,Made,False,False,1641737,,freethrow,substitution,,,,1626164|1628415|1628960|1629656|1630178|1630224|1631133|1641737|1642345|1642845,1629656|1630178|1631133|1641737|1642845,1626164|1628415|1628960|1630224|1642345,,,1610612755.0,22500613
1,PT03M53.00S,03:53,Q1 03:53,38.11666666666667,122,substitution,SUB out: T. Maxey,[],Maxey,18,15,,False,False,1630178,,freethrow,substitution,,,,1626164|1628415|1628960|1629656|1630224|1631133|1641737|1642345|1642845,1629656|1631133|1641737|1642845,1626164|1628415|1628960|1630224|1642345,,,1610612755.0,22500613
1,PT03M53.00S,03:53,Q1 03:53,38.11666666666667,123,substitution,SUB out: D. Brooks,[],Brooks,18,15,,False,False,1628415,,substitution,substitution,,,,1626164|1628960|1629656|1630224|1631133|1641737|1642345|1642845,1626164|1628960|1630224|1642345,1629656|1631133|1641737|1642845,,,1610612756.0,22500613
1,PT03M53.00S,03:53,Q1 03:53,38.11666666666667,124,substitution,SUB in: K. Oubre Jr.,[],Oubre Jr.,18,15,,False,False,1626162,,substitution,substitution,,,,1626162|1626164|1628960|1629656|1630224|1631133|1641737|1642345|1642845,1626162|1629656|1631133|1641737|1642845,1626164|1628960|1630224|1642345,,,1610612755.0,22500613
1,PT03M53.00S,03:53,Q1 03:53,38.11666666666667,125,substitution,SUB in: J. Goodwin,[],Goodwin,18,15,,False,False,1630692,,substitution,2pt made,,,,1626162|1626164|1628960|1629656|1630224|1630692|1631133|1641737|1642345|1642845,1626164|1628960|1630224|1630692|1642345,1626162|1629656|1631133|1641737|1642845,,,1610612756.0,22500613
1,PT03M41.00S,03:41,Q1 03:41,38.31666666666667,127,2pt,O. Ighodaro cutting DUNK (4 PTS) (D. Booker 1 AST),['pointsinthepaint'],Ighodaro,19,17,Made,True,True,1642345,1626164.0,substitution,3pt made,,,,1626162|1626164|1628960|1629656|1630224|1630692|1631133|1641737|1642345|1642845,1626164|1628960|1630224|1630692|1642345,1626162|1629656|1631133|1641737|1642845,-6.0,21.0,1610612756.0,22500613
1,PT03M21.00S,03:21,Q1 03:21,38.65,129,3pt,K. Oubre Jr. 25' 3PT  (8 PTS) (Q. Grimes 1 AST),[],Oubre Jr.,22,17,Made,True,True,1626162,1629656.0,2pt made,foul,,,,1626162|1626164|1628960|1629656|1630224|1630692|1631133|1641737|1642345|1642845,1626162|1629656|1631133|1641737|1642845,1626164|1628960|1630224|1630692|1642345,18.0,258.0,1610612755.0,22500613
1,PT03M09.00S,03:09,Q1 03:09,38.85,131,foul,J. Walker personal FOUL (1 PF) (Booker 2 FT),"['inpenalty', '2freethrow']",Walker,22,17,,False,False,1631133,,3pt made,freethrow,1626164.0,,,1626162|1626164|1628960|1629656|1630224|1630692|1631133|1641737|1642345|1642845,1626162|1629656|1631133|1641737|1642845,1626164|1628960|1630224|1630692|1642345,,,1610612755.0,22500613
1,PT03M09.00S,03:09,Q1 03:09,38.85,133,freethrow,D. Booker Free Throw 1 of 2 (8 PTS),[],Booker,22,18,Made,False,False,1626164,,foul,freethrow,,,,1626162|1626164|1628960|1629656|1630224|1630692|1631133|1641737|1642345|1642845,1626164|1628960|1630224|1630692|1642345,1626162|1629656|1631133|1641737|1642845,,,1610612756.0,22500613
1,PT03M09.00S,03:09,Q1 03:09,38.85,134,freethrow,D. Booker Free Throw 2 of 2 (9 PTS),[],Booker,22,19,Made,False,False,1626164,,freethrow,timeout,,,,1626162|1626164|1628960|1629656|1630224|1630692|1631133|1641737|1642345|1642845,1626164|1628960|1630224|1630692|1642345,1626162|1629656|1631133|1641737|1642845,,,1610612756.0,22500613
1,PT02M51.00S,02:51,Q1 02:51,37.15,136,timeout,PHX Timeout,"['team', 'mandatory']",,22,19,,False,False,0,,freethrow,substitution,,,,1626162|1626164|1628960|1629656|1630224|1630692|1631133|1641737|1642345|1642845,1626164|1628960|1630224|1630692|1642345,1626162|1629656|1631133|1641737|1642845,,,1610612756.0,22500613
1,PT02M51.00S,02:51,Q1 02:51,37.15,137,substitution,SUB out: D. Booker,[],Booker,22,19,,False,False,1626164,,timeout,substitution,,,,1626162|1628960|1629656|1630224|1630692|1631133|1641737|1642345|1642845,1628960|1630224|1630692|1642345,1626162|1629656|1631133|1641737|1642845,,,1610612756.0,22500613
1,PT02M51.00S,02:51,Q1 02:51,37.15,138,substitution,SUB in: C. Gillespie,[],Gillespie,22,19,,False,False,1631221,,substitution,3pt missed,,,,1626162|1628960|1629656|1630224|1630692|1631133|1631221|1641737|1642345|1642845,1628960|1630224|1630692|1631221|1642345,1626162|1629656|1631133|1641737|1642845,,,1610612756.0,22500613
1,PT02M45.00S,02:45,Q1 02:45,37.25,139,3pt,MISS V. Edgecombe 27' pullup 3PT,[],Edgecombe,22,19,Missed,True,False,1642845,,substitution,rebound,,,,1626162|1628960|1629656|1630224|1630692|1631133|1631221|1641737|1642345|1642845,1626162|1629656|1631133|1641737|1642845,1628960|1630224|1630692|1631221|1642345,-74.0,269.0,1610612755.0,22500613
1,PT02M43.00S,02:43,Q1 02:43,37.28333333333333,140,rebound,TEAM defensive REBOUND,['team'],,22,19,,False,False,0,,3pt missed,foul,,,,1626162|1628960|1629656|1630224|1630692|1631133|1631221|1641737|1642345|1642845,1628960|1630224|1630692|1631221|1642345,1626162|1629656|1631133|1641737|1642845,,,1610612756.0,22500613
1,PT02M42.00S,02:42,Q1 02:42,37.3,141,foul,J. Walker loose ball personal FOUL (2 PF) (Goodwin 2 FT),"['inpenalty', '2freethrow']",Walker,22,19,,False,False,1631133,,rebound,freethrow,1630692.0,,,1626162|1628960|1629656|1630224|1630692|1631133|1631221|1641737|1642345|1642845,1626162|1629656|1631133|1641737|1642845,1628960|1630224|1630692|1631221|1642345,,,1610612755.0,22500613
1,PT02M42.00S,02:42,Q1 02:42,37.3,143,freethrow,J. Goodwin Free Throw 1 of 2 (1 PTS),[],Goodwin,22,20,Made,False,False,1630692,,foul,freethrow,,,,1626162|1628960|1629656|1630224|1630692|1631133|1631221|1641737|1642345|1642845,1628960|1630224|1630692|1631221|1642345,1626162|1629656|1631133|1641737|1642845,,,1610612756.0,22500613
1,PT02M42.00S,02:42,Q1 02:42,37.3,144,freethrow,J. Goodwin Free Throw 2 of 2 (2 PTS),[],Goodwin,22,21,Made,False,False,1630692,,freethrow,timeout,,,,1626162|1628960|1629656|1630224|1630692|1631133|1631221|1641737|1642345|1642845,1628960|1630224|1630692|1631221|1642345,1626162|1629656|1631133|1641737|1642845,,,1610612756.0,22500613
1,PT02M28.00S,02:28,Q1 02:28,37.53333333333333,147,timeout,PHX Timeout,['team'],,22,21,,False,False,0,,freethrow,turnover,,,,1626162|1628960|1629656|1630224|1630692|1631133|1631221|1641737|1642345|1642845,1628960|1630224|1630692|1631221|1642345,1626162|1629656|1631133|1641737|1642845,,,1610612756.0,22500613
1,PT02M28.00S,02:28,Q1 02:28,37.53333333333333,149,turnover,Q. Grimes bad pass out-of-bounds TURNOVER (1 TO),[],Grimes,22,21,,False,False,1629656,,timeout,substitution,,,,1626162|1628960|1629656|1630224|1630692|1631133|1631221|1641737|1642345|1642845,1626162|1629656|1631133|1641737|1642845,1628960|1630224|1630692|1631221|1642345,,,1610612755.0,22500613
1,PT02M28.00S,02:28,Q1 02:28,37.53333333333333,150,substitution,SUB out: J. Walker,[],Walker,22,21,,False,False,1631133,,turnover,substitution,,,,1626162|1628960|1629656|1630224|1630692|1631221|1641737|1642345|1642845,1626162|1629656|1641737|1642845,1628960|1630224|1630692|1631221|1642345,,,1610612755.0,22500613
1,PT02M28.00S,02:28,Q1 02:28,37.53333333333333,151,substitution,SUB out: V. Edgecombe,[],Edgecombe,22,21,,False,False,1642845,,substitution,substitution,,,,1626162|1628960|1629656|1630224|1630692|1631221|1641737|1642345,1626162|1629656|1641737,1628960|1630224|1630692|1631221|1642345,,,1610612755.0,22500613
1,PT02M28.00S,02:28,Q1 02:28,37.53333333333333,152,substitution,SUB in: T. Maxey,[],Maxey,22,21,,False,False,1630178,,substitution,substitution,,,,1626162|1628960|1629656|1630178|1630224|1630692|1631221|1641737|1642345,1626162|1629656|1630178|1641737,1628960|1630224|1630692|1631221|1642345,,,1610612755.0,22500613
1,PT02M28.00S,02:28,Q1 02:28,37.53333333333333,153,substitution,SUB in: A. Drummond,[],Drummond,22,21,,False,False,203083,,substitution,substitution,,,,1626162|1628960|1629656|1630178|1630224|1630692|1631221|1641737|1642345|203083,1626162|1629656|1630178|1641737|203083,1628960|1630224|1630692|1631221|1642345,,,1610612755.0,22500613
1,PT02M28.00S,02:28,Q1 02:28,37.53333333333333,158,substitution,SUB out: A. Bona,[],Bona,22,21,,False,False,1641737,,substitution,substitution,,,,1626162|1628960|1629656|1630178|1630224|1630692|1631221|1642345|203083,1626162|1629656|1630178|203083,1628960|1630224|1630692|1631221|1642345,,,1610612755.0,22500613
1,PT02M28.00S,02:28,Q1 02:28,37.53333333333333,159,substitution,SUB in: J. Edwards,[],Edwards,22,21,,False,False,1642348,,substitution,2pt missed,,,,1626162|1628960|1629656|1630178|1630224|1630692|1631221|1642345|1642348|203083,1626162|1629656|1630178|1642348|203083,1628960|1630224|1630692|1631221|1642345,,,1610612755.0,22500613
1,PT02M11.00S,02:11,Q1 02:11,37.81666666666667,154,2pt,MISS J. Green 20' pullup Shot,['fromturnover'],Green,22,21,Missed,True,False,1630224,,substitution,rebound,,,,1626162|1628960|1629656|1630178|1630224|1630692|1631221|1642345|1642348|203083,1628960|1630224|1630692|1631221|1642345,1626162|1629656|1630178|1642348|203083,-146.0,147.0,1610612756.0,22500613
1,PT02M09.00S,02:09,Q1 02:09,37.85,155,rebound,Q. Grimes REBOUND (Off:0 Def:1),[],Grimes,22,21,,False,False,1629656,,2pt missed,2pt made,,,,1626162|1628960|1629656|1630178|1630224|1630692|1631221|1642345|1642348|203083,1626162|1629656|1630178|1642348|203083,1628960|1630224|1630692|1631221|1642345,,,1610612755.0,22500613
1,PT02M05.00S,02:05,Q1 02:05,37.916666666666664,156,2pt,A. Drummond running Layup (4 PTS) (K. Oubre Jr. 1 AST),"['pointsinthepaint', 'fastbreak']",Drummond,24,21,Made,True,True,203083,1626162.0,rebound,3pt missed,,,,1626162|1628960|1629656|1630178|1630224|1630692|1631221|1642345|1642348|203083,1626162|1629656|1630178|1642348|203083,1628960|1630224|1630692|1631221|1642345,-13.0,9.0,1610612755.0,22500613
1,PT01M51.00S,01:51,Q1 01:51,36.15,160,3pt,MISS G. Allen 30' pullup 3PT,[],Allen,24,21,Missed,True,False,1628960,,2pt made,rebound,,,,1626162|1628960|1629656|1630178|1630224|1630692|1631221|1642345|1642348|203083,1628960|1630224|1630692|1631221|1642345,1626162|1629656|1630178|1642348|203083,-159.0,257.0,1610612756.0,22500613
1,PT01M48.00S,01:48,Q1 01:48,36.2,161,rebound,A. Drummond REBOUND (Off:2 Def:3),[],Drummond,24,21,,False,False,203083,,3pt missed,3pt made,,,,1626162|1628960|1629656|1630178|1630224|1630692|1631221|1642345|1642348|203083,1626162|1629656|1630178|1642348|203083,1628960|1630224|1630692|1631221|1642345,,,1610612755.0,22500613
1,PT01M33.00S,01:33,Q1 01:33,36.45,162,3pt,J. Edwards 3PT  (3 PTS) (T. Maxey 1 AST),[],Edwards,27,21,Made,True,True,1642348,1630178.0,rebound,2pt missed,,,,1626162|1628960|1629656|1630178|1630224|1630692|1631221|1642345|1642348|203083,1626162|1629656|1630178|1642348|203083,1628960|1630224|1630692|1631221|1642345,227.0,73.0,1610612755.0,22500613
1,PT01M23.00S,01:23,Q1 01:23,36.61666666666667,164,2pt,MISS O. Ighodaro 10' floating Shot,['pointsinthepaint'],Ighodaro,27,21,Missed,True,False,1642345,,3pt made,rebound,,,,1626162|1628960|1629656|1630178|1630224|1630692|1631221|1642345|1642348|203083,1628960|1630224|1630692|1631221|1642345,1626162|1629656|1630178|1642348|203083,-5.0,107.0,1610612756.0,22500613
1,PT01M20.00S,01:20,Q1 01:20,36.666666666666664,165,rebound,A. Drummond REBOUND (Off:2 Def:4),[],Drummond,27,21,,False,False,203083,,2pt missed,3pt made,,,,1626162|1628960|1629656|1630178|1630224|1630692|1631221|1642345|1642348|203083,1626162|1629656|1630178|1642348|203083,1628960|1630224|1630692|1631221|1642345,,,1610612755.0,22500613
1,PT01M09.00S,01:09,Q1 01:09,36.85,166,3pt,K. Oubre Jr. 24' 3PT step back (11 PTS),[],Oubre Jr.,30,21,Made,True,False,1626162,,rebound,2pt made,,,,1626162|1628960|1629656|1630178|1630224|1630692|1631221|1642345|1642348|203083,1626162|1629656|1630178|1642348|203083,1628960|1630224|1630692|1631221|1642345,243.0,50.0,1610612755.0,22500613
1,PT00M59.30S,00:59,Q1 00:59,35.016666666666666,167,2pt,O. Ighodaro cutting finger roll Layup (6 PTS) (G. Allen 2 AST),['pointsinthepaint'],Ighodaro,30,23,Made,True,True,1642345,1628960.0,3pt made,3pt missed,,,,1626162|1628960|1629656|1630178|1630224|1630692|1631221|1642345|1642348|203083,1628960|1630224|1630692|1631221|1642345,1626162|1629656|1630178|1642348|203083,18.0,6.0,1610612756.0,22500613
1,PT00M39.40S,00:39,Q1 00:39,35.35,169,3pt,MISS K. Oubre Jr. 27' 3PT,[],Oubre Jr.,30,23,Missed,True,False,1626162,,2pt made,rebound,,,,1626162|1628960|1629656|1630178|1630224|1630692|1631221|1642345|1642348|203083,1626162|1629656|1630178|1642348|203083,1628960|1630224|1630692|1631221|1642345,107.0,250.0,1610612755.0,22500613
1,PT00M36.50S,00:36,Q1 00:36,35.4,170,rebound,J. Green REBOUND (Off:0 Def:1),[],Green,30,23,,False,False,1630224,,3pt missed,2pt made,,,,1626162|1628960|1629656|1630178|1630224|1630692|1631221|1642345|1642348|203083,1628960|1630224|1630692|1631221|1642345,1626162|1629656|1630178|1642348|203083,,,1610612756.0,22500613
1,PT00M26.20S,00:26,Q1 00:26,35.56666666666667,171,2pt,J. Green driving finger roll Layup (4 PTS) (O. Ighodaro 1 AST),['pointsinthepaint'],Green,30,25,Made,True,True,1630224,1642345.0,rebound,3pt missed,,,,1626162|1628960|1629656|1630178|1630224|1630692|1631221|1642345|1642348|203083,1628960|1630224|1630692|1631221|1642345,1626162|1629656|1630178|1642348|203083,12.0,4.0,1610612756.0,22500613
1,PT00M06.00S,00:06,Q1 00:06,35.9,173,3pt,MISS Q. Grimes 28' 3PT,[],Grimes,30,25,Missed,True,False,1629656,,2pt made,rebound,,,,1626162|1628960|1629656|1630178|1630224|1630692|1631221|1642345|1642348|203083,1626162|1629656|1630178|1642348|203083,1628960|1630224|1630692|1631221|1642345,212.0,184.0,1610612755.0,22500613
1,PT00M04.70S,00:04,Q1 00:04,35.93333333333333,174,rebound,C. Gillespie REBOUND (Off:0 Def:2),[],Gillespie,30,25,,False,False,1631221,,3pt missed,2pt made,,,,1626162|1628960|1629656|1630178|1630224|1630692|1631221|1642345|1642348|203083,1628960|1630224|1630692|1631221|1642345,1626162|1629656|1630178|1642348|203083,,,1610612756.0,22500613
1,PT00M00.10S,00:00,Q1 00:00,36.0,175,2pt,J. Goodwin running reverse Layup (4 PTS) (C. Gillespie 1 AST),"['fastbreak', 'pointsinthepaint']",Goodwin,30,27,Made,True,True,1630692,1631221.0,rebound,substitution,,,,1626162|1628960|1629656|1630178|1630224|1630692|1631221|1642345|1642348|203083,1628960|1630224|1630692|1631221|1642345,1626162|1629656|1630178|1642348|203083,9.0,15.0,1610612756.0,22500613
2,PT12M00.00S,12:00,Q2 12:00,36.0,178,substitution,SUB out: K. Oubre Jr.,['startperiod'],Oubre Jr.,30,27,,False,False,1626162,,2pt made,substitution,,,,1628960|1629656|1630178|1630224|1630692|1631221|1642345|1642348|203083,1629656|1630178|1642348|203083,1628960|1630224|1630692|1631221|1642345,,,1610612755.0,22500613
2,PT12M00.00S,12:00,Q2 12:00,36.0,179,substitution,SUB out: J. Green,['startperiod'],Green,30,27,,False,False,1630224,,substitution,substitution,,,,1628960|1629656|1630178|1630692|1631221|1642345|1642348|203083,1628960|1630692|1631221|1642345,1629656|1630178|1642348|203083,,,1610612756.0,22500613
2,PT12M00.00S,12:00,Q2 12:00,36.0,180,substitution,SUB in: D. Barlow,['startperiod'],Barlow,30,27,,False,False,1631230,,substitution,substitution,,,,1628960|1629656|1630178|1630692|1631221|1631230|1642345|1642348|203083,1629656|1630178|1631230|1642348|203083,1628960|1630692|1631221|1642345,,,1610612755.0,22500613
2,PT12M00.00S,12:00,Q2 12:00,36.0,181,substitution,SUB in: R. Dunn,['startperiod'],Dunn,30,27,,False,False,1642346,,substitution,foul,,,,1628960|1629656|1630178|1630692|1631221|1631230|1642345|1642346|1642348|203083,1628960|1630692|1631221|1642345|1642346,1629656|1630178|1631230|1642348|203083,,,1610612756.0,22500613
2,PT11M43.00S,11:43,Q2 11:43,34.28333333333333,183,foul,R. Dunn personal FOUL (1 PF),[],Dunn,30,27,,False,False,1642346,,substitution,2pt made,1629656.0,,,1628960|1629656|1630178|1630692|1631221|1631230|1642345|1642346|1642348|203083,1628960|1630692|1631221|1642345|1642346,1629656|1630178|1631230|1642348|203083,,,1610612756.0,22500613
2,PT11M31.00S,11:31,Q2 11:31,34.483333333333334,185,2pt,J. Edwards 6' driving floating Jump Shot (5 PTS) (Q. Grimes 2 AST),['pointsinthepaint'],Edwards,32,27,Made,True,True,1642348,1629656.0,foul,2pt missed,,,,1628960|1629656|1630178|1630692|1631221|1631230|1642345|1642346|1642348|203083,1629656|1630178|1631230|1642348|203083,1628960|1630692|1631221|1642345|1642346,9.0,69.0,1610612755.0,22500613
2,PT11M15.00S,11:15,Q2 11:15,34.75,187,2pt,MISS G. Allen 15' turnaround fadeaway Shot,['pointsinthepaint'],Allen,32,27,Missed,True,False,1628960,,2pt made,rebound,,,,1628960|1629656|1630178|1630692|1631221|1631230|1642345|1642346|1642348|203083,1628960|1630692|1631221|1642345|1642346,1629656|1630178|1631230|1642348|203083,-77.0,136.0,1610612756.0,22500613
2,PT11M13.00S,11:13,Q2 11:13,34.78333333333333,188,rebound,A. Drummond REBOUND (Off:2 Def:5),[],Drummond,32,27,,False,False,203083,,2pt missed,turnover,,,,1628960|1629656|1630178|1630692|1631221|1631230|1642345|1642346|1642348|203083,1629656|1630178|1631230|1642348|203083,1628960|1630692|1631221|1642345|1642346,,,1610612755.0,22500613
2,PT11M08.00S,11:08,Q2 11:08,34.86666666666667,189,turnover,Q. Grimes step out-of-bounds TURNOVER (2 TO),[],Grimes,32,27,,False,False,1629656,,rebound,3pt missed,,,,1628960|1629656|1630178|1630692|1631221|1631230|1642345|1642346|1642348|203083,1629656|1630178|1631230|1642348|203083,1628960|1630692|1631221|1642345|1642346,,,1610612755.0,22500613
2,PT10M50.00S,10:50,Q2 10:50,33.166666666666664,190,3pt,MISS C. Gillespie 26' 3PT,['fromturnover'],Gillespie,32,27,Missed,True,False,1631221,,turnover,rebound,,,,1628960|1629656|1630178|1630692|1631221|1631230|1642345|1642346|1642348|203083,1628960|1630692|1631221|1642345|1642346,1629656|1630178|1631230|1642348|203083,65.0,256.0,1610612756.0,22500613
2,PT10M45.00S,10:45,Q2 10:45,33.25,191,rebound,J. Goodwin REBOUND (Off:1 Def:0),[],Goodwin,32,27,,False,False,1630692,,3pt missed,2pt made,,,,1628960|1629656|1630178|1630692|1631221|1631230|1642345|1642346|1642348|203083,1628960|1630692|1631221|1642345|1642346,1629656|1630178|1631230|1642348|203083,,,1610612756.0,22500613
2,PT10M45.00S,10:45,Q2 10:45,33.25,192,2pt,J. Goodwin putback Layup (6 PTS),"['pointsinthepaint', 'fromturnover', '2ndchance']",Goodwin,32,29,Made,True,False,1630692,,rebound,foul,,,,1628960|1629656|1630178|1630692|1631221|1631230|1642345|1642346|1642348|203083,1628960|1630692|1631221|1642345|1642346,1629656|1630178|1631230|1642348|203083,-13.0,12.0,1610612756.0,22500613
2,PT10M30.00S,10:30,Q2 10:30,33.5,193,foul,R. Dunn shooting personal FOUL (2 PF) (Barlow 2 FT),['2freethrow'],Dunn,32,29,,False,False,1642346,,2pt made,freethrow,1631230.0,,,1628960|1629656|1630178|1630692|1631221|1631230|1642345|1642346|1642348|203083,1628960|1630692|1631221|1642345|1642346,1629656|1630178|1631230|1642348|203083,,,1610612756.0,22500613
2,PT10M30.00S,10:30,Q2 10:30,33.5,195,freethrow,D. Barlow Free Throw 1 of 2 (1 PTS),[],Barlow,33,29,Made,False,False,1631230,,foul,freethrow,,,,1628960|1629656|1630178|1630692|1631221|1631230|1642345|1642346|1642348|203083,1629656|1630178|1631230|1642348|203083,1628960|1630692|1631221|1642345|1642346,,,1610612755.0,22500613
2,PT10M30.00S,10:30,Q2 10:30,33.5,197,freethrow,D. Barlow Free Throw 2 of 2 (2 PTS),[],Barlow,34,29,Made,False,False,1631230,,freethrow,foul,,,,1628960|1629656|1630178|1630692|1631221|1631230|1642345|1642346|1642348|203083,1629656|1630178|1631230|1642348|203083,1628960|1630692|1631221|1642345|1642346,,,1610612755.0,22500613
2,PT10M20.00S,10:20,Q2 10:20,33.666666666666664,198,foul,O. Ighodaro offensive FOUL (1 PF),[],Ighodaro,34,29,,False,False,1642345,,freethrow,turnover,1629656.0,,,1628960|1629656|1630178|1630692|1631221|1631230|1642345|1642346|1642348|203083,1628960|1630692|1631221|1642345|1642346,1629656|1630178|1631230|1642348|203083,,,1610612756.0,22500613
2,PT10M20.00S,10:20,Q2 10:20,33.666666666666664,200,turnover,O. Ighodaro offensive foul TURNOVER (1 TO),[],Ighodaro,34,29,,False,False,1642345,,foul,2pt missed,,,,1628960|1629656|1630178|1630692|1631221|1631230|1642345|1642346|1642348|203083,1628960|1630692|1631221|1642345|1642346,1629656|1630178|1631230|1642348|203083,,,1610612756.0,22500613
2,PT10M06.00S,10:06,Q2 10:06,33.9,201,2pt,MISS A. Drummond alley-oop DUNK,"['pointsinthepaint', 'fromturnover']",Drummond,34,29,Missed,True,False,203083,,turnover,rebound,,,,1628960|1629656|1630178|1630692|1631221|1631230|1642345|1642346|1642348|203083,1629656|1630178|1631230|1642348|203083,1628960|1630692|1631221|1642345|1642346,6.0,10.0,1610612755.0,22500613
2,PT10M05.00S,10:05,Q2 10:05,33.916666666666664,202,rebound,O. Ighodaro REBOUND (Off:0 Def:1),[],Ighodaro,34,29,,False,False,1642345,,2pt missed,3pt made,,,,1628960|1629656|1630178|1630692|1631221|1631230|1642345|1642346|1642348|203083,1628960|1630692|1631221|1642345|1642346,1629656|1630178|1631230|1642348|203083,,,1610612756.0,22500613
2,PT09M55.00S,09:55,Q2 09:55,32.083333333333336,203,3pt,G. Allen 26' 3PT  (5 PTS) (J. Goodwin 1 AST),[],Allen,34,32,Made,True,True,1628960,1630692.0,rebound,turnover,,,,1628960|1629656|1630178|1630692|1631221|1631230|1642345|1642346|1642348|203083,1628960|1630692|1631221|1642345|1642346,1629656|1630178|1631230|1642348|203083,-78.0,249.0,1610612756.0,22500613
2,PT09M37.00S,09:37,Q2 09:37,32.38333333333333,205,turnover,T. Maxey bad pass out-of-bounds TURNOVER (2 TO),[],Maxey,34,32,,False,False,1630178,,3pt made,substitution,,,,1628960|1629656|1630178|1630692|1631221|1631230|1642345|1642346|1642348|203083,1629656|1630178|1631230|1642348|203083,1628960|1630692|1631221|1642345|1642346,,,1610612755.0,22500613
2,PT09M37.00S,09:37,Q2 09:37,32.38333333333333,206,substitution,SUB out: G. Allen,[],Allen,34,32,,False,False,1628960,,turnover,substitution,,,,1629656|1630178|1630692|1631221|1631230|1642345|1642346|1642348|203083,1630692|1631221|1642345|1642346,1629656|1630178|1631230|1642348|203083,,,1610612756.0,22500613
2,PT09M37.00S,09:37,Q2 09:37,32.38333333333333,207,substitution,SUB in: R. O'Neale,[],O'Neale,34,32,,False,False,1626220,,substitution,3pt made,,,,1626220|1629656|1630178|1630692|1631221|1631230|1642345|1642346|1642348|203083,1626220|1630692|1631221|1642345|1642346,1629656|1630178|1631230|1642348|203083,,,1610612756.0,22500613
2,PT09M27.00S,09:27,Q2 09:27,32.55,208,3pt,C. Gillespie 26' 3PT pullup (3 PTS),['fromturnover'],Gillespie,34,35,Made,True,False,1631221,,substitution,2pt made,,,,1626220|1629656|1630178|1630692|1631221|1631230|1642345|1642346|1642348|203083,1626220|1630692|1631221|1642345|1642346,1629656|1630178|1631230|1642348|203083,-114.0,242.0,1610612756.0,22500613
2,PT09M12.00S,09:12,Q2 09:12,32.8,209,2pt,T. Maxey 13' driving floating Jump Shot (2 PTS) (J. Edwards 1 AST),['pointsinthepaint'],Maxey,36,35,Made,True,True,1630178,1642348.0,3pt made,3pt made,,,,1626220|1629656|1630178|1630692|1631221|1631230|1642345|1642346|1642348|203083,1629656|1630178|1631230|1642348|203083,1626220|1630692|1631221|1642345|1642346,26.0,137.0,1610612755.0,22500613
2,PT08M55.00S,08:55,Q2 08:55,31.083333333333332,211,3pt,R. O'Neale 26' 3PT  (3 PTS) (C. Gillespie 2 AST),[],O'Neale,36,38,Made,True,True,1626220,1631221.0,2pt made,3pt missed,,,,1626220|1629656|1630178|1630692|1631221|1631230|1642345|1642346|1642348|203083,1626220|1630692|1631221|1642345|1642346,1629656|1630178|1631230|1642348|203083,93.0,243.0,1610612756.0,22500613
2,PT08M37.00S,08:37,Q2 08:37,31.383333333333333,213,3pt,MISS A. Drummond 3PT,[],Drummond,36,38,Missed,True,False,203083,,3pt made,rebound,,,,1626220|1629656|1630178|1630692|1631221|1631230|1642345|1642346|1642348|203083,1629656|1630178|1631230|1642348|203083,1626220|1630692|1631221|1642345|1642346,228.0,37.0,1610612755.0,22500613
2,PT08M35.00S,08:35,Q2 08:35,31.416666666666668,214,rebound,J. Goodwin REBOUND (Off:1 Def:1),[],Goodwin,36,38,,False,False,1630692,,3pt missed,3pt made,,,,1626220|1629656|1630178|1630692|1631221|1631230|1642345|1642346|1642348|203083,1626220|1630692|1631221|1642345|1642346,1629656|1630178|1631230|1642348|203083,,,1610612756.0,22500613
2,PT08M28.00S,08:28,Q2 08:28,31.533333333333335,215,3pt,C. Gillespie 3PT running (6 PTS) (O. Ighodaro 2 AST),['fastbreak'],Gillespie,36,41,Made,True,True,1631221,1642345.0,rebound,timeout,,,,1626220|1629656|1630178|1630692|1631221|1631230|1642345|1642346|1642348|203083,1626220|1630692|1631221|1642345|1642346,1629656|1630178|1631230|1642348|203083,-233.0,55.0,1610612756.0,22500613
2,PT08M18.00S,08:18,Q2 08:18,31.7,217,timeout,PHI Timeout,"['team', 'mandatory']",,36,41,,False,False,0,,3pt made,substitution,,,,1626220|1629656|1630178|1630692|1631221|1631230|1642345|1642346|1642348|203083,1629656|1630178|1631230|1642348|203083,1626220|1630692|1631221|1642345|1642346,,,1610612755.0,22500613
2,PT08M18.00S,08:18,Q2 08:18,31.7,218,substitution,SUB out: A. Drummond,[],Drummond,36,41,,False,False,203083,,timeout,substitution,,,,1626220|1629656|1630178|1630692|1631221|1631230|1642345|1642346|1642348,1629656|1630178|1631230|1642348,1626220|1630692|1631221|1642345|1642346,,,1610612755.0,22500613
2,PT08M18.00S,08:18,Q2 08:18,31.7,219,substitution,SUB out: Q. Grimes,[],Grimes,36,41,,False,False,1629656,,substitution,substitution,,,,1626220|1630178|1630692|1631221|1631230|1642345|1642346|1642348,1630178|1631230|1642348,1626220|1630692|1631221|1642345|1642346,,,1610612755.0,22500613
2,PT08M18.00S,08:18,Q2 08:18,31.7,220,substitution,SUB out: J. Edwards,[],Edwards,36,41,,False,False,1642348,,substitution,substitution,,,,1626220|1630178|1630692|1631221|1631230|1642345|1642346,1630178|1631230,1626220|1630692|1631221|1642345|1642346,,,1610612755.0,22500613
2,PT08M18.00S,08:18,Q2 08:18,31.7,221,substitution,SUB in: K. Oubre Jr.,[],Oubre Jr.,36,41,,False,False,1626162,,substitution,substitution,,,,1626162|1626220|1630178|1630692|1631221|1631230|1642345|1642346,1626162|1630178|1631230,1626220|1630692|1631221|1642345|1642346,,,1610612755.0,22500613
2,PT08M18.00S,08:18,Q2 08:18,31.7,222,substitution,SUB in: A. Bona,[],Bona,36,41,,False,False,1641737,,substitution,substitution,,,,1626162|1626220|1630178|1630692|1631221|1631230|1641737|1642345|1642346,1626162|1630178|1631230|1641737,1626220|1630692|1631221|1642345|1642346,,,1610612755.0,22500613
2,PT08M18.00S,08:18,Q2 08:18,31.7,223,substitution,SUB in: V. Edgecombe,[],Edgecombe,36,41,,False,False,1642845,,substitution,turnover,,,,1626162|1626220|1630178|1630692|1631221|1631230|1641737|1642345|1642346|1642845,1626162|1630178|1631230|1641737|1642845,1626220|1630692|1631221|1642345|1642346,,,1610612755.0,22500613
2,PT08M03.00S,08:03,Q2 08:03,31.95,224,turnover,V. Edgecombe lost ball out-of-bounds TURNOVER (1 TO),[],Edgecombe,36,41,,False,False,1642845,,substitution,turnover,,,,1626162|1626220|1630178|1630692|1631221|1631230|1641737|1642345|1642346|1642845,1626162|1630178|1631230|1641737|1642845,1626220|1630692|1631221|1642345|1642346,,,1610612755.0,22500613
2,PT07M46.00S,07:46,Q2 07:46,30.233333333333334,225,turnover,O. Ighodaro lost ball TURNOVER (2 TO),[],Ighodaro,36,41,,False,False,1642345,,turnover,steal,,1631230.0,,1626162|1626220|1630178|1630692|1631221|1631230|1641737|1642345|1642346|1642845,1626220|1630692|1631221|1642345|1642346,1626162|1630178|1631230|1641737|1642845,,,1610612756.0,22500613
2,PT07M46.00S,07:46,Q2 07:46,30.233333333333334,226,steal,D. Barlow STEAL (1 STL),[],Barlow,36,41,,False,False,1631230,,turnover,foul,,,,1626162|1626220|1630178|1630692|1631221|1631230|1641737|1642345|1642346|1642845,1626162|1630178|1631230|1641737|1642845,1626220|1630692|1631221|1642345|1642346,,,1610612755.0,22500613
2,PT07M30.00S,07:30,Q2 07:30,30.5,227,foul,R. Dunn shooting personal FOUL (3 PF) (Oubre Jr. 2 FT),['2freethrow'],Dunn,36,41,,False,False,1642346,,steal,freethrow,1626162.0,,,1626162|1626220|1630178|1630692|1631221|1631230|1641737|1642345|1642346|1642845,1626220|1630692|1631221|1642345|1642346,1626162|1630178|1631230|1641737|1642845,,,1610612756.0,22500613
2,PT07M30.00S,07:30,Q2 07:30,30.5,229,freethrow,K. Oubre Jr. Free Throw 1 of 2 (12 PTS),['fromturnover'],Oubre Jr.,37,41,Made,False,False,1626162,,foul,freethrow,,,,1626162|1626220|1630178|1630692|1631221|1631230|1641737|1642345|1642346|1642845,1626162|1630178|1631230|1641737|1642845,1626220|1630692|1631221|1642345|1642346,,,1610612755.0,22500613
2,PT07M30.00S,07:30,Q2 07:30,30.5,232,freethrow,K. Oubre Jr. Free Throw 2 of 2 (13 PTS),['fromturnover'],Oubre Jr.,38,41,Made,False,False,1626162,,freethrow,substitution,,,,1626162|1626220|1630178|1630692|1631221|1631230|1641737|1642345|1642346|1642845,1626162|1630178|1631230|1641737|1642845,1626220|1630692|1631221|1642345|1642346,,,1610612755.0,22500613
2,PT07M30.00S,07:30,Q2 07:30,30.5,230,substitution,SUB out: O. Ighodaro,[],Ighodaro,37,41,,False,False,1642345,,freethrow,substitution,,,,1626162|1626220|1630178|1630692|1631221|1631230|1641737|1642346|1642845,1626220|1630692|1631221|1642346,1626162|1630178|1631230|1641737|1642845,,,1610612756.0,22500613
2,PT07M30.00S,07:30,Q2 07:30,30.5,231,substitution,SUB in: M. Williams,[],Williams,37,41,,False,False,1631109,,substitution,foul,,,,1626162|1626220|1630178|1630692|1631109|1631221|1631230|1641737|1642346|1642845,1626220|1630692|1631109|1631221|1642346,1626162|1630178|1631230|1641737|1642845,,,1610612756.0,22500613
2,PT07M21.00S,07:21,Q2 07:21,30.65,233,foul,K. Oubre Jr. personal FOUL (2 PF),[],Oubre Jr.,38,41,,False,False,1626162,,substitution,3pt missed,1626220.0,,,1626162|1626220|1630178|1630692|1631109|1631221|1631230|1641737|1642346|1642845,1626162|1630178|1631230|1641737|1642845,1626220|1630692|1631109|1631221|1642346,,,1610612755.0,22500613
2,PT07M13.00S,07:13,Q2 07:13,30.783333333333335,235,3pt,MISS R. O'Neale 26' pullup 3PT,[],O'Neale,38,41,Missed,True,False,1626220,,foul,rebound,,,,1626162|1626220|1630178|1630692|1631109|1631221|1631230|1641737|1642346|1642845,1626220|1630692|1631109|1631221|1642346,1626162|1630178|1631230|1641737|1642845,-154.0,217.0,1610612756.0,22500613
2,PT07M11.00S,07:11,Q2 07:11,30.816666666666666,236,rebound,TEAM defensive REBOUND,['team'],,38,41,,False,False,0,,3pt missed,substitution,,,,1626162|1626220|1630178|1630692|1631109|1631221|1631230|1641737|1642346|1642845,1626162|1630178|1631230|1641737|1642845,1626220|1630692|1631109|1631221|1642346,,,1610612755.0,22500613
2,PT07M11.00S,07:11,Q2 07:11,30.816666666666666,238,substitution,SUB out: R. Dunn,[],Dunn,38,41,,False,False,1642346,,rebound,substitution,,,,1626162|1626220|1630178|1630692|1631109|1631221|1631230|1641737|1642845,1626220|1630692|1631109|1631221,1626162|1630178|1631230|1641737|1642845,,,1610612756.0,22500613
2,PT07M11.00S,07:11,Q2 07:11,30.816666666666666,239,substitution,SUB in: D. Brooks,[],Brooks,38,41,,False,False,1628415,,substitution,2pt missed,,,,1626162|1626220|1628415|1630178|1630692|1631109|1631221|1631230|1641737|1642845,1626220|1628415|1630692|1631109|1631221,1626162|1630178|1631230|1641737|1642845,,,1610612756.0,22500613
2,PT07M04.00S,07:04,Q2 07:04,30.933333333333334,240,2pt,MISS V. Edgecombe 14' driving floating Shot,[],Edgecombe,38,41,Missed,True,False,1642845,,substitution,rebound,,,,1626162|1626220|1628415|1630178|1630692|1631109|1631221|1631230|1641737|1642845,1626162|1630178|1631230|1641737|1642845,1626220|1628415|1630692|1631109|1631221,9.0,140.0,1610612755.0,22500613
2,PT07M01.00S,07:01,Q2 07:01,30.983333333333334,241,rebound,R. O'Neale REBOUND (Off:0 Def:2),[],O'Neale,38,41,,False,False,1626220,,2pt missed,turnover,,,,1626162|1626220|1628415|1630178|1630692|1631109|1631221|1631230|1641737|1642845,1626220|1628415|1630692|1631109|1631221,1626162|1630178|1631230|1641737|1642845,,,1610612756.0,22500613
2,PT06M52.00S,06:52,Q2 06:52,29.133333333333333,242,turnover,C. Gillespie bad pass TURNOVER (2 TO),[],Gillespie,38,41,,False,False,1631221,,rebound,steal,,1642845.0,,1626162|1626220|1628415|1630178|1630692|1631109|1631221|1631230|1641737|1642845,1626220|1628415|1630692|1631109|1631221,1626162|1630178|1631230|1641737|1642845,,,1610612756.0,22500613
2,PT06M52.00S,06:52,Q2 06:52,29.133333333333333,243,steal,V. Edgecombe STEAL (1 STL),[],Edgecombe,38,41,,False,False,1642845,,turnover,2pt missed,,,,1626162|1626220|1628415|1630178|1630692|1631109|1631221|1631230|1641737|1642845,1626162|1630178|1631230|1641737|1642845,1626220|1628415|1630692|1631109|1631221,,,1610612755.0,22500613
2,PT06M42.00S,06:42,Q2 06:42,29.3,244,2pt,MISS T. Maxey 12' driving floating Shot,"['pointsinthepaint', 'fromturnover']",Maxey,38,41,Missed,True,False,1630178,,steal,rebound,,,,1626162|1626220|1628415|1630178|1630692|1631109|1631221|1631230|1641737|1642845,1626162|1630178|1631230|1641737|1642845,1626220|1628415|1630692|1631109|1631221,11.0,125.0,1610612755.0,22500613
2,PT06M39.00S,06:39,Q2 06:39,29.35,245,rebound,TEAM defensive REBOUND,['team'],,38,41,,False,False,0,,2pt missed,substitution,,,,1626162|1626220|1628415|1630178|1630692|1631109|1631221|1631230|1641737|1642845,1626220|1628415|1630692|1631109|1631221,1626162|1630178|1631230|1641737|1642845,,,1610612756.0,22500613
2,PT06M39.00S,06:39,Q2 06:39,29.35,247,substitution,SUB out: J. Goodwin,[],Goodwin,38,41,,False,False,1630692,,rebound,substitution,,,,1626162|1626220|1628415|1630178|1631109|1631221|1631230|1641737|1642845,1626220|1628415|1631109|1631221,1626162|1630178|1631230|1641737|1642845,,,1610612756.0,22500613
2,PT06M39.00S,06:39,Q2 06:39,29.35,248,substitution,SUB in: D. Booker,[],Booker,38,41,,False,False,1626164,,substitution,turnover,,,,1626162|1626164|1626220|1628415|1630178|1631109|1631221|1631230|1641737|1642845,1626164|1626220|1628415|1631109|1631221,1626162|1630178|1631230|1641737|1642845,,,1610612756.0,22500613
2,PT06M26.00S,06:26,Q2 06:26,29.566666666666666,249,turnover,D. Booker bad pass TURNOVER (2 TO),[],Booker,38,41,,False,False,1626164,,substitution,steal,,1631230.0,,1626162|1626164|1626220|1628415|1630178|1631109|1631221|1631230|1641737|1642845,1626164|1626220|1628415|1631109|1631221,1626162|1630178|1631230|1641737|1642845,,,1610612756.0,22500613
2,PT06M26.00S,06:26,Q2 06:26,29.566666666666666,250,steal,D. Barlow STEAL (2 STL),[],Barlow,38,41,,False,False,1631230,,turnover,2pt made,,,,1626162|1626164|1626220|1628415|1630178|1631109|1631221|1631230|1641737|1642845,1626162|1630178|1631230|1641737|1642845,1626164|1626220|1628415|1631109|1631221,,,1610612755.0,22500613
2,PT06M23.00S,06:23,Q2 06:23,29.616666666666667,251,2pt,D. Barlow running DUNK (4 PTS),"['pointsinthepaint', 'fromturnover', 'fastbreak']",Barlow,40,41,Made,True,False,1631230,,steal,2pt missed,,,,1626162|1626164|1626220|1628415|1630178|1631109|1631221|1631230|1641737|1642845,1626162|1630178|1631230|1641737|1642845,1626164|1626220|1628415|1631109|1631221,4.0,11.0,1610612755.0,22500613
2,PT05M58.00S,05:58,Q2 05:58,28.033333333333335,252,2pt,MISS D. Brooks 18' step back Shot,[],Brooks,40,41,Missed,True,False,1628415,,2pt made,rebound,,,,1626162|1626164|1626220|1628415|1630178|1631109|1631221|1631230|1641737|1642845,1626164|1626220|1628415|1631109|1631221,1626162|1630178|1631230|1641737|1642845,34.0,179.0,1610612756.0,22500613
2,PT05M57.00S,05:57,Q2 05:57,28.05,253,rebound,V. Edgecombe REBOUND (Off:0 Def:2),[],Edgecombe,40,41,,False,False,1642845,,2pt missed,3pt made,,,,1626162|1626164|1626220|1628415|1630178|1631109|1631221|1631230|1641737|1642845,1626162|1630178|1631230|1641737|1642845,1626164|1626220|1628415|1631109|1631221,,,1610612755.0,22500613
2,PT05M53.00S,05:53,Q2 05:53,28.116666666666667,254,3pt,K. Oubre Jr. 3PT running (16 PTS) (V. Edgecombe 1 AST),['fastbreak'],Oubre Jr.,43,41,Made,True,True,1626162,1642845.0,rebound,timeout,,,,1626162|1626164|1626220|1628415|1630178|1631109|1631221|1631230|1641737|1642845,1626162|1630178|1631230|1641737|1642845,1626164|1626220|1628415|1631109|1631221,234.0,40.0,1610612755.0,22500613
2,PT05M51.00S,05:51,Q2 05:51,28.15,256,timeout,PHX Timeout,"['team', 'mandatory']",,43,41,,False,False,0,,3pt made,substitution,,,,1626162|1626164|1626220|1628415|1630178|1631109|1631221|1631230|1641737|1642845,1626164|1626220|1628415|1631109|1631221,1626162|1630178|1631230|1641737|1642845,,,1610612756.0,22500613
2,PT05M51.00S,05:51,Q2 05:51,28.15,257,substitution,SUB out: C. Gillespie,[],Gillespie,43,41,,False,False,1631221,,timeout,substitution,,,,1626162|1626164|1626220|1628415|1630178|1631109|1631230|1641737|1642845,1626164|1626220|1628415|1631109,1626162|1630178|1631230|1641737|1642845,,,1610612756.0,22500613
2,PT05M51.00S,05:51,Q2 05:51,28.15,258,substitution,SUB in: G. Allen,[],Allen,43,41,,False,False,1628960,,substitution,2pt missed,,,,1626162|1626164|1626220|1628415|1628960|1630178|1631109|1631230|1641737|1642845,1626164|1626220|1628415|1628960|1631109,1626162|1630178|1631230|1641737|1642845,,,1610612756.0,22500613
2,PT05M30.00S,05:30,Q2 05:30,28.5,259,2pt,MISS D. Booker 18' pullup Shot,[],Booker,43,41,Missed,True,False,1626164,,substitution,rebound,,,,1626162|1626164|1626220|1628415|1628960|1630178|1631109|1631230|1641737|1642845,1626164|1626220|1628415|1628960|1631109,1626162|1630178|1631230|1641737|1642845,-56.0,179.0,1610612756.0,22500613
2,PT05M27.00S,05:27,Q2 05:27,28.55,260,rebound,A. Bona REBOUND (Off:1 Def:1),[],Bona,43,41,,False,False,1641737,,2pt missed,2pt missed,,,,1626162|1626164|1626220|1628415|1628960|1630178|1631109|1631230|1641737|1642845,1626162|1630178|1631230|1641737|1642845,1626164|1626220|1628415|1628960|1631109,,,1610612755.0,22500613
2,PT05M18.00S,05:18,Q2 05:18,28.7,261,2pt,MISS V. Edgecombe 16' step back Shot,[],Edgecombe,43,41,Missed,True,False,1642845,,rebound,rebound,,,,1626162|1626164|1626220|1628415|1628960|1630178|1631109|1631230|1641737|1642845,1626162|1630178|1631230|1641737|1642845,1626164|1626220|1628415|1628960|1631109,-31.0,157.0,1610612755.0,22500613
2,PT05M15.00S,05:15,Q2 05:15,28.75,262,rebound,D. Booker REBOUND (Off:1 Def:1),[],Booker,43,41,,False,False,1626164,,2pt missed,turnover,,,,1626162|1626164|1626220|1628415|1628960|1630178|1631109|1631230|1641737|1642845,1626164|1626220|1628415|1628960|1631109,1626162|1630178|1631230|1641737|1642845,,,1610612756.0,22500613
2,PT05M10.00S,05:10,Q2 05:10,28.833333333333332,263,turnover,D. Booker lost ball TURNOVER (3 TO),[],Booker,43,41,,False,False,1626164,,rebound,steal,,1642845.0,,1626162|1626164|1626220|1628415|1628960|1630178|1631109|1631230|1641737|1642845,1626164|1626220|1628415|1628960|1631109,1626162|1630178|1631230|1641737|1642845,,,1610612756.0,22500613
2,PT05M10.00S,05:10,Q2 05:10,28.833333333333332,264,steal,V. Edgecombe STEAL (2 STL),[],Edgecombe,43,41,,False,False,1642845,,turnover,turnover,,,,1626162|1626164|1626220|1628415|1628960|1630178|1631109|1631230|1641737|1642845,1626162|1630178|1631230|1641737|1642845,1626164|1626220|1628415|1628960|1631109,,,1610612755.0,22500613
2,PT05M02.00S,05:02,Q2 05:02,28.966666666666665,265,turnover,V. Edgecombe traveling TURNOVER (2 TO),[],Edgecombe,43,41,,False,False,1642845,,steal,2pt missed,,,,1626162|1626164|1626220|1628415|1628960|1630178|1631109|1631230|1641737|1642845,1626162|1630178|1631230|1641737|1642845,1626164|1626220|1628415|1628960|1631109,,,1610612755.0,22500613
2,PT04M58.00S,04:58,Q2 04:58,27.033333333333335,266,2pt,MISS D. Booker driving finger roll Layup,"['pointsinthepaint', 'fromturnover']",Booker,43,41,Missed,True,False,1626164,,turnover,rebound,,,,1626162|1626164|1626220|1628415|1628960|1630178|1631109|1631230|1641737|1642845,1626164|1626220|1628415|1628960|1631109,1626162|1630178|1631230|1641737|1642845,15.0,10.0,1610612756.0,22500613
2,PT04M56.00S,04:56,Q2 04:56,27.066666666666666,267,rebound,D. Barlow REBOUND (Off:1 Def:2),[],Barlow,43,41,,False,False,1631230,,2pt missed,3pt missed,,,,1626162|1626164|1626220|1628415|1628960|1630178|1631109|1631230|1641737|1642845,1626162|1630178|1631230|1641737|1642845,1626164|1626220|1628415|1628960|1631109,,,1610612755.0,22500613
2,PT04M50.00S,04:50,Q2 04:50,27.166666666666668,268,3pt,MISS K. Oubre Jr. 27' 3PT,[],Oubre Jr.,43,41,Missed,True,False,1626162,,rebound,rebound,,,,1626162|1626164|1626220|1628415|1628960|1630178|1631109|1631230|1641737|1642845,1626162|1630178|1631230|1641737|1642845,1626164|1626220|1628415|1628960|1631109,169.0,213.0,1610612755.0,22500613
2,PT04M47.00S,04:47,Q2 04:47,27.216666666666665,269,rebound,A. Bona REBOUND (Off:2 Def:1),[],Bona,43,41,,False,False,1641737,,3pt missed,3pt missed,,,,1626162|1626164|1626220|1628415|1628960|1630178|1631109|1631230|1641737|1642845,1626162|1630178|1631230|1641737|1642845,1626164|1626220|1628415|1628960|1631109,,,1610612755.0,22500613
2,PT04M45.00S,04:45,Q2 04:45,27.25,270,3pt,MISS D. Barlow 3PT,['2ndchance'],Barlow,43,41,Missed,True,False,1631230,,rebound,rebound,,,,1626162|1626164|1626220|1628415|1628960|1630178|1631109|1631230|1641737|1642845,1626162|1630178|1631230|1641737|1642845,1626164|1626220|1628415|1628960|1631109,-229.0,3.0,1610612755.0,22500613
2,PT04M42.00S,04:42,Q2 04:42,27.3,271,rebound,K. Oubre Jr. REBOUND (Off:1 Def:1),[],Oubre Jr.,43,41,,False,False,1626162,,3pt missed,2pt missed,,,,1626162|1626164|1626220|1628415|1628960|1630178|1631109|1631230|1641737|1642845,1626162|1630178|1631230|1641737|1642845,1626164|1626220|1628415|1628960|1631109,,,1610612755.0,22500613
2,PT04M39.00S,04:39,Q2 04:39,27.35,272,2pt,MISS K. Oubre Jr. tip Layup,"['pointsinthepaint', '2ndchance']",Oubre Jr.,43,41,Missed,True,False,1626162,,rebound,rebound,,,,1626162|1626164|1626220|1628415|1628960|1630178|1631109|1631230|1641737|1642845,1626162|1630178|1631230|1641737|1642845,1626164|1626220|1628415|1628960|1631109,0.0,0.0,1610612755.0,22500613
2,PT04M38.00S,04:38,Q2 04:38,27.366666666666667,273,rebound,D. Brooks REBOUND (Off:0 Def:3),[],Brooks,43,41,,False,False,1628415,,2pt missed,2pt made,,,,1626162|1626164|1626220|1628415|1628960|1630178|1631109|1631230|1641737|1642845,1626164|1626220|1628415|1628960|1631109,1626162|1630178|1631230|1641737|1642845,,,1610612756.0,22500613
2,PT04M31.00S,04:31,Q2 04:31,27.483333333333334,274,2pt,D. Booker 12' turnaround Jump Shot (11 PTS),['pointsinthepaint'],Booker,43,43,Made,True,False,1626164,,rebound,2pt made,,,,1626162|1626164|1626220|1628415|1628960|1630178|1631109|1631230|1641737|1642845,1626164|1626220|1628415|1628960|1631109,1626162|1630178|1631230|1641737|1642845,-55.0,110.0,1610612756.0,22500613
2,PT04M18.00S,04:18,Q2 04:18,27.7,275,2pt,T. Maxey driving finger roll Layup (4 PTS),['pointsinthepaint'],Maxey,45,43,Made,True,False,1630178,,2pt made,turnover,,,,1626162|1626164|1626220|1628415|1628960|1630178|1631109|1631230|1641737|1642845,1626162|1630178|1631230|1641737|1642845,1626164|1626220|1628415|1628960|1631109,0.0,17.0,1610612755.0,22500613
2,PT04M14.00S,04:14,Q2 04:14,27.766666666666666,276,turnover,M. Williams bad pass TURNOVER (1 TO),[],Williams,45,43,,False,False,1631109,,2pt made,steal,,1630178.0,,1626162|1626164|1626220|1628415|1628960|1630178|1631109|1631230|1641737|1642845,1626164|1626220|1628415|1628960|1631109,1626162|1630178|1631230|1641737|1642845,,,1610612756.0,22500613
2,PT04M14.00S,04:14,Q2 04:14,27.766666666666666,277,steal,T. Maxey STEAL (1 STL),[],Maxey,45,43,,False,False,1630178,,turnover,3pt missed,,,,1626162|1626164|1626220|1628415|1628960|1630178|1631109|1631230|1641737|1642845,1626162|1630178|1631230|1641737|1642845,1626164|1626220|1628415|1628960|1631109,,,1610612755.0,22500613
2,PT04M11.00S,04:11,Q2 04:11,27.816666666666666,278,3pt,MISS T. Maxey 28' pullup 3PT,['fromturnover'],Maxey,45,43,Missed,True,False,1630178,,steal,rebound,,,,1626162|1626164|1626220|1628415|1628960|1630178|1631109|1631230|1641737|1642845,1626162|1630178|1631230|1641737|1642845,1626164|1626220|1628415|1628960|1631109,56.0,282.0,1610612755.0,22500613
2,PT04M09.00S,04:09,Q2 04:09,27.85,279,rebound,M. Williams REBOUND (Off:2 Def:1),[],Williams,45,43,,False,False,1631109,,3pt missed,2pt missed,,,,1626162|1626164|1626220|1628415|1628960|1630178|1631109|1631230|1641737|1642845,1626164|1626220|1628415|1628960|1631109,1626162|1630178|1631230|1641737|1642845,,,1610612756.0,22500613
2,PT04M08.00S,04:08,Q2 04:08,27.866666666666667,280,2pt,MISS D. Booker running Layup - blocked,"['fastbreak', 'pointsinthepaint']",Booker,45,43,Missed,True,False,1626164,,rebound,block,,,1630178.0,1626162|1626164|1626220|1628415|1628960|1630178|1631109|1631230|1641737|1642845,1626164|1626220|1628415|1628960|1631109,1626162|1630178|1631230|1641737|1642845,-4.0,17.0,1610612756.0,22500613
2,PT04M08.00S,04:08,Q2 04:08,27.866666666666667,281,block,T. Maxey BLOCK (1 BLK),[],Maxey,45,43,,False,False,1630178,,2pt missed,rebound,,,,1626162|1626164|1626220|1628415|1628960|1630178|1631109|1631230|1641737|1642845,1626162|1630178|1631230|1641737|1642845,1626164|1626220|1628415|1628960|1631109,,,1610612755.0,22500613
2,PT04M06.00S,04:06,Q2 04:06,27.9,282,rebound,V. Edgecombe REBOUND (Off:0 Def:3),[],Edgecombe,45,43,,False,False,1642845,,block,2pt missed,,,,1626162|1626164|1626220|1628415|1628960|1630178|1631109|1631230|1641737|1642845,1626162|1630178|1631230|1641737|1642845,1626164|1626220|1628415|1628960|1631109,,,1610612755.0,22500613
2,PT03M57.00S,03:57,Q2 03:57,26.05,283,2pt,MISS K. Oubre Jr. running Layup - blocked,"['pointsinthepaint', 'fastbreak']",Oubre Jr.,45,43,Missed,True,False,1626162,,rebound,block,,,1628415.0,1626162|1626164|1626220|1628415|1628960|1630178|1631109|1631230|1641737|1642845,1626162|1630178|1631230|1641737|1642845,1626164|1626220|1628415|1628960|1631109,-36.0,9.0,1610612755.0,22500613
2,PT03M57.00S,03:57,Q2 03:57,26.05,284,block,D. Brooks BLOCK (1 BLK),[],Brooks,45,43,,False,False,1628415,,2pt missed,rebound,,,,1626162|1626164|1626220|1628415|1628960|1630178|1631109|1631230|1641737|1642845,1626164|1626220|1628415|1628960|1631109,1626162|1630178|1631230|1641737|1642845,,,1610612756.0,22500613
2,PT03M54.00S,03:54,Q2 03:54,26.1,285,rebound,G. Allen REBOUND (Off:0 Def:1),[],Allen,45,43,,False,False,1628960,,block,3pt made,,,,1626162|1626164|1626220|1628415|1628960|1630178|1631109|1631230|1641737|1642845,1626164|1626220|1628415|1628960|1631109,1626162|1630178|1631230|1641737|1642845,,,1610612756.0,22500613
2,PT03M52.00S,03:52,Q2 03:52,26.133333333333333,286,3pt,R. O'Neale 26' 3PT running (6 PTS) (G. Allen 3 AST),['fastbreak'],O'Neale,45,46,Made,True,True,1626220,1628960.0,rebound,3pt missed,,,,1626162|1626164|1626220|1628415|1628960|1630178|1631109|1631230|1641737|1642845,1626164|1626220|1628415|1628960|1631109,1626162|1630178|1631230|1641737|1642845,103.0,242.0,1610612756.0,22500613
2,PT03M32.00S,03:32,Q2 03:32,26.466666666666665,288,3pt,MISS V. Edgecombe 25' 3PT,[],Edgecombe,45,46,Missed,True,False,1642845,,3pt made,rebound,,,,1626162|1626164|1626220|1628415|1628960|1630178|1631109|1631230|1641737|1642845,1626162|1630178|1631230|1641737|1642845,1626164|1626220|1628415|1628960|1631109,-17.0,258.0,1610612755.0,22500613
2,PT03M29.00S,03:29,Q2 03:29,26.516666666666666,289,rebound,G. Allen REBOUND (Off:0 Def:2),[],Allen,45,46,,False,False,1628960,,3pt missed,foul,,,,1626162|1626164|1626220|1628415|1628960|1630178|1631109|1631230|1641737|1642845,1626164|1626220|1628415|1628960|1631109,1626162|1630178|1631230|1641737|1642845,,,1610612756.0,22500613
2,PT03M21.00S,03:21,Q2 03:21,26.65,290,foul,K. Oubre Jr. personal FOUL (3 PF),[],Oubre Jr.,45,46,,False,False,1626162,,rebound,substitution,1626164.0,,,1626162|1626164|1626220|1628415|1628960|1630178|1631109|1631230|1641737|1642845,1626162|1630178|1631230|1641737|1642845,1626164|1626220|1628415|1628960|1631109,,,1610612755.0,22500613
2,PT03M21.00S,03:21,Q2 03:21,26.65,292,substitution,SUB out: R. O'Neale,[],O'Neale,45,46,,False,False,1626220,,foul,substitution,,,,1626162|1626164|1628415|1628960|1630178|1631109|1631230|1641737|1642845,1626164|1628415|1628960|1631109,1626162|1630178|1631230|1641737|1642845,,,1610612756.0,22500613
2,PT03M21.00S,03:21,Q2 03:21,26.65,293,substitution,SUB out: M. Williams,[],Williams,45,46,,False,False,1631109,,substitution,substitution,,,,1626162|1626164|1628415|1628960|1630178|1631230|1641737|1642845,1626164|1628415|1628960,1626162|1630178|1631230|1641737|1642845,,,1610612756.0,22500613
2,PT03M21.00S,03:21,Q2 03:21,26.65,294,substitution,SUB in: J. Green,[],Green,45,46,,False,False,1630224,,substitution,substitution,,,,1626162|1626164|1628415|1628960|1630178|1630224|1631230|1641737|1642845,1626164|1628415|1628960|1630224,1626162|1630178|1631230|1641737|1642845,,,1610612756.0,22500613
2,PT03M21.00S,03:21,Q2 03:21,26.65,295,substitution,SUB in: O. Ighodaro,[],Ighodaro,45,46,,False,False,1642345,,substitution,substitution,,,,1626162|1626164|1628415|1628960|1630178|1630224|1631230|1641737|1642345|1642845,1626164|1628415|1628960|1630224|1642345,1626162|1630178|1631230|1641737|1642845,,,1610612756.0,22500613
2,PT03M21.00S,03:21,Q2 03:21,26.65,296,substitution,SUB out: T. Maxey,[],Maxey,45,46,,False,False,1630178,,substitution,substitution,,,,1626162|1626164|1628415|1628960|1630224|1631230|1641737|1642345|1642845,1626162|1631230|1641737|1642845,1626164|1628415|1628960|1630224|1642345,,,1610612755.0,22500613
2,PT03M21.00S,03:21,Q2 03:21,26.65,297,substitution,SUB in: Q. Grimes,[],Grimes,45,46,,False,False,1629656,,substitution,substitution,,,,1626162|1626164|1628415|1628960|1629656|1630224|1631230|1641737|1642345|1642845,1626162|1629656|1631230|1641737|1642845,1626164|1628415|1628960|1630224|1642345,,,1610612755.0,22500613
2,PT03M21.00S,03:21,Q2 03:21,26.65,298,substitution,SUB out: K. Oubre Jr.,[],Oubre Jr.,45,46,,False,False,1626162,,substitution,substitution,,,,1626164|1628415|1628960|1629656|1630224|1631230|1641737|1642345|1642845,1629656|1631230|1641737|1642845,1626164|1628415|1628960|1630224|1642345,,,1610612755.0,22500613
2,PT03M21.00S,03:21,Q2 03:21,26.65,299,substitution,SUB in: J. Edwards,[],Edwards,45,46,,False,False,1642348,,substitution,2pt missed,,,,1626164|1628415|1628960|1629656|1630224|1631230|1641737|1642345|1642348|1642845,1629656|1631230|1641737|1642348|1642845,1626164|1628415|1628960|1630224|1642345,,,1610612755.0,22500613
2,PT03M12.00S,03:12,Q2 03:12,26.8,300,2pt,MISS D. Brooks 10' turnaround fadeaway Shot,[],Brooks,45,46,Missed,True,False,1628415,,substitution,rebound,,,,1626164|1628415|1628960|1629656|1630224|1631230|1641737|1642345|1642348|1642845,1626164|1628415|1628960|1630224|1642345,1629656|1631230|1641737|1642348|1642845,87.0,53.0,1610612756.0,22500613
2,PT03M08.00S,03:08,Q2 03:08,26.866666666666667,301,rebound,J. Edwards REBOUND (Off:0 Def:1),[],Edwards,45,46,,False,False,1642348,,2pt missed,2pt made,,,,1626164|1628415|1628960|1629656|1630224|1631230|1641737|1642345|1642348|1642845,1629656|1631230|1641737|1642348|1642845,1626164|1628415|1628960|1630224|1642345,,,1610612755.0,22500613
2,PT03M01.00S,03:01,Q2 03:01,26.983333333333334,302,2pt,A. Bona DUNK (4 PTS) (Q. Grimes 3 AST),['pointsinthepaint'],Bona,47,46,Made,True,True,1641737,1629656.0,rebound,turnover,,,,1626164|1628415|1628960|1629656|1630224|1631230|1641737|1642345|1642348|1642845,1629656|1631230|1641737|1642348|1642845,1626164|1628415|1628960|1630224|1642345,-10.0,14.0,1610612755.0,22500613
2,PT02M46.00S,02:46,Q2 02:46,25.233333333333334,304,turnover,D. Booker lost ball TURNOVER (4 TO),[],Booker,47,46,,False,False,1626164,,2pt made,steal,,1629656.0,,1626164|1628415|1628960|1629656|1630224|1631230|1641737|1642345|1642348|1642845,1626164|1628415|1628960|1630224|1642345,1629656|1631230|1641737|1642348|1642845,,,1610612756.0,22500613
2,PT02M46.00S,02:46,Q2 02:46,25.233333333333334,305,steal,Q. Grimes STEAL (1 STL),[],Grimes,47,46,,False,False,1629656,,turnover,2pt made,,,,1626164|1628415|1628960|1629656|1630224|1631230|1641737|1642345|1642348|1642845,1629656|1631230|1641737|1642348|1642845,1626164|1628415|1628960|1630224|1642345,,,1610612755.0,22500613
2,PT02M35.00S,02:35,Q2 02:35,25.416666666666668,306,2pt,Q. Grimes driving finger roll Layup (2 PTS),"['pointsinthepaint', 'fromturnover']",Grimes,49,46,Made,True,False,1629656,,steal,3pt made,,,,1626164|1628415|1628960|1629656|1630224|1631230|1641737|1642345|1642348|1642845,1629656|1631230|1641737|1642348|1642845,1626164|1628415|1628960|1630224|1642345,11.0,-1.0,1610612755.0,22500613
2,PT02M24.00S,02:24,Q2 02:24,25.6,307,3pt,J. Green 25' 3PT pullup (7 PTS),[],Green,49,49,Made,True,False,1630224,,2pt made,2pt made,,,,1626164|1628415|1628960|1629656|1630224|1631230|1641737|1642345|1642348|1642845,1626164|1628415|1628960|1630224|1642345,1629656|1631230|1641737|1642348|1642845,66.0,248.0,1610612756.0,22500613
2,PT02M12.00S,02:12,Q2 02:12,25.8,308,2pt,V. Edgecombe driving finger roll Layup (12 PTS),['pointsinthepaint'],Edgecombe,51,49,Made,True,False,1642845,,3pt made,2pt made,,,,1626164|1628415|1628960|1629656|1630224|1631230|1641737|1642345|1642348|1642845,1629656|1631230|1641737|1642348|1642845,1626164|1628415|1628960|1630224|1642345,22.0,-5.0,1610612755.0,22500613
2,PT01M57.00S,01:57,Q2 01:57,24.05,309,2pt,D. Booker 20' pullup Jump Shot (13 PTS) (G. Allen 4 AST),[],Booker,51,51,Made,True,True,1626164,1628960.0,2pt made,3pt missed,,,,1626164|1628415|1628960|1629656|1630224|1631230|1641737|1642345|1642348|1642845,1626164|1628415|1628960|1630224|1642345,1629656|1631230|1641737|1642348|1642845,-54.0,197.0,1610612756.0,22500613
2,PT01M42.00S,01:42,Q2 01:42,24.3,311,3pt,MISS D. Barlow 24' 3PT,[],Barlow,51,51,Missed,True,False,1631230,,2pt made,rebound,,,,1626164|1628415|1628960|1629656|1630224|1631230|1641737|1642345|1642348|1642845,1629656|1631230|1641737|1642348|1642845,1626164|1628415|1628960|1630224|1642345,-223.0,89.0,1610612755.0,22500613
2,PT01M40.00S,01:40,Q2 01:40,24.333333333333332,312,rebound,J. Green REBOUND (Off:0 Def:2),[],Green,51,51,,False,False,1630224,,3pt missed,2pt made,,,,1626164|1628415|1628960|1629656|1630224|1631230|1641737|1642345|1642348|1642845,1626164|1628415|1628960|1630224|1642345,1629656|1631230|1641737|1642348|1642845,,,1610612756.0,22500613
2,PT01M31.00S,01:31,Q2 01:31,24.483333333333334,313,2pt,O. Ighodaro cutting DUNK (8 PTS) (J. Green 2 AST),['pointsinthepaint'],Ighodaro,51,53,Made,True,True,1642345,1630224.0,rebound,foul,,,,1626164|1628415|1628960|1629656|1630224|1631230|1641737|1642345|1642348|1642845,1626164|1628415|1628960|1630224|1642345,1629656|1631230|1641737|1642348|1642845,6.0,8.0,1610612756.0,22500613
2,PT01M21.00S,01:21,Q2 01:21,24.65,315,foul,A. Bona offensive FOUL (1 PF),[],Bona,51,53,,False,False,1641737,,2pt made,turnover,1626164.0,,,1626164|1628415|1628960|1629656|1630224|1631230|1641737|1642345|1642348|1642845,1629656|1631230|1641737|1642348|1642845,1626164|1628415|1628960|1630224|1642345,,,1610612755.0,22500613
2,PT01M21.00S,01:21,Q2 01:21,24.65,317,turnover,A. Bona offensive foul TURNOVER (1 TO),[],Bona,51,53,,False,False,1641737,,foul,2pt missed,,,,1626164|1628415|1628960|1629656|1630224|1631230|1641737|1642345|1642348|1642845,1629656|1631230|1641737|1642348|1642845,1626164|1628415|1628960|1630224|1642345,,,1610612755.0,22500613
2,PT01M11.00S,01:11,Q2 01:11,24.816666666666666,318,2pt,MISS J. Green driving finger roll Layup - blocked,"['pointsinthepaint', 'fromturnover']",Green,51,53,Missed,True,False,1630224,,turnover,block,,,1641737.0,1626164|1628415|1628960|1629656|1630224|1631230|1641737|1642345|1642348|1642845,1626164|1628415|1628960|1630224|1642345,1629656|1631230|1641737|1642348|1642845,-11.0,27.0,1610612756.0,22500613
2,PT01M11.00S,01:11,Q2 01:11,24.816666666666666,319,block,A. Bona BLOCK (1 BLK),[],Bona,51,53,,False,False,1641737,,2pt missed,rebound,,,,1626164|1628415|1628960|1629656|1630224|1631230|1641737|1642345|1642348|1642845,1629656|1631230|1641737|1642348|1642845,1626164|1628415|1628960|1630224|1642345,,,1610612755.0,22500613
2,PT01M09.00S,01:09,Q2 01:09,24.85,320,rebound,Q. Grimes REBOUND (Off:0 Def:2),[],Grimes,51,53,,False,False,1629656,,block,2pt made,,,,1626164|1628415|1628960|1629656|1630224|1631230|1641737|1642345|1642348|1642845,1629656|1631230|1641737|1642348|1642845,1626164|1628415|1628960|1630224|1642345,,,1610612755.0,22500613
2,PT01M01.00S,01:01,Q2 01:01,24.983333333333334,321,2pt,Q. Grimes driving Layup (4 PTS) (J. Edwards 2 AST),['pointsinthepaint'],Grimes,53,53,Made,True,True,1629656,1642348.0,rebound,3pt missed,,,,1626164|1628415|1628960|1629656|1630224|1631230|1641737|1642345|1642348|1642845,1629656|1631230|1641737|1642348|1642845,1626164|1628415|1628960|1630224|1642345,-17.0,11.0,1610612755.0,22500613
2,PT00M46.20S,00:46,Q2 00:46,23.233333333333334,323,3pt,MISS D. Brooks 27' 3PT,[],Brooks,53,53,Missed,True,False,1628415,,2pt made,rebound,,,,1626164|1628415|1628960|1629656|1630224|1631230|1641737|1642345|1642348|1642845,1626164|1628415|1628960|1630224|1642345,1629656|1631230|1641737|1642348|1642845,152.0,226.0,1610612756.0,22500613
2,PT00M43.70S,00:43,Q2 00:43,23.283333333333335,324,rebound,Q. Grimes REBOUND (Off:0 Def:3),[],Grimes,53,53,,False,False,1629656,,3pt missed,turnover,,,,1626164|1628415|1628960|1629656|1630224|1631230|1641737|1642345|1642348|1642845,1629656|1631230|1641737|1642348|1642845,1626164|1628415|1628960|1630224|1642345,,,1610612755.0,22500613
2,PT00M38.10S,00:38,Q2 00:38,23.366666666666667,326,turnover,A. Bona offensive-kicked-ball TURNOVER (2 TO),[],Bona,53,53,,False,False,1641737,,rebound,foul,,,,1626164|1628415|1628960|1629656|1630224|1631230|1641737|1642345|1642348|1642845,1629656|1631230|1641737|1642348|1642845,1626164|1628415|1628960|1630224|1642345,,,1610612755.0,22500613
2,PT00M30.30S,00:30,Q2 00:30,23.5,327,foul,V. Edgecombe shooting personal FOUL (2 PF) (Ighodaro 2 FT),['2freethrow'],Edgecombe,53,53,,False,False,1642845,,turnover,freethrow,1642345.0,,,1626164|1628415|1628960|1629656|1630224|1631230|1641737|1642345|1642348|1642845,1629656|1631230|1641737|1642348|1642845,1626164|1628415|1628960|1630224|1642345,,,1610612755.0,22500613
2,PT00M30.30S,00:30,Q2 00:30,23.5,329,freethrow,O. Ighodaro Free Throw 1 of 2 (9 PTS),['fromturnover'],Ighodaro,53,54,Made,False,False,1642345,,foul,freethrow,,,,1626164|1628415|1628960|1629656|1630224|1631230|1641737|1642345|1642348|1642845,1626164|1628415|1628960|1630224|1642345,1629656|1631230|1641737|1642348|1642845,,,1610612756.0,22500613
2,PT00M30.30S,00:30,Q2 00:30,23.5,332,freethrow,O. Ighodaro Free Throw 2 of 2 (10 PTS),['fromturnover'],Ighodaro,53,55,Made,False,False,1642345,,freethrow,substitution,,,,1626164|1628415|1628960|1629656|1630224|1631230|1641737|1642345|1642348|1642845,1626164|1628415|1628960|1630224|1642345,1629656|1631230|1641737|1642348|1642845,,,1610612756.0,22500613
2,PT00M30.30S,00:30,Q2 00:30,23.5,330,substitution,SUB out: D. Barlow,[],Barlow,53,54,,False,False,1631230,,freethrow,substitution,,,,1626164|1628415|1628960|1629656|1630224|1641737|1642345|1642348|1642845,1629656|1641737|1642348|1642845,1626164|1628415|1628960|1630224|1642345,,,1610612755.0,22500613
2,PT00M30.30S,00:30,Q2 00:30,23.5,331,substitution,SUB in: T. Maxey,[],Maxey,53,54,,False,False,1630178,,substitution,turnover,,,,1626164|1628415|1628960|1629656|1630178|1630224|1641737|1642345|1642348|1642845,1629656|1630178|1641737|1642348|1642845,1626164|1628415|1628960|1630224|1642345,,,1610612755.0,22500613
2,PT00M13.60S,00:13,Q2 00:13,23.783333333333335,333,turnover,V. Edgecombe bad pass TURNOVER (3 TO),[],Edgecombe,53,55,,False,False,1642845,,substitution,steal,,1628960.0,,1626164|1628415|1628960|1629656|1630178|1630224|1641737|1642345|1642348|1642845,1629656|1630178|1641737|1642348|1642845,1626164|1628415|1628960|1630224|1642345,,,1610612755.0,22500613
2,PT00M13.60S,00:13,Q2 00:13,23.783333333333335,334,steal,G. Allen STEAL (1 STL),[],Allen,53,55,,False,False,1628960,,turnover,2pt missed,,,,1626164|1628415|1628960|1629656|1630178|1630224|1641737|1642345|1642348|1642845,1626164|1628415|1628960|1630224|1642345,1629656|1630178|1641737|1642348|1642845,,,1610612756.0,22500613
2,PT00M08.40S,00:08,Q2 00:08,23.866666666666667,335,2pt,MISS J. Green running alley-oop DUNK - blocked,"['fastbreak', 'pointsinthepaint', 'fromturnover']",Green,53,55,Missed,True,False,1630224,,steal,block,,,1642845.0,1626164|1628415|1628960|1629656|1630178|1630224|1641737|1642345|1642348|1642845,1626164|1628415|1628960|1630224|1642345,1629656|1630178|1641737|1642348|1642845,-4.0,7.0,1610612756.0,22500613
2,PT00M08.40S,00:08,Q2 00:08,23.866666666666667,336,block,V. Edgecombe BLOCK (1 BLK),[],Edgecombe,53,55,,False,False,1642845,,2pt missed,rebound,,,,1626164|1628415|1628960|1629656|1630178|1630224|1641737|1642345|1642348|1642845,1629656|1630178|1641737|1642348|1642845,1626164|1628415|1628960|1630224|1642345,,,1610612755.0,22500613
2,PT00M07.70S,00:07,Q2 00:07,23.883333333333333,337,rebound,TEAM offensive REBOUND,['team'],,53,55,,False,False,0,,block,2pt missed,,,,1626164|1628415|1628960|1629656|1630178|1630224|1641737|1642345|1642348|1642845,1626164|1628415|1628960|1630224|1642345,1629656|1630178|1641737|1642348|1642845,,,1610612756.0,22500613
2,PT00M05.30S,00:05,Q2 00:05,23.916666666666668,339,2pt,MISS D. Brooks cutting DUNK - blocked,"['pointsinthepaint', 'fromturnover', '2ndchance']",Brooks,53,55,Missed,True,False,1628415,,rebound,block,,,1642348.0,1626164|1628415|1628960|1629656|1630178|1630224|1641737|1642345|1642348|1642845,1626164|1628415|1628960|1630224|1642345,1629656|1630178|1641737|1642348|1642845,-1.0,27.0,1610612756.0,22500613
2,PT00M05.30S,00:05,Q2 00:05,23.916666666666668,340,block,J. Edwards BLOCK (1 BLK),[],Edwards,53,55,,False,False,1642348,,2pt missed,rebound,,,,1626164|1628415|1628960|1629656|1630178|1630224|1641737|1642345|1642348|1642845,1629656|1630178|1641737|1642348|1642845,1626164|1628415|1628960|1630224|1642345,,,1610612755.0,22500613
2,PT00M05.30S,00:05,Q2 00:05,23.916666666666668,341,rebound,TEAM offensive REBOUND,['team'],,53,55,,False,False,0,,block,2pt made,,,,1626164|1628415|1628960|1629656|1630178|1630224|1641737|1642345|1642348|1642845,1626164|1628415|1628960|1630224|1642345,1629656|1630178|1641737|1642348|1642845,,,1610612756.0,22500613
2,PT00M00.90S,00:00,Q2 00:00,24.0,344,2pt,D. Brooks 11' turnaround Jump Shot (4 PTS) (G. Allen 5 AST),"['fromturnover', '2ndchance']",Brooks,53,57,Made,True,True,1628415,1628960.0,rebound,substitution,,,,1626164|1628415|1628960|1629656|1630178|1630224|1641737|1642345|1642348|1642845,1626164|1628415|1628960|1630224|1642345,1629656|1630178|1641737|1642348|1642845,112.0,36.0,1610612756.0,22500613
3,PT12M00.00S,12:00,Q3 12:00,24.0,347,substitution,SUB out: Q. Grimes,['startperiod'],Grimes,53,57,,False,False,1629656,,2pt made,substitution,,,,1626164|1628415|1628960|1630178|1630224|1641737|1642345|1642348|1642845,1630178|1641737|1642348|1642845,1626164|1628415|1628960|1630224|1642345,,,1610612755.0,22500613
3,PT12M00.00S,12:00,Q3 12:00,24.0,348,substitution,SUB out: J. Edwards,['startperiod'],Edwards,53,57,,False,False,1642348,,substitution,substitution,,,,1626164|1628415|1628960|1630178|1630224|1641737|1642345|1642845,1630178|1641737|1642845,1626164|1628415|1628960|1630224|1642345,,,1610612755.0,22500613
3,PT12M00.00S,12:00,Q3 12:00,24.0,349,substitution,SUB out: A. Bona,['startperiod'],Bona,53,57,,False,False,1641737,,substitution,substitution,,,,1626164|1628415|1628960|1630178|1630224|1642345|1642845,1630178|1642845,1626164|1628415|1628960|1630224|1642345,,,1610612755.0,22500613
3,PT12M00.00S,12:00,Q3 12:00,24.0,350,substitution,SUB out: J. Green,['startperiod'],Green,53,57,,False,False,1630224,,substitution,substitution,,,,1626164|1628415|1628960|1630178|1642345|1642845,1626164|1628415|1628960|1642345,1630178|1642845,,,1610612756.0,22500613
3,PT12M00.00S,12:00,Q3 12:00,24.0,351,substitution,SUB out: G. Allen,['startperiod'],Allen,53,57,,False,False,1628960,,substitution,substitution,,,,1626164|1628415|1630178|1642345|1642845,1626164|1628415|1642345,1630178|1642845,,,1610612756.0,22500613
3,PT12M00.00S,12:00,Q3 12:00,24.0,352,substitution,SUB out: O. Ighodaro,['startperiod'],Ighodaro,53,57,,False,False,1642345,,substitution,substitution,,,,1626164|1628415|1630178|1642845,1626164|1628415,1630178|1642845,,,1610612756.0,22500613
3,PT12M00.00S,12:00,Q3 12:00,24.0,353,substitution,SUB in: A. Drummond,['startperiod'],Drummond,53,57,,False,False,203083,,substitution,substitution,,,,1626164|1628415|1630178|1642845|203083,1630178|1642845|203083,1626164|1628415,,,1610612755.0,22500613
3,PT12M00.00S,12:00,Q3 12:00,24.0,354,substitution,SUB in: D. Barlow,['startperiod'],Barlow,53,57,,False,False,1631230,,substitution,substitution,,,,1626164|1628415|1630178|1631230|1642845|203083,1630178|1631230|1642845|203083,1626164|1628415,,,1610612755.0,22500613
3,PT12M00.00S,12:00,Q3 12:00,24.0,355,substitution,SUB in: K. Oubre Jr.,['startperiod'],Oubre Jr.,53,57,,False,False,1626162,,substitution,substitution,,,,1626162|1626164|1628415|1630178|1631230|1642845|203083,1626162|1630178|1631230|1642845|203083,1626164|1628415,,,1610612755.0,22500613
3,PT12M00.00S,12:00,Q3 12:00,24.0,356,substitution,SUB in: R. O'Neale,['startperiod'],O'Neale,53,57,,False,False,1626220,,substitution,substitution,,,,1626162|1626164|1626220|1628415|1630178|1631230|1642845|203083,1626164|1626220|1628415,1626162|1630178|1631230|1642845|203083,,,1610612756.0,22500613
3,PT12M00.00S,12:00,Q3 12:00,24.0,357,substitution,SUB in: C. Gillespie,['startperiod'],Gillespie,53,57,,False,False,1631221,,substitution,substitution,,,,1626162|1626164|1626220|1628415|1630178|1631221|1631230|1642845|203083,1626164|1626220|1628415|1631221,1626162|1630178|1631230|1642845|203083,,,1610612756.0,22500613
3,PT12M00.00S,12:00,Q3 12:00,24.0,358,substitution,SUB in: M. Williams,['startperiod'],Williams,53,57,,False,False,1631109,,substitution,foul,,,,1626162|1626164|1626220|1628415|1630178|1631109|1631221|1631230|1642845|203083,1626164|1626220|1628415|1631109|1631221,1626162|1630178|1631230|1642845|203083,,,1610612756.0,22500613
3,PT11M46.00S,11:46,Q3 11:46,22.233333333333334,360,foul,M. Williams shooting personal FOUL (1 PF) (Oubre Jr. 2 FT),['2freethrow'],Williams,53,57,,False,False,1631109,,substitution,freethrow,1626162.0,,,1626162|1626164|1626220|1628415|1630178|1631109|1631221|1631230|1642845|203083,1626164|1626220|1628415|1631109|1631221,1626162|1630178|1631230|1642845|203083,,,1610612756.0,22500613
3,PT11M46.00S,11:46,Q3 11:46,22.233333333333334,362,freethrow,K. Oubre Jr. Free Throw 1 of 2 (17 PTS),[],Oubre Jr.,54,57,Made,False,False,1626162,,foul,freethrow,,,,1626162|1626164|1626220|1628415|1630178|1631109|1631221|1631230|1642845|203083,1626162|1630178|1631230|1642845|203083,1626164|1626220|1628415|1631109|1631221,,,1610612755.0,22500613
3,PT11M46.00S,11:46,Q3 11:46,22.233333333333334,363,freethrow,MISS K. Oubre Jr. Free Throw 2 of 2,[],Oubre Jr.,54,57,Missed,False,False,1626162,,freethrow,rebound,,,,1626162|1626164|1626220|1628415|1630178|1631109|1631221|1631230|1642845|203083,1626162|1630178|1631230|1642845|203083,1626164|1626220|1628415|1631109|1631221,,,1610612755.0,22500613
3,PT11M43.00S,11:43,Q3 11:43,22.283333333333335,364,rebound,M. Williams REBOUND (Off:2 Def:2),[],Williams,54,57,,False,False,1631109,,freethrow,turnover,,,,1626162|1626164|1626220|1628415|1630178|1631109|1631221|1631230|1642845|203083,1626164|1626220|1628415|1631109|1631221,1626162|1630178|1631230|1642845|203083,,,1610612756.0,22500613
3,PT11M32.00S,11:32,Q3 11:32,22.466666666666665,365,turnover,M. Williams bad pass TURNOVER (2 TO),[],Williams,54,57,,False,False,1631109,,rebound,steal,,1630178.0,,1626162|1626164|1626220|1628415|1630178|1631109|1631221|1631230|1642845|203083,1626164|1626220|1628415|1631109|1631221,1626162|1630178|1631230|1642845|203083,,,1610612756.0,22500613
3,PT11M32.00S,11:32,Q3 11:32,22.466666666666665,366,steal,T. Maxey STEAL (2 STL),[],Maxey,54,57,,False,False,1630178,,turnover,3pt made,,,,1626162|1626164|1626220|1628415|1630178|1631109|1631221|1631230|1642845|203083,1626162|1630178|1631230|1642845|203083,1626164|1626220|1628415|1631109|1631221,,,1610612755.0,22500613
3,PT11M17.00S,11:17,Q3 11:17,22.716666666666665,367,3pt,V. Edgecombe 25' 3PT  (15 PTS) (T. Maxey 2 AST),['fromturnover'],Edgecombe,57,57,Made,True,True,1642845,1630178.0,steal,2pt made,,,,1626162|1626164|1626220|1628415|1630178|1631109|1631221|1631230|1642845|203083,1626162|1630178|1631230|1642845|203083,1626164|1626220|1628415|1631109|1631221,124.0,221.0,1610612755.0,22500613
3,PT11M05.00S,11:05,Q3 11:05,22.916666666666668,369,2pt,D. Booker 14' pullup Jump Shot (15 PTS),[],Booker,57,59,Made,True,False,1626164,,3pt made,2pt missed,,,,1626162|1626164|1626220|1628415|1630178|1631109|1631221|1631230|1642845|203083,1626164|1626220|1628415|1631109|1631221,1626162|1630178|1631230|1642845|203083,93.0,109.0,1610612756.0,22500613
3,PT10M52.00S,10:52,Q3 10:52,21.133333333333333,370,2pt,MISS T. Maxey 17' turnaround fadeaway Shot,[],Maxey,57,59,Missed,True,False,1630178,,2pt made,rebound,,,,1626162|1626164|1626220|1628415|1630178|1631109|1631221|1631230|1642845|203083,1626162|1630178|1631230|1642845|203083,1626164|1626220|1628415|1631109|1631221,-55.0,170.0,1610612755.0,22500613
3,PT10M50.00S,10:50,Q3 10:50,21.166666666666668,371,rebound,A. Drummond REBOUND (Off:3 Def:5),[],Drummond,57,59,,False,False,203083,,2pt missed,2pt made,,,,1626162|1626164|1626220|1628415|1630178|1631109|1631221|1631230|1642845|203083,1626162|1630178|1631230|1642845|203083,1626164|1626220|1628415|1631109|1631221,,,1610612755.0,22500613
3,PT10M47.00S,10:47,Q3 10:47,21.216666666666665,372,2pt,A. Drummond putback Layup (6 PTS),"['pointsinthepaint', '2ndchance']",Drummond,59,59,Made,True,False,203083,,rebound,foul,,,,1626162|1626164|1626220|1628415|1630178|1631109|1631221|1631230|1642845|203083,1626162|1630178|1631230|1642845|203083,1626164|1626220|1628415|1631109|1631221,15.0,13.0,1610612755.0,22500613
3,PT10M39.00S,10:39,Q3 10:39,21.35,373,foul,D. Brooks offensive FOUL (1 PF),[],Brooks,59,59,,False,False,1628415,,2pt made,turnover,1631230.0,,,1626162|1626164|1626220|1628415|1630178|1631109|1631221|1631230|1642845|203083,1626164|1626220|1628415|1631109|1631221,1626162|1630178|1631230|1642845|203083,,,1610612756.0,22500613
3,PT10M39.00S,10:39,Q3 10:39,21.35,375,turnover,D. Brooks offensive foul TURNOVER (2 TO),[],Brooks,59,59,,False,False,1628415,,foul,2pt made,,,,1626162|1626164|1626220|1628415|1630178|1631109|1631221|1631230|1642845|203083,1626164|1626220|1628415|1631109|1631221,1626162|1630178|1631230|1642845|203083,,,1610612756.0,22500613
3,PT10M21.00S,10:21,Q3 10:21,21.65,376,2pt,V. Edgecombe 6' driving floating Jump Shot (17 PTS),"['pointsinthepaint', 'fromturnover']",Edgecombe,61,59,Made,True,False,1642845,,turnover,2pt missed,,,,1626162|1626164|1626220|1628415|1630178|1631109|1631221|1631230|1642845|203083,1626162|1630178|1631230|1642845|203083,1626164|1626220|1628415|1631109|1631221,38.0,54.0,1610612755.0,22500613
3,PT10M05.00S,10:05,Q3 10:05,21.916666666666668,377,2pt,MISS D. Brooks 14' pullup Shot,[],Brooks,61,59,Missed,True,False,1628415,,2pt made,rebound,,,,1626162|1626164|1626220|1628415|1630178|1631109|1631221|1631230|1642845|203083,1626164|1626220|1628415|1631109|1631221,1626162|1630178|1631230|1642845|203083,141.0,41.0,1610612756.0,22500613
3,PT10M01.00S,10:01,Q3 10:01,21.983333333333334,378,rebound,A. Drummond REBOUND (Off:3 Def:6),[],Drummond,61,59,,False,False,203083,,2pt missed,3pt made,,,,1626162|1626164|1626220|1628415|1630178|1631109|1631221|1631230|1642845|203083,1626162|1630178|1631230|1642845|203083,1626164|1626220|1628415|1631109|1631221,,,1610612755.0,22500613
3,PT09M52.00S,09:52,Q3 09:52,20.133333333333333,379,3pt,K. Oubre Jr. 24' 3PT  (20 PTS) (T. Maxey 3 AST),[],Oubre Jr.,64,59,Made,True,True,1626162,1630178.0,rebound,3pt missed,,,,1626162|1626164|1626220|1628415|1630178|1631109|1631221|1631230|1642845|203083,1626162|1630178|1631230|1642845|203083,1626164|1626220|1628415|1631109|1631221,-237.0,47.0,1610612755.0,22500613
3,PT09M27.00S,09:27,Q3 09:27,20.55,381,3pt,MISS D. Brooks 3PT,[],Brooks,64,59,Missed,True,False,1628415,,3pt made,rebound,,,,1626162|1626164|1626220|1628415|1630178|1631109|1631221|1631230|1642845|203083,1626164|1626220|1628415|1631109|1631221,1626162|1630178|1631230|1642845|203083,232.0,58.0,1610612756.0,22500613
3,PT09M23.00S,09:23,Q3 09:23,20.616666666666667,382,rebound,K. Oubre Jr. REBOUND (Off:1 Def:2),[],Oubre Jr.,64,59,,False,False,1626162,,3pt missed,2pt made,,,,1626162|1626164|1626220|1628415|1630178|1631109|1631221|1631230|1642845|203083,1626162|1630178|1631230|1642845|203083,1626164|1626220|1628415|1631109|1631221,,,1610612755.0,22500613
3,PT09M21.00S,09:21,Q3 09:21,20.65,383,2pt,D. Barlow running DUNK (6 PTS) (T. Maxey 4 AST),"['pointsinthepaint', 'fastbreak']",Barlow,66,59,Made,True,True,1631230,1630178.0,rebound,timeout,,,,1626162|1626164|1626220|1628415|1630178|1631109|1631221|1631230|1642845|203083,1626162|1630178|1631230|1642845|203083,1626164|1626220|1628415|1631109|1631221,10.0,8.0,1610612755.0,22500613
3,PT09M21.00S,09:21,Q3 09:21,20.65,385,timeout,PHX Timeout,"['team', 'mandatory']",,66,59,,False,False,0,,2pt made,3pt missed,,,,1626162|1626164|1626220|1628415|1630178|1631109|1631221|1631230|1642845|203083,1626164|1626220|1628415|1631109|1631221,1626162|1630178|1631230|1642845|203083,,,1610612756.0,22500613
3,PT09M13.00S,09:13,Q3 09:13,20.783333333333335,386,3pt,MISS D. Booker 25' pullup 3PT,[],Booker,66,59,Missed,True,False,1626164,,timeout,rebound,,,,1626162|1626164|1626220|1628415|1630178|1631109|1631221|1631230|1642845|203083,1626164|1626220|1628415|1631109|1631221,1626162|1630178|1631230|1642845|203083,33.0,255.0,1610612756.0,22500613
3,PT09M10.00S,09:10,Q3 09:10,20.833333333333332,387,rebound,M. Williams REBOUND (Off:3 Def:2),[],Williams,66,59,,False,False,1631109,,3pt missed,2pt made,,,,1626162|1626164|1626220|1628415|1630178|1631109|1631221|1631230|1642845|203083,1626164|1626220|1628415|1631109|1631221,1626162|1630178|1631230|1642845|203083,,,1610612756.0,22500613
3,PT09M10.00S,09:10,Q3 09:10,20.833333333333332,388,2pt,M. Williams tip Layup (2 PTS),"['2ndchance', 'pointsinthepaint']",Williams,66,61,Made,True,False,1631109,,rebound,2pt made,,,,1626162|1626164|1626220|1628415|1630178|1631109|1631221|1631230|1642845|203083,1626164|1626220|1628415|1631109|1631221,1626162|1630178|1631230|1642845|203083,0.0,0.0,1610612756.0,22500613
3,PT08M44.00S,08:44,Q3 08:44,19.266666666666666,389,2pt,D. Barlow driving Layup (8 PTS) (T. Maxey 5 AST),['pointsinthepaint'],Barlow,68,61,Made,True,True,1631230,1630178.0,2pt made,2pt made,,,,1626162|1626164|1626220|1628415|1630178|1631109|1631221|1631230|1642845|203083,1626162|1630178|1631230|1642845|203083,1626164|1626220|1628415|1631109|1631221,10.0,4.0,1610612755.0,22500613
3,PT08M27.00S,08:27,Q3 08:27,19.55,391,2pt,D. Booker 15' pullup Jump Shot (17 PTS),[],Booker,68,63,Made,True,False,1626164,,2pt made,3pt missed,,,,1626162|1626164|1626220|1628415|1630178|1631109|1631221|1631230|1642845|203083,1626164|1626220|1628415|1631109|1631221,1626162|1630178|1631230|1642845|203083,1.0,151.0,1610612756.0,22500613
3,PT08M12.00S,08:12,Q3 08:12,19.8,392,3pt,MISS T. Maxey 27' pullup 3PT,[],Maxey,68,63,Missed,True,False,1630178,,2pt made,rebound,,,,1626162|1626164|1626220|1628415|1630178|1631109|1631221|1631230|1642845|203083,1626162|1630178|1631230|1642845|203083,1626164|1626220|1628415|1631109|1631221,-121.0,247.0,1610612755.0,22500613
3,PT08M08.00S,08:08,Q3 08:08,19.866666666666667,393,rebound,M. Williams REBOUND (Off:3 Def:3),[],Williams,68,63,,False,False,1631109,,3pt missed,foul,,,,1626162|1626164|1626220|1628415|1630178|1631109|1631221|1631230|1642845|203083,1626164|1626220|1628415|1631109|1631221,1626162|1630178|1631230|1642845|203083,,,1610612756.0,22500613
3,PT07M53.00S,07:53,Q3 07:53,18.116666666666667,396,foul,T. Maxey shooting personal FOUL (2 PF) (Booker 2 FT),['2freethrow'],Maxey,68,63,,False,False,1630178,,rebound,freethrow,1626164.0,,,1626162|1626164|1626220|1628415|1630178|1631109|1631221|1631230|1642845|203083,1626162|1630178|1631230|1642845|203083,1626164|1626220|1628415|1631109|1631221,,,1610612755.0,22500613
3,PT07M53.00S,07:53,Q3 07:53,18.116666666666667,398,freethrow,D. Booker Free Throw 1 of 2 (18 PTS),[],Booker,68,64,Made,False,False,1626164,,foul,freethrow,,,,1626162|1626164|1626220|1628415|1630178|1631109|1631221|1631230|1642845|203083,1626164|1626220|1628415|1631109|1631221,1626162|1630178|1631230|1642845|203083,,,1610612756.0,22500613
3,PT07M53.00S,07:53,Q3 07:53,18.116666666666667,399,freethrow,D. Booker Free Throw 2 of 2 (19 PTS),[],Booker,68,65,Made,False,False,1626164,,freethrow,2pt missed,,,,1626162|1626164|1626220|1628415|1630178|1631109|1631221|1631230|1642845|203083,1626164|1626220|1628415|1631109|1631221,1626162|1630178|1631230|1642845|203083,,,1610612756.0,22500613
3,PT07M34.00S,07:34,Q3 07:34,18.433333333333334,400,2pt,MISS A. Drummond driving Layup,['pointsinthepaint'],Drummond,68,65,Missed,True,False,203083,,freethrow,rebound,,,,1626162|1626164|1626220|1628415|1630178|1631109|1631221|1631230|1642845|203083,1626162|1630178|1631230|1642845|203083,1626164|1626220|1628415|1631109|1631221,-27.0,27.0,1610612755.0,22500613
3,PT07M32.00S,07:32,Q3 07:32,18.466666666666665,401,rebound,D. Brooks REBOUND (Off:0 Def:4),[],Brooks,68,65,,False,False,1628415,,2pt missed,3pt made,,,,1626162|1626164|1626220|1628415|1630178|1631109|1631221|1631230|1642845|203083,1626164|1626220|1628415|1631109|1631221,1626162|1630178|1631230|1642845|203083,,,1610612756.0,22500613
3,PT07M29.00S,07:29,Q3 07:29,18.516666666666666,402,3pt,R. O'Neale 26' 3PT running (9 PTS) (D. Brooks 1 AST),['fastbreak'],O'Neale,68,68,Made,True,True,1626220,1628415.0,rebound,2pt missed,,,,1626162|1626164|1626220|1628415|1630178|1631109|1631221|1631230|1642845|203083,1626164|1626220|1628415|1631109|1631221,1626162|1630178|1631230|1642845|203083,-121.0,236.0,1610612756.0,22500613
3,PT07M11.00S,07:11,Q3 07:11,18.816666666666666,404,2pt,MISS T. Maxey 16' Jump Shot,[],Maxey,68,68,Missed,True,False,1630178,,3pt made,rebound,,,,1626162|1626164|1626220|1628415|1630178|1631109|1631221|1631230|1642845|203083,1626162|1630178|1631230|1642845|203083,1626164|1626220|1628415|1631109|1631221,-82.0,147.0,1610612755.0,22500613
3,PT07M10.00S,07:10,Q3 07:10,18.833333333333332,405,rebound,A. Drummond REBOUND (Off:4 Def:6),[],Drummond,68,68,,False,False,203083,,2pt missed,2pt missed,,,,1626162|1626164|1626220|1628415|1630178|1631109|1631221|1631230|1642845|203083,1626162|1630178|1631230|1642845|203083,1626164|1626220|1628415|1631109|1631221,,,1610612755.0,22500613
3,PT07M09.00S,07:09,Q3 07:09,18.85,529,2pt,MISS A. Drummond tip Layup,"['pointsinthepaint', '2ndchance']",Drummond,68,68,Missed,True,False,203083,,rebound,rebound,,,,1626162|1626164|1626220|1628415|1630178|1631109|1631221|1631230|1642845|203083,1626162|1630178|1631230|1642845|203083,1626164|1626220|1628415|1631109|1631221,6.0,6.0,1610612755.0,22500613
3,PT07M08.00S,07:08,Q3 07:08,18.866666666666667,530,rebound,D. Barlow REBOUND (Off:2 Def:2),[],Barlow,68,68,,False,False,1631230,,2pt missed,3pt made,,,,1626162|1626164|1626220|1628415|1630178|1631109|1631221|1631230|1642845|203083,1626162|1630178|1631230|1642845|203083,1626164|1626220|1628415|1631109|1631221,,,1610612755.0,22500613
3,PT07M06.00S,07:06,Q3 07:06,18.9,406,3pt,T. Maxey 26' 3PT  (7 PTS) (D. Barlow 2 AST),['2ndchance'],Maxey,71,68,Made,True,True,1630178,1631230.0,rebound,3pt made,,,,1626162|1626164|1626220|1628415|1630178|1631109|1631221|1631230|1642845|203083,1626162|1630178|1631230|1642845|203083,1626164|1626220|1628415|1631109|1631221,-213.0,165.0,1610612755.0,22500613
3,PT06M53.00S,06:53,Q3 06:53,17.116666666666667,408,3pt,D. Booker 26' 3PT  (22 PTS) (R. O'Neale 1 AST),[],Booker,71,71,Made,True,True,1626164,1626220.0,3pt made,2pt missed,,,,1626162|1626164|1626220|1628415|1630178|1631109|1631221|1631230|1642845|203083,1626164|1626220|1628415|1631109|1631221,1626162|1630178|1631230|1642845|203083,230.0,127.0,1610612756.0,22500613
3,PT06M29.00S,06:29,Q3 06:29,17.516666666666666,410,2pt,MISS T. Maxey 17' driving floating Shot,[],Maxey,71,71,Missed,True,False,1630178,,3pt made,rebound,,,,1626162|1626164|1626220|1628415|1630178|1631109|1631221|1631230|1642845|203083,1626162|1630178|1631230|1642845|203083,1626164|1626220|1628415|1631109|1631221,-33.0,169.0,1610612755.0,22500613
3,PT06M26.00S,06:26,Q3 06:26,17.566666666666666,411,rebound,D. Brooks REBOUND (Off:0 Def:5),[],Brooks,71,71,,False,False,1628415,,2pt missed,3pt missed,,,,1626162|1626164|1626220|1628415|1630178|1631109|1631221|1631230|1642845|203083,1626164|1626220|1628415|1631109|1631221,1626162|1630178|1631230|1642845|203083,,,1610612756.0,22500613
3,PT06M20.00S,06:20,Q3 06:20,17.666666666666668,412,3pt,MISS R. O'Neale 26' 3PT,[],O'Neale,71,71,Missed,True,False,1626220,,rebound,rebound,,,,1626162|1626164|1626220|1628415|1630178|1631109|1631221|1631230|1642845|203083,1626164|1626220|1628415|1631109|1631221,1626162|1630178|1631230|1642845|203083,-169.0,209.0,1610612756.0,22500613
3,PT06M17.00S,06:17,Q3 06:17,17.716666666666665,413,rebound,D. Booker REBOUND (Off:2 Def:1),[],Booker,71,71,,False,False,1626164,,3pt missed,3pt made,,,,1626162|1626164|1626220|1628415|1630178|1631109|1631221|1631230|1642845|203083,1626164|1626220|1628415|1631109|1631221,1626162|1630178|1631230|1642845|203083,,,1610612756.0,22500613
3,PT06M15.00S,06:15,Q3 06:15,17.75,414,3pt,C. Gillespie 27' 3PT  (9 PTS) (D. Booker 2 AST),['2ndchance'],Gillespie,71,74,Made,True,True,1631221,1626164.0,rebound,timeout,,,,1626162|1626164|1626220|1628415|1630178|1631109|1631221|1631230|1642845|203083,1626164|1626220|1628415|1631109|1631221,1626162|1630178|1631230|1642845|203083,11.0,274.0,1610612756.0,22500613
3,PT06M13.00S,06:13,Q3 06:13,17.783333333333335,416,timeout,PHI Timeout,"['team', 'mandatory']",,71,74,,False,False,0,,3pt made,substitution,,,,1626162|1626164|1626220|1628415|1630178|1631109|1631221|1631230|1642845|203083,1626162|1630178|1631230|1642845|203083,1626164|1626220|1628415|1631109|1631221,,,1610612755.0,22500613
3,PT06M13.00S,06:13,Q3 06:13,17.783333333333335,417,substitution,SUB out: V. Edgecombe,[],Edgecombe,71,74,,False,False,1642845,,timeout,substitution,,,,1626162|1626164|1626220|1628415|1630178|1631109|1631221|1631230|203083,1626162|1630178|1631230|203083,1626164|1626220|1628415|1631109|1631221,,,1610612755.0,22500613
3,PT06M13.00S,06:13,Q3 06:13,17.783333333333335,418,substitution,SUB out: A. Drummond,[],Drummond,71,74,,False,False,203083,,substitution,substitution,,,,1626162|1626164|1626220|1628415|1630178|1631109|1631221|1631230,1626162|1630178|1631230,1626164|1626220|1628415|1631109|1631221,,,1610612755.0,22500613
3,PT06M13.00S,06:13,Q3 06:13,17.783333333333335,419,substitution,SUB out: D. Barlow,[],Barlow,71,74,,False,False,1631230,,substitution,substitution,,,,1626162|1626164|1626220|1628415|1630178|1631109|1631221,1626162|1630178,1626164|1626220|1628415|1631109|1631221,,,1610612755.0,22500613
3,PT06M13.00S,06:13,Q3 06:13,17.783333333333335,420,substitution,SUB out: C. Gillespie,[],Gillespie,71,74,,False,False,1631221,,substitution,substitution,,,,1626162|1626164|1626220|1628415|1630178|1631109,1626164|1626220|1628415|1631109,1626162|1630178,,,1610612756.0,22500613
3,PT06M13.00S,06:13,Q3 06:13,17.783333333333335,421,substitution,SUB in: A. Bona,[],Bona,71,74,,False,False,1641737,,substitution,substitution,,,,1626162|1626164|1626220|1628415|1630178|1631109|1641737,1626162|1630178|1641737,1626164|1626220|1628415|1631109,,,1610612755.0,22500613
3,PT06M13.00S,06:13,Q3 06:13,17.783333333333335,422,substitution,SUB in: Q. Grimes,[],Grimes,71,74,,False,False,1629656,,substitution,substitution,,,,1626162|1626164|1626220|1628415|1629656|1630178|1631109|1641737,1626162|1629656|1630178|1641737,1626164|1626220|1628415|1631109,,,1610612755.0,22500613
3,PT06M13.00S,06:13,Q3 06:13,17.783333333333335,423,substitution,SUB in: J. Walker,[],Walker,71,74,,False,False,1631133,,substitution,substitution,,,,1626162|1626164|1626220|1628415|1629656|1630178|1631109|1631133|1641737,1626162|1629656|1630178|1631133|1641737,1626164|1626220|1628415|1631109,,,1610612755.0,22500613
3,PT06M13.00S,06:13,Q3 06:13,17.783333333333335,424,substitution,SUB in: G. Allen,[],Allen,71,74,,False,False,1628960,,substitution,substitution,,,,1626162|1626164|1626220|1628415|1628960|1629656|1630178|1631109|1631133|1641737,1626164|1626220|1628415|1628960|1631109,1626162|1629656|1630178|1631133|1641737,,,1610612756.0,22500613
3,PT06M13.00S,06:13,Q3 06:13,17.783333333333335,425,substitution,SUB out: M. Williams,[],Williams,71,74,,False,False,1631109,,substitution,substitution,,,,1626162|1626164|1626220|1628415|1628960|1629656|1630178|1631133|1641737,1626164|1626220|1628415|1628960,1626162|1629656|1630178|1631133|1641737,,,1610612756.0,22500613
3,PT06M13.00S,06:13,Q3 06:13,17.783333333333335,426,substitution,SUB in: O. Ighodaro,[],Ighodaro,71,74,,False,False,1642345,,substitution,foul,,,,1626162|1626164|1626220|1628415|1628960|1629656|1630178|1631133|1641737|1642345,1626164|1626220|1628415|1628960|1642345,1626162|1629656|1630178|1631133|1641737,,,1610612756.0,22500613
3,PT06M04.00S,06:04,Q3 06:04,17.933333333333334,428,foul,D. Booker shooting personal FOUL (1 PF) (Oubre Jr. 2 FT),['2freethrow'],Booker,71,74,,False,False,1626164,,substitution,freethrow,1626162.0,,,1626162|1626164|1626220|1628415|1628960|1629656|1630178|1631133|1641737|1642345,1626164|1626220|1628415|1628960|1642345,1626162|1629656|1630178|1631133|1641737,,,1610612756.0,22500613
3,PT06M04.00S,06:04,Q3 06:04,17.933333333333334,430,freethrow,MISS K. Oubre Jr. Free Throw 1 of 2,[],Oubre Jr.,71,74,Missed,False,False,1626162,,foul,rebound,,,,1626162|1626164|1626220|1628415|1628960|1629656|1630178|1631133|1641737|1642345,1626162|1629656|1630178|1631133|1641737,1626164|1626220|1628415|1628960|1642345,,,1610612755.0,22500613
3,PT06M04.00S,06:04,Q3 06:04,17.933333333333334,431,rebound,TEAM offensive REBOUND,"['deadball', 'team']",,71,74,,False,False,0,,freethrow,freethrow,,,,1626162|1626164|1626220|1628415|1628960|1629656|1630178|1631133|1641737|1642345,1626162|1629656|1630178|1631133|1641737,1626164|1626220|1628415|1628960|1642345,,,1610612755.0,22500613
3,PT06M04.00S,06:04,Q3 06:04,17.933333333333334,432,freethrow,K. Oubre Jr. Free Throw 2 of 2 (21 PTS),[],Oubre Jr.,72,74,Made,False,False,1626162,,rebound,3pt made,,,,1626162|1626164|1626220|1628415|1628960|1629656|1630178|1631133|1641737|1642345,1626162|1629656|1630178|1631133|1641737,1626164|1626220|1628415|1628960|1642345,,,1610612755.0,22500613
3,PT05M53.00S,05:53,Q3 05:53,16.116666666666667,433,3pt,D. Booker 25' 3PT  (25 PTS) (G. Allen 6 AST),[],Booker,72,77,Made,True,True,1626164,1628960.0,freethrow,foul,,,,1626162|1626164|1626220|1628415|1628960|1629656|1630178|1631133|1641737|1642345,1626164|1626220|1628415|1628960|1642345,1626162|1629656|1630178|1631133|1641737,-196.0,167.0,1610612756.0,22500613
3,PT05M34.00S,05:34,Q3 05:34,16.433333333333334,435,foul,R. O'Neale shooting personal FOUL (1 PF) (Grimes 2 FT),['2freethrow'],O'Neale,72,77,,False,False,1626220,,3pt made,freethrow,1629656.0,,,1626162|1626164|1626220|1628415|1628960|1629656|1630178|1631133|1641737|1642345,1626164|1626220|1628415|1628960|1642345,1626162|1629656|1630178|1631133|1641737,,,1610612756.0,22500613
3,PT05M34.00S,05:34,Q3 05:34,16.433333333333334,437,freethrow,Q. Grimes Free Throw 1 of 2 (5 PTS),[],Grimes,73,77,Made,False,False,1629656,,foul,freethrow,,,,1626162|1626164|1626220|1628415|1628960|1629656|1630178|1631133|1641737|1642345,1626162|1629656|1630178|1631133|1641737,1626164|1626220|1628415|1628960|1642345,,,1610612755.0,22500613
3,PT05M34.00S,05:34,Q3 05:34,16.433333333333334,442,freethrow,Q. Grimes Free Throw 2 of 2 (6 PTS),[],Grimes,74,77,Made,False,False,1629656,,freethrow,substitution,,,,1626162|1626164|1626220|1628415|1628960|1629656|1630178|1631133|1641737|1642345,1626162|1629656|1630178|1631133|1641737,1626164|1626220|1628415|1628960|1642345,,,1610612755.0,22500613
3,PT05M34.00S,05:34,Q3 05:34,16.433333333333334,438,substitution,SUB out: K. Oubre Jr.,[],Oubre Jr.,73,77,,False,False,1626162,,freethrow,substitution,,,,1626164|1626220|1628415|1628960|1629656|1630178|1631133|1641737|1642345,1629656|1630178|1631133|1641737,1626164|1626220|1628415|1628960|1642345,,,1610612755.0,22500613
3,PT05M34.00S,05:34,Q3 05:34,16.433333333333334,439,substitution,SUB out: R. O'Neale,[],O'Neale,73,77,,False,False,1626220,,substitution,substitution,,,,1626164|1628415|1628960|1629656|1630178|1631133|1641737|1642345,1626164|1628415|1628960|1642345,1629656|1630178|1631133|1641737,,,1610612756.0,22500613
3,PT05M34.00S,05:34,Q3 05:34,16.433333333333334,440,substitution,SUB in: T. Watford,[],Watford,73,77,,False,False,1630570,,substitution,substitution,,,,1626164|1628415|1628960|1629656|1630178|1630570|1631133|1641737|1642345,1629656|1630178|1630570|1631133|1641737,1626164|1628415|1628960|1642345,,,1610612755.0,22500613
3,PT05M34.00S,05:34,Q3 05:34,16.433333333333334,441,substitution,SUB in: J. Green,[],Green,73,77,,False,False,1630224,,substitution,2pt missed,,,,1626164|1628415|1628960|1629656|1630178|1630224|1630570|1631133|1641737|1642345,1626164|1628415|1628960|1630224|1642345,1629656|1630178|1630570|1631133|1641737,,,1610612756.0,22500613
3,PT05M18.00S,05:18,Q3 05:18,16.7,443,2pt,MISS D. Brooks 13' fadeaway Shot,['pointsinthepaint'],Brooks,74,77,Missed,True,False,1628415,,substitution,rebound,,,,1626164|1628415|1628960|1629656|1630178|1630224|1630570|1631133|1641737|1642345,1626164|1628415|1628960|1630224|1642345,1629656|1630178|1630570|1631133|1641737,-53.0,125.0,1610612756.0,22500613
3,PT05M14.00S,05:14,Q3 05:14,16.766666666666666,444,rebound,O. Ighodaro REBOUND (Off:1 Def:1),[],Ighodaro,74,77,,False,False,1642345,,2pt missed,3pt made,,,,1626164|1628415|1628960|1629656|1630178|1630224|1630570|1631133|1641737|1642345,1626164|1628415|1628960|1630224|1642345,1629656|1630178|1630570|1631133|1641737,,,1610612756.0,22500613
3,PT05M13.00S,05:13,Q3 05:13,16.783333333333335,445,3pt,G. Allen 25' 3PT pullup (8 PTS) (O. Ighodaro 3 AST),['2ndchance'],Allen,74,80,Made,True,True,1628960,1642345.0,rebound,3pt missed,,,,1626164|1628415|1628960|1629656|1630178|1630224|1630570|1631133|1641737|1642345,1626164|1628415|1628960|1630224|1642345,1629656|1630178|1630570|1631133|1641737,74.0,247.0,1610612756.0,22500613
3,PT04M53.00S,04:53,Q3 04:53,15.116666666666667,447,3pt,MISS J. Walker 27' 3PT,[],Walker,74,80,Missed,True,False,1631133,,3pt made,rebound,,,,1626164|1628415|1628960|1629656|1630178|1630224|1630570|1631133|1641737|1642345,1629656|1630178|1630570|1631133|1641737,1626164|1628415|1628960|1630224|1642345,-161.0,221.0,1610612755.0,22500613
3,PT04M51.00S,04:51,Q3 04:51,15.15,448,rebound,J. Walker REBOUND (Off:1 Def:0),[],Walker,74,80,,False,False,1631133,,3pt missed,foul,,,,1626164|1628415|1628960|1629656|1630178|1630224|1630570|1631133|1641737|1642345,1629656|1630178|1630570|1631133|1641737,1626164|1628415|1628960|1630224|1642345,,,1610612755.0,22500613
3,PT04M41.00S,04:41,Q3 04:41,15.316666666666666,449,foul,D. Booker personal FOUL (2 PF),[],Booker,74,80,,False,False,1626164,,rebound,foul,1630178.0,,,1626164|1628415|1628960|1629656|1630178|1630224|1630570|1631133|1641737|1642345,1626164|1628415|1628960|1630224|1642345,1629656|1630178|1630570|1631133|1641737,,,1610612756.0,22500613
3,PT04M37.00S,04:37,Q3 04:37,15.383333333333333,451,foul,A. Bona offensive FOUL (2 PF),[],Bona,74,80,,False,False,1641737,,foul,turnover,1626164.0,,,1626164|1628415|1628960|1629656|1630178|1630224|1630570|1631133|1641737|1642345,1629656|1630178|1630570|1631133|1641737,1626164|1628415|1628960|1630224|1642345,,,1610612755.0,22500613
3,PT04M37.00S,04:37,Q3 04:37,15.383333333333333,453,turnover,A. Bona offensive foul TURNOVER (3 TO),[],Bona,74,80,,False,False,1641737,,foul,3pt made,,,,1626164|1628415|1628960|1629656|1630178|1630224|1630570|1631133|1641737|1642345,1629656|1630178|1630570|1631133|1641737,1626164|1628415|1628960|1630224|1642345,,,1610612755.0,22500613
3,PT04M17.00S,04:17,Q3 04:17,15.716666666666667,454,3pt,G. Allen 26' 3PT  (11 PTS) (D. Booker 3 AST),['fromturnover'],Allen,74,83,Made,True,True,1628960,1626164.0,turnover,3pt missed,,,,1626164|1628415|1628960|1629656|1630178|1630224|1630570|1631133|1641737|1642345,1626164|1628415|1628960|1630224|1642345,1629656|1630178|1630570|1631133|1641737,-124.0,232.0,1610612756.0,22500613
3,PT04M04.00S,04:04,Q3 04:04,15.933333333333334,456,3pt,MISS Q. Grimes 26' pullup 3PT,[],Grimes,74,83,Missed,True,False,1629656,,3pt made,rebound,,,,1626164|1628415|1628960|1629656|1630178|1630224|1630570|1631133|1641737|1642345,1629656|1630178|1630570|1631133|1641737,1626164|1628415|1628960|1630224|1642345,-105.0,244.0,1610612755.0,22500613
3,PT04M01.00S,04:01,Q3 04:01,15.983333333333333,457,rebound,TEAM defensive REBOUND,['team'],,74,83,,False,False,0,,3pt missed,substitution,,,,1626164|1628415|1628960|1629656|1630178|1630224|1630570|1631133|1641737|1642345,1626164|1628415|1628960|1630224|1642345,1629656|1630178|1630570|1631133|1641737,,,1610612756.0,22500613
3,PT04M01.00S,04:01,Q3 04:01,15.983333333333333,459,substitution,SUB out: D. Brooks,[],Brooks,74,83,,False,False,1628415,,rebound,substitution,,,,1626164|1628960|1629656|1630178|1630224|1630570|1631133|1641737|1642345,1626164|1628960|1630224|1642345,1629656|1630178|1630570|1631133|1641737,,,1610612756.0,22500613
3,PT04M01.00S,04:01,Q3 04:01,15.983333333333333,460,substitution,SUB in: J. Goodwin,[],Goodwin,74,83,,False,False,1630692,,substitution,3pt missed,,,,1626164|1628960|1629656|1630178|1630224|1630570|1630692|1631133|1641737|1642345,1626164|1628960|1630224|1630692|1642345,1629656|1630178|1630570|1631133|1641737,,,1610612756.0,22500613
3,PT03M42.00S,03:42,Q3 03:42,14.3,462,3pt,MISS J. Green 3PT,[],Green,74,83,Missed,True,False,1630224,,substitution,rebound,,,,1626164|1628960|1629656|1630178|1630224|1630570|1630692|1631133|1641737|1642345,1626164|1628960|1630224|1630692|1642345,1629656|1630178|1630570|1631133|1641737,233.0,34.0,1610612756.0,22500613
3,PT03M41.00S,03:41,Q3 03:41,14.316666666666666,463,rebound,A. Bona REBOUND (Off:2 Def:2),[],Bona,74,83,,False,False,1641737,,3pt missed,turnover,,,,1626164|1628960|1629656|1630178|1630224|1630570|1630692|1631133|1641737|1642345,1629656|1630178|1630570|1631133|1641737,1626164|1628960|1630224|1630692|1642345,,,1610612755.0,22500613
3,PT03M40.00S,03:40,Q3 03:40,14.333333333333334,465,turnover,A. Bona lost ball TURNOVER (4 TO),[],Bona,74,83,,False,False,1641737,,rebound,steal,,1630692.0,,1626164|1628960|1629656|1630178|1630224|1630570|1630692|1631133|1641737|1642345,1629656|1630178|1630570|1631133|1641737,1626164|1628960|1630224|1630692|1642345,,,1610612755.0,22500613
3,PT03M40.00S,03:40,Q3 03:40,14.333333333333334,466,steal,J. Goodwin STEAL (1 STL),[],Goodwin,74,83,,False,False,1630692,,turnover,2pt missed,,,,1626164|1628960|1629656|1630178|1630224|1630570|1630692|1631133|1641737|1642345,1626164|1628960|1630224|1630692|1642345,1629656|1630178|1630570|1631133|1641737,,,1610612756.0,22500613
3,PT03M39.00S,03:39,Q3 03:39,14.35,467,2pt,MISS J. Goodwin 6' Layup,"['pointsinthepaint', 'fromturnover']",Goodwin,74,83,Missed,True,False,1630692,,steal,rebound,,,,1626164|1628960|1629656|1630178|1630224|1630570|1630692|1631133|1641737|1642345,1626164|1628960|1630224|1630692|1642345,1629656|1630178|1630570|1631133|1641737,-17.0,59.0,1610612756.0,22500613
3,PT03M36.00S,03:36,Q3 03:36,14.4,468,rebound,A. Bona REBOUND (Off:2 Def:3),[],Bona,74,83,,False,False,1641737,,2pt missed,2pt made,,,,1626164|1628960|1629656|1630178|1630224|1630570|1630692|1631133|1641737|1642345,1629656|1630178|1630570|1631133|1641737,1626164|1628960|1630224|1630692|1642345,,,1610612755.0,22500613
3,PT03M32.00S,03:32,Q3 03:32,14.466666666666667,475,2pt,T. Maxey running Layup (9 PTS) (T. Watford 1 AST),"['pointsinthepaint', 'defensivegoaltending', 'fastbreak']",Maxey,76,83,Made,True,True,1630178,1630570.0,rebound,foul,,,,1626164|1628960|1629656|1630178|1630224|1630570|1630692|1631133|1641737|1642345,1629656|1630178|1630570|1631133|1641737,1626164|1628960|1630224|1630692|1642345,7.0,17.0,1610612755.0,22500613
3,PT03M20.00S,03:20,Q3 03:20,14.666666666666666,472,foul,T. Maxey personal FOUL (3 PF),[],Maxey,76,83,,False,False,1630178,,2pt made,3pt missed,1626164.0,,,1626164|1628960|1629656|1630178|1630224|1630570|1630692|1631133|1641737|1642345,1629656|1630178|1630570|1631133|1641737,1626164|1628960|1630224|1630692|1642345,,,1610612755.0,22500613
3,PT03M10.00S,03:10,Q3 03:10,14.833333333333334,476,3pt,MISS J. Goodwin 3PT,[],Goodwin,76,83,Missed,True,False,1630692,,foul,rebound,,,,1626164|1628960|1629656|1630178|1630224|1630570|1630692|1631133|1641737|1642345,1626164|1628960|1630224|1630692|1642345,1629656|1630178|1630570|1631133|1641737,227.0,37.0,1610612756.0,22500613
3,PT03M05.00S,03:05,Q3 03:05,14.916666666666666,477,rebound,G. Allen REBOUND (Off:1 Def:2),[],Allen,76,83,,False,False,1628960,,3pt missed,2pt made,,,,1626164|1628960|1629656|1630178|1630224|1630570|1630692|1631133|1641737|1642345,1626164|1628960|1630224|1630692|1642345,1629656|1630178|1630570|1631133|1641737,,,1610612756.0,22500613
3,PT03M05.00S,03:05,Q3 03:05,14.916666666666666,478,2pt,G. Allen tip Layup (13 PTS),"['pointsinthepaint', '2ndchance']",Allen,76,85,Made,True,False,1628960,,rebound,2pt missed,,,,1626164|1628960|1629656|1630178|1630224|1630570|1630692|1631133|1641737|1642345,1626164|1628960|1630224|1630692|1642345,1629656|1630178|1630570|1631133|1641737,0.0,0.0,1610612756.0,22500613
3,PT02M54.00S,02:54,Q3 02:54,13.1,479,2pt,MISS T. Watford driving Layup,['pointsinthepaint'],Watford,76,85,Missed,True,False,1630570,,2pt made,rebound,,,,1626164|1628960|1629656|1630178|1630224|1630570|1630692|1631133|1641737|1642345,1629656|1630178|1630570|1631133|1641737,1626164|1628960|1630224|1630692|1642345,4.0,27.0,1610612755.0,22500613
3,PT02M52.00S,02:52,Q3 02:52,13.133333333333333,480,rebound,A. Bona REBOUND (Off:3 Def:3),[],Bona,76,85,,False,False,1641737,,2pt missed,2pt made,,,,1626164|1628960|1629656|1630178|1630224|1630570|1630692|1631133|1641737|1642345,1629656|1630178|1630570|1631133|1641737,1626164|1628960|1630224|1630692|1642345,,,1610612755.0,22500613
3,PT02M51.00S,02:51,Q3 02:51,13.15,483,2pt,A. Bona putback Layup (6 PTS),"['pointsinthepaint', '2ndchance']",Bona,78,85,Made,True,False,1641737,,rebound,foul,,,,1626164|1628960|1629656|1630178|1630224|1630570|1630692|1631133|1641737|1642345,1629656|1630178|1630570|1631133|1641737,1626164|1628960|1630224|1630692|1642345,10.0,48.0,1610612755.0,22500613
3,PT02M45.00S,02:45,Q3 02:45,13.25,484,foul,O. Ighodaro offensive FOUL (2 PF),[],Ighodaro,78,85,,False,False,1642345,,2pt made,turnover,1629656.0,,,1626164|1628960|1629656|1630178|1630224|1630570|1630692|1631133|1641737|1642345,1626164|1628960|1630224|1630692|1642345,1629656|1630178|1630570|1631133|1641737,,,1610612756.0,22500613
3,PT02M45.00S,02:45,Q3 02:45,13.25,486,turnover,O. Ighodaro offensive foul TURNOVER (3 TO),[],Ighodaro,78,85,,False,False,1642345,,foul,foul,,,,1626164|1628960|1629656|1630178|1630224|1630570|1630692|1631133|1641737|1642345,1626164|1628960|1630224|1630692|1642345,1629656|1630178|1630570|1631133|1641737,,,1610612756.0,22500613
3,PT02M37.00S,02:37,Q3 02:37,13.383333333333333,487,foul,J. Green personal FOUL (1 PF) (Grimes 2 FT),"['inpenalty', '2freethrow']",Green,78,85,,False,False,1630224,,turnover,freethrow,1629656.0,,,1626164|1628960|1629656|1630178|1630224|1630570|1630692|1631133|1641737|1642345,1626164|1628960|1630224|1630692|1642345,1629656|1630178|1630570|1631133|1641737,,,1610612756.0,22500613
3,PT02M37.00S,02:37,Q3 02:37,13.383333333333333,489,freethrow,Q. Grimes Free Throw 1 of 2 (7 PTS),['fromturnover'],Grimes,79,85,Made,False,False,1629656,,foul,freethrow,,,,1626164|1628960|1629656|1630178|1630224|1630570|1630692|1631133|1641737|1642345,1629656|1630178|1630570|1631133|1641737,1626164|1628960|1630224|1630692|1642345,,,1610612755.0,22500613
3,PT02M37.00S,02:37,Q3 02:37,13.383333333333333,494,freethrow,Q. Grimes Free Throw 2 of 2 (8 PTS),['fromturnover'],Grimes,80,85,Made,False,False,1629656,,freethrow,substitution,,,,1626164|1628960|1629656|1630178|1630224|1630570|1630692|1631133|1641737|1642345,1629656|1630178|1630570|1631133|1641737,1626164|1628960|1630224|1630692|1642345,,,1610612755.0,22500613
3,PT02M37.00S,02:37,Q3 02:37,13.383333333333333,490,substitution,SUB out: J. Walker,[],Walker,79,85,,False,False,1631133,,freethrow,substitution,,,,1626164|1628960|1629656|1630178|1630224|1630570|1630692|1641737|1642345,1629656|1630178|1630570|1641737,1626164|1628960|1630224|1630692|1642345,,,1610612755.0,22500613
3,PT02M37.00S,02:37,Q3 02:37,13.383333333333333,491,substitution,SUB out: D. Booker,[],Booker,79,85,,False,False,1626164,,substitution,substitution,,,,1628960|1629656|1630178|1630224|1630570|1630692|1641737|1642345,1628960|1630224|1630692|1642345,1629656|1630178|1630570|1641737,,,1610612756.0,22500613
3,PT02M37.00S,02:37,Q3 02:37,13.383333333333333,492,substitution,SUB in: J. Edwards,[],Edwards,79,85,,False,False,1642348,,substitution,substitution,,,,1628960|1629656|1630178|1630224|1630570|1630692|1641737|1642345|1642348,1629656|1630178|1630570|1641737|1642348,1628960|1630224|1630692|1642345,,,1610612755.0,22500613
3,PT02M37.00S,02:37,Q3 02:37,13.383333333333333,493,substitution,SUB in: C. Gillespie,[],Gillespie,79,85,,False,False,1631221,,substitution,turnover,,,,1628960|1629656|1630178|1630224|1630570|1630692|1631221|1641737|1642345|1642348,1628960|1630224|1630692|1631221|1642345,1629656|1630178|1630570|1641737|1642348,,,1610612756.0,22500613
3,PT02M17.00S,02:17,Q3 02:17,13.716666666666667,495,turnover,O. Ighodaro lost ball TURNOVER (4 TO),[],Ighodaro,80,85,,False,False,1642345,,substitution,steal,,1629656.0,,1628960|1629656|1630178|1630224|1630570|1630692|1631221|1641737|1642345|1642348,1628960|1630224|1630692|1631221|1642345,1629656|1630178|1630570|1641737|1642348,,,1610612756.0,22500613
3,PT02M17.00S,02:17,Q3 02:17,13.716666666666667,496,steal,Q. Grimes STEAL (2 STL),[],Grimes,80,85,,False,False,1629656,,turnover,2pt made,,,,1628960|1629656|1630178|1630224|1630570|1630692|1631221|1641737|1642345|1642348,1629656|1630178|1630570|1641737|1642348,1628960|1630224|1630692|1631221|1642345,,,1610612755.0,22500613
3,PT02M10.00S,02:10,Q3 02:10,13.833333333333334,497,2pt,A. Bona DUNK (8 PTS) (Q. Grimes 4 AST),"['pointsinthepaint', 'fromturnover']",Bona,82,85,Made,True,True,1641737,1629656.0,steal,3pt made,,,,1628960|1629656|1630178|1630224|1630570|1630692|1631221|1641737|1642345|1642348,1629656|1630178|1630570|1641737|1642348,1628960|1630224|1630692|1631221|1642345,6.0,6.0,1610612755.0,22500613
3,PT01M52.00S,01:52,Q3 01:52,12.133333333333333,499,3pt,J. Goodwin 3PT  (9 PTS) (J. Green 3 AST),[],Goodwin,82,88,Made,True,True,1630692,1630224.0,2pt made,2pt missed,,,,1628960|1629656|1630178|1630224|1630570|1630692|1631221|1641737|1642345|1642348,1628960|1630224|1630692|1631221|1642345,1629656|1630178|1630570|1641737|1642348,-221.0,19.0,1610612756.0,22500613
3,PT01M41.00S,01:41,Q3 01:41,12.316666666666666,501,2pt,MISS Q. Grimes driving Layup,['pointsinthepaint'],Grimes,82,88,Missed,True,False,1629656,,3pt made,rebound,,,,1628960|1629656|1630178|1630224|1630570|1630692|1631221|1641737|1642345|1642348,1629656|1630178|1630570|1641737|1642348,1628960|1630224|1630692|1631221|1642345,21.0,10.0,1610612755.0,22500613
3,PT01M41.00S,01:41,Q3 01:41,12.316666666666666,502,rebound,TEAM offensive REBOUND,['team'],,82,88,,False,False,0,,2pt missed,2pt missed,,,,1628960|1629656|1630178|1630224|1630570|1630692|1631221|1641737|1642345|1642348,1629656|1630178|1630570|1641737|1642348,1628960|1630224|1630692|1631221|1642345,,,1610612755.0,22500613
3,PT01M30.00S,01:30,Q3 01:30,12.5,504,2pt,MISS T. Maxey finger roll Layup,"['pointsinthepaint', '2ndchance']",Maxey,82,88,Missed,True,False,1630178,,rebound,rebound,,,,1628960|1629656|1630178|1630224|1630570|1630692|1631221|1641737|1642345|1642348,1629656|1630178|1630570|1641737|1642348,1628960|1630224|1630692|1631221|1642345,17.0,7.0,1610612755.0,22500613
3,PT01M28.00S,01:28,Q3 01:28,12.533333333333333,505,rebound,O. Ighodaro REBOUND (Off:1 Def:2),[],Ighodaro,82,88,,False,False,1642345,,2pt missed,2pt made,,,,1628960|1629656|1630178|1630224|1630570|1630692|1631221|1641737|1642345|1642348,1628960|1630224|1630692|1631221|1642345,1629656|1630178|1630570|1641737|1642348,,,1610612756.0,22500613
3,PT01M21.00S,01:21,Q3 01:21,12.65,506,2pt,J. Green driving Layup (9 PTS),['pointsinthepaint'],Green,82,90,Made,True,False,1630224,,rebound,turnover,,,,1628960|1629656|1630178|1630224|1630570|1630692|1631221|1641737|1642345|1642348,1628960|1630224|1630692|1631221|1642345,1629656|1630178|1630570|1641737|1642348,7.0,0.0,1610612756.0,22500613
3,PT01M08.00S,01:08,Q3 01:08,12.866666666666667,507,turnover,T. Watford bad pass out-of-bounds TURNOVER (1 TO),[],Watford,82,90,,False,False,1630570,,2pt made,substitution,,,,1628960|1629656|1630178|1630224|1630570|1630692|1631221|1641737|1642345|1642348,1629656|1630178|1630570|1641737|1642348,1628960|1630224|1630692|1631221|1642345,,,1610612755.0,22500613
3,PT01M08.00S,01:08,Q3 01:08,12.866666666666667,508,substitution,SUB out: T. Maxey,[],Maxey,82,90,,False,False,1630178,,turnover,substitution,,,,1628960|1629656|1630224|1630570|1630692|1631221|1641737|1642345|1642348,1629656|1630570|1641737|1642348,1628960|1630224|1630692|1631221|1642345,,,1610612755.0,22500613
3,PT01M08.00S,01:08,Q3 01:08,12.866666666666667,509,substitution,SUB in: V. Edgecombe,[],Edgecombe,82,90,,False,False,1642845,,substitution,3pt missed,,,,1628960|1629656|1630224|1630570|1630692|1631221|1641737|1642345|1642348|1642845,1629656|1630570|1641737|1642348|1642845,1628960|1630224|1630692|1631221|1642345,,,1610612755.0,22500613
3,PT00M59.10S,00:59,Q3 00:59,11.016666666666667,510,3pt,MISS J. Green 27' 3PT,['fromturnover'],Green,82,90,Missed,True,False,1630224,,substitution,rebound,,,,1628960|1629656|1630224|1630570|1630692|1631221|1641737|1642345|1642348|1642845,1628960|1630224|1630692|1631221|1642345,1629656|1630570|1641737|1642348|1642845,-74.0,269.0,1610612756.0,22500613
3,PT00M57.10S,00:57,Q3 00:57,11.05,511,rebound,G. Allen REBOUND (Off:2 Def:2),[],Allen,82,90,,False,False,1628960,,3pt missed,2pt made,,,,1628960|1629656|1630224|1630570|1630692|1631221|1641737|1642345|1642348|1642845,1628960|1630224|1630692|1631221|1642345,1629656|1630570|1641737|1642348|1642845,,,1610612756.0,22500613
3,PT00M48.80S,00:48,Q3 00:48,11.2,512,2pt,J. Goodwin driving finger roll Layup (11 PTS) (C. Gillespie 3 AST),"['pointsinthepaint', 'fromturnover', '2ndchance']",Goodwin,82,92,Made,True,True,1630692,1631221.0,rebound,foul,,,,1628960|1629656|1630224|1630570|1630692|1631221|1641737|1642345|1642348|1642845,1628960|1630224|1630692|1631221|1642345,1629656|1630570|1641737|1642348|1642845,-18.0,-4.0,1610612756.0,22500613
3,PT00M42.70S,00:42,Q3 00:42,11.3,514,foul,Q. Grimes offensive FOUL (1 PF),[],Grimes,82,92,,False,False,1629656,,2pt made,turnover,1630224.0,,,1628960|1629656|1630224|1630570|1630692|1631221|1641737|1642345|1642348|1642845,1629656|1630570|1641737|1642348|1642845,1628960|1630224|1630692|1631221|1642345,,,1610612755.0,22500613
3,PT00M42.70S,00:42,Q3 00:42,11.3,516,turnover,Q. Grimes offensive foul TURNOVER (3 TO),[],Grimes,82,92,,False,False,1629656,,foul,3pt made,,,,1628960|1629656|1630224|1630570|1630692|1631221|1641737|1642345|1642348|1642845,1629656|1630570|1641737|1642348|1642845,1628960|1630224|1630692|1631221|1642345,,,1610612755.0,22500613
3,PT00M34.10S,00:34,Q3 00:34,11.433333333333334,517,3pt,J. Green 26' 3PT step back (12 PTS),['fromturnover'],Green,82,95,Made,True,False,1630224,,turnover,foul,,,,1628960|1629656|1630224|1630570|1630692|1631221|1641737|1642345|1642348|1642845,1628960|1630224|1630692|1631221|1642345,1629656|1630570|1641737|1642348|1642845,152.0,222.0,1610612756.0,22500613
3,PT00M24.20S,00:24,Q3 00:24,11.6,519,foul,J. Goodwin personal FOUL (1 PF) (Edgecombe 2 FT),"['inpenalty', '2freethrow']",Goodwin,82,95,,False,False,1630692,,3pt made,freethrow,1642845.0,,,1628960|1629656|1630224|1630570|1630692|1631221|1641737|1642345|1642348|1642845,1628960|1630224|1630692|1631221|1642345,1629656|1630570|1641737|1642348|1642845,,,1610612756.0,22500613
3,PT00M24.20S,00:24,Q3 00:24,11.6,521,freethrow,V. Edgecombe Free Throw 1 of 2 (18 PTS),[],Edgecombe,83,95,Made,False,False,1642845,,foul,freethrow,,,,1628960|1629656|1630224|1630570|1630692|1631221|1641737|1642345|1642348|1642845,1629656|1630570|1641737|1642348|1642845,1628960|1630224|1630692|1631221|1642345,,,1610612755.0,22500613
3,PT00M24.20S,00:24,Q3 00:24,11.6,522,freethrow,V. Edgecombe Free Throw 2 of 2 (19 PTS),[],Edgecombe,84,95,Made,False,False,1642845,,freethrow,foul,,,,1628960|1629656|1630224|1630570|1630692|1631221|1641737|1642345|1642348|1642845,1629656|1630570|1641737|1642348|1642845,1628960|1630224|1630692|1631221|1642345,,,1610612755.0,22500613
3,PT00M06.20S,00:06,Q3 00:06,11.9,523,foul,T. Watford personal FOUL (1 PF),[],Watford,84,95,,False,False,1630570,,freethrow,foul,1628960.0,,,1628960|1629656|1630224|1630570|1630692|1631221|1641737|1642345|1642348|1642845,1629656|1630570|1641737|1642348|1642845,1628960|1630224|1630692|1631221|1642345,,,1610612755.0,22500613
3,PT00M06.20S,00:06,Q3 00:06,11.9,525,foul,J. Edwards personal FOUL (1 PF) (Gillespie 2 FT),"['inpenalty', '2freethrow']",Edwards,84,95,,False,False,1642348,,foul,freethrow,1631221.0,,,1628960|1629656|1630224|1630570|1630692|1631221|1641737|1642345|1642348|1642845,1629656|1630570|1641737|1642348|1642845,1628960|1630224|1630692|1631221|1642345,,,1610612755.0,22500613
3,PT00M06.20S,00:06,Q3 00:06,11.9,533,freethrow,C. Gillespie Free Throw 1 of 2 (10 PTS),[],Gillespie,84,96,Made,False,False,1631221,,foul,freethrow,,,,1628960|1629656|1630224|1630570|1630692|1631221|1641737|1642345|1642348|1642845,1628960|1630224|1630692|1631221|1642345,1629656|1630570|1641737|1642348|1642845,,,1610612756.0,22500613
3,PT00M06.20S,00:06,Q3 00:06,11.9,536,freethrow,C. Gillespie Free Throw 2 of 2 (11 PTS),[],Gillespie,84,97,Made,False,False,1631221,,freethrow,substitution,,,,1628960|1629656|1630224|1630570|1630692|1631221|1641737|1642345|1642348|1642845,1628960|1630224|1630692|1631221|1642345,1629656|1630570|1641737|1642348|1642845,,,1610612756.0,22500613
3,PT00M06.20S,00:06,Q3 00:06,11.9,531,substitution,SUB out: J. Edwards,[],Edwards,84,95,,False,False,1642348,,freethrow,substitution,,,,1628960|1629656|1630224|1630570|1630692|1631221|1641737|1642345|1642845,1629656|1630570|1641737|1642845,1628960|1630224|1630692|1631221|1642345,,,1610612755.0,22500613
3,PT00M06.20S,00:06,Q3 00:06,11.9,532,substitution,SUB in: T. Maxey,[],Maxey,84,95,,False,False,1630178,,substitution,substitution,,,,1628960|1629656|1630178|1630224|1630570|1630692|1631221|1641737|1642345|1642845,1629656|1630178|1630570|1641737|1642845,1628960|1630224|1630692|1631221|1642345,,,1610612755.0,22500613
3,PT00M06.20S,00:06,Q3 00:06,11.9,534,substitution,SUB out: J. Green,[],Green,84,96,,False,False,1630224,,substitution,substitution,,,,1628960|1629656|1630178|1630570|1630692|1631221|1641737|1642345|1642845,1628960|1630692|1631221|1642345,1629656|1630178|1630570|1641737|1642845,,,1610612756.0,22500613
3,PT00M06.20S,00:06,Q3 00:06,11.9,535,substitution,SUB in: R. Dunn,[],Dunn,84,96,,False,False,1642346,,substitution,2pt missed,,,,1628960|1629656|1630178|1630570|1630692|1631221|1641737|1642345|1642346|1642845,1628960|1630692|1631221|1642345|1642346,1629656|1630178|1630570|1641737|1642845,,,1610612756.0,22500613
3,PT00M01.00S,00:01,Q3 00:01,11.983333333333333,537,2pt,MISS A. Bona 12' floating Shot,['pointsinthepaint'],Bona,84,97,Missed,True,False,1641737,,substitution,rebound,,,,1628960|1629656|1630178|1630570|1630692|1631221|1641737|1642345|1642346|1642845,1629656|1630178|1630570|1641737|1642845,1628960|1630692|1631221|1642345|1642346,-23.0,118.0,1610612755.0,22500613
3,PT00M00.10S,00:00,Q3 00:00,12.0,538,rebound,TEAM offensive REBOUND,['team'],,84,97,,False,False,0,,2pt missed,substitution,,,,1628960|1629656|1630178|1630570|1630692|1631221|1641737|1642345|1642346|1642845,1629656|1630178|1630570|1641737|1642845,1628960|1630692|1631221|1642345|1642346,,,1610612755.0,22500613
4,PT12M00.00S,12:00,Q4 12:00,12.0,540,substitution,SUB out: Q. Grimes,['startperiod'],Grimes,84,97,,False,False,1629656,,rebound,substitution,,,,1628960|1630178|1630570|1630692|1631221|1641737|1642345|1642346|1642845,1630178|1630570|1641737|1642845,1628960|1630692|1631221|1642345|1642346,,,1610612755.0,22500613
4,PT12M00.00S,12:00,Q4 12:00,12.0,541,substitution,SUB out: T. Watford,['startperiod'],Watford,84,97,,False,False,1630570,,substitution,substitution,,,,1628960|1630178|1630692|1631221|1641737|1642345|1642346|1642845,1630178|1641737|1642845,1628960|1630692|1631221|1642345|1642346,,,1610612755.0,22500613
4,PT12M00.00S,12:00,Q4 12:00,12.0,542,substitution,SUB out: A. Bona,['startperiod'],Bona,84,97,,False,False,1641737,,substitution,substitution,,,,1628960|1630178|1630692|1631221|1642345|1642346|1642845,1630178|1642845,1628960|1630692|1631221|1642345|1642346,,,1610612755.0,22500613
4,PT12M00.00S,12:00,Q4 12:00,12.0,543,substitution,SUB in: A. Drummond,['startperiod'],Drummond,84,97,,False,False,203083,,substitution,substitution,,,,1628960|1630178|1630692|1631221|1642345|1642346|1642845|203083,1630178|1642845|203083,1628960|1630692|1631221|1642345|1642346,,,1610612755.0,22500613
4,PT12M00.00S,12:00,Q4 12:00,12.0,544,substitution,SUB in: K. Oubre Jr.,['startperiod'],Oubre Jr.,84,97,,False,False,1626162,,substitution,substitution,,,,1626162|1628960|1630178|1630692|1631221|1642345|1642346|1642845|203083,1626162|1630178|1642845|203083,1628960|1630692|1631221|1642345|1642346,,,1610612755.0,22500613
4,PT12M00.00S,12:00,Q4 12:00,12.0,545,substitution,SUB in: D. Barlow,['startperiod'],Barlow,84,97,,False,False,1631230,,substitution,3pt missed,,,,1626162|1628960|1630178|1630692|1631221|1631230|1642345|1642346|1642845|203083,1626162|1630178|1631230|1642845|203083,1628960|1630692|1631221|1642345|1642346,,,1610612755.0,22500613
4,PT11M44.00S,11:44,Q4 11:44,10.266666666666667,547,3pt,MISS G. Allen 27' 3PT,[],Allen,84,97,Missed,True,False,1628960,,substitution,rebound,,,,1626162|1628960|1630178|1630692|1631221|1631230|1642345|1642346|1642845|203083,1628960|1630692|1631221|1642345|1642346,1626162|1630178|1631230|1642845|203083,167.0,218.0,1610612756.0,22500613
4,PT11M41.00S,11:41,Q4 11:41,10.316666666666666,548,rebound,A. Drummond REBOUND (Off:4 Def:7),[],Drummond,84,97,,False,False,203083,,3pt missed,2pt made,,,,1626162|1628960|1630178|1630692|1631221|1631230|1642345|1642346|1642845|203083,1626162|1630178|1631230|1642845|203083,1628960|1630692|1631221|1642345|1642346,,,1610612755.0,22500613
4,PT11M30.00S,11:30,Q4 11:30,10.5,549,2pt,V. Edgecombe 20' pullup Jump Shot (21 PTS) (T. Maxey 6 AST),[],Edgecombe,86,97,Made,True,True,1642845,1630178.0,rebound,3pt missed,,,,1626162|1628960|1630178|1630692|1631221|1631230|1642345|1642346|1642845|203083,1626162|1630178|1631230|1642845|203083,1628960|1630692|1631221|1642345|1642346,-109.0,178.0,1610612755.0,22500613
4,PT11M13.00S,11:13,Q4 11:13,10.783333333333333,551,3pt,MISS G. Allen 25' 3PT,[],Allen,86,97,Missed,True,False,1628960,,2pt made,rebound,,,,1626162|1628960|1630178|1630692|1631221|1631230|1642345|1642346|1642845|203083,1628960|1630692|1631221|1642345|1642346,1626162|1630178|1631230|1642845|203083,-147.0,209.0,1610612756.0,22500613
4,PT11M08.00S,11:08,Q4 11:08,10.866666666666667,553,rebound,R. Dunn REBOUND (Off:1 Def:0),[],Dunn,86,97,,False,False,1642346,,3pt missed,2pt made,,,,1626162|1628960|1630178|1630692|1631221|1631230|1642345|1642346|1642845|203083,1628960|1630692|1631221|1642345|1642346,1626162|1630178|1631230|1642845|203083,,,1610612756.0,22500613
4,PT11M07.00S,11:07,Q4 11:07,10.883333333333333,554,2pt,R. Dunn putback Layup (2 PTS),"['pointsinthepaint', '2ndchance']",Dunn,86,99,Made,True,False,1642346,,rebound,foul,,,,1626162|1628960|1630178|1630692|1631221|1631230|1642345|1642346|1642845|203083,1628960|1630692|1631221|1642345|1642346,1626162|1630178|1631230|1642845|203083,-16.0,36.0,1610612756.0,22500613
4,PT11M03.00S,11:03,Q4 11:03,10.95,555,foul,A. Drummond offensive FOUL (2 PF),[],Drummond,86,99,,False,False,203083,,2pt made,turnover,1642346.0,,,1626162|1628960|1630178|1630692|1631221|1631230|1642345|1642346|1642845|203083,1626162|1630178|1631230|1642845|203083,1628960|1630692|1631221|1642345|1642346,,,1610612755.0,22500613
4,PT11M03.00S,11:03,Q4 11:03,10.95,557,turnover,A. Drummond offensive foul TURNOVER (1 TO),[],Drummond,86,99,,False,False,203083,,foul,3pt missed,,,,1626162|1628960|1630178|1630692|1631221|1631230|1642345|1642346|1642845|203083,1626162|1630178|1631230|1642845|203083,1628960|1630692|1631221|1642345|1642346,,,1610612755.0,22500613
4,PT10M52.00S,10:52,Q4 10:52,9.133333333333333,558,3pt,MISS C. Gillespie 28' 3PT,['fromturnover'],Gillespie,86,99,Missed,True,False,1631221,,turnover,rebound,,,,1626162|1628960|1630178|1630692|1631221|1631230|1642345|1642346|1642845|203083,1628960|1630692|1631221|1642345|1642346,1626162|1630178|1631230|1642845|203083,2.0,281.0,1610612756.0,22500613
4,PT10M49.00S,10:49,Q4 10:49,9.183333333333334,559,rebound,D. Barlow REBOUND (Off:2 Def:3),[],Barlow,86,99,,False,False,1631230,,3pt missed,turnover,,,,1626162|1628960|1630178|1630692|1631221|1631230|1642345|1642346|1642845|203083,1626162|1630178|1631230|1642845|203083,1628960|1630692|1631221|1642345|1642346,,,1610612755.0,22500613
4,PT10M45.00S,10:45,Q4 10:45,9.25,560,turnover,D. Barlow bad pass TURNOVER (1 TO),[],Barlow,86,99,,False,False,1631230,,rebound,steal,,1630692.0,,1626162|1628960|1630178|1630692|1631221|1631230|1642345|1642346|1642845|203083,1626162|1630178|1631230|1642845|203083,1628960|1630692|1631221|1642345|1642346,,,1610612755.0,22500613
4,PT10M45.00S,10:45,Q4 10:45,9.25,561,steal,J. Goodwin STEAL (2 STL),[],Goodwin,86,99,,False,False,1630692,,turnover,3pt missed,,,,1626162|1628960|1630178|1630692|1631221|1631230|1642345|1642346|1642845|203083,1628960|1630692|1631221|1642345|1642346,1626162|1630178|1631230|1642845|203083,,,1610612756.0,22500613
4,PT10M36.00S,10:36,Q4 10:36,9.4,562,3pt,MISS R. Dunn 24' 3PT,['fromturnover'],Dunn,86,99,Missed,True,False,1642346,,steal,rebound,,,,1626162|1628960|1630178|1630692|1631221|1631230|1642345|1642346|1642845|203083,1628960|1630692|1631221|1642345|1642346,1626162|1630178|1631230|1642845|203083,239.0,43.0,1610612756.0,22500613
4,PT10M33.00S,10:33,Q4 10:33,9.45,563,rebound,A. Drummond REBOUND (Off:4 Def:8),[],Drummond,86,99,,False,False,203083,,3pt missed,turnover,,,,1626162|1628960|1630178|1630692|1631221|1631230|1642345|1642346|1642845|203083,1626162|1630178|1631230|1642845|203083,1628960|1630692|1631221|1642345|1642346,,,1610612755.0,22500613
4,PT10M32.00S,10:32,Q4 10:32,9.466666666666667,564,turnover,A. Drummond lost ball out-of-bounds TURNOVER (2 TO),[],Drummond,86,99,,False,False,203083,,rebound,3pt missed,,,,1626162|1628960|1630178|1630692|1631221|1631230|1642345|1642346|1642845|203083,1626162|1630178|1631230|1642845|203083,1628960|1630692|1631221|1642345|1642346,,,1610612755.0,22500613
4,PT10M27.00S,10:27,Q4 10:27,9.55,565,3pt,MISS G. Allen 27' pullup 3PT,['fromturnover'],Allen,86,99,Missed,True,False,1628960,,turnover,rebound,,,,1626162|1628960|1630178|1630692|1631221|1631230|1642345|1642346|1642845|203083,1628960|1630692|1631221|1642345|1642346,1626162|1630178|1631230|1642845|203083,25.0,278.0,1610612756.0,22500613
4,PT10M25.00S,10:25,Q4 10:25,9.583333333333334,566,rebound,A. Drummond REBOUND (Off:4 Def:9),[],Drummond,86,99,,False,False,203083,,3pt missed,2pt missed,,,,1626162|1628960|1630178|1630692|1631221|1631230|1642345|1642346|1642845|203083,1626162|1630178|1631230|1642845|203083,1628960|1630692|1631221|1642345|1642346,,,1610612755.0,22500613
4,PT10M07.00S,10:07,Q4 10:07,9.883333333333333,568,2pt,MISS D. Barlow Layup - blocked,['pointsinthepaint'],Barlow,86,99,Missed,True,False,1631230,,rebound,block,,,1642345.0,1626162|1628960|1630178|1630692|1631221|1631230|1642345|1642346|1642845|203083,1626162|1630178|1631230|1642845|203083,1628960|1630692|1631221|1642345|1642346,15.0,15.0,1610612755.0,22500613
4,PT10M07.00S,10:07,Q4 10:07,9.883333333333333,569,block,O. Ighodaro BLOCK (1 BLK),[],Ighodaro,86,99,,False,False,1642345,,2pt missed,rebound,,,,1626162|1628960|1630178|1630692|1631221|1631230|1642345|1642346|1642845|203083,1628960|1630692|1631221|1642345|1642346,1626162|1630178|1631230|1642845|203083,,,1610612756.0,22500613
4,PT10M06.00S,10:06,Q4 10:06,9.9,570,rebound,TEAM offensive REBOUND,['team'],,86,99,,False,False,0,,block,substitution,,,,1626162|1628960|1630178|1630692|1631221|1631230|1642345|1642346|1642845|203083,1626162|1630178|1631230|1642845|203083,1628960|1630692|1631221|1642345|1642346,,,1610612755.0,22500613
4,PT10M06.00S,10:06,Q4 10:06,9.9,572,substitution,SUB out: G. Allen,[],Allen,86,99,,False,False,1628960,,rebound,substitution,,,,1626162|1630178|1630692|1631221|1631230|1642345|1642346|1642845|203083,1630692|1631221|1642345|1642346,1626162|1630178|1631230|1642845|203083,,,1610612756.0,22500613
4,PT10M06.00S,10:06,Q4 10:06,9.9,573,substitution,SUB out: O. Ighodaro,[],Ighodaro,86,99,,False,False,1642345,,substitution,substitution,,,,1626162|1630178|1630692|1631221|1631230|1642346|1642845|203083,1630692|1631221|1642346,1626162|1630178|1631230|1642845|203083,,,1610612756.0,22500613
4,PT10M06.00S,10:06,Q4 10:06,9.9,574,substitution,SUB in: R. O'Neale,[],O'Neale,86,99,,False,False,1626220,,substitution,substitution,,,,1626162|1626220|1630178|1630692|1631221|1631230|1642346|1642845|203083,1626220|1630692|1631221|1642346,1626162|1630178|1631230|1642845|203083,,,1610612756.0,22500613
4,PT10M06.00S,10:06,Q4 10:06,9.9,575,substitution,SUB in: M. Williams,[],Williams,86,99,,False,False,1631109,,substitution,3pt missed,,,,1626162|1626220|1630178|1630692|1631109|1631221|1631230|1642346|1642845|203083,1626220|1630692|1631109|1631221|1642346,1626162|1630178|1631230|1642845|203083,,,1610612756.0,22500613
4,PT10M03.00S,10:03,Q4 10:03,9.95,576,3pt,MISS T. Maxey 3PT,['2ndchance'],Maxey,86,99,Missed,True,False,1630178,,substitution,rebound,,,,1626162|1626220|1630178|1630692|1631109|1631221|1631230|1642346|1642845|203083,1626162|1630178|1631230|1642845|203083,1626220|1630692|1631109|1631221|1642346,-224.0,46.0,1610612755.0,22500613
4,PT09M59.00S,09:59,Q4 09:59,8.016666666666667,577,rebound,C. Gillespie REBOUND (Off:0 Def:3),[],Gillespie,86,99,,False,False,1631221,,3pt missed,3pt made,,,,1626162|1626220|1630178|1630692|1631109|1631221|1631230|1642346|1642845|203083,1626220|1630692|1631109|1631221|1642346,1626162|1630178|1631230|1642845|203083,,,1610612756.0,22500613
4,PT09M55.00S,09:55,Q4 09:55,8.083333333333334,578,3pt,J. Goodwin 27' 3PT running (14 PTS) (C. Gillespie 4 AST),['fastbreak'],Goodwin,86,102,Made,True,True,1630692,1631221.0,rebound,timeout,,,,1626162|1626220|1630178|1630692|1631109|1631221|1631230|1642346|1642845|203083,1626220|1630692|1631109|1631221|1642346,1626162|1630178|1631230|1642845|203083,199.0,184.0,1610612756.0,22500613
4,PT09M54.00S,09:54,Q4 09:54,8.1,580,timeout,PHI Timeout,"['team', 'mandatory']",,86,102,,False,False,0,,3pt made,turnover,,,,1626162|1626220|1630178|1630692|1631109|1631221|1631230|1642346|1642845|203083,1626162|1630178|1631230|1642845|203083,1626220|1630692|1631109|1631221|1642346,,,1610612755.0,22500613
4,PT09M37.00S,09:37,Q4 09:37,8.383333333333333,581,turnover,V. Edgecombe backcourt TURNOVER (4 TO),[],Edgecombe,86,102,,False,False,1642845,,timeout,timeout,,,,1626162|1626220|1630178|1630692|1631109|1631221|1631230|1642346|1642845|203083,1626162|1630178|1631230|1642845|203083,1626220|1630692|1631109|1631221|1642346,,,1610612755.0,22500613
4,PT09M37.00S,09:37,Q4 09:37,8.383333333333333,582,timeout,PHI Timeout,"['team', 'mandatory']",,86,102,,False,False,0,,turnover,foul,,,,1626162|1626220|1630178|1630692|1631109|1631221|1631230|1642346|1642845|203083,1626162|1630178|1631230|1642845|203083,1626220|1630692|1631109|1631221|1642346,,,1610612755.0,22500613
4,PT09M37.00S,09:37,Q4 09:37,8.383333333333333,584,foul,TEAM foul technical,['1freethrow'],,86,102,,False,False,203606,,timeout,freethrow,,,,1626162|1626220|1630178|1630692|1631109|1631221|1631230|1642346|1642845|203083,1626162|1630178|1631230|1642845|203083,1626220|1630692|1631109|1631221|1642346,,,1610612755.0,22500613
4,PT09M37.00S,09:37,Q4 09:37,8.383333333333333,585,freethrow,C. Gillespie technical Free Throw 1 of 1 (12 PTS),[],Gillespie,86,103,Made,False,False,1631221,,foul,foul,,,,1626162|1626220|1630178|1630692|1631109|1631221|1631230|1642346|1642845|203083,1626220|1630692|1631109|1631221|1642346,1626162|1630178|1631230|1642845|203083,,,1610612756.0,22500613
4,PT09M36.00S,09:36,Q4 09:36,8.4,586,foul,M. Williams offensive FOUL (2 PF),[],Williams,86,103,,False,False,1631109,,freethrow,turnover,1642845.0,,,1626162|1626220|1630178|1630692|1631109|1631221|1631230|1642346|1642845|203083,1626220|1630692|1631109|1631221|1642346,1626162|1630178|1631230|1642845|203083,,,1610612756.0,22500613
4,PT09M36.00S,09:36,Q4 09:36,8.4,588,turnover,M. Williams offensive foul TURNOVER (3 TO),[],Williams,86,103,,False,False,1631109,,foul,3pt missed,,,,1626162|1626220|1630178|1630692|1631109|1631221|1631230|1642346|1642845|203083,1626220|1630692|1631109|1631221|1642346,1626162|1630178|1631230|1642845|203083,,,1610612756.0,22500613
4,PT09M24.00S,09:24,Q4 09:24,8.6,589,3pt,MISS A. Drummond 3PT,['fromturnover'],Drummond,86,103,Missed,True,False,203083,,turnover,rebound,,,,1626162|1626220|1630178|1630692|1631109|1631221|1631230|1642346|1642845|203083,1626162|1630178|1631230|1642845|203083,1626220|1630692|1631109|1631221|1642346,-229.0,50.0,1610612755.0,22500613
4,PT09M22.00S,09:22,Q4 09:22,8.633333333333333,590,rebound,V. Edgecombe REBOUND (Off:1 Def:3),[],Edgecombe,86,103,,False,False,1642845,,3pt missed,2pt made,,,,1626162|1626220|1630178|1630692|1631109|1631221|1631230|1642346|1642845|203083,1626162|1630178|1631230|1642845|203083,1626220|1630692|1631109|1631221|1642346,,,1610612755.0,22500613
4,PT09M19.00S,09:19,Q4 09:19,8.683333333333334,591,2pt,V. Edgecombe 12' Jump Shot (23 PTS),"['fromturnover', '2ndchance']",Edgecombe,88,103,Made,True,False,1642845,,rebound,2pt made,,,,1626162|1626220|1630178|1630692|1631109|1631221|1631230|1642346|1642845|203083,1626162|1630178|1631230|1642845|203083,1626220|1630692|1631109|1631221|1642346,-124.0,37.0,1610612755.0,22500613
4,PT08M56.00S,08:56,Q4 08:56,7.066666666666666,592,2pt,M. Williams alley-oop DUNK (4 PTS) (R. O'Neale 2 AST),['pointsinthepaint'],Williams,88,105,Made,True,True,1631109,1626220.0,2pt made,2pt missed,,,,1626162|1626220|1630178|1630692|1631109|1631221|1631230|1642346|1642845|203083,1626220|1630692|1631109|1631221|1642346,1626162|1630178|1631230|1642845|203083,-4.0,-1.0,1610612756.0,22500613
4,PT08M41.00S,08:41,Q4 08:41,7.316666666666666,594,2pt,MISS T. Maxey 9' driving floating Shot,['pointsinthepaint'],Maxey,88,105,Missed,True,False,1630178,,2pt made,rebound,,,,1626162|1626220|1630178|1630692|1631109|1631221|1631230|1642346|1642845|203083,1626162|1630178|1631230|1642845|203083,1626220|1630692|1631109|1631221|1642346,61.0,70.0,1610612755.0,22500613
4,PT08M37.00S,08:37,Q4 08:37,7.383333333333333,595,rebound,A. Drummond REBOUND (Off:5 Def:9),[],Drummond,88,105,,False,False,203083,,2pt missed,2pt missed,,,,1626162|1626220|1630178|1630692|1631109|1631221|1631230|1642346|1642845|203083,1626162|1630178|1631230|1642845|203083,1626220|1630692|1631109|1631221|1642346,,,1610612755.0,22500613
4,PT08M35.00S,08:35,Q4 08:35,7.416666666666667,596,2pt,MISS A. Drummond putback Layup,"['2ndchance', 'pointsinthepaint']",Drummond,88,105,Missed,True,False,203083,,rebound,rebound,,,,1626162|1626220|1630178|1630692|1631109|1631221|1631230|1642346|1642845|203083,1626162|1630178|1631230|1642845|203083,1626220|1630692|1631109|1631221|1642346,0.0,0.0,1610612755.0,22500613
4,PT08M33.00S,08:33,Q4 08:33,7.45,597,rebound,A. Drummond REBOUND (Off:6 Def:9),[],Drummond,88,105,,False,False,203083,,2pt missed,2pt made,,,,1626162|1626220|1630178|1630692|1631109|1631221|1631230|1642346|1642845|203083,1626162|1630178|1631230|1642845|203083,1626220|1630692|1631109|1631221|1642346,,,1610612755.0,22500613
4,PT08M32.00S,08:32,Q4 08:32,7.466666666666667,598,2pt,A. Drummond tip Layup (8 PTS),"['2ndchance', 'pointsinthepaint']",Drummond,90,105,Made,True,False,203083,,rebound,foul,,,,1626162|1626220|1630178|1630692|1631109|1631221|1631230|1642346|1642845|203083,1626162|1630178|1631230|1642845|203083,1626220|1630692|1631109|1631221|1642346,0.0,0.0,1610612755.0,22500613
4,PT08M23.00S,08:23,Q4 08:23,7.616666666666666,599,foul,M. Williams offensive FOUL (3 PF),[],Williams,90,105,,False,False,1631109,,2pt made,turnover,1626162.0,,,1626162|1626220|1630178|1630692|1631109|1631221|1631230|1642346|1642845|203083,1626220|1630692|1631109|1631221|1642346,1626162|1630178|1631230|1642845|203083,,,1610612756.0,22500613
4,PT08M23.00S,08:23,Q4 08:23,7.616666666666666,601,turnover,M. Williams offensive foul TURNOVER (4 TO),[],Williams,90,105,,False,False,1631109,,foul,substitution,,,,1626162|1626220|1630178|1630692|1631109|1631221|1631230|1642346|1642845|203083,1626220|1630692|1631109|1631221|1642346,1626162|1630178|1631230|1642845|203083,,,1610612756.0,22500613
4,PT08M23.00S,08:23,Q4 08:23,7.616666666666666,602,substitution,SUB out: A. Drummond,[],Drummond,90,105,,False,False,203083,,turnover,substitution,,,,1626162|1626220|1630178|1630692|1631109|1631221|1631230|1642346|1642845,1626162|1630178|1631230|1642845,1626220|1630692|1631109|1631221|1642346,,,1610612755.0,22500613
4,PT08M23.00S,08:23,Q4 08:23,7.616666666666666,603,substitution,SUB out: D. Barlow,[],Barlow,90,105,,False,False,1631230,,substitution,substitution,,,,1626162|1626220|1630178|1630692|1631109|1631221|1642346|1642845,1626162|1630178|1642845,1626220|1630692|1631109|1631221|1642346,,,1610612755.0,22500613
4,PT08M23.00S,08:23,Q4 08:23,7.616666666666666,604,substitution,SUB out: R. Dunn,[],Dunn,90,105,,False,False,1642346,,substitution,substitution,,,,1626162|1626220|1630178|1630692|1631109|1631221|1642845,1626220|1630692|1631109|1631221,1626162|1630178|1642845,,,1610612756.0,22500613
4,PT08M23.00S,08:23,Q4 08:23,7.616666666666666,605,substitution,SUB in: A. Bona,[],Bona,90,105,,False,False,1641737,,substitution,substitution,,,,1626162|1626220|1630178|1630692|1631109|1631221|1641737|1642845,1626162|1630178|1641737|1642845,1626220|1630692|1631109|1631221,,,1610612755.0,22500613
4,PT08M23.00S,08:23,Q4 08:23,7.616666666666666,606,substitution,SUB in: Q. Grimes,[],Grimes,90,105,,False,False,1629656,,substitution,substitution,,,,1626162|1626220|1629656|1630178|1630692|1631109|1631221|1641737|1642845,1626162|1629656|1630178|1641737|1642845,1626220|1630692|1631109|1631221,,,1610612755.0,22500613
4,PT08M23.00S,08:23,Q4 08:23,7.616666666666666,607,substitution,SUB in: D. Booker,[],Booker,90,105,,False,False,1626164,,substitution,2pt missed,,,,1626162|1626164|1626220|1629656|1630178|1630692|1631109|1631221|1641737|1642845,1626164|1626220|1630692|1631109|1631221,1626162|1629656|1630178|1641737|1642845,,,1610612756.0,22500613
4,PT08M15.00S,08:15,Q4 08:15,7.75,608,2pt,MISS V. Edgecombe 17' pullup Shot,['fromturnover'],Edgecombe,90,105,Missed,True,False,1642845,,substitution,rebound,,,,1626162|1626164|1626220|1629656|1630178|1630692|1631109|1631221|1641737|1642845,1626162|1629656|1630178|1641737|1642845,1626164|1626220|1630692|1631109|1631221,-36.0,174.0,1610612755.0,22500613
4,PT08M14.00S,08:14,Q4 08:14,7.766666666666667,609,rebound,TEAM defensive REBOUND,['team'],,90,105,,False,False,0,,2pt missed,3pt missed,,,,1626162|1626164|1626220|1629656|1630178|1630692|1631109|1631221|1641737|1642845,1626164|1626220|1630692|1631109|1631221,1626162|1629656|1630178|1641737|1642845,,,1610612756.0,22500613
4,PT07M51.00S,07:51,Q4 07:51,6.15,611,3pt,MISS J. Goodwin 26' 3PT,[],Goodwin,90,105,Missed,True,False,1630692,,rebound,rebound,,,,1626162|1626164|1626220|1629656|1630178|1630692|1631109|1631221|1641737|1642845,1626164|1626220|1630692|1631109|1631221,1626162|1629656|1630178|1641737|1642845,235.0,124.0,1610612756.0,22500613
4,PT07M48.00S,07:48,Q4 07:48,6.2,612,rebound,M. Williams REBOUND (Off:4 Def:3),[],Williams,90,105,,False,False,1631109,,3pt missed,2pt missed,,,,1626162|1626164|1626220|1629656|1630178|1630692|1631109|1631221|1641737|1642845,1626164|1626220|1630692|1631109|1631221,1626162|1629656|1630178|1641737|1642845,,,1610612756.0,22500613
4,PT07M37.00S,07:37,Q4 07:37,6.383333333333333,616,2pt,MISS D. Booker 11' turnaround fadeaway Shot,['2ndchance'],Booker,90,105,Missed,True,False,1626164,,rebound,rebound,,,,1626162|1626164|1626220|1629656|1630178|1630692|1631109|1631221|1641737|1642845,1626164|1626220|1630692|1631109|1631221,1626162|1629656|1630178|1641737|1642845,-112.0,42.0,1610612756.0,22500613
4,PT07M34.00S,07:34,Q4 07:34,6.433333333333334,617,rebound,M. Williams REBOUND (Off:5 Def:3),[],Williams,90,105,,False,False,1631109,,2pt missed,2pt missed,,,,1626162|1626164|1626220|1629656|1630178|1630692|1631109|1631221|1641737|1642845,1626164|1626220|1630692|1631109|1631221,1626162|1629656|1630178|1641737|1642845,,,1610612756.0,22500613
4,PT07M32.00S,07:32,Q4 07:32,6.466666666666667,618,2pt,MISS M. Williams tip Layup,"['pointsinthepaint', '2ndchance']",Williams,90,105,Missed,True,False,1631109,,rebound,rebound,,,,1626162|1626164|1626220|1629656|1630178|1630692|1631109|1631221|1641737|1642845,1626164|1626220|1630692|1631109|1631221,1626162|1629656|1630178|1641737|1642845,0.0,0.0,1610612756.0,22500613
4,PT07M30.00S,07:30,Q4 07:30,6.5,619,rebound,J. Goodwin REBOUND (Off:2 Def:1),[],Goodwin,90,105,,False,False,1630692,,2pt missed,2pt made,,,,1626162|1626164|1626220|1629656|1630178|1630692|1631109|1631221|1641737|1642845,1626164|1626220|1630692|1631109|1631221,1626162|1629656|1630178|1641737|1642845,,,1610612756.0,22500613
4,PT07M30.00S,07:30,Q4 07:30,6.5,620,2pt,J. Goodwin tip Layup (16 PTS),"['pointsinthepaint', '2ndchance']",Goodwin,90,107,Made,True,False,1630692,,rebound,2pt made,,,,1626162|1626164|1626220|1629656|1630178|1630692|1631109|1631221|1641737|1642845,1626164|1626220|1630692|1631109|1631221,1626162|1629656|1630178|1641737|1642845,0.0,0.0,1610612756.0,22500613
4,PT07M14.00S,07:14,Q4 07:14,6.766666666666667,621,2pt,T. Maxey driving Layup (11 PTS),['pointsinthepaint'],Maxey,92,107,Made,True,False,1630178,,2pt made,2pt missed,,,,1626162|1626164|1626220|1629656|1630178|1630692|1631109|1631221|1641737|1642845,1626162|1629656|1630178|1641737|1642845,1626164|1626220|1630692|1631109|1631221,4.0,8.0,1610612755.0,22500613
4,PT07M01.00S,07:01,Q4 07:01,6.983333333333333,625,2pt,MISS D. Booker 13' turnaround fadeaway Shot,['pointsinthepaint'],Booker,92,107,Missed,True,False,1626164,,2pt made,rebound,,,,1626162|1626164|1626220|1629656|1630178|1630692|1631109|1631221|1641737|1642845,1626164|1626220|1630692|1631109|1631221,1626162|1629656|1630178|1641737|1642845,32.0,132.0,1610612756.0,22500613
4,PT07M00.00S,07:00,Q4 07:00,7.0,626,rebound,M. Williams REBOUND (Off:6 Def:3),[],Williams,92,107,,False,False,1631109,,2pt missed,turnover,,,,1626162|1626164|1626220|1629656|1630178|1630692|1631109|1631221|1641737|1642845,1626164|1626220|1630692|1631109|1631221,1626162|1629656|1630178|1641737|1642845,,,1610612756.0,22500613
4,PT06M59.00S,06:59,Q4 06:59,5.016666666666667,629,turnover,M. Williams offensive goaltending TURNOVER (5 TO),[],Williams,92,107,,False,False,1631109,,rebound,substitution,,,,1626162|1626164|1626220|1629656|1630178|1630692|1631109|1631221|1641737|1642845,1626164|1626220|1630692|1631109|1631221,1626162|1629656|1630178|1641737|1642845,,,1610612756.0,22500613
4,PT06M59.00S,06:59,Q4 06:59,5.016666666666667,630,substitution,SUB out: C. Gillespie,[],Gillespie,92,107,,False,False,1631221,,turnover,substitution,,,,1626162|1626164|1626220|1629656|1630178|1630692|1631109|1641737|1642845,1626164|1626220|1630692|1631109,1626162|1629656|1630178|1641737|1642845,,,1610612756.0,22500613
4,PT06M59.00S,06:59,Q4 06:59,5.016666666666667,631,substitution,SUB out: M. Williams,[],Williams,92,107,,False,False,1631109,,substitution,substitution,,,,1626162|1626164|1626220|1629656|1630178|1630692|1641737|1642845,1626164|1626220|1630692,1626162|1629656|1630178|1641737|1642845,,,1610612756.0,22500613
4,PT06M59.00S,06:59,Q4 06:59,5.016666666666667,632,substitution,SUB in: D. Brooks,[],Brooks,92,107,,False,False,1628415,,substitution,substitution,,,,1626162|1626164|1626220|1628415|1629656|1630178|1630692|1641737|1642845,1626164|1626220|1628415|1630692,1626162|1629656|1630178|1641737|1642845,,,1610612756.0,22500613
4,PT06M59.00S,06:59,Q4 06:59,5.016666666666667,633,substitution,SUB in: O. Ighodaro,[],Ighodaro,92,107,,False,False,1642345,,substitution,2pt missed,,,,1626162|1626164|1626220|1628415|1629656|1630178|1630692|1641737|1642345|1642845,1626164|1626220|1628415|1630692|1642345,1626162|1629656|1630178|1641737|1642845,,,1610612756.0,22500613
4,PT06M43.00S,06:43,Q4 06:43,5.283333333333333,634,2pt,MISS K. Oubre Jr. 20' driving floating Shot,['fromturnover'],Oubre Jr.,92,107,Missed,True,False,1626162,,substitution,rebound,,,,1626162|1626164|1626220|1628415|1629656|1630178|1630692|1641737|1642345|1642845,1626162|1629656|1630178|1641737|1642845,1626164|1626220|1628415|1630692|1642345,43.0,202.0,1610612755.0,22500613
4,PT06M41.00S,06:41,Q4 06:41,5.316666666666666,635,rebound,R. O'Neale REBOUND (Off:0 Def:3),[],O'Neale,92,107,,False,False,1626220,,2pt missed,2pt made,,,,1626162|1626164|1626220|1628415|1629656|1630178|1630692|1641737|1642345|1642845,1626164|1626220|1628415|1630692|1642345,1626162|1629656|1630178|1641737|1642845,,,1610612756.0,22500613
4,PT06M39.00S,06:39,Q4 06:39,5.35,636,2pt,O. Ighodaro 15' floating Jump Shot (12 PTS) (J. Goodwin 2 AST),[],Ighodaro,92,109,Made,True,True,1642345,1630692.0,rebound,3pt missed,,,,1626162|1626164|1626220|1628415|1629656|1630178|1630692|1641737|1642345|1642845,1626164|1626220|1628415|1630692|1642345,1626162|1629656|1630178|1641737|1642845,72.0,140.0,1610612756.0,22500613
4,PT06M26.00S,06:26,Q4 06:26,5.566666666666666,638,3pt,MISS V. Edgecombe 25' 3PT,[],Edgecombe,92,109,Missed,True,False,1642845,,2pt made,rebound,,,,1626162|1626164|1626220|1628415|1629656|1630178|1630692|1641737|1642345|1642845,1626162|1629656|1630178|1641737|1642845,1626164|1626220|1628415|1630692|1642345,55.0,253.0,1610612755.0,22500613
4,PT06M23.00S,06:23,Q4 06:23,5.616666666666666,639,rebound,J. Goodwin REBOUND (Off:2 Def:2),[],Goodwin,92,109,,False,False,1630692,,3pt missed,2pt missed,,,,1626162|1626164|1626220|1628415|1629656|1630178|1630692|1641737|1642345|1642845,1626164|1626220|1628415|1630692|1642345,1626162|1629656|1630178|1641737|1642845,,,1610612756.0,22500613
4,PT06M16.00S,06:16,Q4 06:16,5.733333333333333,640,2pt,MISS D. Booker driving reverse Layup - blocked,['pointsinthepaint'],Booker,92,109,Missed,True,False,1626164,,rebound,block,,,1641737.0,1626162|1626164|1626220|1628415|1629656|1630178|1630692|1641737|1642345|1642845,1626164|1626220|1628415|1630692|1642345,1626162|1629656|1630178|1641737|1642845,-22.0,22.0,1610612756.0,22500613
4,PT06M16.00S,06:16,Q4 06:16,5.733333333333333,641,block,A. Bona BLOCK (2 BLK),[],Bona,92,109,,False,False,1641737,,2pt missed,rebound,,,,1626162|1626164|1626220|1628415|1629656|1630178|1630692|1641737|1642345|1642845,1626162|1629656|1630178|1641737|1642845,1626164|1626220|1628415|1630692|1642345,,,1610612755.0,22500613
4,PT06M12.00S,06:12,Q4 06:12,5.8,642,rebound,A. Bona REBOUND (Off:3 Def:4),[],Bona,92,109,,False,False,1641737,,block,3pt made,,,,1626162|1626164|1626220|1628415|1629656|1630178|1630692|1641737|1642345|1642845,1626162|1629656|1630178|1641737|1642845,1626164|1626220|1628415|1630692|1642345,,,1610612755.0,22500613
4,PT06M10.00S,06:10,Q4 06:10,5.833333333333333,643,3pt,T. Maxey 27' 3PT running pullup (14 PTS),['fastbreak'],Maxey,95,109,Made,True,False,1630178,,rebound,turnover,,,,1626162|1626164|1626220|1628415|1629656|1630178|1630692|1641737|1642345|1642845,1626162|1629656|1630178|1641737|1642845,1626164|1626220|1628415|1630692|1642345,118.0,249.0,1610612755.0,22500613
4,PT05M49.00S,05:49,Q4 05:49,4.183333333333334,644,turnover,R. O'Neale bad pass TURNOVER (1 TO),[],O'Neale,95,109,,False,False,1626220,,3pt made,steal,,1629656.0,,1626162|1626164|1626220|1628415|1629656|1630178|1630692|1641737|1642345|1642845,1626164|1626220|1628415|1630692|1642345,1626162|1629656|1630178|1641737|1642845,,,1610612756.0,22500613
4,PT05M49.00S,05:49,Q4 05:49,4.183333333333334,645,steal,Q. Grimes STEAL (3 STL),[],Grimes,95,109,,False,False,1629656,,turnover,3pt made,,,,1626162|1626164|1626220|1628415|1629656|1630178|1630692|1641737|1642345|1642845,1626162|1629656|1630178|1641737|1642845,1626164|1626220|1628415|1630692|1642345,,,1610612755.0,22500613
4,PT05M40.00S,05:40,Q4 05:40,4.333333333333333,646,3pt,Q. Grimes 26' 3PT  (11 PTS) (T. Maxey 7 AST),['fromturnover'],Grimes,98,109,Made,True,True,1629656,1630178.0,steal,timeout,,,,1626162|1626164|1626220|1628415|1629656|1630178|1630692|1641737|1642345|1642845,1626162|1629656|1630178|1641737|1642845,1626164|1626220|1628415|1630692|1642345,-168.0,201.0,1610612755.0,22500613
4,PT05M39.00S,05:39,Q4 05:39,4.35,648,timeout,PHX Timeout,['team'],,98,109,,False,False,0,,3pt made,substitution,,,,1626162|1626164|1626220|1628415|1629656|1630178|1630692|1641737|1642345|1642845,1626164|1626220|1628415|1630692|1642345,1626162|1629656|1630178|1641737|1642845,,,1610612756.0,22500613
4,PT05M39.00S,05:39,Q4 05:39,4.35,649,substitution,SUB out: R. O'Neale,[],O'Neale,98,109,,False,False,1626220,,timeout,substitution,,,,1626162|1626164|1628415|1629656|1630178|1630692|1641737|1642345|1642845,1626164|1628415|1630692|1642345,1626162|1629656|1630178|1641737|1642845,,,1610612756.0,22500613
4,PT05M39.00S,05:39,Q4 05:39,4.35,650,substitution,SUB out: J. Goodwin,[],Goodwin,98,109,,False,False,1630692,,substitution,substitution,,,,1626162|1626164|1628415|1629656|1630178|1641737|1642345|1642845,1626164|1628415|1642345,1626162|1629656|1630178|1641737|1642845,,,1610612756.0,22500613
4,PT05M39.00S,05:39,Q4 05:39,4.35,651,substitution,SUB in: J. Green,[],Green,98,109,,False,False,1630224,,substitution,substitution,,,,1626162|1626164|1628415|1629656|1630178|1630224|1641737|1642345|1642845,1626164|1628415|1630224|1642345,1626162|1629656|1630178|1641737|1642845,,,1610612756.0,22500613
4,PT05M39.00S,05:39,Q4 05:39,4.35,652,substitution,SUB in: G. Allen,[],Allen,98,109,,False,False,1628960,,substitution,turnover,,,,1626162|1626164|1628415|1628960|1629656|1630178|1630224|1641737|1642345|1642845,1626164|1628415|1628960|1630224|1642345,1626162|1629656|1630178|1641737|1642845,,,1610612756.0,22500613
4,PT05M23.00S,05:23,Q4 05:23,4.616666666666666,653,turnover,D. Booker lost ball out-of-bounds TURNOVER (5 TO),[],Booker,98,109,,False,False,1626164,,substitution,foul,,,,1626162|1626164|1628415|1628960|1629656|1630178|1630224|1641737|1642345|1642845,1626164|1628415|1628960|1630224|1642345,1626162|1629656|1630178|1641737|1642845,,,1610612756.0,22500613
4,PT05M17.00S,05:17,Q4 05:17,4.716666666666667,654,foul,D. Booker shooting personal FOUL (3 PF) (Maxey 2 FT),['2freethrow'],Booker,98,109,,False,False,1626164,,turnover,freethrow,1630178.0,,,1626162|1626164|1628415|1628960|1629656|1630178|1630224|1641737|1642345|1642845,1626164|1628415|1628960|1630224|1642345,1626162|1629656|1630178|1641737|1642845,,,1610612756.0,22500613
4,PT05M17.00S,05:17,Q4 05:17,4.716666666666667,656,freethrow,MISS T. Maxey Free Throw 1 of 2,['fromturnover'],Maxey,98,109,Missed,False,False,1630178,,foul,rebound,,,,1626162|1626164|1628415|1628960|1629656|1630178|1630224|1641737|1642345|1642845,1626162|1629656|1630178|1641737|1642845,1626164|1628415|1628960|1630224|1642345,,,1610612755.0,22500613
4,PT05M17.00S,05:17,Q4 05:17,4.716666666666667,657,rebound,TEAM offensive REBOUND,"['deadball', 'team']",,98,109,,False,False,0,,freethrow,freethrow,,,,1626162|1626164|1628415|1628960|1629656|1630178|1630224|1641737|1642345|1642845,1626162|1629656|1630178|1641737|1642845,1626164|1628415|1628960|1630224|1642345,,,1610612755.0,22500613
4,PT05M17.00S,05:17,Q4 05:17,4.716666666666667,658,freethrow,T. Maxey Free Throw 2 of 2 (15 PTS),['fromturnover'],Maxey,99,109,Made,False,False,1630178,,rebound,2pt missed,,,,1626162|1626164|1628415|1628960|1629656|1630178|1630224|1641737|1642345|1642845,1626162|1629656|1630178|1641737|1642845,1626164|1628415|1628960|1630224|1642345,,,1610612755.0,22500613
4,PT05M04.00S,05:04,Q4 05:04,4.933333333333334,659,2pt,MISS J. Green driving finger roll Layup,['pointsinthepaint'],Green,99,109,Missed,True,False,1630224,,freethrow,rebound,,,,1626162|1626164|1628415|1628960|1629656|1630178|1630224|1641737|1642345|1642845,1626164|1628415|1628960|1630224|1642345,1626162|1629656|1630178|1641737|1642845,-22.0,0.0,1610612756.0,22500613
4,PT05M02.00S,05:02,Q4 05:02,4.966666666666667,660,rebound,T. Maxey REBOUND (Off:0 Def:1),[],Maxey,99,109,,False,False,1630178,,2pt missed,2pt missed,,,,1626162|1626164|1628415|1628960|1629656|1630178|1630224|1641737|1642345|1642845,1626162|1629656|1630178|1641737|1642845,1626164|1628415|1628960|1630224|1642345,,,1610612755.0,22500613
4,PT04M58.00S,04:58,Q4 04:58,3.033333333333333,661,2pt,MISS T. Maxey running finger roll Layup,"['pointsinthepaint', 'fastbreak']",Maxey,99,109,Missed,True,False,1630178,,rebound,rebound,,,,1626162|1626164|1628415|1628960|1629656|1630178|1630224|1641737|1642345|1642845,1626162|1629656|1630178|1641737|1642845,1626164|1628415|1628960|1630224|1642345,23.0,17.0,1610612755.0,22500613
4,PT04M55.00S,04:55,Q4 04:55,3.0833333333333335,662,rebound,V. Edgecombe REBOUND (Off:2 Def:3),[],Edgecombe,99,109,,False,False,1642845,,2pt missed,2pt made,,,,1626162|1626164|1628415|1628960|1629656|1630178|1630224|1641737|1642345|1642845,1626162|1629656|1630178|1641737|1642845,1626164|1628415|1628960|1630224|1642345,,,1610612755.0,22500613
4,PT04M53.00S,04:53,Q4 04:53,3.1166666666666667,663,2pt,V. Edgecombe putback Layup (25 PTS),"['2ndchance', 'pointsinthepaint']",Edgecombe,101,109,Made,True,False,1642845,,rebound,3pt made,,,,1626162|1626164|1628415|1628960|1629656|1630178|1630224|1641737|1642345|1642845,1626162|1629656|1630178|1641737|1642845,1626164|1628415|1628960|1630224|1642345,0.0,0.0,1610612755.0,22500613
4,PT04M36.00S,04:36,Q4 04:36,3.4,664,3pt,G. Allen 3PT  (16 PTS) (D. Booker 4 AST),[],Allen,101,112,Made,True,True,1628960,1626164.0,2pt made,3pt missed,,,,1626162|1626164|1628415|1628960|1629656|1630178|1630224|1641737|1642345|1642845,1626164|1628415|1628960|1630224|1642345,1626162|1629656|1630178|1641737|1642845,-224.0,21.0,1610612756.0,22500613
4,PT04M24.00S,04:24,Q4 04:24,3.6,666,3pt,MISS K. Oubre Jr. 27' pullup 3PT,[],Oubre Jr.,101,112,Missed,True,False,1626162,,3pt made,rebound,,,,1626162|1626164|1628415|1628960|1629656|1630178|1630224|1641737|1642345|1642845,1626162|1629656|1630178|1641737|1642845,1626164|1628415|1628960|1630224|1642345,-141.0,242.0,1610612755.0,22500613
4,PT04M21.00S,04:21,Q4 04:21,3.65,667,rebound,V. Edgecombe REBOUND (Off:3 Def:3),[],Edgecombe,101,112,,False,False,1642845,,3pt missed,3pt missed,,,,1626162|1626164|1628415|1628960|1629656|1630178|1630224|1641737|1642345|1642845,1626162|1629656|1630178|1641737|1642845,1626164|1628415|1628960|1630224|1642345,,,1610612755.0,22500613
4,PT04M16.00S,04:16,Q4 04:16,3.7333333333333334,668,3pt,MISS T. Maxey 25' 3PT,['2ndchance'],Maxey,101,112,Missed,True,False,1630178,,rebound,rebound,,,,1626162|1626164|1628415|1628960|1629656|1630178|1630224|1641737|1642345|1642845,1626162|1629656|1630178|1641737|1642845,1626164|1628415|1628960|1630224|1642345,244.0,64.0,1610612755.0,22500613
4,PT04M13.00S,04:13,Q4 04:13,3.783333333333333,669,rebound,O. Ighodaro REBOUND (Off:1 Def:3),[],Ighodaro,101,112,,False,False,1642345,,3pt missed,3pt missed,,,,1626162|1626164|1628415|1628960|1629656|1630178|1630224|1641737|1642345|1642845,1626164|1628415|1628960|1630224|1642345,1626162|1629656|1630178|1641737|1642845,,,1610612756.0,22500613
4,PT04M08.00S,04:08,Q4 04:08,3.8666666666666667,670,3pt,MISS D. Booker 26' running 3PT,['fastbreak'],Booker,101,112,Missed,True,False,1626164,,rebound,rebound,,,,1626162|1626164|1628415|1628960|1629656|1630178|1630224|1641737|1642345|1642845,1626164|1628415|1628960|1630224|1642345,1626162|1629656|1630178|1641737|1642845,-168.0,209.0,1610612756.0,22500613
4,PT04M06.00S,04:06,Q4 04:06,3.9,671,rebound,V. Edgecombe REBOUND (Off:3 Def:4),[],Edgecombe,101,112,,False,False,1642845,,3pt missed,2pt made,,,,1626162|1626164|1628415|1628960|1629656|1630178|1630224|1641737|1642345|1642845,1626162|1629656|1630178|1641737|1642845,1626164|1628415|1628960|1630224|1642345,,,1610612755.0,22500613
4,PT03M58.00S,03:58,Q4 03:58,2.033333333333333,672,2pt,T. Maxey driving finger roll Layup (17 PTS) (Q. Grimes 5 AST),['pointsinthepaint'],Maxey,103,112,Made,True,True,1630178,1629656.0,rebound,2pt missed,,,,1626162|1626164|1628415|1628960|1629656|1630178|1630224|1641737|1642345|1642845,1626162|1629656|1630178|1641737|1642845,1626164|1628415|1628960|1630224|1642345,-15.0,6.0,1610612755.0,22500613
4,PT03M32.00S,03:32,Q4 03:32,2.466666666666667,674,2pt,MISS D. Brooks 11' turnaround fadeaway Shot,['pointsinthepaint'],Brooks,103,112,Missed,True,False,1628415,,2pt made,rebound,,,,1626162|1626164|1628415|1628960|1629656|1630178|1630224|1641737|1642345|1642845,1626164|1628415|1628960|1630224|1642345,1626162|1629656|1630178|1641737|1642845,-31.0,115.0,1610612756.0,22500613
4,PT03M31.00S,03:31,Q4 03:31,2.4833333333333334,675,rebound,A. Bona REBOUND (Off:3 Def:5),[],Bona,103,112,,False,False,1641737,,2pt missed,2pt missed,,,,1626162|1626164|1628415|1628960|1629656|1630178|1630224|1641737|1642345|1642845,1626162|1629656|1630178|1641737|1642845,1626164|1628415|1628960|1630224|1642345,,,1610612755.0,22500613
4,PT03M25.00S,03:25,Q4 03:25,2.5833333333333335,676,2pt,MISS V. Edgecombe running Layup,"['pointsinthepaint', 'fastbreak']",Edgecombe,103,112,Missed,True,False,1642845,,rebound,rebound,,,,1626162|1626164|1628415|1628960|1629656|1630178|1630224|1641737|1642345|1642845,1626162|1629656|1630178|1641737|1642845,1626164|1628415|1628960|1630224|1642345,-18.0,10.0,1610612755.0,22500613
4,PT03M23.00S,03:23,Q4 03:23,2.6166666666666667,677,rebound,A. Bona REBOUND (Off:4 Def:5),[],Bona,103,112,,False,False,1641737,,2pt missed,2pt made,,,,1626162|1626164|1628415|1628960|1629656|1630178|1630224|1641737|1642345|1642845,1626162|1629656|1630178|1641737|1642845,1626164|1628415|1628960|1630224|1642345,,,1610612755.0,22500613
4,PT03M23.00S,03:23,Q4 03:23,2.6166666666666667,678,2pt,A. Bona putback Layup (10 PTS),"['pointsinthepaint', '2ndchance']",Bona,105,112,Made,True,False,1641737,,rebound,timeout,,,,1626162|1626164|1628415|1628960|1629656|1630178|1630224|1641737|1642345|1642845,1626162|1629656|1630178|1641737|1642845,1626164|1628415|1628960|1630224|1642345,0.0,0.0,1610612755.0,22500613
4,PT03M23.00S,03:23,Q4 03:23,2.6166666666666667,679,timeout,PHX Timeout,['team'],,105,112,,False,False,0,,2pt made,2pt missed,,,,1626162|1626164|1628415|1628960|1629656|1630178|1630224|1641737|1642345|1642845,1626164|1628415|1628960|1630224|1642345,1626162|1629656|1630178|1641737|1642845,,,1610612756.0,22500613
4,PT03M09.00S,03:09,Q4 03:09,2.85,680,2pt,MISS J. Green driving reverse Layup,['pointsinthepaint'],Green,105,112,Missed,True,False,1630224,,timeout,rebound,,,,1626162|1626164|1628415|1628960|1629656|1630178|1630224|1641737|1642345|1642845,1626164|1628415|1628960|1630224|1642345,1626162|1629656|1630178|1641737|1642845,-9.0,0.0,1610612756.0,22500613
4,PT03M07.00S,03:07,Q4 03:07,2.8833333333333333,681,rebound,K. Oubre Jr. REBOUND (Off:1 Def:3),[],Oubre Jr.,105,112,,False,False,1626162,,2pt missed,turnover,,,,1626162|1626164|1628415|1628960|1629656|1630178|1630224|1641737|1642345|1642845,1626162|1629656|1630178|1641737|1642845,1626164|1628415|1628960|1630224|1642345,,,1610612755.0,22500613
4,PT03M04.00S,03:04,Q4 03:04,2.933333333333333,682,turnover,K. Oubre Jr. lost ball out-of-bounds TURNOVER (2 TO),[],Oubre Jr.,105,112,,False,False,1626162,,rebound,2pt made,,,,1626162|1626164|1628415|1628960|1629656|1630178|1630224|1641737|1642345|1642845,1626162|1629656|1630178|1641737|1642845,1626164|1628415|1628960|1630224|1642345,,,1610612755.0,22500613
4,PT02M42.00S,02:42,Q4 02:42,1.3,683,2pt,D. Booker 13' turnaround fadeaway Jump Shot (27 PTS),"['pointsinthepaint', 'fromturnover']",Booker,105,114,Made,True,False,1626164,,turnover,2pt missed,,,,1626162|1626164|1628415|1628960|1629656|1630178|1630224|1641737|1642345|1642845,1626164|1628415|1628960|1630224|1642345,1626162|1629656|1630178|1641737|1642845,-22.0,137.0,1610612756.0,22500613
4,PT02M23.00S,02:23,Q4 02:23,1.6166666666666667,684,2pt,MISS V. Edgecombe 19' turnaround fadeaway Shot,[],Edgecombe,105,114,Missed,True,False,1642845,,2pt made,rebound,,,,1626162|1626164|1628415|1628960|1629656|1630178|1630224|1641737|1642345|1642845,1626162|1629656|1630178|1641737|1642845,1626164|1628415|1628960|1630224|1642345,-88.0,178.0,1610612755.0,22500613
4,PT02M19.00S,02:19,Q4 02:19,1.6833333333333333,685,rebound,G. Allen REBOUND (Off:2 Def:3),[],Allen,105,114,,False,False,1628960,,2pt missed,foul,,,,1626162|1626164|1628415|1628960|1629656|1630178|1630224|1641737|1642345|1642845,1626164|1628415|1628960|1630224|1642345,1626162|1629656|1630178|1641737|1642845,,,1610612756.0,22500613
4,PT02M03.00S,02:03,Q4 02:03,1.95,686,foul,V. Edgecombe personal FOUL (3 PF),[],Edgecombe,105,114,,False,False,1642845,,rebound,3pt missed,1628415.0,,,1626162|1626164|1628415|1628960|1629656|1630178|1630224|1641737|1642345|1642845,1626162|1629656|1630178|1641737|1642845,1626164|1628415|1628960|1630224|1642345,,,1610612755.0,22500613
4,PT01M54.00S,01:54,Q4 01:54,0.09999999999999998,688,3pt,MISS D. Brooks 3PT,[],Brooks,105,114,Missed,True,False,1628415,,foul,rebound,,,,1626162|1626164|1628415|1628960|1629656|1630178|1630224|1641737|1642345|1642845,1626164|1628415|1628960|1630224|1642345,1626162|1629656|1630178|1641737|1642845,-225.0,14.0,1610612756.0,22500613
4,PT01M52.00S,01:52,Q4 01:52,0.1333333333333333,689,rebound,TEAM offensive REBOUND,['team'],,105,114,,False,False,0,,3pt missed,2pt missed,,,,1626162|1626164|1628415|1628960|1629656|1630178|1630224|1641737|1642345|1642845,1626164|1628415|1628960|1630224|1642345,1626162|1629656|1630178|1641737|1642845,,,1610612756.0,22500613
4,PT01M41.00S,01:41,Q4 01:41,0.31666666666666665,691,2pt,MISS D. Booker 13' turnaround fadeaway Shot,['2ndchance'],Booker,105,114,Missed,True,False,1626164,,rebound,rebound,,,,1626162|1626164|1628415|1628960|1629656|1630178|1630224|1641737|1642345|1642845,1626164|1628415|1628960|1630224|1642345,1626162|1629656|1630178|1641737|1642845,136.0,15.0,1610612756.0,22500613
4,PT01M38.00S,01:38,Q4 01:38,0.3666666666666667,692,rebound,T. Maxey REBOUND (Off:0 Def:2),[],Maxey,105,114,,False,False,1630178,,2pt missed,2pt missed,,,,1626162|1626164|1628415|1628960|1629656|1630178|1630224|1641737|1642345|1642845,1626162|1629656|1630178|1641737|1642845,1626164|1628415|1628960|1630224|1642345,,,1610612755.0,22500613
4,PT01M36.00S,01:36,Q4 01:36,0.4,693,2pt,MISS T. Maxey running Layup,"['fastbreak', 'pointsinthepaint']",Maxey,105,114,Missed,True,False,1630178,,rebound,rebound,,,,1626162|1626164|1628415|1628960|1629656|1630178|1630224|1641737|1642345|1642845,1626162|1629656|1630178|1641737|1642845,1626164|1628415|1628960|1630224|1642345,12.0,10.0,1610612755.0,22500613
4,PT01M35.00S,01:35,Q4 01:35,0.41666666666666663,694,rebound,TEAM defensive REBOUND,['team'],,105,114,,False,False,0,,2pt missed,2pt missed,,,,1626162|1626164|1628415|1628960|1629656|1630178|1630224|1641737|1642345|1642845,1626164|1628415|1628960|1630224|1642345,1626162|1629656|1630178|1641737|1642845,,,1610612756.0,22500613
4,PT01M16.00S,01:16,Q4 01:16,0.7333333333333334,696,2pt,MISS O. Ighodaro 13' floating Shot,[],Ighodaro,105,114,Missed,True,False,1642345,,rebound,rebound,,,,1626162|1626164|1628415|1628960|1629656|1630178|1630224|1641737|1642345|1642845,1626164|1628415|1628960|1630224|1642345,1626162|1629656|1630178|1641737|1642845,-5.0,140.0,1610612756.0,22500613
4,PT01M14.00S,01:14,Q4 01:14,0.7666666666666666,698,rebound,O. Ighodaro REBOUND (Off:2 Def:3),[],Ighodaro,105,114,,False,False,1642345,,2pt missed,2pt missed,,,,1626162|1626164|1628415|1628960|1629656|1630178|1630224|1641737|1642345|1642845,1626164|1628415|1628960|1630224|1642345,1626162|1629656|1630178|1641737|1642845,,,1610612756.0,22500613
4,PT01M11.00S,01:11,Q4 01:11,0.8166666666666667,699,2pt,MISS D. Booker 15' pullup Shot,['2ndchance'],Booker,105,114,Missed,True,False,1626164,,rebound,rebound,,,,1626162|1626164|1628415|1628960|1629656|1630178|1630224|1641737|1642345|1642845,1626164|1628415|1628960|1630224|1642345,1626162|1629656|1630178|1641737|1642845,-100.0,119.0,1610612756.0,22500613
4,PT01M10.00S,01:10,Q4 01:10,0.8333333333333334,700,rebound,Q. Grimes REBOUND (Off:0 Def:4),[],Grimes,105,114,,False,False,1629656,,2pt missed,foul,,,,1626162|1626164|1628415|1628960|1629656|1630178|1630224|1641737|1642345|1642845,1626162|1629656|1630178|1641737|1642845,1626164|1628415|1628960|1630224|1642345,,,1610612755.0,22500613
4,PT01M05.00S,01:05,Q4 01:05,0.9166666666666666,701,foul,D. Booker shooting personal FOUL (4 PF) (Grimes 2 FT),['2freethrow'],Booker,105,114,,False,False,1626164,,rebound,freethrow,1629656.0,,,1626162|1626164|1628415|1628960|1629656|1630178|1630224|1641737|1642345|1642845,1626164|1628415|1628960|1630224|1642345,1626162|1629656|1630178|1641737|1642845,,,1610612756.0,22500613
4,PT01M05.00S,01:05,Q4 01:05,0.9166666666666666,703,freethrow,Q. Grimes Free Throw 1 of 2 (12 PTS),['fastbreak'],Grimes,106,114,Made,False,False,1629656,,foul,freethrow,,,,1626162|1626164|1628415|1628960|1629656|1630178|1630224|1641737|1642345|1642845,1626162|1629656|1630178|1641737|1642845,1626164|1628415|1628960|1630224|1642345,,,1610612755.0,22500613
4,PT01M05.00S,01:05,Q4 01:05,0.9166666666666666,704,freethrow,MISS Q. Grimes Free Throw 2 of 2,['fastbreak'],Grimes,106,114,Missed,False,False,1629656,,freethrow,rebound,,,,1626162|1626164|1628415|1628960|1629656|1630178|1630224|1641737|1642345|1642845,1626162|1629656|1630178|1641737|1642845,1626164|1628415|1628960|1630224|1642345,,,1610612755.0,22500613
4,PT01M04.00S,01:04,Q4 01:04,0.9333333333333333,705,rebound,A. Bona REBOUND (Off:5 Def:5),[],Bona,106,114,,False,False,1641737,,freethrow,foul,,,,1626162|1626164|1628415|1628960|1629656|1630178|1630224|1641737|1642345|1642845,1626162|1629656|1630178|1641737|1642845,1626164|1628415|1628960|1630224|1642345,,,1610612755.0,22500613
4,PT01M04.00S,01:04,Q4 01:04,0.9333333333333333,706,foul,O. Ighodaro shooting personal FOUL (3 PF) (Bona 2 FT),"['inpenalty', '2freethrow']",Ighodaro,106,114,,False,False,1642345,,rebound,freethrow,1641737.0,,,1626162|1626164|1628415|1628960|1629656|1630178|1630224|1641737|1642345|1642845,1626164|1628415|1628960|1630224|1642345,1626162|1629656|1630178|1641737|1642845,,,1610612756.0,22500613
4,PT01M04.00S,01:04,Q4 01:04,0.9333333333333333,708,freethrow,MISS A. Bona Free Throw 1 of 2,['2ndchance'],Bona,106,114,Missed,False,False,1641737,,foul,rebound,,,,1626162|1626164|1628415|1628960|1629656|1630178|1630224|1641737|1642345|1642845,1626162|1629656|1630178|1641737|1642845,1626164|1628415|1628960|1630224|1642345,,,1610612755.0,22500613
4,PT01M04.00S,01:04,Q4 01:04,0.9333333333333333,711,rebound,TEAM offensive REBOUND,"['deadball', 'team']",,106,114,,False,False,0,,freethrow,freethrow,,,,1626162|1626164|1628415|1628960|1629656|1630178|1630224|1641737|1642345|1642845,1626162|1629656|1630178|1641737|1642845,1626164|1628415|1628960|1630224|1642345,,,1610612755.0,22500613
4,PT01M04.00S,01:04,Q4 01:04,0.9333333333333333,710,freethrow,A. Bona Free Throw 2 of 2 (11 PTS),['2ndchance'],Bona,107,114,Made,False,False,1641737,,rebound,foul,,,,1626162|1626164|1628415|1628960|1629656|1630178|1630224|1641737|1642345|1642845,1626162|1629656|1630178|1641737|1642845,1626164|1628415|1628960|1630224|1642345,,,1610612755.0,22500613
4,PT01M00.00S,01:00,Q4 01:00,1.0,712,foul,Q. Grimes personal FOUL (2 PF),[],Grimes,107,114,,False,False,1629656,,freethrow,turnover,1628960.0,,,1626162|1626164|1628415|1628960|1629656|1630178|1630224|1641737|1642345|1642845,1626162|1629656|1630178|1641737|1642845,1626164|1628415|1628960|1630224|1642345,,,1610612755.0,22500613
4,PT00M57.50S,00:57,Q4 00:57,-0.95,714,turnover,J. Green lost ball out-of-bounds TURNOVER (1 TO),[],Green,107,114,,False,False,1630224,,foul,3pt missed,,,,1626162|1626164|1628415|1628960|1629656|1630178|1630224|1641737|1642345|1642845,1626164|1628415|1628960|1630224|1642345,1626162|1629656|1630178|1641737|1642845,,,1610612756.0,22500613
4,PT00M54.40S,00:54,Q4 00:54,-0.9,715,3pt,MISS V. Edgecombe 29' pullup 3PT,['fromturnover'],Edgecombe,107,114,Missed,True,False,1642845,,turnover,rebound,,,,1626162|1626164|1628415|1628960|1629656|1630178|1630224|1641737|1642345|1642845,1626162|1629656|1630178|1641737|1642845,1626164|1628415|1628960|1630224|1642345,-7.0,294.0,1610612755.0,22500613
4,PT00M53.00S,00:53,Q4 00:53,-0.8833333333333333,716,rebound,TEAM defensive REBOUND,['team'],,107,114,,False,False,0,,3pt missed,timeout,,,,1626162|1626164|1628415|1628960|1629656|1630178|1630224|1641737|1642345|1642845,1626164|1628415|1628960|1630224|1642345,1626162|1629656|1630178|1641737|1642845,,,1610612756.0,22500613
4,PT00M53.00S,00:53,Q4 00:53,-0.8833333333333333,718,timeout,PHX Timeout,['team'],,107,114,,False,False,0,,rebound,substitution,,,,1626162|1626164|1628415|1628960|1629656|1630178|1630224|1641737|1642345|1642845,1626164|1628415|1628960|1630224|1642345,1626162|1629656|1630178|1641737|1642845,,,1610612756.0,22500613
4,PT00M53.00S,00:53,Q4 00:53,-0.8833333333333333,719,substitution,SUB out: O. Ighodaro,[],Ighodaro,107,114,,False,False,1642345,,timeout,substitution,,,,1626162|1626164|1628415|1628960|1629656|1630178|1630224|1641737|1642845,1626164|1628415|1628960|1630224,1626162|1629656|1630178|1641737|1642845,,,1610612756.0,22500613
4,PT00M53.00S,00:53,Q4 00:53,-0.8833333333333333,720,substitution,SUB in: C. Gillespie,[],Gillespie,107,114,,False,False,1631221,,substitution,turnover,,,,1626162|1626164|1628415|1628960|1629656|1630178|1630224|1631221|1641737|1642845,1626164|1628415|1628960|1630224|1631221,1626162|1629656|1630178|1641737|1642845,,,1610612756.0,22500613
4,PT00M45.30S,00:45,Q4 00:45,-0.75,721,turnover,D. Booker lost ball TURNOVER (6 TO),[],Booker,107,114,,False,False,1626164,,substitution,steal,,1630178.0,,1626162|1626164|1628415|1628960|1629656|1630178|1630224|1631221|1641737|1642845,1626164|1628415|1628960|1630224|1631221,1626162|1629656|1630178|1641737|1642845,,,1610612756.0,22500613
4,PT00M45.30S,00:45,Q4 00:45,-0.75,722,steal,T. Maxey STEAL (3 STL),[],Maxey,107,114,,False,False,1630178,,turnover,2pt missed,,,,1626162|1626164|1628415|1628960|1629656|1630178|1630224|1631221|1641737|1642845,1626162|1629656|1630178|1641737|1642845,1626164|1628415|1628960|1630224|1631221,,,1610612755.0,22500613
4,PT00M39.70S,00:39,Q4 00:39,-0.65,723,2pt,MISS T. Maxey running finger roll Layup,"['pointsinthepaint', 'fromturnover', 'fastbreak']",Maxey,107,114,Missed,True,False,1630178,,steal,rebound,,,,1626162|1626164|1628415|1628960|1629656|1630178|1630224|1631221|1641737|1642845,1626162|1629656|1630178|1641737|1642845,1626164|1628415|1628960|1630224|1631221,-10.0,29.0,1610612755.0,22500613
4,PT00M37.40S,00:37,Q4 00:37,-0.6166666666666667,724,rebound,C. Gillespie REBOUND (Off:0 Def:4),[],Gillespie,107,114,,False,False,1631221,,2pt missed,timeout,,,,1626162|1626164|1628415|1628960|1629656|1630178|1630224|1631221|1641737|1642845,1626164|1628415|1628960|1630224|1631221,1626162|1629656|1630178|1641737|1642845,,,1610612756.0,22500613
4,PT00M29.60S,00:29,Q4 00:29,-0.48333333333333334,726,timeout,PHI Timeout,['team'],,107,114,,False,False,0,,rebound,foul,,,,1626162|1626164|1628415|1628960|1629656|1630178|1630224|1631221|1641737|1642845,1626162|1629656|1630178|1641737|1642845,1626164|1628415|1628960|1630224|1631221,,,1610612755.0,22500613
4,PT00M29.60S,00:29,Q4 00:29,-0.48333333333333334,728,foul,K. Oubre Jr. personal FOUL (4 PF) (Brooks 2 FT),"['inpenalty', '2freethrow']",Oubre Jr.,107,114,,False,False,1626162,,timeout,freethrow,1628415.0,,,1626162|1626164|1628415|1628960|1629656|1630178|1630224|1631221|1641737|1642845,1626162|1629656|1630178|1641737|1642845,1626164|1628415|1628960|1630224|1631221,,,1610612755.0,22500613
4,PT00M29.60S,00:29,Q4 00:29,-0.48333333333333334,730,freethrow,D. Brooks Free Throw 1 of 2 (5 PTS),[],Brooks,107,115,Made,False,False,1628415,,foul,freethrow,,,,1626162|1626164|1628415|1628960|1629656|1630178|1630224|1631221|1641737|1642845,1626164|1628415|1628960|1630224|1631221,1626162|1629656|1630178|1641737|1642845,,,1610612756.0,22500613
4,PT00M29.60S,00:29,Q4 00:29,-0.48333333333333334,731,freethrow,D. Brooks Free Throw 2 of 2 (6 PTS),[],Brooks,107,116,Made,False,False,1628415,,freethrow,foul,,,,1626162|1626164|1628415|1628960|1629656|1630178|1630224|1631221|1641737|1642845,1626164|1628415|1628960|1630224|1631221,1626162|1629656|1630178|1641737|1642845,,,1610612756.0,22500613
4,PT00M23.90S,00:23,Q4 00:23,-0.38333333333333336,732,foul,C. Gillespie shooting personal FOUL (3 PF) (Maxey 3 FT),"['inpenalty', '3freethrow']",Gillespie,107,116,,False,False,1631221,,freethrow,freethrow,1630178.0,,,1626162|1626164|1628415|1628960|1629656|1630178|1630224|1631221|1641737|1642845,1626164|1628415|1628960|1630224|1631221,1626162|1629656|1630178|1641737|1642845,,,1610612756.0,22500613
4,PT00M23.90S,00:23,Q4 00:23,-0.38333333333333336,734,freethrow,T. Maxey Free Throw 1 of 3 (18 PTS),[],Maxey,108,116,Made,False,False,1630178,,foul,freethrow,,,,1626162|1626164|1628415|1628960|1629656|1630178|1630224|1631221|1641737|1642845,1626162|1629656|1630178|1641737|1642845,1626164|1628415|1628960|1630224|1631221,,,1610612755.0,22500613
4,PT00M23.90S,00:23,Q4 00:23,-0.38333333333333336,735,freethrow,T. Maxey Free Throw 2 of 3 (19 PTS),[],Maxey,109,116,Made,False,False,1630178,,freethrow,freethrow,,,,1626162|1626164|1628415|1628960|1629656|1630178|1630224|1631221|1641737|1642845,1626162|1629656|1630178|1641737|1642845,1626164|1628415|1628960|1630224|1631221,,,1610612755.0,22500613
4,PT00M23.90S,00:23,Q4 00:23,-0.38333333333333336,738,freethrow,T. Maxey Free Throw 3 of 3 (20 PTS),[],Maxey,110,116,Made,False,False,1630178,,freethrow,substitution,,,,1626162|1626164|1628415|1628960|1629656|1630178|1630224|1631221|1641737|1642845,1626162|1629656|1630178|1641737|1642845,1626164|1628415|1628960|1630224|1631221,,,1610612755.0,22500613
4,PT00M23.90S,00:23,Q4 00:23,-0.38333333333333336,736,substitution,SUB out: C. Gillespie,[],Gillespie,109,116,,False,False,1631221,,freethrow,substitution,,,,1626162|1626164|1628415|1628960|1629656|1630178|1630224|1641737|1642845,1626164|1628415|1628960|1630224,1626162|1629656|1630178|1641737|1642845,,,1610612756.0,22500613
4,PT00M23.90S,00:23,Q4 00:23,-0.38333333333333336,737,substitution,SUB in: M. Williams,[],Williams,109,116,,False,False,1631109,,substitution,turnover,,,,1626162|1626164|1628415|1628960|1629656|1630178|1630224|1631109|1641737|1642845,1626164|1628415|1628960|1630224|1631109,1626162|1629656|1630178|1641737|1642845,,,1610612756.0,22500613
4,PT00M20.60S,00:20,Q4 00:20,-0.3333333333333333,740,turnover,J. Green traveling TURNOVER (2 TO),[],Green,110,116,,False,False,1630224,,substitution,substitution,,,,1626162|1626164|1628415|1628960|1629656|1630178|1630224|1631109|1641737|1642845,1626164|1628415|1628960|1630224|1631109,1626162|1629656|1630178|1641737|1642845,,,1610612756.0,22500613
4,PT00M20.60S,00:20,Q4 00:20,-0.3333333333333333,741,substitution,SUB out: M. Williams,[],Williams,110,116,,False,False,1631109,,turnover,substitution,,,,1626162|1626164|1628415|1628960|1629656|1630178|1630224|1641737|1642845,1626164|1628415|1628960|1630224,1626162|1629656|1630178|1641737|1642845,,,1610612756.0,22500613
4,PT00M20.60S,00:20,Q4 00:20,-0.3333333333333333,742,substitution,SUB in: J. Goodwin,[],Goodwin,110,116,,False,False,1630692,,substitution,substitution,,,,1626162|1626164|1628415|1628960|1629656|1630178|1630224|1630692|1641737|1642845,1626164|1628415|1628960|1630224|1630692,1626162|1629656|1630178|1641737|1642845,,,1610612756.0,22500613
4,PT00M20.60S,00:20,Q4 00:20,-0.3333333333333333,743,substitution,SUB out: J. Green,[],Green,110,116,,False,False,1630224,,substitution,substitution,,,,1626162|1626164|1628415|1628960|1629656|1630178|1630692|1641737|1642845,1626164|1628415|1628960|1630692,1626162|1629656|1630178|1641737|1642845,,,1610612756.0,22500613
4,PT00M20.60S,00:20,Q4 00:20,-0.3333333333333333,744,substitution,SUB in: R. O'Neale,[],O'Neale,110,116,,False,False,1626220,,substitution,2pt missed,,,,1626162|1626164|1626220|1628415|1628960|1629656|1630178|1630692|1641737|1642845,1626164|1626220|1628415|1628960|1630692,1626162|1629656|1630178|1641737|1642845,,,1610612756.0,22500613
4,PT00M17.10S,00:17,Q4 00:17,-0.2833333333333333,745,2pt,MISS Q. Grimes driving Layup,"['pointsinthepaint', 'fromturnover']",Grimes,110,116,Missed,True,False,1629656,,substitution,rebound,,,,1626162|1626164|1626220|1628415|1628960|1629656|1630178|1630692|1641737|1642845,1626162|1629656|1630178|1641737|1642845,1626164|1626220|1628415|1628960|1630692,15.0,0.0,1610612755.0,22500613
4,PT00M12.80S,00:12,Q4 00:12,-0.2,746,rebound,J. Goodwin REBOUND (Off:2 Def:3),[],Goodwin,110,116,,False,False,1630692,,2pt missed,,,,,1626162|1626164|1626220|1628415|1628960|1629656|1630178|1630692|1641737|1642845,1626164|1626220|1628415|1628960|1630692,1626162|1629656|1630178|1641737|1642845,,,1610612756.0,22500613
