21600003
21600002
21600001
21600004
21600009
21600010
21600006
21600008
21600007
21600005
21600013
21600011
21600012
21600016
21600017
21600015
21600014
21600024
21600023
21600018
21600019
21600020
21600025
21600021
21600022
21600029
21600028
21600030
21600027
21600031
21600033
21600034
21600026
21600032
21600041
21600039
21600036
21600035
21600037
21600038
21600040
21600043
21600042
21600044
21600045
21600051
21600046
21600049
21600052
21600050
21600047
21600054
21600053
21600048
21600056
21600055
21600060
21600061
21600058
21600064
21600059
21600062
21600063
21600057
21600068
21600065
21600069
21600066
21600067
21600074
21600073
21600078
21600075
21600076
21600077
21600071
21600072
21600070
21600086
21600080
21600082
21600084
21600083
21600085
21600079
21600081
21600091
21600090
21600092
21600088
21600087
21600089
21600096
21600093
21600094
21600098
21600097
21600095
21600099
21600100
21600103
21600104
21600101
21600102
21600105
21600113
21600112
21600111
21600110
21600106
21600116
21600114
21600115
21600108
21600107
21600109
21600117
21600119
21600120
21600118
21600126
21600127
21600123
21600128
21600125
21600124
21600122
21600121
21600132
21600139
21600138
21600133
21600137
21600134
21600135
21600129
21600136
21600130
21600131
21600142
21600140
21600144
21600141
21600143
21600148
21600145
21600150
21600151
21600146
21600149
21600147
21600152
21600154
21600156
21600155
21600157
21600153
21600159
21600165
21600167
21600162
21600163
21600161
21600166
21600160
21600164
21600168
21600158
21600173
21600169
21600170
21600171
21600172
21600180
21600182
21600177
21600174
21600178
21600179
21600175
21600176
21600183
21600181
21600192
21600184
21600186
21600189
21600187
21600185
21600190
21600188
21600191
21600196
21600198
21600193
21600194
21600195
21600197
21600207
21600206
21600200
21600201
21600203
21600199
21600205
21600202
21600204
21600211
21600210
21600209
21600208
21600214
21600212
21600217
21600221
21600222
21600224
21600213
21600215
21600223
21600218
21600220
21600216
21600219
21600226
21600225
21600228
21600235
21600227
21600234
21600229
21600231
21600239
21600237
21600230
21600232
21600236
21600238
21600233
21600240
21600244
21600243
21600242
21600241
21600249
21600251
21600246
21600245
21600248
21600252
21600247
21600250
21600256
21600258
21600254
21600257
21600253
21600259
21600255
21600261
21600265
21600262
21600260
21600264
21600263
21600274
21600273
21600270
21600267
21600272
21600269
21600275
21600268
21600271
21600278
21600277
21600281
21600279
21600276
21600280
21600283
21600288
21600290
21600284
21600289
21600285
21600286
21600287
21600282
21600293
21600292
21600294
21600298
21600295
21600297
21600291
21600299
21600296
21600302
21600301
21600303
21600300
21600309
21600311
21600306
21600313
21600308
21600312
21600310
21600305
21600304
21600314
21600307
21600317
21600318
21600320
21600315
21600319
21600316
21600322
21600328
21600324
21600327
21600329
21600325
21600323
21600326
21600321
21600330
21600336
21600332
21600335
21600333
21600334
21600331
21600342
21600345
21600338
21600337
21600341
21600339
21600343
21600340
21600344
21600355
21600349
21600346
21600350
21600348
21600351
21600354
21600347
21600353
21600352
21600359
21600358
21600360
21600357
21600356
21600361
21600362
21600367
21600364
21600363
21600366
21600365
21600373
21600372
21600371
21600368
21600369
21600370
21600376
21600377
21600379
21600374
21600383
21600382
21600381
21600378
21600375
21600380
21600388
21600385
21600386
21600384
21600387
21600390
21600389
21600397
21600393
21600391
21600392
21600395
21600394
21600396
21600398
21600401
21600402
21600403
21600399
21600400
21600404
21600405
21600410
21600411
21600408
21600407
21600406
21600412
21600409
21600413
21600414
21600416
21600417
21600415
21600428
21600424
21600423
21600426
21600427
21600419
21600422
21600420
21600418
21600421
21600425
21600429
21600433
21600436
21600432
21600431
21600435
21600430
21600434
21600437
21600441
21600438
21600440
21600439
21600449
21600451
21600443
21600450
21600446
21600447
21600445
21600455
21600452
21600448
21600444
21600442
21600453
21600454
21600459
21600458
21600460
21600457
21600456
21600471
21600465
21600468
21600467
21600469
21600463
21600470
21600461
21600462
21600464
21600466
21600472
21600473
21600474
21600475
21600483
21600481
21600485
21600478
21600480
21600479
21600484
21600482
21600477
21600476
21600488
21600491
21600486
21600489
21600490
21600487
21600496
21600495
21600498
21600499
21600501
21600497
21600494
21600493
21600492
21600500
21600504
21600507
21600502
21600505
21600503
21600506
21600510
21600512
21600511
21600509
21600508
21600518
21600515
21600519
21600514
21600513
21600520
21600517
21600516
21600525
21600527
21600524
21600528
21600522
21600521
21600523
21600526
21600531
21600529
21600532
21600534
21600530
21600533
21600535
21600542
21600543
21600537
21600536
21600541
21600540
21600538
21600539
21600546
21600544
21600551
21600545
21600550
21600548
21600547
21600549
21600555
21600553
21600557
21600554
21600552
21600558
21600556
21600560
21600567
21600565
21600564
21600563
21600559
21600561
21600566
21600562
21600568
21600569
21600570
21600576
21600577
21600573
21600572
21600571
21600575
21600578
21600579
21600574
21600580
21600585
21600584
21600583
21600582
21600581
21600591
21600586
21600587
21600588
21600589
21600590
21600592
21600597
21600599
21600598
21600593
21600595
21600594
21600596
21600600
21600601
21600604
21600605
21600603
21600602
21600606
21600609
21600608
21600612
21600607
21600611
21600610
21600620
21600614
21600619
21600613
21600617
21600621
21600616
21600615
21600618
21600624
21600623
21600622
21600625
21600626
21600633
21600627
21600630
21600634
21600635
21600628
21600629
21600631
21600632
21600639
21600637
21600640
21600638
21600636
21600645
21600643
21600642
21600649
21600641
21600644
21600647
21600646
21600648
21600655
21600659
21600656
21600650
21600660
21600653
21600657
21600652
21600658
21600654
21600651
21600661
21600663
21600662
21600664
21600668
21600669
21600673
21600666
21600671
21600665
21600667
21600672
21600670
21600674
21600676
21600675
21600677
21600678
21600679
21600689
21600681
21600680
21600683
21600682
21600684
21600688
21600687
21600685
21600686
21600693
21600690
21600692
21600691
21600696
21600699
21600702
21600697
21600701
21600700
21600698
21600695
21600703
21600694
21600709
21600710
21600704
21600708
21600706
21600705
21600707
21600712
21600715
21600718
21600717
21600714
21600711
21600713
21600716
21600721
21600722
21600719
21600720
21600266
21600723
21600725
21600726
21600728
21600724
21600727
21600729
21600734
21600740
21600737
21600741
21600736
21600733
21600739
21600732
21600730
21600738
21600735
21600731
21600744
21600742
21600743
21600745
21600752
21600750
21600754
21600753
21600746
21600751
21600749
21600748
21600747
21600761
21600757
21600760
21600758
21600755
21600762
21600759
21600763
21600764
21600756
21600767
21600765
21600766
21600774
21600771
21600775
21600769
21600772
21600773
21600768
21600776
21600770
21600777
21600778
21600779
21600781
21600780
21600792
21600784
21600785
21600786
21600788
21600789
21600782
21600790
21600793
21600791
21600787
21600783
21600796
21600795
21600798
21600794
21600797
21600801
21600807
21600804
21600806
21600802
21600803
21600805
21600799
21600800
21600811
21600814
21600812
21600815
21600810
21600809
21600808
21600813
21600818
21600819
21600817
21600816
21600824
21600827
21600829
21600820
21600826
21600821
21600825
21600828
21600830
21600822
21600823
21600832
21600831
21600833
21600846
21600841
21600844
21600843
21600837
21600840
21600839
21600845
21600835
21600836
21600838
21600847
21600834
21600842
21600848
21600849
21600854
21600855
21600853
21600852
21600850
21600851
21600860
21600862
21600858
21600859
21600864
21600861
21600856
21600857
21600863
21600865
21600868
21600867
21600869
21600871
21600872
21600866
21600870
21600873
21600878
21600879
21600881
21600877
21600874
21600876
21600880
21600875
21600885
21600888
21600887
21600882
21600884
21600883
21600886
21600890
21600892
21600891
21600889
21600894
21600893
21600901
21600904
21600899
21600898
21600905
21600902
21600895
21600903
21600897
21600896
21600900
21600908
21600906
21600907
21600914
21600913
21600910
21600912
21600916
21600918
21600915
21600917
21600909
21600911
21600926
21600922
21600919
21600921
21600923
21600924
21600925
21600920
21600930
21600931
21600933
21600929
21600927
21600928
21600932
21600937
21600942
21600943
21600935
21600945
21600944
21600936
21600934
21600939
21600941
21600938
21600948
21600947
21600946
21600949
21600951
21600952
21600953
21600950
21600955
21600956
21600958
21600959
21600957
21600954
21600960
21600964
21600961
21600962
21600963
21600965
21600971
21600967
21600970
21600969
21600966
21600968
21600972
21600980
21600973
21600982
21600977
21600984
21600983
21600979
21600976
21600975
21600974
21600981
21600978
21600989
21600985
21600986
21600988
21600987
21600990
21600991
21600994
21600996
21600997
21600998
21600995
21600993
21600992
21601001
21601000
21601002
21600999
21601003
21601010
21601006
21601012
21601004
21601013
21601009
21601007
21601005
21601011
21601008
21601016
21601015
21601017
21601019
21601014
21601018
21601024
21601021
21601023
21601027
21601025
21601020
21601022
21601026
21601033
21601029
21601028
21601031
21601035
21601032
21601034
21601030
21601043
21601041
21601036
21601038
21601039
21601037
21601042
21601040
21601045
21601050
21601049
21601048
21601046
21601047
21601044
21601051
21601056
21601052
21601058
21601053
21601054
21601057
21601055
21601065
21601061
21601064
21601062
21601060
21601059
21601066
21601063
21601067
21601071
21601070
21601068
21601069
21601077
21601078
21601073
21601074
21601080
21601072
21601079
21601076
21601081
21601075
21601083
21601086
21601082
21601085
21601084
21601096
21601089
21601087
21601094
21601092
21601093
21601095
21601088
21601091
21601090
21601101
21601099
21601098
21601100
21601097
21601102
21601108
21601109
21601110
21601107
21601103
21601106
21601105
21601104
21601113
21601112
21601114
21601115
21601120
21601119
21601111
21601117
21601116
21601118
21601122
21601124
21601121
21601125
21601123
21601130
21601136
21601126
21601128
21601129
21601133
21601132
21601135
21601131
21601134
21601127
21601137
21601141
21601139
21601138
21601140
21601151
21601149
21601152
21601148
21601144
21601153
21601145
21601143
21601147
21601146
21601150
21601142
21600940
21601157
21601156
21601162
21601164
21601154
21601158
21601159
21601155
21601163
21601160
21601161
21601167
21601165
21601169
21601172
21601166
21601171
21601168
21601170
21601176
21601174
21601175
21601178
21601173
21601177
21601187
21601183
21601181
21601185
21601186
21601179
21601184
21601180
21601182
21601191
21601192
21601190
21601194
21601193
21601189
21601195
21601188
21601197
21601199
21601198
21601200
21601196
21601202
21601201
21601206
21601203
21601205
21601210
21601211
21601204
21601208
21601209
21601207
21601213
21601215
21601216
21601212
21601214
21601227
21601222
21601224
21601229
21601228
21601220
21601225
21601226
21601217
21601230
21601219
21601223
21601218
21601221
