22500002
22500001
22500085
22500080
22500088
22500082
22500086
22500003
22500087
22500089
22500004
22500083
22500084
22500081
22500005
22500006
22500099
22500019
22500092
22500098
22500090
22500096
22500095
22500094
22500093
22500091
22500018
22500097
22500100
22500101
22500102
22500103
22500104
22500107
22500112
22500111
22500105
22500108
22500106
22500110
22500109
22500113
22500114
22500116
22500120
22500115
22500117
22500008
22500121
22500007
22500118
22500119
22500122
22500125
22500123
22500127
22500124
22500126
22500128
22500129
22500132
22500136
22500137
22500134
22500130
22500131
22500133
22500135
22500141
22500138
22500139
22500140
22500022
22500020
22500027
22500026
22500023
22500021
22500024
22500025
22500147
22500142
22500145
22500144
22500146
22500143
22500152
22500153
22500148
22500149
22500151
22500150
22500155
22500154
22500157
22500159
22500158
22500161
22500163
22500156
22500164
22500160
22500162
22500165
22500168
22500170
22500167
22500169
22500166
22500172
22500177
22500174
22500173
22500178
22500175
22500180
22500179
22500171
22500176
22500181
22500182
22500029
22500030
22500038
22500035
22500033
22500036
22500034
22500032
22500037
22500031
22500028
22500185
22500187
22500189
22500184
22500183
22500188
22500186
22500190
22500191
22500195
22500194
22500193
22500192
22500197
22500196
22500202
22500198
22500199
22500205
22500200
22500204
22500201
22500203
22500206
22500208
22500211
22500212
22500207
22500209
22500210
22500220
22500216
22500224
22500213
22500219
22500222
22500223
22500218
22500215
22500214
22500221
22500217
22500226
22500225
22500227
22500041
22500044
22500045
22500042
22500040
22500039
22500047
22500043
22500046
22500232
22500230
22500229
22500228
22500231
22500236
22500235
22500237
22500234
22500238
22500233
22500240
22500239
22500243
22500246
22500242
22500244
22500241
22500245
22500247
22500248
22500252
22500254
22500251
22500249
22500250
22500253
22500256
22500261
22500263
22500260
22500258
22500262
22500255
22500259
22500257
22500266
22500264
22500267
22500265
22500050
22500055
22500049
22500051
22500056
22500054
22500052
22500048
22500053
22500274
22500270
22500273
22500268
22500272
22500269
22500271
22500275
22500282
22500277
22500276
22500280
22500281
22500279
22500278
22500288
22500286
22500290
22500285
22500283
22500284
22500287
22500291
22500292
22500289
22500057
22500058
22500059
22500063
22500068
22500064
22500062
22500065
22500060
22500066
22500067
22500061
22500071
22500069
22500079
22500077
22500070
22500072
22500076
22500078
22500073
22500074
22500075
22500297
22500295
22500293
22500294
22500299
22500300
22500298
22500296
22500304
22500303
22500306
22500308
22500305
22500302
22500307
22500301
22500310
22500311
22500313
22500314
22500316
22500309
22500315
22500312
22500317
22500323
22500322
22500319
22500321
22500320
22500318
22500327
22500326
22500328
22500324
22500331
22500332
22500329
22500330
22500325
22500333
22500337
22500334
22500336
22500335
22500349
22500347
22500338
22500348
22500340
22500345
22500346
22500339
22500344
22500342
22500343
22500341
22500353
22500352
22500351
22500350
22500356
22500354
22500355
22500358
22500361
22500363
22500357
22500360
22500362
22500359
22500364
22500365
22500366
22501201
22501202
22501203
22501204
22501206
22501205
22501207
22501208
22501215
22501210
22501214
22501211
22501212
22501213
22501209
22501230
22501229
22501218
22501228
22501223
22501217
22501221
22501216
22501219
22501220
22501227
22501224
22501222
22501225
22501226
22500367
22500368
22500377
22500372
22500371
22500380
22500375
22500369
22500370
22500378
22500374
22500376
22500373
22500379
22500385
22500381
22500384
22500383
22500382
22500393
22500389
22500394
22500387
22500395
22500386
22500391
22500390
22500388
22500392
22500399
22500401
22500398
22500400
22500397
22500396
22500403
22500405
22500406
22500408
22500407
22500404
22500402
22500416
22500415
22500421
22500410
22500414
22500417
22500412
22500418
22500422
22500411
22500409
22500413
22500419
22500420
22500012
22500013
22500011
22500010
22500009
22500431
22500426
22500427
22500425
22500424
22500430
22500428
22500429
22500423
22500433
22500439
22500437
22500438
22500435
22500432
22500434
22500436
22500440
22500444
22500443
22500446
22500445
22500441
22500442
22500457
22500452
22500451
22500448
22500456
22500449
22500453
22500450
22500455
22500447
22500454
22500460
22500459
22500461
22500458
22500466
22500467
22500464
22500463
22500465
22500469
22500470
22500468
22500462
22500471
22500474
22500473
22500472
22500475
22500481
22500479
22500483
22500477
22500480
22500476
22500482
22500485
22500478
22500484
22500492
22500493
22500488
22500489
22500487
22500491
22500486
22500490
22500495
22500500
22500496
22500498
22500494
22500497
22500499
22500501
22500507
22500508
22500502
22500506
22500504
22500503
22500505
22500509
22500513
22500514
22500511
22500512
22500515
22500510
22500527
22500524
22500520
22500525
22500518
22500522
22500523
22500517
22500519
22500526
22500521
22500516
22500528
22500531
22500530
22500541
22500535
22500537
22500532
22500534
22500538
22500536
22500533
22500539
22500540
22500543
22500544
22500546
22500545
22500547
22500542
22500551
22500555
22500554
22500550
22500549
22500548
22500553
22500552
22500557
22500556
22500562
22500561
22500560
22500559
22500563
22500558
22500566
22500569
22500570
22500568
22500564
22500567
22500565
22500575
22500573
22500571
22500577
22500572
22500574
22500576
22500579
22500578
22500584
22500581
22500586
22500583
22500582
22500585
22500580
22500592
22500587
22500590
22500591
22500588
22500589
22500599
22500594
22500593
22500596
22500601
22500598
22500595
22500600
22500597
22500602
22500605
22500603
22500607
22500604
22500606
22500016
22500609
22500612
22500014
22500610
22500608
22500017
22500611
22500015
22500618
22500613
22500616
22500619
22500614
22500615
22500617
22500622
22500625
22500623
22500626
22500624
22500620
22500621
22500627
22500633
22500630
22500628
22500629
22500632
22500634
22500631
22500642
22500635
22500639
22500638
22500641
22500637
22500636
22500640
22500645
22500643
22500646
22500649
22500648
22500647
22500654
22500656
22500644
22500655
22500653
22500650
22500662
22500663
22500657
22500659
22500661
22500658
22500660
22500669
22500666
22500665
22500668
22500664
22500670
22500667
22500671
22500676
22500674
22500675
22500672
22500678
22500677
22500673
22500679
22500681
22500685
22500529
22500682
22500680
22500683
22500686
22500684
22500693
22500695
22500688
22500689
22500687
22500694
22500696
22500690
22500691
22500692
22500701
22500700
22500699
22500697
22500698
22500705
22500703
22500704
22500706
22500708
22500702
22500711
22500707
22500710
22500709
22500714
22500713
22500715
22500712
22500721
22500725
22500724
22500718
22500723
22500720
22500717
22500719
22500716
22500722
22500726
22500729
22500728
22500731
22500732
22500727
22500730
22500733
22500740
22500736
22500739
22500737
22500738
22500734
22500735
22500741
22500742
22500745
22500744
22500743
22500746
22500753
22500749
22500756
22500748
22500751
22500750
22500747
22500754
22500755
22500752
22500759
22500757
22500760
22500758
22500762
22500761
22500769
22500768
22500767
22500770
22500766
22500763
22500765
22500764
22500772
22500773
22500774
22500771
22500784
22500781
22500787
22500777
22500786
22500775
22500788
22500785
22500778
22500779
22500776
22500782
22500783
22500780
22500789
22500791
22500790
22500798
22500795
22500800
22500793
22500801
22500794
22500799
22500796
22500792
22500797
22500805
22500804
22500809
22500810
22500808
22500803
22500806
22500807
22500802
22500813
22500815
22500812
22500816
22500814
22500811
22500822
22500819
22500818
22500820
22500821
22500823
22500824
22500825
22500827
22500817
22500826
22500829
22500830
22500828
22500840
22500834
22500837
22500833
22500835
22500838
22500831
22500832
22500836
22500841
22500839
22500847
22500846
22500844
22500842
22500845
22500843
22500849
22500856
22500854
22500855
22500852
22500853
22500857
22500851
22500848
22500850
22500861
22500858
22500860
22500862
22500859
22500863
22500866
22500865
22500867
22500864
22500871
22500872
22500875
22500873
22500874
22500878
22500869
22500870
22500876
22500877
22500868
22500882
22500879
22500881
22500880
22500887
22500885
22500892
22500883
22500889
22500884
22500891
22500888
22500890
22500886
22500893
22500898
22500897
22500895
22500894
22500896
22500900
22500901
22500907
22500902
22500905
22500899
22500906
22500903
22500904
22500909
22500914
22500913
22500908
22500910
22500911
22500912
22500919
22500915
22500917
22500920
22500916
22500918
22500926
22500923
22500922
22500925
22500927
22500929
22500921
22500928
22500924
22500930
22500934
22500935
22500931
22500932
22500933
22500937
22500943
22500946
22500945
22500939
22500936
22500942
22500941
22500938
22500944
22500940
22500949
22500948
22500950
22500947
22500951
22500952
22500959
22500955
22500953
22501111
22500957
22500956
22500960
22500958
22500954
22500967
22500968
22500964
22500963
22500966
22500961
22500965
22500962
22500972
22500973
22500975
22500971
22500969
22500970
22500974
22500981
22500979
22500982
22500976
22500980
22500978
22500977
22500988
22500990
22500984
22500983
22500986
22500987
22500989
22500985
22500998
22500992
22500996
22500994
22500991
22500993
22500995
22500997
22501001
22501007
22501005
22501002
22501000
22500651
22501006
22500999
22501004
22501011
22501010
22501014
22501009
22501013
22501012
22501008
22501015
22501019
22501021
22501020
22501017
22501018
22501016
22501029
22501023
22501024
22501027
22501031
22501026
22501030
22501025
22501022
22501028
22501036
22501032
22501033
22501035
22501034
22501040
22501045
22501044
22501046
22501041
22501043
22501038
22501037
22501042
22501039
