22000002
22000001
22000017
22000012
22000020
22000014
22000003
22000010
22000004
22000019
22000015
22000018
22000013
22000011
22000005
22000009
22000007
22000006
22000008
22000030
22000021
22000025
22000022
22000026
22000024
22000027
22000023
22000028
22000029
22000034
22000032
22000036
22000038
22000031
22000039
22000040
22000035
22000037
22000033
22000044
22000041
22000043
22000045
22000042
22000051
22000046
22000048
22000052
22000050
22000054
22000053
22000047
22000049
22000055
22000060
22000056
22000059
22000061
22000057
22000058
22000065
22000067
22000063
22000068
22000064
22000066
22000062
22000072
22000078
22000074
22000077
22000070
22000073
22000075
22000076
22000071
22000069
22000080
22000082
22000079
22000081
22000084
22000083
22000091
22000092
22000090
22000087
22000088
22000089
22000086
22000085
22000100
22000101
22000094
22000093
22000099
22000097
22000095
22000096
22000098
22000102
22000106
22000103
22000105
22000104
22000107
22000110
22000117
22000112
22000114
22000113
22000115
22000108
22000109
22000116
22000111
22000119
22000121
22000120
22000122
22000118
22000123
22000132
22000127
22000129
22000124
22000126
22000131
22000125
22000128
22000130
22000135
22000136
22000137
22000134
22000133
22000138
22000139
22000140
22000144
22000147
22000146
22000142
22000141
22000143
22000148
22000155
22000150
22000151
22000156
22000153
22000149
22000152
22000158
22000163
22000161
22000162
22000159
22000157
22000169
22000173
22000164
22000170
22000172
22000165
22000168
22000177
22000178
22000175
22000174
22000176
22000186
22000181
22000188
22000182
22000187
22000180
22000184
22000191
22000195
22000193
22000189
22000190
22000192
22000202
22000196
22000200
22000201
22000198
22000210
22000209
22000212
22000205
22000208
22000206
22000203
22000207
22000211
22000214
22000213
22000222
22000220
22000217
22000218
22000221
22000219
22000224
22000223
22000216
22000227
22000228
22000226
22000239
22000241
22000233
22000238
22000234
22000237
22000236
22000232
22000230
22000231
22000229
22000244
22000246
22000245
22000248
22000243
22000247
22000242
22000251
22000250
22000252
22000256
22000254
22000249
22000253
22000265
22000266
22000259
22000262
22000267
22000261
22000258
22000257
22000260
22000269
22000270
22000268
22000280
22000273
22000276
22000281
22000283
22000277
22000279
22000271
22000272
22000275
22000274
22000282
22000287
22000286
22000284
22000285
22000296
22000291
22000293
22000294
22000288
22000290
22000292
22000289
22000295
22000297
22000302
22000298
22000303
22000300
22000304
22000301
22000305
22000299
22000310
22000307
22000311
22000309
22000308
22000306
22000316
22000315
22000313
22000318
22000314
22000317
22000320
22000319
22000312
22000323
22000326
22000325
22000322
22000559
22000324
22000334
22000329
22000330
22000328
22000327
22000335
22000333
22000336
22000332
22000331
22000340
22000337
22000341
22000338
22000339
22000349
22000350
22000346
22000345
22000342
22000348
22000347
22000343
22000344
22000359
22000361
22000358
22000351
22000352
22000356
22000355
22000353
22000357
22000354
22000360
22000364
22000365
22000363
22000366
22000215
22000369
22000370
22000373
22000368
22000374
22000371
22000367
22000372
22000379
22000380
22000378
22000377
22000376
22000381
22000375
22000389
22000385
22000387
22000383
22000384
22000388
22000386
22000382
22000390
22000392
22000398
22000394
22000393
22000391
22000395
22000401
22000405
22000399
22000404
22000403
22000397
22000400
22000412
22000396
22000402
22000410
22000408
22000406
22000407
22000409
22000417
22000414
22000419
22000560
22000561
22000413
22000416
22000411
22000415
22000418
22000424
22000420
22000426
22000421
22000422
22000423
22000425
22000433
22000431
22000430
22000432
22000427
22000429
22000440
22000564
22000436
22000443
22000562
22000437
22000438
22000439
22000441
22000444
22000445
22000446
22000447
22000451
22000457
22000450
22000563
22000453
22000454
22000455
22000452
22000449
22000462
22000459
22000464
22000463
22000460
22000468
22000471
22000470
22000466
22000472
22000469
22000465
22000467
22000475
22000474
22000479
22000477
22000478
22000476
22000483
22000488
22000485
22000484
22000480
22000481
22000482
22000487
22000486
22000493
22000497
22000492
22000490
22000496
22000495
22000489
22000491
22000494
22000502
22000500
22000498
22000499
22000501
22000503
22000506
22000511
22000504
22000508
22000512
22000507
22000505
22000509
22000510
22000517
22000514
22000516
22000515
22000519
22000513
22000518
22000525
22000528
22000520
22000526
22000521
22000527
22000522
22000524
22000534
22000529
22000533
22000535
22000532
22000530
22000531
22000540
22000542
22000538
22000541
22000537
22000536
22000546
22000549
22000545
22000543
22000539
22000544
22000548
22000551
22000550
22000547
22000565
22000185
22000553
22000558
22000554
22000552
22000557
22000556
22000555
22000567
22000566
22000569
22000575
22000578
22000570
22000577
22000573
22000574
22000571
22000576
22000572
22000568
22000582
22000584
22000581
22000585
22000580
22000583
22000579
22000586
22000592
22000588
22000194
22000589
22000590
22000587
22000591
22000597
22000594
22000593
22000596
22000599
22000598
22000600
22000595
22000601
22000605
22000602
22000428
22000603
22000607
22000608
22000606
22000604
22000609
22000614
22000612
22000615
22000613
22000610
22000611
22000618
22000625
22000621
22000624
22000619
22000617
22000620
22000616
22000622
22000623
22000166
22000629
22000630
22000627
22000628
22000626
22000637
22000633
22000631
22000634
22000635
22000639
22000636
22000435
22000638
22000632
22000640
22000641
22000643
22000642
22000644
22000016
22000646
22000650
22000645
22000647
22000649
22000651
22000167
22000648
22000652
22000659
22000656
22000658
22000653
22000657
22000654
22000655
22000660
22000664
22000662
22000663
22000661
22000666
22000665
22000669
22000668
22000674
22000673
22000667
22000676
22000670
22000675
22000677
22000672
22000671
22000681
22000678
22000680
22000682
22000679
22000686
22000683
22000692
22000685
22000693
22000691
22000690
22000689
22000684
22000688
22000687
22000702
22000696
22000698
22000694
22000697
22000701
22000695
22000699
22000700
22000706
22000703
22000704
22000705
22000709
22000711
22000712
22000716
22000710
22000714
22000708
22000717
22000715
22000707
22000713
22000171
22000719
22000718
22000720
22000723
22000729
22000721
22000725
22000727
22000726
22000730
22000728
22000724
22000722
22000735
22000736
22000731
22000734
22000179
22000732
22000733
22000739
22000746
22000737
22000738
22000745
22000742
22000740
22000744
22000743
22000741
22000749
22000748
22000752
22000751
22000754
22000747
22000750
22000753
22000755
22000761
22000756
22000760
22000759
22000757
22000758
22000764
22000766
22000768
22000767
22000762
22000765
22000763
22000321
22000771
22000769
22000775
22000770
22000774
22000773
22000772
22000782
22000780
22000781
22000783
22000456
22000779
22000778
22000776
22000777
22000785
22000523
22000789
22000788
22000787
22000784
22000786
22000791
22000799
22000790
22000796
22000792
22000793
22000795
22000798
22000797
22000802
22000794
22000801
22000803
22000804
22000199
22000800
22000810
22000807
22000811
22000808
22000814
22000805
22000813
22000812
22000806
22000809
22000821
22000818
22000819
22000816
22000278
22000822
22000815
22000820
22000827
22000826
22000823
22000825
22000824
22000817
22000828
22000836
22000829
22000830
22000835
22000461
22000832
22000834
22000833
22000831
22000838
22000839
22000837
22000841
22000842
22000840
22000843
22000852
22000849
22000854
22000845
22000844
22000851
22000853
22000850
22000847
22000848
22000846
22000857
22000856
22000858
22000860
22000855
22000859
22000865
22000862
22000867
22000864
22000861
22000362
22000863
22000866
22000870
22000868
22000473
22000873
22000871
22000874
22000872
22000875
22000869
22000877
22000879
22000876
22000878
22000880
22000885
22000883
22000891
22000888
22000881
22000889
22000886
22000890
22000884
22000887
22000442
22000882
22000893
22000897
22000894
22000892
22000896
22000895
22000900
22000902
22000225
22000899
22000898
22000901
22000903
22000904
22000908
22000906
22000907
22000910
22000264
22000909
22000905
22000913
22000240
22000197
22000914
22000912
22000915
22000911
22000925
22000919
22000922
22000921
22000917
22000916
22000926
22000918
22000920
22000923
22000924
22000929
22000928
22000932
22000927
22000931
22000930
22000935
22000937
22000942
22000940
22000938
22000933
22000939
22000934
22000936
22000941
22000944
22000945
22000946
22000948
22000943
22000947
22000949
22000952
22000956
22000955
22000950
22000951
22000953
22000954
22000964
22000962
22000957
22000966
22000963
22000958
22000959
22000965
22000961
22000960
22000972
22000974
22000967
22000973
22000971
22000968
22000969
22000970
22000977
22000979
22000976
22000981
22000982
22000975
22000978
22000980
22000988
22000983
22000987
22000986
22000985
22000984
22000989
22000995
22000996
22000993
22000992
22000183
22000990
22000994
22000235
22000991
22000998
22001001
22000997
22001002
22000999
22000434
22001000
22001009
22001011
22001005
22001006
22001010
22001008
22001004
22000160
22001007
22001003
22001017
22001015
22001016
22001012
22001013
22001014
22001018
22001022
22001019
22001024
22001023
22001021
22001020
22001025
22000145
22001028
22001027
22001026
22001031
22001030
22001029
22001038
22001033
22001034
22001037
22001035
22001040
22000448
22001041
22001039
22001036
22001032
22001042
22001045
22001046
22001043
22000154
22001044
22000458
22001051
22001052
22000255
22001048
22001047
22001049
22001050
22001053
22000263
22001057
22001055
22001059
22000204
22001058
22001054
22001056
22001064
22001061
22001062
22001063
22001065
22001060
22001073
22001071
22001068
22001069
22001077
22001080
22001074
22001076
22001079
22001072
22001070
22001078
22001066
22001067
22001075
