22300061
22300062
22300063
22300068
22300064
22300074
22300073
22300065
22300066
22300069
22300071
22300067
22300070
22300072
22300076
22300075
22300082
22300086
22300080
22300081
22300078
22300077
22300087
22300085
22300084
22300083
22300079
22300090
22300089
22300093
22300091
22300094
22300092
22300088
22300100
22300095
22300097
22300096
22300098
22300099
22300108
22300110
22300111
22300102
22300104
22300109
22300106
22300105
22300103
22300107
22300101
22300112
22300113
22300114
22300122
22300127
22300121
22300117
22300116
22300123
22300126
22300124
22300115
22300119
22300120
22300125
22300118
22300131
22300129
22300130
22300128
22300003
22300004
22300001
22300002
22300005
22300007
22300006
22300134
22300138
22300133
22300137
22300136
22300132
22300135
22300139
22300141
22300144
22300140
22300143
22300142
22300147
22300150
22300146
22300151
22300155
22300153
22300145
22300152
22300148
22300149
22300154
22300156
22300165
22300170
22300169
22300167
22300163
22300161
22300158
22300160
22300162
22300168
22300164
22300159
22300157
22300166
22300172
22300171
22300011
22300013
22300016
22300015
22300008
22300010
22300009
22300012
22300014
22300173
22300174
22300175
22300176
22300184
22300186
22300187
22300177
22300182
22300178
22300179
22300181
22300180
22300185
22300183
22300188
22300190
22300189
22300191
22300021
22300017
22300020
22300023
22300019
22300024
22300025
22300026
22300018
22300022
22300197
22300195
22300194
22300196
22300199
22300198
22300192
22300193
22300200
22300201
22300029
22300033
22300028
22300037
22300035
22300031
22300036
22300030
22300034
22300032
22300027
22300202
22300203
22300207
22300205
22300204
22300206
22300214
22300209
22300215
22300213
22300216
22300211
22300208
22300212
22300210
22300218
22300217
22300224
22300223
22300220
22300221
22300222
22300219
22300041
22300040
22300042
22300038
22300039
22300235
22300232
22300227
22300236
22300228
22300230
22300237
22300225
22300229
22300233
22300238
22300234
22300231
22300226
22300050
22300046
22300043
22300044
22300051
22300049
22300052
22300047
22300045
22300048
22300242
22300244
22300239
22300243
22300241
22300240
22300248
22300251
22300246
22300252
22300247
22300245
22300250
22300249
22300257
22300256
22300255
22300253
22300254
22300053
22300057
22300056
22300060
22300054
22300055
22300059
22300058
22300262
22300264
22300263
22300259
22300260
22300258
22300261
22300270
22300265
22300267
22300272
22300266
22300273
22300271
22300268
22300269
22300279
22300274
22300275
22300277
22300276
22300278
22300285
22300288
22300282
22300289
22300291
22300281
22300287
22300280
22300284
22300290
22300286
22300283
22301202
22301204
22301201
22301203
22301211
22301207
22301209
22301205
22301208
22301213
22301210
22301206
22301215
22301212
22301214
22301230
22301229
22301222
22301225
22301218
22301224
22301221
22301217
22301226
22301220
22301228
22301219
22301216
22301223
22301227
22300300
22300297
22300304
22300299
22300301
22300295
22300293
22300298
22300303
22300294
22300296
22300302
22300292
22300308
22300306
22300307
22300309
22300305
22300318
22300317
22300313
22300311
22300314
22300316
22300312
22300315
22300310
22300322
22300323
22300324
22300325
22300320
22300321
22300319
22300329
22300327
22300328
22300331
22300332
22300330
22300333
22300326
22300340
22300335
22300334
22300337
22300341
22300338
22300342
22300343
22300336
22300339
22300345
22300347
22300346
22300344
22300348
22300351
22300349
22300356
22300350
22300353
22300352
22300357
22300359
22300355
22300354
22300358
22300361
22300362
22300360
22300363
22300366
22300370
22300365
22300372
22300368
22300369
22300373
22300371
22300364
22300367
22300381
22300376
22300379
22300377
22300378
22300380
22300374
22300375
22300386
22300382
22300387
22300384
22300385
22300383
22300388
22300398
22300389
22300390
22300392
22300395
22300393
22300391
22300399
22300396
22300397
22300394
22300400
22300402
22300405
22300403
22300404
22300401
22300411
22300406
22300413
22300409
22300410
22300414
22300412
22300407
22300408
22300417
22300418
22300419
22300416
22300415
22300420
22300421
22300425
22300422
22300428
22300424
22300427
22300426
22300423
22300431
22300433
22300438
22300430
22300435
22300436
22300434
22300437
22300432
22300429
22300439
22300444
22300443
22300441
22300440
22300442
22300445
22300449
22300447
22300448
22300446
22300450
22300451
22300455
22300453
22300452
22300454
22300458
22300457
22300456
22300463
22300459
22300462
22300460
22300461
22300464
22300468
22300467
22300470
22300472
22300471
22300476
22300473
22300465
22300474
22300469
22300466
22300475
22300478
22300477
22300482
22300488
22300486
22300480
22300485
22300491
22300490
22300487
22300479
22300484
22300483
22300481
22300489
22300492
22300496
22300494
22300493
22300495
22300502
22300501
22300500
22300498
22300504
22300505
22300503
22300497
22300499
22300507
22300511
22300509
22300508
22300510
22300506
22300514
22300512
22300516
22300513
22300515
22300526
22300520
22300521
22300518
22300524
22300523
22300519
22300517
22300522
22300525
22300531
22300530
22300529
22300528
22300527
22300532
22300539
22300538
22300541
22300536
22300540
22300535
22300534
22300537
22300533
22300547
22300548
22300543
22300545
22300542
22300549
22300546
22300544
22300553
22300551
22300554
22300550
22300552
22300563
22300557
22300559
22300556
22300564
22300561
22300560
22300565
22300558
22300555
22300562
22300566
22300567
22300568
22300574
22300577
22300570
22300569
22300572
22300575
22300573
22300571
22300578
22300581
22300582
22300580
22300579
22300583
22300585
22300584
22300590
22300591
22300588
22300587
22300586
22300593
22300594
22300595
22300598
22300592
22300597
22300596
22300599
22300604
22300603
22300605
22300600
22300601
22300602
22300608
22300610
22300612
22300611
22300606
22300613
22300609
22300607
22300617
22300614
22300616
22300615
22300618
22300622
22300624
22300619
22300621
22300626
22300623
22300620
22300625
22300630
22300632
22300629
22300627
22300631
22300628
22300633
22300639
22300641
22300636
22300640
22300638
22300637
22300634
22300635
22300651
22300645
22300650
22300647
22300643
22300642
22300646
22300649
22300644
22300648
22300653
22300656
22300655
22300654
22300652
22300662
22300665
22300657
22300658
22300668
22300664
22300667
22300661
22300660
22300663
22300659
22300666
22300669
22300672
22300670
22300671
22300673
22300674
22300681
22300682
22300678
22300683
22300675
22300677
22300680
22300676
22300679
22300687
22300685
22300686
22300684
22300693
22300689
22300697
22300691
22300688
22300696
22300690
22300694
22300692
22300695
22300700
22300703
22300702
22300699
22300698
22300701
22300708
22300711
22300705
22300710
22300712
22300706
22300707
22300704
22300709
22300716
22300713
22300718
22300715
22300714
22300717
22300720
22300724
22300723
22300719
22300722
22300721
22300725
22300727
22300728
22300730
22300729
22300732
22300726
22300731
22300740
22300733
22300738
22300735
22300736
22300734
22300737
22300739
22300741
22300742
22300747
22300743
22300746
22300744
22300745
22300758
22300752
22300756
22300755
22300748
22300751
22300754
22300750
22300749
22300757
22300753
22300759
22300760
22300765
22300763
22300762
22300766
22300770
22300769
22300761
22300768
22300764
22300767
22300771
22300772
22300775
22300773
22300776
22300774
22300782
22300789
22300779
22300785
22300781
22300784
22300787
22300786
22300778
22300788
22300777
22300780
22300783
22300791
22300576
22300790
22300803
22300799
22300802
22300798
22300801
22300797
22300800
22300793
22300796
22300792
22300795
22300794
22300813
22300804
22300809
22300808
22300810
22300806
22300807
22300805
22300811
22300812
22300814
22300815
22300816
22300820
22300824
22300819
22300818
22300817
22300826
22300821
22300823
22300827
22300825
22300822
22300829
22300830
22300828
22300831
22300834
22300840
22300833
22300839
22300832
22300835
22300842
22300837
22300836
22300838
22300841
22300843
22300844
22300847
22300845
22300846
22300848
22300849
22300856
22300851
22300850
22300853
22300854
22300852
22300855
22300865
22300863
22300860
22300858
22300861
22300862
22300857
22300859
22300864
22300868
22300870
22300869
22300867
22300866
22300875
22300878
22300872
22300877
22300871
22300874
22300873
22300876
22300884
22300882
22300883
22300880
22300881
22300879
22300885
22300890
22300893
22300887
22300892
22300891
22300889
22300886
22300888
22300898
22300901
22300899
22300895
22300896
22300900
22300897
22300894
22300908
22300905
22300907
22300902
22300903
22300906
22300904
22300913
22300912
22300911
22300915
22300916
22300909
22300910
22300914
22300920
22300922
22300921
22300919
22300917
22300918
22300923
22300930
22300927
22300928
22300924
22300931
22300932
22300929
22300926
22300925
22300933
22300938
22300936
22300935
22300934
22300937
22300939
22300941
22300944
22300945
22300942
22300940
22300943
22300949
22300947
22300946
22300954
22300951
22300950
22300948
22300953
22300952
22300958
22300960
22300956
22300959
22300957
22300955
22300966
22300963
22300961
22300962
22300965
22300964
22300974
22300975
22300967
22300971
22300968
22300972
22300973
22300969
22300970
22300982
22300980
22300977
22300981
22300978
22300976
22300979
22300987
22300989
22300983
22300988
22300984
22300990
22300986
22300985
22300992
22300994
22300991
22300995
22300993
22301001
22300999
22300998
22301002
22301000
22300996
22301003
22300997
22301006
22301008
22301004
22301010
22301009
22301005
22301007
22301017
22301013
22301015
22301014
22301018
22301016
22301011
22301012
22301024
22301019
22301020
22301022
22301025
22301026
22301021
22301023
22301032
22301027
22301028
22301031
22301029
22301030
22301034
22301041
22301036
22301037
22301033
22301042
22301038
22301043
22301040
22301035
22301039
22301044
22301045
22301046
22301047
22301052
22301054
22301055
22301057
22301050
22301058
22301053
22301048
22301059
22301049
22301051
22301056
22301061
22301060
22301071
22301064
22301069
22301066
22301067
22301062
22301073
22301070
22301072
22301063
22301068
22301065
22301075
22301076
22301074
22301081
22301086
22301082
22301077
22301083
22301080
22301085
22301084
22301078
22301079
22301090
22301087
22301091
22301092
22301088
22301089
22301100
22301094
22301095
22301101
22300589
22301098
22301093
22301096
22301099
22301105
22301102
22301104
22301108
22301103
22301110
22301106
22301109
22301107
22301111
22301114
22301112
22301124
22301113
22301117
22301118
22301121
22301115
22301123
22301120
22301119
22301126
22301097
22301125
22301122
22301116
22301130
22301128
22301127
22301129
22301131
22301142
22301136
22301138
22301134
22301133
22301140
22301132
22301141
22301139
22301143
22301137
22301135
22301148
22301147
22301152
22301149
22301146
22301155
22301153
22301144
22301145
22301156
22301150
22301154
22301151
22301157
22301159
22301161
22301163
22301158
22301160
22301164
22301165
22301162
22301166
22301170
22301169
22301167
22301168
22301180
22301171
22301182
22301173
22301174
22301184
22301175
22301177
22301179
22301183
22301178
22301185
22301172
22301176
22301181
22301197
22301195
22301188
22301190
22301200
22301192
22301193
22301189
22301191
22301186
22301194
22301196
22301199
22301187
22301198
